,date,cat,co,headline,text,url,week
260889,2011.06.12. 오후 11:24,부동산,한국경제TV,다주택자 투기주범 오명벗는다,앵커 부동산 투기의 주범 취급을 받던 다주택자에 대한 인식이 조금씩 바뀌고 있습니다. 갈수록 심해지는 전세난 해결을 위해선 다주택자의 거래 활성화가 중요하기 때문입니다. 이동은 기자가 자세한 내용을 알아봤습니다. 기자 주택을 여러 채 가진 사람에 대한 인식은 아직도 좋지 않습니다. 인터뷰 윤길환 신림동 사회의 악이다. 불공평하다 인터뷰 김경순 목동 민주국가에서 있는 사람이 가질 수도 있지만 너무 과하게 갖는 건 안좋다 부동산 경기 장기 침체로 이런 시각에 변화가 있어야 한다는 주장이 제기되고 있습니다. 부동산 침체를 해소하려면 투기수요 성격의 다주택자가 구원투수로 나서야 하는 상황이라 이들에 대한 인식 전환이 필요하다는 것입니다. 권도엽 장관도 다주택자에 대한 평가가 바뀌어야 한다고 밝히면서 다주택자 문제는 이슈로 부상했습니다. 인터뷰 나인성 부동산써브 연구원 투자자 역시 안정적인 임대수익을 기대하는 사람이 늘어나고 있기 때문에 정부가 민간임대 사업 활성에 적극적으로 나선다면 매매시장에도 도움이 될 전망이다 다주택자가 구원투수가 되려면 걸림돌이 많습니다. 가장 큰 문제인 양도세 중과의 경우 2012년 말까지 한시적으로 폐지하긴 하지만 10 30%의 장기보유특별공제는 받지 못해 실질적으로 감면 효과는 크지 않습니다. 수도권 소재의 모든 주택이 양도세 중과 대상인 것도 미분양을 초래하는 원인 중 하나입니다. 수도권 주택을 매입해 전세를 놓고 싶어도 가격을 불문하고 다주택자로 취급해 3주택 이상은 전세금에도 임대소득세를 부과하는 등 주택 거래 활성화를 막고 있습니다. 국토해양부는 민간임대를 활성화하기 위해 주거용 오피스텔에 대해서도 주택 임대사업 등록을 허용하고 세금 혜택을 주는 방안을 추진 중입니다. 우리나라의 경우 전체 가구의 약 30%인 500만 가구가 개인 다주택자 소유 주택에서 살고 있습니다. 다주택자가 임대시장에 공급하는 주택이 많은 만큼 다주택자의 역할을 긍정적으로 볼 필요가 있다고 전문가들은 지적합니다. WOW TV NEWS 이동은입니다.,https://news.naver.com/main/read.nhn?mode=LSD&mid=shm&sid1=260&oid=004&aid=0002081677,284
260890,2011.06.12. 오후 11:23,부동산,한국경제TV,부동산 거래부진 지속‥금리인상 찬물,앵커 한국은행의 금리인상 소식에 장기간 침체가 이어지고 있는 부동산 시장이 더욱 위축될 가능성이 높아졌습니다. 한동안 수요자들의 심리가 움츠러들면서 거래 부진은 물론 수도권 전세난까지 가중될 것으로 보입니다. 이준호 기자의 보도입니다. 기자 한국은행이 석달만에 기준금리를 인상하면서 가뜩이나 침체된 부동산 시장에 충격을 주고 있습니다. 정부가 내놓은 각종 부동산 대책의 효과가 미미한 상황에서 금리인상 소식은 그야말로 찬물을 끼얹은 셈입니다. 현재 서울 아파트 매매시장은 10주째 하락하고 있고 수도권도 1주일만에 다시 하락세로 돌아섰습니다. 이런 상황에서 금리인상은 수요자들의 매수심리를 더욱 위축시키기 때문에 거래부진이 장기화될 가능성은 큽니다. 인터뷰 함영진 부동산써브 실장 불안한 주택경기에 금리인상까지 겹치면서 가격 하락이 이어질 것..가계 대출자의 이자부담이 상당히 늘어나 수요자로서는 부동산 접근도가 떨어질 수 밖에 없다. 특히 활기를 되찾은 지방 부동산 시장은 금리인상이 악재로 작용하면서 상승세가 한풀 꺾일 것으로 보입니다. 여기에 최근 수요가 몰리고 있는 오피스텔과 도시형생활주택 등 수익형 부동산 상품에도 적지 않은 타격이 예상됩니다. 더 큰 문제는 한동안 잠잠했던 전세시장이 다시 들썩일 가능성이 커진 데 있습니다. 금리인상으로 대출을 받아 집을 사려는 수요자는 줄어들고 전세에 머물려는 움직임은 더욱 늘어날 전망입니다. 실제 이번달 들어 서울의 전세시장은 2주 연속 오르면서 벌써부터 전셋값 상승세가 나타나고 있습니다. x0b 따라서 여름방학과 재건축 이주 수요가 몰리는 다음달부터는 본격적인 전세난이 시작될 것이라는 우려가 높습니다. WOW TV NEWS 이준호입니다.,https://news.naver.com/main/read.nhn?mode=LSD&mid=shm&sid1=260&oid=004&aid=0002081676,284
260891,2011.06.12. 오후 11:21,부동산,한국경제TV,태블릿용 D램 수요 10배 증가,태블릿 PC에 사용되는 D램 수요가 올해만 10배 가까이 증가할 것으로 보입니다. 시장조사 전문기관 아이서플라이에 따르면 올해 태블릿 PC에 사용되는 D램 규모는 모두 3억3천300만 기가비트로 지난해 3천700만 기가비트에 비해 10배 가까이 늘어날 전망입니다. 이는 아이패드의 본격적인 판매 증가와 다른 경쟁 제품의 등장에 따른 것으로 이런 추세는 2015년까지 계속될 것으로 아이서플라이는 내다봤습니다.,https://news.naver.com/main/read.nhn?mode=LSD&mid=shm&sid1=260&oid=004&aid=0002081653,284
260892,2011.06.12. 오후 11:21,부동산,한국경제TV,자동차보험 온라인 가입자 늘어,자동차보험을 온라인으로 가입한 경우가 크게 늘었습니다. 손보업계에 따르면 지난해 기준 온라인 자동차보험의 매출은 2조7천억원으로 전체 자동차보험 매출의 22.2%에 달했습니다. 이는 지난 2009년보다 18%나 늘어난 것으로 전체 자동차보험 시장 매출 증가액의 2배 가까이 되는 수치입니다. 보험사별 점유율은 악사가 4.1%로 가장 많았고 동부화재와 하이카다이렉트가 3%선으로 그 뒤를 이었습니다. 온라인 자동차보험이 이처럼 인기를 끈 이유는 가격이 저렴하고 가입절차가 편리하기 때문인 것으로 풀이됩니다.,https://news.naver.com/main/read.nhn?mode=LSD&mid=shm&sid1=260&oid=004&aid=0002081643,284
260893,2011.06.12. 오후 11:00,부동산,아시아경제,18종 부동산 정보 한눈에 본다,아시아경제 박충훈 기자 토지대장 지적도 등기부등본 등 18종에 달하는 국가 부동산 정보가 하나로 통합된다. 국토해양부 장관 권도엽 는 13일 부동산 행정정보 일원화 를 위한 정책토론회를 최구식 한나라당 의원 주최로 국회 헌정기념관에서 개최한다. 한국비교사법학회가 주관하고 국토부와 대한지적공사가 후원하는 이 토론회에는 향후 부동산 종합공부 법제화를 추진할 국회의원과 권도엽 장관 각계 전문가들이 참석한다. 발표주제는 부동산 행정정보 일원화의 필요성 및 경제적 효과 제도 개선 방향이다. 18종의 부동산 정보는 단계적으로 통합된다. 내년까지 토지대장 임야대장 대지권등록부 공유지연명부 지적도 임야도 경계점좌표등록부 건축물대장 등 11종이 하나로 통합된다. 2013년까지 개별공시지가확인서 개별주택가격확인서 공동주택가격확인서 토지이용계획확인서 등이 합쳐진다. 2014년부터는 토지등기부등본 건물등기부등본 집합건물등기부등본 등의 통합이 진행된다. 부동산 정보는 그동안 국토부 대법원 등 2개 부처 5개 법령으로 분산 관리돼 업무중복 등의 문제점을 가져왔다. 연간 1억100만건의 부동산 관련서류 제출과 1000억원 이상 납부비용이 낭비됐다. 또 행정시스템 분리로 중복업무는 579만건 중복정보처리건수는 8826만건에 이른다. 주제발표를 맡은 호서대학교 이종원 교수는 14종의 부동산 정보만 일원화해도 2013년부터 5년간 2조2434억원의 정보화 편익이 발생한다 고 말했다. 이진기 숙명여대 교수는 별도의 독립법률을 제정하기보다는 현재 입법이 추진되고 있는 지적재조사에 관한 특별법 에 근거규정을 마련하면 될 것 이라고 전망했다. 국토부 관계자는 이번 정책토론회에서 제시될 전문가들의 의견은 일원화된 부동산 행정정보의 종합공부 제공을 앞당기게 될 것 이라며 스마트한 정부서비스 토지와 건물의 합치된 법적개념 확립 미래공간정보산업의 활성화를 가능하게 하는 선순환 구조를 마련하겠다 고 말했다.,https://news.naver.com/main/read.nhn?mode=LSD&mid=shm&sid1=260&oid=277&aid=0002621808,284
260894,2011.06.12. 오후 10:03,부동산,파이낸셜뉴스,인천지검 LH 고위 임원 건설사로부터 금품수수 포착 수사 착수,인천지검 특수부는 국가산업단지 사업추진 과정에서 한국토지주택공사 LH 본사 고위 임원이 건설업체로부터 금품을 받은 정황을 포착하고 수사중이라고 12일 밝혔다. 검찰은 이를 위해 지난 7일 해당 임원 A씨의 사무실을 압수수색해 책상 서랍안에서 수천만원 상당의 현금뭉치를 발견하고 관련 서류를 확보했다. 검찰은 A씨가 LH의 충남 당진 모 국가산업단지 사업과 관련해 건설업체로부터 이 돈을 받은 것으로 보고 있다. LH 관계자는 “해당 임원 개인의 일로 이 일에 대해 아는 바가 없다”고 말했다.,https://news.naver.com/main/read.nhn?mode=LSD&mid=shm&sid1=260&oid=014&aid=0002455080,284
260895,2011.06.12. 오후 9:55,부동산,경향신문,“이포·구미보 2곳 친수구역 개발 신도시급 위락시설 등 조성 추진”,SUB TITLE START ㆍ민주당 김희철 의원 제기 SUB TITLE END 한국수자원공사가 4대강 주변 남한강 이포보와 낙동강 구미보 2곳을 친수구역 개발지로 정한 뒤 1320만㎡ 400만평 규모의 신도시급 위락시설 조성을 추진 중인 것으로 알려졌다. 친수구역 개발은 4대강 사업에 8조원을 투입한 수자원공사의 사업비를 회수하기 위해 추진되고 있는 사업이다. 4대강 주변을 호텔 마리나 리조트 골프장 주거공간이 포함된 초대형 복합공간으로 개발할 방침이어서 난개발에 대한 우려가 제기되고 있다. 김희철 민주당 의원은 12일 자신의 홈페이지에서 “수자원공사가 발주한 용역 과업지시서를 검토한 결과 이포보는 330만㎡ 100만평 구미보는 990만㎡ 300만평 를 개발하는 것으로 파악됐다”고 밝혔다. 국토해양부가 친수구역 활용에 관한 특별법 시행령에서 4대강 주변 최소 개발 면적을 10만㎡ 3만여평 로 지정한 것을 감안하면 최소 면적의 33 100배에 이르는 규모다. 여의도 면적 2.9㎢·87만7000평 의 최대 3.4배에 이르는 면적이다. 김 의원은 “입찰에 참여한 업체들이 이포·구미보를 대상지로 보고 입찰서류를 만들고 있다”면서 “이곳은 지난해 수자원공사의 친수구역 조감도 용역에서 일부 전문가들이 친수구역 대상 후보지로 지목했던 곳”이라고 말했다. 수자원공사는 친수구역 지정을 위해 현재 2건의 타당성 조사 및 기본계획 용역을 실시 중이다. 정부는 올해 안에 친수구역 개발지를 확정 발표할 계획이다. 국토부 관계자는 “친수구역 대상 후보지에 대해서는 아직 구체적으로 밝힐 게 없다”고 말했다. 홍인표 선임기자 iphong kyunghyang.com 경향신문 ‘오늘의 핫뉴스’ 서러운 알바 여대생… 내가 사람이긴 한 건가 “접대부·웨이터로 빠져 학생 수십명 자퇴” “겁많은 여학생이지만 너무 화나고 견딜수없어” 직장인이 부모님께 드리는 용돈… 평균 얼마 배우 김여진씨 한때 긴급체포… 왜 취업 면접때 ‘딱 걸리는 거짓말’… 1위는 공식 SNS 계정 경향 트위터 미투데이 페이스북 세상과 경향의 소통 Khross ⓒ 경향신문 경향닷컴 www.khan.co.kr 무단전재 및 재배포 금지 〈경향닷컴은 한국온라인신문협회 www.kona.or.kr 의 디지털뉴스이용규칙에 따른 저작권을 행사합니다.,https://news.naver.com/main/read.nhn?mode=LSD&mid=shm&sid1=260&oid=032&aid=0002141485,284
260896,2011.06.12. 오후 9:23,부동산,경향신문,불꽃 번짐 지연 특수도료 ‘플러스코트’ 시판,상신플러스는 소음과 울림현상이 없고 불이 났을 때 불꽃 번짐을 지연시키는 특수 도료 ‘플러스코트’를 개발해 건축현장에 공급 중이라고 12일 밝혔다. 플러스코트는 안료와 첨가제를 주성분으로 만든 도료로 시공비는 수성분무칠과 비슷하면서 다양한 기능을 제공한다. 소음을 감소시키는 흡음률이 0.684%로 흡음기능이 뛰어나다. 난연 1급 불연제로 불에 타지 않고 화재 때도 불꽃 번짐 잔염 과 불씨 잔진 를 막아준다. 플러스코트는 수성도료와 달리 칠할 때 물 얼룩이나 니코틴 등이 배어나오지 않고 오래되면 색이 누렇게 변하는 황변현상도 일어나지 않는다. 순백색으로 반사율이 좋아 조명효과를 높이고 곰팡이 서식을 막아주는 방충효과도 있다. 석고보드 내부 콘크리트 기타 건축물의 내부 천정재에 사용할 수 있다. 한번 시공으로 5 10년 이상 사용할 수 있다. 경향신문 ‘오늘의 핫뉴스’ 서러운 알바 여대생… 내가 사람이긴 한 건가 “접대부·웨이터로 빠져 학생 수십명 자퇴” “겁많은 여학생이지만 너무 화나고 견딜수없어” 직장인이 부모님께 드리는 용돈… 평균 얼마 배우 김여진씨 한때 긴급체포… 왜 취업 면접때 ‘딱 걸리는 거짓말’… 1위는 공식 SNS 계정 경향 트위터 미투데이 페이스북 세상과 경향의 소통 Khross ⓒ 경향신문 경향닷컴 www.khan.co.kr 무단전재 및 재배포 금지 〈경향닷컴은 한국온라인신문협회 www.kona.or.kr 의 디지털뉴스이용규칙에 따른 저작권을 행사합니다.,https://news.naver.com/main/read.nhn?mode=LSD&mid=shm&sid1=260&oid=032&aid=0002141435,284
260897,2011.06.12. 오후 9:23,부동산,경향신문,분양정보부산 동래 ‘명륜 아이파크’ 外,부산 동래 ‘명륜 아이파크’ 현대산업개발은 부산 동래구 명륜 3구역을 재개발한 ‘명륜 아이파크’를 분양한다. 지하 3층 지상 28층 20개 동으로 전용면적 24 151㎡ 1409가구다. 조합원 물량 등을 제외한 전용면적 62 151㎡ 1041가구를 일반분양한다. 동래향교를 사이에 두고 1·2단지로 나뉘며 14가지 주택형으로 공급돼 수요자들이 다양한 선택을 할 수 있다. 전용면적 62㎡는 방 3개로 안방전용 드레스룸과 화장실을 갖췄다. 또 공급면적 142 146㎡는 풍부한 수납공간을 갖추고 거실과 이웃한 두 개의 방 사이에 모두 가변형 벽체가 적용됐다. 상황에 따라 2개의 방과 거실을 합쳐 이용할 수 있게 했다. 입주는 2013년 12월 예정이다. 문의 051 851 6777 성수동 ‘서울숲 한라 에코밸리’ 한라건설은 서울 성수동 서울숲 인근에 업무공간인 ‘서울숲 한라 에코밸리’를 공급한다. 아파트형 공장인 이곳은 지하 4층 지상 13층，연면적 2만765㎡ 규모로 입주업체들이 업무 환경에 따라 면적을 선택할 수 있도록 전용면적 42 179㎡로 다양하게 분양한다. 인근에 삼부레미콘 부지 내 110층 높이의 현대자동차그룹 글로벌 비즈니스 센터와 성수 전략정비구역 개발 등이 예정된 곳으로 7층 이상 서쪽 사무실에서는 서울숲이 보인다. 걸어서 5분 거리에 지하철 2호선 뚝섬역이 있고 내년 하반기에는 분당선 연장선인 서울숲역 가칭 도 개통된다. 에코밸리는 취득세 면제와 함께 재산세·종합토지세가 5년간 50%가량 감면된다. 입주 중소기업의 경우 서울시 신용보증재단의 대출지원도 이뤄진다. 예상분양가는 3.3㎡당 평균 950만원대다. 02 468 5200 경향신문 ‘오늘의 핫뉴스’ 서러운 알바 여대생… 내가 사람이긴 한 건가 “접대부·웨이터로 빠져 학생 수십명 자퇴” “겁많은 여학생이지만 너무 화나고 견딜수없어” 직장인이 부모님께 드리는 용돈… 평균 얼마 배우 김여진씨 한때 긴급체포… 왜 취업 면접때 ‘딱 걸리는 거짓말’… 1위는 공식 SNS 계정 경향 트위터 미투데이 페이스북 세상과 경향의 소통 Khross ⓒ 경향신문 경향닷컴 www.khan.co.kr 무단전재 및 재배포 금지 〈경향닷컴은 한국온라인신문협회 www.kona.or.kr 의 디지털뉴스이용규칙에 따른 저작권을 행사합니다.,https://news.naver.com/main/read.nhn?mode=LSD&mid=shm&sid1=260&oid=032&aid=0002141434,284
260898,2011.06.12. 오후 9:23,부동산,경향신문,중소형 분양아파트 어디가 좋을까,SUB TITLE START ㆍ수도권 실수요자들이 눈여겨볼 만한 연내 예정 단지 SUB TITLE END 아파트 분양시장에 모델하우스 방문객은 넘치지만 청약으로 이어지지 않는 현상이 계속되고 있다. 특히 같은 단지라도 중소형 아파트는 청약률이 상대적으로 양호한 반면 중대형은 관심이 덜하다. 부동산 시장이 실수요자 중심으로 변화하면서 비싸고 공급량이 적은 중대형 아파트보다 저렴한 중소형을 선호하기 때문이다. 수도권지역에서 실수요자들이 눈여겨 볼 만한 연내 분양 예정 단지를 살펴봤다. 서울 소규모지만 교통 등 입지 좋아 SK건설은 서울 강남구 역삼동 716의 1번지 개나리5차아파트를 재건축해 240가구 중 전용면적 85㎡ 이하 48가구를 이달 중 일반분양할 계획이다. 또 인근에 현대산업개발이 성보아파트를 재건축해 400가구 중 83 147㎡ 62가구를 11월 일반분양한다. 두 단지 모두 분당선과 서울지하철 2호선 선릉역이 걸어서 5분 거리에 있다. 도성초 진선여중 진선여고가 가깝고 롯데백화점 강남점 이마트 역삼점 강남세브란스병원도 근처에 있다. 서울 동대문구 전농·답십리 뉴타운도 분양이 예정돼 있다. 삼성물산은 전농7구역을 재개발해 2397가구 중 83 153㎡ 486가구를 6월 분양할 예정이다. 이 가운데 200가구가 전용면적 85㎡ 이하로 공급된다. 또 삼성물산과 두산건설은 답십리16구역을 재개발해 2421가구 중 82 172㎡ 658가구를 7월에 분양한다. 서울지하철 1호선 중앙선 환승 청량리역이 걸어서 8 12분 거리이며 전농초등학교와 동대문중이 인접해 있다. 대림산업은 서울 서대문구 북아현뉴타운 분양을 준비 중이다. 북아현동 149번지 북아현뉴타운 1 3구역에 1712가구를 건설한다. 이 가운데 50 155㎡ 385가구를 10월 일반분양할 예정이다. 북성·아현초 아현중 한성고가 걸어서 5 10분 거리에 있다. 서울지하철 2호선 아현 2·5호선 충정로역 등이 가깝다. 서울 성동구 왕십리뉴타운에서는 삼성물산과 대우건설이 공동으로 79 231㎡ 836가구를 8월 중 일반 분양한다. 면적별 가구수는 아직 확정되지 않았지만 전체 물량의 90%가량은 중소형으로 배정될 것으로 보인다. 경기지역은 광교신도시와 인천에 관심 울트라건설은 광교신도시 A31블록에 80㎡ 350가구를 10월 중 분양할 계획이다. 경기대 수원캠퍼스 인근에 위치한 단지다. 신분당선 남쪽 연장구간이 2015년 개통될 경우 역세권에 위치하게 된다. 전용면적 59㎡ 소형아파트라 소액 청약예금·부금 가입자들이 관심을 가져볼 만하다. 삼성물산은 9월 김포한강 Ab 11블록에 전용면적 59 84㎡ 중소형 1730가구를 분양한다. 또 현대산업개발은 경기 부천시 약대동 약대주공2단지를 이달 일반분양할 계획이다. 1613가구 중 85 208㎡ 425가구가 일반분양분이며 중소형인 85 115㎡는 99가구가 공급된다. KCC건설은 인천 영종하늘도시 A35블록에 단일 주택형으로 109㎡ 전용면적 84㎡ 738가구를 하반기에 분양할 계획이다. 영종대교와 인천공항철도를 이용해 서울 및 수도권 진입이 가능하고 인천대교를 통해 송도국제도시와 연결되는 등 교통이 편리한 편이다. 삼성물산과 풍림산업은 인천 부평구 부평동 부평5구역을 재개발해 1381가구 중 80 149㎡ 579가구를 7월에 일반분양할 예정이다. 면적별 가구수가 확정되지는 않았지만 중소형아파트 물량도 계획돼 있다. 서울지하철 7호선 연장구간이 2012년 10월 개통될 예정이다. 부평구청역까지 도보로 5분가량 걸린다. 이수건설은 부평구 십정동 목화연립을 재건축해 261가구 중 110 121㎡ 105가구를 10월 일반분양한다. 모두 전용면적 85㎡ 이하로 경인선 전철 백운역과 인천지하철 1호선 부평삼거리역을 걸어서 이용할 수 있다. 김주현 기자 amicus kyunghyang.com 경향신문 ‘오늘의 핫뉴스’ 서러운 알바 여대생… 내가 사람이긴 한 건가 “접대부·웨이터로 빠져 학생 수십명 자퇴” “겁많은 여학생이지만 너무 화나고 견딜수없어” 직장인이 부모님께 드리는 용돈… 평균 얼마 배우 김여진씨 한때 긴급체포… 왜 취업 면접때 ‘딱 걸리는 거짓말’… 1위는 공식 SNS 계정 경향 트위터 미투데이 페이스북 세상과 경향의 소통 Khross ⓒ 경향신문 경향닷컴 www.khan.co.kr 무단전재 및 재배포 금지 〈경향닷컴은 한국온라인신문협회 www.kona.or.kr 의 디지털뉴스이용규칙에 따른 저작권을 행사합니다.,https://news.naver.com/main/read.nhn?mode=LSD&mid=shm&sid1=260&oid=032&aid=0002141432,284
260899,2011.06.12. 오후 9:23,부동산,경향신문,세종시 첫마을 단지 내 상가 공급,SUB TITLE START ㆍLH 6·9·11월 3차례 SUB TITLE END 한국토지주택공사 LH 가 세종시 첫마을 단지 내 상가 215개 점포를 6·9·11월 3차례 공급한다. 이달 분양에 들어가는 상가는 첫마을 아파트 1단계 단지 내 A1블록 11호 점포 분양면적 91.7 163.7㎡ A2블록 12호 점포 분양면적 129.5 290.3㎡ 다. 입찰 예정가격은 3.3㎡당 684만 1072만원이다. 인근 도안신도시의 단지 내 상가 낙찰가격이 3.3㎡당 1700만 3600만원인 점을 감안하면 가격경쟁력이 충분하다. 세종시 첫마을 1단계 아파트는 세종시에서 가장 먼저 분양하고 입주하는 단지다. 12월 입주하며 상가를 분양받을 경우 세종시 상권을 선점할 수 있다는 매력이 있다. 또 첫마을 상가는 일반 아파트 단지 내 상가와 달리 세종시 전역을 20분 내에 접근할 수 있는 간선급행버스체계 BRT 정류장이 주변에 있어 입주민뿐 아니라 대중교통을 이용하는 일반인들도 찾기 쉽다. 아파트 대부분이 주 출입구 쪽에 상가가 입점한 것과 달리 첫마을 상가는 도로를 사이에 두고 중심상업용지와 가로변을 따라 1층으로 연결된 로드숍 형태로 유동인구도 흡수할 수 있을 것으로 예상된다. 첫마을 인근 100m 거리에 국세청 우정사업본부 K TV 소방방재청 등 2000여명이 2014년까지 이전한다. 자격제한 없이 일반 실수요자를 대상으로 예정가격 이상의 최고가 입찰자에게 낙찰되는 일반공개입찰 방식이다. 1인 1호 또는 2호 이상 입찰 및 2인 이상 1호 공동입찰도 가능하다. 분양대금 납부조건은 계약체결 시 낙찰가격의 20%를 계약금으로 계약체결기간 종료일로부터 3개월 내에 중도금 30%를 납부하고 입점 지정기간 내에 잔금 50%를 납부하면 된다. LH는 16일 행정중심복합도시건설청 대강당에서 투자설명회를 열고 21·22일 인터넷 입찰 www.lh.or.kr 을 받는다. 계약체결은 28 30일 LH 세종시2본부에서 진행된다. 문의 041 860 7851 2 김주현 기자 경향신문 ‘오늘의 핫뉴스’ 서러운 알바 여대생… 내가 사람이긴 한 건가 “접대부·웨이터로 빠져 학생 수십명 자퇴” “겁많은 여학생이지만 너무 화나고 견딜수없어” 직장인이 부모님께 드리는 용돈… 평균 얼마 배우 김여진씨 한때 긴급체포… 왜 취업 면접때 ‘딱 걸리는 거짓말’… 1위는 공식 SNS 계정 경향 트위터 미투데이 페이스북 세상과 경향의 소통 Khross ⓒ 경향신문 경향닷컴 www.khan.co.kr 무단전재 및 재배포 금지 〈경향닷컴은 한국온라인신문협회 www.kona.or.kr 의 디지털뉴스이용규칙에 따른 저작권을 행사합니다.,https://news.naver.com/main/read.nhn?mode=LSD&mid=shm&sid1=260&oid=032&aid=0002141431,284
260900,2011.06.12. 오후 8:36,부동산,디지털타임스,재건축 아파트값 2년 전으로,서울 0.13% 떨어져… 강남 8학군 하락폭 커 서울 재건축 아파트 가격이 마치 시간을 되돌린 듯 2년 전 가격 수준으로 내려갔다. 부동산 정보업체인 부동산1번지에 따르면 6월 둘째 주 아파트 매매가 변동률은 서울 0.04% 경기 0.06% 인천 0.06% 등으로 하락세를 이어갔다. 신도시는 0.02% 올라 소폭 반등했다. 특히 서울 재건축 아파트 값은 0.13% 떨어져 하락폭이 컸다. 2003년 서울 재건축 아파트 가격을 100으로 놓고 평균 매매지수를 분석했을 때 이번주 매매지수는 150.88로 지난 2009년 6월 150.92 보다 하락한 수치를 기록한 것이다. 이 가운데서도 강남구 0.52% 와 강동 0.39% 송파 0.33% 서초 0.06% 등 소위 8학군 주변 재건축 아파트 가격의 하락폭이 컸다. 이는 양도세 비과세 혜택 2년 거주조건이 폐지되면서 매물량은 늘어난 반면 수요는 거의 없어 가격이 하락한 것으로 보인다. 예를 들어 개포주공1단지 49㎡는 1500만원 더 하락한 8억8000만 9억4000만원 선으로 2년 전 시세 2009.05.18 8억8000만 9억3000만원 수준을 형성했다. 강동구도 보금자리지구 지정 여파로 약세를 이어갔으며 고덕동 고덕시영현대 62㎡의 경우 5억7000만 5억8000만원 선으로 1000만원 하락했다. 한편 전셋값은 서울과 경기가 각각 0.07% 0.04%씩 올라 지난 주에 비해 상승폭이 커졌다. 서울은 △관악 0.45% △강동 0.29% △금천 0.20% △구로 0.17% △동작 영등포 0.14% △마포 0.13% △양천 0.12% △송파 0.10% △서초 0.09% △강남 0.08% 순으로 상승했다. 반면 △은평 0.35% 은 올 들어 처음으로 내림세를 기록했다. 이와 관련 부동산 1번지 관계자는 전세시장은 여름방학 학군수요와 이주수요로 일부 지역에서 벌써 수요자들이 움직임을 시작했다 며 신혼부부 수요 또한 전셋값이 상대적으로 저렴한 지역을 중심으로 증가하는 추세 라고 설명했다. 관악구의 경우 봉천동 관악동부센트레빌 105㎡이 1000만원 오른 2억7000만 2억9000만원 사이에서 가격이 형성됐으며 강남구 은마아파트도 전셋값이 500만 1000만원 상승한 것으로 나타났다.,https://news.naver.com/main/read.nhn?mode=LSD&mid=shm&sid1=260&oid=029&aid=0002068525,284
260901,2011.06.12. 오후 8:36,부동산,디지털타임스,부동산사이트 포털 공세에 울상,최고 80% 매출 급감… 영업인력도 대부분 빼앗겨 고사위기 1999년부터 시작해 10여 년 동안 부동산 정보 허브 역할을 맡았던 온라인 부동산 정보회사들이 네이버 다음 등 포털의 부동산 광고 시장 진출로 위기를 맞고 있다. 특히 일부 정보회사에선 포털사의 매물광고 직접 영업 이후 80% 정도 매출이 급감하는 등 매출타격은 물론 영업인력도 대부분 포털에 빼앗기는 등 고사 위기에 처한 것으로 파악됐다. 물론 현 시점에서는 부동산 시장 전반에서의 부진이 매출부진의 좀 더 직접적인 이유라는 분석도 있다. 하지만 경기가 살아나더라도 정보회사다운 차별화 된 서비스를 내놓지 못하면 단순 광고 뿐 아니라 세계적으로 점차 대형화되고 있는 부동산 중개 온라인 시장을 선점할 수 있는 유리한 고지도 뺏길 수 있다는 위기감이 업계를 긴장시키고 있다. 업계의 비공식 집계에 따르면 31일 현재 부동산 매물광고 관련 수수료 시장 규모는 대략 500억원 수준인 것으로 알려졌다. 이 중 네이버 다음이 부동산 매물영업대행사를 별도로 운영하면서 벌어들이는 수익이 약 300억원 정도이며 나머지 150억 200억원을 부동산114 부동산1번지 등 부동산 정보회사들이 나눠 가져가고 있다는 것. 네이버와 다음 등 포털사들이 부동산 매물 영업을 본격적으로 시작한 시기가 대략 2009년 6월 경 이라는 점을 감안했을 때 부동산 정보업체들은 1999년부터 10여 년 간 애써 키워왔던 시장을 단 2년 만에 66%나 뺏긴 것이다. 물론 기타 사업수입도 있기 때문에 완전히 시장을 뺏겼다고 볼 순 없지만 매물광고가 주요 수입원이라는 점에서 부동산 정보업체들이 입는 타격은 크다. 업계 일각에서는 포털이 시장지배자적 지위를 남용해 중소기업이 애써 키워놓은 시장을 가져가고 있다고 반발하고 있다. 한 업계 관계자는 대형 포털들이 중소 정보업체들로부터 영업인력을 대거 빼가고 있고 한 후발업체는 최근 매출이 80%나 급감해 구조조정에 나서고 있다고 한다 며 플랫폼을 장악하고 있는 대기업이 물량공세로 시장을 공략한다면 중소기업은 속수무책일 수밖에 없다 고 말했다. 또 일각에서는 공정거래위원회에 시장 지배적 지위 남용에 따른 불공정거래로 제소해야 한다는 주장도 있었지만 정보업체 간 이해관계 대립으로 인해 공동대응을 하지 못하고 있다는 불만의 목소리도 나오고 있다. 반면 포털측 입장은 다르다. 이들은 부동산 서비스 독자 구축은 어디까지나 소비자 보호 차원에서 이뤄진 것이며 이는 부동산 정보 업체들의 부실한 운영 때문이라고 반박했다. 이와 관련 2009년 당시 부동산 정보업체들이 제공하는 매물정보가 허위로 확인돼 항의가 빗발치는 등 신빙성에 문제가 있었다 며 그래서 지난 2009년 확인매물 서비스를 시작하면서 CP 콘텐츠제공업체 들에게도 동참을 권유했으나 이를 거부해 독자적인 영업망을 구축한 것 이라고 설명했다. 이어 지금이라도 네이버의 확인매물 정책에 따라온다면 제휴관계 구축은 가능하며 현재 2 3개 업체와 협력관계를 구축하고 있다고 덧붙였다. 한편 업계에서는 최근 부동산 정보업체들의 부진이 전문적이고 차별화 된 서비스 부재 때문이라는 자성의 목소리와 함께 모바일과 SNS 소셜네트워킹서비스 를 중심으로 특화된 서비스로 돌파구를 마련하려는 모습도 보이고 있다. 실제로 업계 1위인 부동산114는 지난해 7월 부동산114 애플리케이션을 출시해 지금까지 약 70만 건이 다운로드 됐으며 위치기반 매물정보 제공 등 차별화 된 서비스로 이용자들로부터 좋은 호응을 얻고 있다고 설명했다. 이외에도 부동산1번지 닥터아파트 부동산뱅크 등 주요 업체들이 스마트폰과 SNS 등 다양한 플랫폼을 통해 서비스 경쟁을 벌이고 있어 N 스크린 시장에서의 품질경쟁은 더 가속화될 전망이다.,https://news.naver.com/main/read.nhn?mode=LSD&mid=shm&sid1=260&oid=029&aid=0002068524,284
260902,2011.06.12. 오후 7:09,부동산,세계일보,10명중 7명 “부동산 침체로 소비심리 위축”,상의 수도권 1015명 조사…“실제 소비 줄였다”도 32% 세계일보 부동산 경기 침체와 전·월세 가격 상승으로 가계소비 지출이 위축된 것으로 나타났다. 12일 대한상공회의소에 따르면 수도권에 사는 1015명을 대상으로 ‘부동산 시장에 대한 국민인식’을 조사한 결과 최근 부동산 경기 부진과 전·월세 가격 상승으로 소비심리가 위축됐다는 응답자가 전체의 41.3%에 달했다. 실제 지출을 줄였다고 답한 32.3%까지 포함하면 70% 이상의 소비심리가 꺾인 셈이다. 특히 무주택자의 경우 ‘지출을 줄였다’는 응답 비율 42.8% 이 ‘소비심리가 위축됐다’ 31.2% 는 답보다 많았다. 수도권 주민이 집 문제로 겪는 가장 큰 고민은 ‘전·월세가 상승에 따른 보증금 인상과 원치 않는 이사’ 55.6% 로 조사됐다. 거래 부진에 따른 주택매도 차질 20% 대출상환 부담 증가나 대출 곤란 16.3% 부동산경기 침체에 따른 수입 감소 4.6% 등도 걱정거리로 꼽혔다. 전세금이 상승하는 이유로 응답자의 50.8%는 전세공급 부족을 꼽았다. 주민 68.6%는 ‘부동산경기 침체로 주택거래 부진 전세난 유발 등 부정적 영향이 크다’고 답했다. 이희경 기자 Segye.com 인기뉴스 70대父 얼굴 피날 때까지 때린 패륜아들 결국… 구글은 역시 검색왕 … 야한 동영상도 술술 북한군 대북전단 발견시 개미부터 찾아… 왜 긱스 제수 결혼전 임신시키고 낙태 강요까지 달샤벳 수빈 교복사진…수수 민낯 귀여워 SBS 런닝맨 스태프가 시민 밀치고 씨XX 성민 박승대와 녹취록 공개… 사과를 모른다 ⓒ 세계일보 Segye.com 무단 전재 및 재배포 금지 금융전문뉴스 세계파이낸스 모바일로 만나는 세계닷컴 세계닷컴은 한국온라인신문협회 www.kona.or.kr 의 디지털뉴스이용규칙에 따른 저작권을 행사합니다.,https://news.naver.com/main/read.nhn?mode=LSD&mid=shm&sid1=260&oid=022&aid=0002274119,284
260903,2011.06.12. 오후 6:32,부동산,한국경제,1년반 잠잠한 집값…전셋값 강세 영향 받을까,전셋값 상승에도 매매가는 안정적인 모습을 보이는 시장 흐름이 지난해 초 이후 1년 반 동안 이어지고 있다. 1999년 전세대란 때도 전셋값만 오르고 집값은 크게 변하지 않는 시기가 2년가량 지속됐다. 당시에는 외환위기라는 충격 때문이었지만 지금은 글로벌 금융위기 여파도 가신 상태다. 이에 따라 전셋값 강세가 집값 불안을 자극할지 주목된다. 외환위기 이후 전세대란은 네 차례 있었다. 1차는 외환위기를 전후해 떨어졌던 전셋값이 이후 경기 회복세를 타고 급반등한 시기다. 1998년 25% 폭락한 전셋값은 1999년 30% 이상 올랐다. 이로 인해 2001년 매매가는 서울이 19.3%，수도권이 19.2% 각각 뛰었다. 2차는 외환위기 직후 주택 공급 감소로 2001년 입주 물량이 크게 줄어 생겼다. 2001년 서울 전셋값은 20%，인천과 경기지역은 21% 급등했다. 이때도 매매시장은 전셋값 급등에 반응했다. 2002년 서울 집값은 30.8%，수도권은 29.3% 뛰었다. 3차는 2006년 발생했다. 각종 주택시장 규제로 재개발 · 재건축 사업이 사실상 중단돼 서울과 경기도의 전셋값이 11.5%씩 상승했다. 2007년 2008년에는 매매가가 크게 오르지 않았다. 이번 4차 전세난은 1 · 2차와 3차 중 어떤 양상을 띨지 관심을 끈다. 전셋값과 매매가의 변화는 1986년 이후 국민은행 통계를 보면 일정한 흐름을 나타낸다. 전세가격이 먼저 상승하는 동안 매매가는 주춤하거나 전셋값 상승률보다 낮게 오른다. 두 번째 단계는 전셋값과 매매가가 동반 상승하는 기간이다. 이 시기에는 매매가 상승률이 전셋값 상승률보다 높다. 마지막으로 전셋값이 조정받으면서 매매 가격도 하락하기 시작한다. 전문가들은 작년 초부터 이런 과정의 첫 단계가 시작됐다고 분석하고 있다. 권주안 주택산업연구원 선임연구위원은 전셋값이 오른 뒤에도 매매가는 한동안 오르지 않는다 며 과거 사례에 비춰볼 때 2001년 3분기에 전셋값이 상승 전환한 뒤 매매가가 오른 것은 2002년 2분기부터였다 고 말했다. 2001년 3분기 당시 전국 전셋값 비율은 69.2% 서울 64.6%로 사상 최고 수준이었다. 이런 시장의 힘이 전세 · 매매가 동반 상승으로 이끈 것이라고 지적했다. 전국의 매매가 대비 전셋값 비율은 지난달 현재 59.0% 서울은 49.7%다.,https://news.naver.com/main/read.nhn?mode=LSD&mid=shm&sid1=260&oid=015&aid=0002477798,284
260904,2011.06.12. 오후 6:32,부동산,한국경제,한전 마장물류센터에 주상복합,성동구 준주거지역 변경 추진 서울 지하철 5호선 마장역 인근 한국전력 마장물류센터 부지가 개발된다. 서울 성동구는 마장동 765의 1 일대 한전 물류센터 부지 3만9567㎡에 대한 개발 계획을 한전과 공동 수립하기로 하고 14일 양해각서 MOU 를 체결할 방침이라고 12일 밝혔다. 성동구는 업무 · 판매시설，주상복합아파트 등을 짓도록 유도하기 위해 현재 2종 일반주거지역인 이곳을 준주거지역으로 종상향해 줄 것을 서울시에 건의할 계획이다. 한전 마장물류센터는 마장역에서 100여m 떨어진 역세권으로 변전소와 폐변압기 등을 쌓아 두는 적치장으로 쓰이고 있다. 한전은 2006년 변전소를 옮기고 적치장을 정비했지만 소음과 안전을 둘러싼 주민 민원이 잇따랐다. 성동구와 한전은 각종 규제로 개발을 장기 방치한 마장 물류센터 개발 제한이 지난해 10월 해제됨에 따라 공동 개발 계획을 수립하기로 했다. 성동구는 서울시가 종상향을 받아들일 수 있도록 한전과 협의해 공공성을 높인 개발 계획안을 내놓을 계획이다 성동구 도시개발과 관계자는 2종 일반주거지역에서 준주거지역으로 3단계나 높여 용도지역을 변경하는 것은 예외적인 일인 만큼 지역 사회에 도움이 되도록 부지 내에 도로 공원 등을 조성하는 계획안을 마련할 것 이라고 말했다. 고재득 성동구청장은 지역 개발에 걸림돌로 작용해 온 한전 물류센터 부지를 복합단지로 개발하면 행당도시개발지구 사업 왕십리 민자역사 사업과 함께 성동구 개발축을 완성하게 될 것 이라고 기대했다. 현재 성동구에서 진행 중인 주요 개발사업은 왕십리뉴타운，행당도시개발지구，성수전략지구 현대자동차 글로벌센터 등이 있다.,https://news.naver.com/main/read.nhn?mode=LSD&mid=shm&sid1=260&oid=015&aid=0002477793,284
260905,2011.06.12. 오후 6:32,부동산,한국경제,인천 영종·파주 운정 등 이번주 9곳 청약,이번 주 전국 9개 단지에서 청약 접수를 시작하고 6곳에서 모델하우스 문을 연다. 롯데건설은 파주 운정신도시 롯데캐슬 1880가구를 오는 15일 분양한다. 지상 18 30층 20개동에 전용면적 59 126㎡로 구성했다. 기준층 분양가는 3.3㎡당 1010만 1100만원대다. 분양가 상한제 적용으로 전용 85㎡ 이하는 3년 85㎡ 초과는 1년간 전매가 제한된다. 입주 예정은 2014년 11월이다. LH 한국토지주택공사 는 14일 인천 영종하늘도시 A5 · A29 블록에서 임대주택 770가구와 784가구를 각각 공급한다. 전용 29 59㎡로 보증금은 1000만 3600만원 임대료는 월 6만5000 21만2000원 선이다.,https://news.naver.com/main/read.nhn?mode=LSD&mid=shm&sid1=260&oid=015&aid=0002477792,284
260906,2011.06.12. 오후 6:32,부동산,한국경제,청약금 500만원으로 청담자이 노려볼까,GS건설은 오는 20일부터 22일까지 사흘간 서울 청담동에 들어서는 청담자이의 청약 신청을 받는다고 12일 밝혔다. 청담자이는 청담동 134의 20 일대 청담한양아파트를 재건축하는 것으로 10월 입주한다. 이번 분양 물량은 2009년 임대주택 건설 의무제 폐지에 따라 분양주택으로 전환한 전용면적 49㎡ 4가구 89㎡ 12가구 등 총 16가구다. 주택법 적용을 받지 않아 청약금 500만원만 있으면 청약통장 없이도 누구나 청약할 수 있다. 청담자이 홈페이지 www.cd xi.co.kr 에서 인터넷 신청을 받고 추첨을 통해 당첨자를 결정한다. 분양가는 49㎡짜리가 3.3㎡당 평균 3000만원 89㎡는 평균 3500만원이다. GS건설은 발코니 확장과 시스템 에어컨을 무료로 제공할 계획이다.,https://news.naver.com/main/read.nhn?mode=LSD&mid=shm&sid1=260&oid=015&aid=0002477791,284
260907,2011.06.12. 오후 6:32,부동산,한국경제,선관위 재개발 선거 첫 감독…증산5구역 예비위원장 선거,서울시선거관리위원회가 재개발 · 재건축 추진위원회 부정선거 단속에 나섰다. 서울시선관위는 증산5구역 재개발조합 설립추진위원회 예비위원장 및 예비감사 선거를 은평구로부터 위탁받아 관리한다고 12일 밝혔다. 서울시와 선관위는 지난달 공공관리 추진위원장 공명선거추진 양해각서 MOU 를 체결한 바 있다. 선관위는 기존의 재개발 · 재건축 조합에 대한 투 · 개표 업무와 함께 위반행위에 대한 계도 · 단속 · 조사 업무를 맡는다. 선관위는 선거부정감시단을 구성하고 선거인에게 공식 안내문을 발송하는 등 본격적인 활동에 착수했다. 최근 후보자 확정 공고와 합동 연설회를 마친 증산5구역 추진위 예비위원장 · 예비감사 선거는 오는 18일 실시할 예정이다.,https://news.naver.com/main/read.nhn?mode=LSD&mid=shm&sid1=260&oid=015&aid=0002477790,284
260908,2011.06.12. 오후 6:32,부동산,한국경제,충북도 오송역세권 개발구역 지정…강외면 161만㎡,충북도는 청원군 강외면 일대 161만㎡를 9월 오송역세권 도시개발구역으로 지정하기로 하고 조만간 주민 공람에 착수할 예정이라고 12일 밝혔다. 오송역세권 개발사업은 충북도가 2017년까지 민간자본 7200억원을 들여 강외면 KTX 오송역 인근을 바이오 역사관 관광관 미술관 체험관 백화점 등이 들어서는 문화 · 관광 · 상업 복합단지로 조성하는 사업이다. 인근 오송첨단의료복합단지 오송생명과학단지 오송제2생명과학단지와 함께 세계적 수준의 오송바이오밸리 로 만든다는 구상이다. 충북도는 청원군 복지회관에서 오는 30일 공청회를 열어 주민 의견을 수렴할 계획이다.,https://news.naver.com/main/read.nhn?mode=LSD&mid=shm&sid1=260&oid=015&aid=0002477788,284
260909,2011.06.12. 오후 6:32,부동산,한국경제,대치·목동 전세 가뭄 심화…호가 급등,학군수요 빨라지고 강남 재건축 이주 겹쳐 품귀 이사철 앞두고 신정 아이파크 1억5000만원 올라 서울 목동 주부 김모씨 43 는 전셋집을 옮기려다 포기했다. 초등학교 6학년 아이를 목동중에 보내려고 눈여겨봤던 신정동 아이파크 전용 114㎡ 전셋값이 지난달 이후 수천만원 올라서다. 그는 전세 물건은 나오지 않는데 학군 수요가 몰리자 집주인들이 지난달 초 4억5000만 4억8000만원 하던 전셋값을 최근 6억원으로 올렸다 고 전했다. 김씨는 살고 있는 목동 동양파라곤의 전셋값을 7000만원 올려주고 재계약했다. 전세 재계약이 대세 수도권 주요 아파트 단지에서 전세 재계약이 붐을 이루고 있다. 12일 부동산 중개업계에 따르면 작년 하반기 이후 전세난과 집값 하락세를 목격한 세입자들이 기존 집에 눌러앉는 사례가 크게 늘었다. 서울 강남과 목동 등 학군 수요 지역에서 두드러진다. 전세 재계약은 전세 물건 품귀로 이어져 전셋값을 다시 밀어올리는 악순환을 가져오고 있다. 중계동 주공3단지 현대공인 임현숙 대표는 기존 세입자가 재계약을 하면서 전세 물량 부족도 심해지고 있다 고 말했다. 경기 고양시 장항동 부동산랜드 권찬중 대표는 집이 거래돼야 전세도 나오는데 지금 매매시장은 올스톱 상황 이라며 4000여가구 호수마을에 30평형대 전세 물건은 하나도 없다 고 전했다. 물건 품귀로 인근 청구 전용 49㎡ 전셋값은 지난 3월 1억2000만 1억2500만원에서 1억3500만 1억4500만원으로 올랐다. 중계동 주공7단지 활짝열린공인 장용운 대표는 여름 방학 이사철을 앞두고 집주인들이 전세 호가를 올리고 있다 며 다른 집을 알아보던 세입자 대부분은 기존 집에 재계약했다고 알려온다 고 전했다. 학군 수요 시기 앞당겨져 좋은 학교를 배정받으려고 학원 밀집 지역으로 이사하는 학군 수요가 전세 불안 요인으로 떠오르고 있다. 목동2단지 청솔공인 주영숙 대표는 전세를 구하려는 사람들이 예년보다 보름가량 이른 지난달 중순부터 문의하기 시작했다 며 전셋값이 2000만원 이상 올랐지만 물건이 없어 거래는 안 된다 고 말했다. 대치동 한국공인 조선기 실장은 대치삼성 전용 60㎡를 지난 3월 3억3000만 3억6000만원에 전세 계약했는데 최근엔 호가가 3억8000만 4억원까지 올라갔다 며 학군 수요에 청실 재건축 이주 수요까지 겹쳐 물건이 더 귀해지고 있다 고 설명했다. 그는 지난 봄철과 비교해 전셋값이 10 20%가량 올랐지만 워낙 물량이 없어 집주인이 부르는 값대로 거래된다 고 덧붙였다. 기준금리 인상 영향 불가피 한국은행이 지난 10일 기준금리를 인상한 것도 올 하반기 전세난을 부추길 것으로 우려되고 있다. 서울 고덕동 S공인 대표는 금리가 올라가면 월세도 따라 오른다 며 대출을 끼고 집을 산 소유자들은 이자 부담이 늘어난 만큼 세를 올려 받아야 해 금리를 염두에 두지 않을 수 없다 고 말했다. 반포동 H공인 관계자는 전세를 반전세나 월세로 돌려 이자 부담을 해결하려는 움직임도 두드러질 것 이라고 예상했다. 금리 인상은 전세에서 구매로 갈아 타려는 이른바 전환 수요를 억제해 전세난이 장기화할 수 있다는 분석도 나온다.,https://news.naver.com/main/read.nhn?mode=LSD&mid=shm&sid1=260&oid=015&aid=0002477787,284
260910,2011.06.12. 오후 6:31,부동산,한국경제,수도권 주민 10명 중 7명 부동산 침체로 씀씀이 줄여,대한상의 1015명 설문조사 수도권 주민 10명 중 7명은 부동산 경기 침체 및 전 · 월세가 상승으로 가계 씀씀이에 타격을 받고 있는 것으로 조사됐다. 대한상공회의소는 최근 수도권에 거주하는 성인 남녀 1015명을 대상으로 부동산 시장에 대한 국민인식 에 대한 설문조사를 벌인 결과 이같이 나타났다고 12일 발표했다. 응답자 중 주택 보유자는 49.9% 무주택자는 50.1%였다. 조사 결과 부동산 경기 침체와 전 · 월세가 상승으로 소비심리가 위축됐다 고 답한 응답자는 전체의 41.3%였다. 실제로 지출을 줄였다 는 대답도 32.3%에 달했다. 10명 중 7명 이상이 씀씀이를 이미 줄였거나 앞으로 지갑을 열기 힘들다는 답을 내놨다는 얘기다. 무주택자만을 대상으로 할 경우 실제로 지출을 줄였다 는 응답 비율 42.8% 이 소비심리가 위축됐다 31.2% 는 대답보다 더 많았다. 연령대별로는 30 40대의 고통이 20대보다 훨씬 심한 것으로 나타났다. 20대는 지출을 줄였다 는 응답 비중이 10.2%인 반면 30대와 40대는 각각 43.3%와 44.7%에 달했다. 대한상의 관계자는 부동산 경기가 정상화되지 않는 한 경제력이 취약한 무주택 서민과 경제활동 주력 계층인 30 40대의 어려움이 가중돼 내수 회복에도 악영향을 미치고 있다는 방증 이라고 말했다. 집과 관련한 가장 큰 고민거리를 묻는 질문에선 전체 응답자의 55.6%가 전 · 월세가 상승에 따른 보증금 인상과 원치 않는 이사 라고 답했다. 다음으로 거래 부진에 따른 주택 매도 차질 20% 대출 상환 부담 증가나 대출 곤란 16.3% 부동산경기 침체에 따른 수입 감소 4.6% 등의 순으로 나타났다. 전세금이 오르는 이유에 대해서는 전체 응답자의 50.8%가 전세 공급 부족 을 꼽았다. 전세 선호 경향 과 집주인의 욕심 탓 이란 응답은 각각 26.2%와 15.6%였다. 향후 정부의 부동산정책 우선과제에 대해서는 응답자의 46.8%가 주택 수급 안정화 를 꼽았다. 다음으로 주택 거래 활성화 25.1% 와 투기 수요 차단 18% 주거만족도 제고 10.1% 등이 거론됐다.,https://news.naver.com/main/read.nhn?mode=LSD&mid=shm&sid1=260&oid=015&aid=0002477735,284
260911,2011.06.12. 오후 6:31,부동산,한국경제,한경매물마당 신사동 도산대로 이면 7층 건물 50억 등 20건,충남 천안시 두정동 수익형 원룸 서울 강남 대로변 구조조정 빌딩＝더블 역세권 대지 1300㎡，연면적 5200㎡의 10층 건물.보증금 18억원，월 4800만원，관리비 3000만원에 임대 중.구조조정을 위해 급매.250억원. 02 515 5055 서울 압구정동 빌딩＝압구정역 도보 3분 거리 대지 597㎡，연면적 1927㎡의 6층 건물.유명 병원과 학원이 밀집한 곳으로 임차 수요가 많고 주변 아파트 재건축과 한강변 개발 등 호재가 있다. 200억원. 02 512 7174 서울 강남구 역세권 빌딩＝지하철역 도보 2분 거리 대지 780㎡，연면적 3500㎡의 9층 건물.유동인구가 많은 오피스 밀집 지역으로 건물 신축 이후 현재까지 공실 없이 임대 중.임대수익은 보증금 9억원에 월 6800만원.기준 용적률보다 100% 높은 350% 적용받음.주변 시세 이하 급매.125억원. 02 3446 8100 서울 사당동 역세권 대로변 빌딩＝지하철역 도보 3분 거리 코너 대지 370㎡，연면적 840㎡의 건물.1층에 유명 브랜드 매장 등 7개 점포가 있고 건물 내 병원 등이 입점 중.임대수익은 보증금 3억원에 월 2700만원.60억원. 02 558 8528 서울 신사동 투자 및 임대수익용 빌딩＝도산대로 이면 대지 320㎡，연면적 1100㎡의 7층 건물.용적률 300% 적용받음.카페 및 음식점 밀집 지역으로 12m 도로에 접해 있고 내외관이 깨끗하다. 보증금 2억원，월 2000만원에 임대 중.급매.50억원. 02 512 8500 서울 서초동 사옥 및 수익용 빌딩＝대지 334㎡，연면적 1045㎡의 6층 건물.내외관이 깨끗하고 보증금 2억원，월 1510만원에 임대 중.급매.36억원. 02 533 9936 서울 양재대로 빌딩＝대지 315㎡，연면적 620㎡의 4층 신축 건물.보증금 1억원，월 1000만원에 임대 중.고속도로 이용이 편리하고 양재대로에 접해 있어 전시장 겸 사옥용으로 적합.신분당선 개통 호재가 있다. 급매.28억원. 02 565 8335 서울 목동 1층 은행상가＝8000여가구 상권 중심가 버스정류장 앞 주상복합건물의 1층 점포 727㎡.보증금 30억원，월 350만원에 은행으로 장기 임대 중.간주 임대료 부가가치세 임차인 부담 조건 등 재계약시 연 수익률 10% 가능.37억원. 02 588 3777 서울 사당역 역세권 사옥용 근린생활 빌딩＝사당역 도보 5분 거리 대지 330㎡，연면적 920㎡의 6층 건물.보증금 2억원，월 1200만원에 임대 중.주차 11대.임차 수요가 많은 상권으로 사옥 및 임대투자용으로 적합.급매.24억원. 02 532 1218 서울 도곡동 신축 부지＝아파트 밀집 지역으로 3종 일반주거지역 나대지 460㎡.아파트 입구 2차선 도로에 접해 있다. 다가구주택，빌라，사옥，임대투자용 건물 신축 부지로 적합.3.3㎡당 2500만원에 급매.35억원. 02 557 2244 서울 충무로 더블 역세권 상가＝충무로역과 을지로4가역이 걸어서 5분 걸리는 남산 센트럴자이 주상복합의 1층 점포 89㎡.보증금 1억원，월 330만원에 임대 중.투자용으로 적합.실투자금 7억4000만원. 02 2272 6791 경기 동탄신도시 편의점 상가＝한림대 종합병원，삼성전자 정문 앞 대로변 사거리 코너 상가의 1층 출입구 바로 옆 점포 93㎡.보증금 5000만원，월 350만원에 편의점으로 장기 임대 중.융자 2억7000만원 승계시 실투자금 3억5000만원.연 수익률 8.2%.6억7000만원. 031 262 4533 충남 천안시 성정동 수익형 신축 원룸＝롯데마트 맞은 편 삼성전자 등 산업단지 배후 주거지역 대지 447㎡，연면적 659㎡，상가와 풀옵션 원 · 투룸 20실의 4층 건물.융자 5억5000만원，보증금 3억8000만원，실투자금 5억원에 월 임대수익 785만원.노후 대비 임대수익용으로 적합. 041 564 8989 인천 검단신도시 수익형 원룸 충남 천안시 두정동 수익형 원룸＝대지 387㎡，연면적 657㎡，원 · 투룸 19실의 4층 건물.융자 4억5000만원，보증금 4억3000만원，실투자금 5억9000만원에 월 임대수익 740만원.삼성전자 등 산업단지 배후 주거지역이어서 임차 수요가 많다. 현지에서 책임 관리. 041 522 4958 인천 검단신도시 수익형 원룸＝대지 297㎡，연면적 496㎡，원 · 투룸 18실 규모 건물.융자 4억원，보증금 2억5000만원，실투자금 3억원에 월 임대수익 580만원.인천지하철 개통，중앙대 제3캠퍼스 설립 예정.현지에서 책임 관리.노후 대비 수익용으로 적합.급매.9억5000만원. 032 569 6402 인천 부평 투자수익용 빌딩＝전철역 도보 5분 거리 준주거지역 대지 403㎡，연면적 1252㎡의 6층 건물.원룸 19실，스리룸 10실을 보증금 8억원，월 300만원에 임대 중.융자 2억원 승계시 실투자금 7억7000만원.주변에 먹자골목과 공원이 있고 재개발지역 인근이다. 급매.17억7000만원.010 9469 9223 충남 천안시 신부동 신축 원룸＝천안나들목과 고속버스터미널 도보 10분 거리 신부동 843 대지 376㎡，연면적 654㎡，원 · 투룸 18실 규모로 신축 중인 4층 다가구주택.융자 3억원，보증금 4억4000만원，실투자금 4억9000만원에 월 임대수익 589만원.연 수익률 11.3%.시공사 직거래.12억3000만원.010 4002 0489 경기 구리시 돌다리사거리 임대수익용 상가＝구리전철역 도보 5분 거리 돌다리사거리 구리종합시장 내 지하 1층 지상 3층 쇼핑몰 건물의 지하 1층 전체 788㎡ 대지면적 366㎡ .주차 50대.보증금 1억원，월 1450만원에 임대 중.연 수익률 9%.지하층으로 직접 이어지는 통로도 갖췄다.,https://news.naver.com/main/read.nhn?mode=LSD&mid=shm&sid1=260&oid=015&aid=0002477719,284
260912,2011.06.12. 오후 6:31,부동산,한국경제,서울 아파트 값 10주 연속 하락…강동구 많이 떨어져,서울 지역 아파트 매매가가 10주 연속 떨어졌다. 12일 부동산 정보업체인 부동산114에 따르면 지난주 서울의 아파트 매매가는 0.02% 하락했다. 자치구별로는 강동구 0.14% 금천구 0.04% 강서구 0.03% 양천구 0.03% 강남구 0.02% 노원구 0.02% 송파구 0.02% 순으로 약세를 보였다. 둔촌주공，고덕주공 등 강동구에 있는 재건축 아파트가 매매가격 하락을 주도했다. 분당 일산 등 1기 신도시는 매수 문의가 실종된 가운데 중동 신도시만 0.02% 하락했고 나머지 지역은 주춤세를 보였다. 수도권도 3주 연속 하락했다. 과천의 경우 5차보금자리주택지구 과천지식정보타운지구 지정 등의 영향을 받아 전주에 비해 0.13% 떨어졌다. 서울 지역 전세시장은 강남구 일대 전세수요가 늘면서 미미하지만 상승세를 타고 있다. 강남구의 전셋값 상승률이 0.17%로 지난주보다 0.06%포인트 더 올라 상승폭이 가장 컸다. 수도권은 산업 단지 주변 등 경기 남부권을 중심으로 전세수요가 늘어났다. 과천 0.09% 광명 0.05% 수원 0.04% 안양 0.04% 고양 0.03% 구리 0.03% 등이 상승했다.,https://news.naver.com/main/read.nhn?mode=LSD&mid=shm&sid1=260&oid=015&aid=0002477718,284
260913,2011.06.12. 오후 6:31,부동산,한국경제,공동입찰·여성용 경매·리모델링…경매 틈새시장 노려라,공동입찰 마음 맞는 사람들 함께 매입…비용 부담 줄일 수 있어 매력 여성용 경매 골치아픈 세입차 明渡 해결…여성들이 주로 입찰 인기 리모델링 낙찰 받은 후 용도 바꿔…부동산 가치 올려 최근 입찰 참여자가 줄어들고 경쟁률이 다소 낮아지는 등 조정을 받고 있는 부동산 경매시장에서도 여전히 짭짤한 수익을 올리는 틈새시장이 있다. △하나의 경매물건에 두 명 이상이 참여하는 공동 입찰 △낙찰받은 물건을 수익형 상품으로 고쳐 활용하는 경매 후 리모델링 △세입자에게 전세금을 물어주지 않으면서 여성들이 주로 입찰한다고 해서 이름 붙여진 여성용 경매 등이 대표적이다. 세 방법 모두 경매 관련 비용이나 위험 부담을 줄일 수 있다는 게 공통점이다. 황지현 방철환법률사무소 경매실장은 부지런히 현장을 찾고 많은 사람의 조언을 구하는 것이 경매 성공의 제1 원칙 이라며 경매 틈새시장 접근 여부도 발품을 얼마나 파느냐에 따라 좌우된다 고 설명했다. 상호신뢰로 출발하는 공동입찰 A씨는 지난해 4월 상공인 모임에서 자신의 경매 성공 경험담을 들려줬다. 그의 얘기를 들은 회원 2명이 공동투자를 제안했고 공동으로 경매에 입찰키로 결정했다. 이들 3명이 찾아낸 물건은 충남 태안군에 있는 6층짜리 호텔이었다. 감정가는 36억원에 1회 유찰로 경매는 25억원에 시작됐다. 입찰 보증금 경매시작가의 10% · 2억5000만원 을 마련해 경매 장소를 찾았다. 법원에 비치된 공동입찰신고서 와 공동입찰자목록 을 먼저 작성했다. 공동입찰 때는 입찰표에 각자의 지분을 표시하고 각자가 목록에 간인을 찍어야 한다. 이들은 지분을 3분의 1로 나눠 등기에 표시했다. 법원이 소유주의 경매 취하를 받아들여 27억원에 낙찰받은 물건을 확보하지는 못했지만 이들은 당시의 공동입찰 경험을 살려 다른 경매에서 수익을 올리고 있다. 공동입찰의 매력은 무엇보다 비용 부담을 줄일 수 있다는 점이다. A씨 사례에서 보듯이 혼자서는 감당하기 어려운 입찰비용을 3명이 나눠 경매에 참가할 수 있다. 부동산 가치판단，호텔경영，금융조달 등 각자 전문분야에서 식견을 갖춘 것도 공동입찰에서 시너지 효과를 얻을 수 있었다. 전문가들은 그러나 공동입찰도 10명 이상이 참여하면 성공 확률이 낮다고 조언한다. 각자 의견이 엇갈려 배가 산으로 갈 수 있다는 이유에서다. 소수가 참여하는 공동입찰의 경우도 지분에 대한 표시를 명확히 해야 나중에 분쟁의 소지가 적다. 예를 들어 부부가 공동입찰에 참여하더라도 각각 2분의 1이라고 입찰표에 지분을 적어내고 간인도 찍어야 한다. 공동지분과 공동투자는 혼동하지 말아야 한다. 사모펀드처럼 돈만 대고 입찰표에는 대표 1 2명만 지분 표시를 하면 다툼의 소지가 다분하다. 경매입찰 전부터 지분이 구분되도록 표시해두는 게 법원의 공동입찰 취지이기도 하다. 세입자 명도 해결되는 여성용 경매 경매투자에서 가장 큰 골칫거리 중 하나가 세입자 명도 문제다. 세입자가 살고 있는 집이나 가게가 경매로 넘어가는 경우 배당금이 전세 보증금에 모자라 집이나 가게를 비우지 않고 버티는 경우가 흔한 까닭이다. 명도 문제를 해결하지 못하면 낙찰받은 부동산을 제대로 활용할 수 없어 기회비용에 손실까지 생긴다. 더욱이 대항력 있는 가장 假裝 임차인 으로 위장한 악성 세입자 때문에 입찰을 포기하거나 낙찰받은 뒤에도 애를 먹는 사례가 종종 생긴다. 명도할 필요가 없는 경매물건도 있다. 여성 자영업자인 B씨는 세입자가 전세보증금을 모두 법원에서 배당받는 물건만 입찰하는 전형적인 투자자다. B씨는 지난해 12월 경기 양주시에서 나온 66㎡형 아파트를 눈여겨 봤다. 감정가 1억원에 2회 유찰돼 6400만원에 경매가 시작된 물건이다. 2002년 12월에 최초 근저당권 8000만원이 설정돼 있었고 임차보증금 3000만원을 신고한 세입자의 전입신고 일자와 확정일자는 2002년 8월4일이었다. 최초 근저당권보다 모두 앞서 있었다. 임차인은 2010년 3월10일까지 배당을 신청하라고 요구한 법원의 기한 종기일 에 맞춰 3월5일에 배당을 신청해 놓은 상태였다. 이런 물건은 그날로 명도가 끝난다고 봐도 무방하다. B씨는 7700만원에 낙찰받아 한 달 뒤 잔금을 치렀고 법원에서 전액 배당을 받은 세입자와는 전세 재계약을 맺었다. 가장 골치아픈 명도 문제가 한꺼번에 깔끔하게 마무리된 경우다. 낙찰 후 용도를 바꾸는 리모델링 경매 투자자 C씨는 경매로 낙찰받은 후 용도를 바꾸는 리모델링을 통해 부동산 가치를 올리는 방법을 선호한다. 그는 지난해 초 서울 마포의 지하철역 근처에 있는 경매물건인 근린상가를 감정가의 절반 수준인 14억여원에 낙찰받았다. 지하 1층 지상 4층에 연면적 781㎡로 등기부 용도상 근린상가지만 층마다 원룸 12실 총 60실 을 갖춘 건물이었다. C씨는 가구 수 변경 없이 방 면적을 일부 조정하고 내부에 빌트인 가구와 가전제품을 바꾸는 리모델링 공사를 했다. 전기용량을 올리고 온수보일러도 추가했다. 리모델링 비용에 건물 유치권자 해결비용 등으로 5억여원이 들었지만 임대보증금 15억여원에 월세로 모두 1200여만원을 받고 있다. 임대수익을 겨냥한 리모델링을 목표로 한다면 우선 역세권 경매물건을 눈여겨봐야 한다. 환승역 주변이라면 금상첨화라는 게 전문가들의 조언이다. 공장 밀집지역이나 대학가 유흥가 등도 1 2인 가구의 임대 수요가 많은 편이다. 경매교육업체인 한국부동산칼리지 김진현 원장은 연 수익률 7% 선을 기대할 수 있는 물건을 낙찰받았다면 투자자가 직접 공사를 챙기면서 가급적 신속하게 리모델링 공사를 끝내는 게 추가 비용 등 위험 부담을 줄일 수 있는 투자 포인트 라고 설명했다.,https://news.naver.com/main/read.nhn?mode=LSD&mid=shm&sid1=260&oid=015&aid=0002477715,284
260914,2011.06.12. 오후 6:31,부동산,한국경제,한경 베스트공인 우리동네 리포트 경기 광주·용인 일대 전원주택 관심 높아져,자동차전용도로 개통 효과 아파트 시장의 침체가 계속되고 있는 가운데 수도권 동남부지역인 경기 광주 용인 일대 전원주택에 대한 관심이 높아지고 있다. 자동차 전용도로인 성남 장호원 간 도로가 올해 성남 태전 구간 내년에 광주지역 모든 구간이 개통되면 3번 국도의 교통정체가 해소될 전망이기 때문이다. 성남 장호원 간 자동차전용도로와 함께 영동고속도로 일부 구간까지 확장돼 광주는 물론 용인 양지면까지 교통여건이 좋아지는 만큼 광주 · 용인권 전원주택이 주목받을 가능성이 크다. 땅은 무엇보다 입지가 가치를 결정한다. 광주에서 오포읍 신현리 능평리 일대의 아파트나 연립주택 전원주택이 상대적으로 비싼 것도 이런 이유에서다. 분당신도시와 경계를 맞대고 있는 데다 구릉지여서 쾌적한 자연환경까지 갖춰 생활여건이 편리한 전원주택단지가 어느 곳보다 많다. 최근 강남300골프장과 가까운 드림힐스나 명문세가 주변이 고급 주거단지로 부상 중이다. 대지면적 660 825㎡로 분할된 300여필지의 대단지다. 신현리와 능평리에도 2000필지 이상의 전원주택이나 택지가 조성돼 있다. 광주 중심부인 초월읍에는 지월 · 용수 · 쌍동리 등에 1000가구 안팎 실촌읍 연곡 · 장심 · 삼합리 등에 500여가구의 전원주택단지가 들어서 있다. 퇴촌면도 빼놓을 수 없는 곳이다. 천진암 주변인 우산리와 관음리는 물론 팔당호 주변 등에 1000가구가 넘는 전원주택이 즐비하다. 용인에서는 신봉동 동천동 고기동 하갈동에 전원주택이 집중돼 있다. 땅값은 3.3㎡당 300만 500만원 주택은 대부분 10억원 이상을 호가한다. 처인구 쪽에도 잘 조성된 단지들이 많다. 은화삼골프장 내 샤인빌리지 양지면 제일리 루아르벨리 양지면 평창리 발트하우스 포곡읍 영문리 미르마을 등이 대표적이다. 양지면 대대리 한터전원마을은 청정지역으로 인기가 높다.,https://news.naver.com/main/read.nhn?mode=LSD&mid=shm&sid1=260&oid=015&aid=0002477714,284
260915,2011.06.12. 오후 5:48,부동산,서울경제,LH 中에 한국형 신도시 수출한다,광시성 친저우시에… 21일 사업설명회 한국토지주택공사 LH 가 해외건설협회와 손잡고 중국 광시성 친저우시에 한국형 신도시 수출을 추진한다. 12일 LH에 따르면 LH는 오는 21일 해외건설협회와 공동으로 한중 협력 중국신도시 사업설명회 를 개최하고 신도시 수출 사업을 가시화한다. 이번 설명회는 LH가 추진해온 중국 광시성 친저우시 한국형 신도시 사업에 참여할 국내 건설업체 및 투자자를 모집하기 위한 것이다. 중국 광시성 친저우시는 중국 최남단에 위치한 항구도시로 중국 지방도시 가운데 한국 자본 유치에 가장 열정적인 곳으로 꼽힌다. 홍콩ㆍ마카오ㆍ하이난 등 한국인들에게 익숙한 관광지와도 멀지 않은 곳에 자리했으며 중국의 대동남아 무역의 핵심 거점으로 꼽히는 곳이다. LH는 국내 신도시 개발 사업 경험을 살려 신도시 개발 및 사업관리 PM 를 맡고 국내 투자자 및 건설사들이 중국업체와 컨소시엄을 구성해 공사를 담당하는 구조로 사업을 추진할 예정이다. LH의 한 관계자는 LH의 재무여건상 자금투자 여력은 없는 만큼 전체 사업 틀을 짜고 국내 건설업체들이 안정적으로 사업을 추진할 수 있도록 돕는 역할을 맡게 될 것 이라고 말했다. 특히 이번 설명회에서는 중국 친저우시 관계자들이 직접 방한해 한국 건설업체들에 투자 유치를 하는 시간도 마련된다. LH는 설명회 이후 사업 참여에 적극적인 반응을 보이는 기업들과 함께 현지 답사를 추진하고 있으며 해외건설협회에는 중국 진출과 관련한 용역도 발주해놓은 상태다. 해외건설협회 관계자는 현재 현지 시장 조사를 위해 직원이 파견 나가 있는 상태 라며 현지 제도 등을 고려해 어떤 식으로 사업이 추진되는 것이 좋은지 하반기에 구체적인 결과가 나오게 될 것 이라고 말했다.,https://news.naver.com/main/read.nhn?mode=LSD&mid=shm&sid1=260&oid=011&aid=0002159312,284
260916,2011.06.12. 오후 5:26,부동산,매일경제,MK닷컴 부동산매물 분당 판교 은행상가 1층 20억원,◇하남 하산곡동 투자용 나대지＝중앙대 예정용지와 경찰서 신청사에 인접한 대지 1805㎡가 35억원이다. 사옥 및 물류창고로 즉시 건축 가능하며 하남IC 5분거리다. 031 383 4002 ◇서초동 역세권 빌딩＝대지 720㎡ 연면적 2010㎡인 지상 5층 사옥용 건물이 104억원이다. 융자 30억원이 있고 보증금 5억2000만원 월 4120만원이며 명도 가능하다. 02 585 8508 ◇논현동 대로변 수익형 빌딩＝대로변 코너에 위치한 대지 455㎡ 연면적 1400㎡인 6층 상가건물이 98억원이다. 보증금 7억원 월 5000만원에 임대 완료됐다. 02 565 8335 ◇시흥 정왕동 다가구 주택＝정왕역세권에 위치한 대지 261㎡ 연면적 645㎡인 5층 건물이 16억원이다. 융자 6억5000만원이 있고 보증금 8000만원 월 1010만원에 현재 만실이다. 031 433 6464 ◇서초동 한의원 상가＝신논현역 앞에 위치한 건물 중 3층 190㎡ 점포가 10억5000만원이다. 보증금 9000만원 월 570만원에 임대 중이며 투자 및 임대수익용으로 적합하다. 02 552 1555 ◇역삼동 사옥ㆍ임대수익용 빌딩＝역세권 대로변에 위치한 대지 1700㎡ 연면적 8250㎡인 13층 건물이 400억원이다. 보증금 20억원 월 2억원에 전층 임대 중이며 클리닉 평생교육원 등이 적합하다. 02 501 4991 ◇서초동 신축 용지＝전철역 3분 거리 광대로변에 위치한 나대지 545㎡가 3.3㎡당 5800만원 총 95억원이다. 즉시 건축할 수 있다. 02 597 7877 ◇천안 두정동 신축 원룸＝두정역 걸어서 5분 거리에 있는 대지 396㎡ 연면적 759㎡인 풀옵션 주택이 13억8000만원이다. 융자 5억원이 있고 보증금 4억 6000만원 월 625만원이다. 041 564 9911 ◇분당 판교 은행상가＝아파트 밀집지역 내 대로변 코너에 위치한 8층 건물 중 1층 110㎡인 점포가 20억원이다. 보증금 7억8000만원 월 670만원에 임대 중이다. 031 716 9898 ◇논현동 사옥ㆍ전시용 빌딩＝강남역세권 2차로와 8ｍ 도로 코너에 위치한 대지 1350㎡ 연면적 3310㎡인 건물이 300억원이다. 보증금 7억3000만원 월 6000만원에 임대 중이다. 02 3445 6696 ◇삼성동 투자용 토지＝개통예정인 9호선 코엑스역에서 1분 거리에 있는 3종 일반주거지역 대지 415㎡가 95억원이다. 한국전력 인근이며 업무용 또는 사옥용으로 적합하다. 02 514 1240 ◇대치동 상가빌딩＝역세권에 위치한 대지 385㎡ 연면적 950㎡인 6층 건물이 52억원이다. 보증금 4억5000만원 월 2100만원에 전층 임대 중이며 임대수익용으로 적합하다. 02 501 1811 ◇안성 일죽면 물류ㆍ공장 용지＝일죽IC에서 5분 거리 2차로 도로변에 접한 토지 5만4424㎡가 74억원이다. 지구단위계획 결정으로 즉시 건축 가능하며 투자 및 다용도로 적합하다. 02 574 0334 ◇부천 중동 역세권 빌딩＝대로변에 위치한 대지 450㎡ 연면적 1080㎡인 신축 건물이 40억원이다. 보증금 4억원 월 1890만원에 전층 병원 약국으로 임대됐다. 02 545 0937 ◇청담동 근생건물＝전철역 도보 5분 거리 이면도로에 위치한 대지 220㎡ 연면적 626㎡인 6층 코너건물이 34억원이다. 보증금 1억5000만원 월 1300만원이다. 02 511 7066 ◇여주 교리 토지＝신도시 역세권 및 행정타운에 위치한 토지 600㎡가 4억원이다. 중ㆍ고ㆍ대학교가 인근에 있으며 35ｍㆍ25ｍ 도로가 교차하는 로터리 지점으로 상업예정지다. 031 883 4443 ◇수원 권선동 코너빌딩＝8차로와 4차로에 접한 대지 495㎡ 연면적 1005㎡인 3층 코너건물이 21억원이다. 보증금 1억2500만원 월 878만원이다. 031 613 3200 ◇서초동 수익형 빌딩＝중심상권에 위치한 대지 570㎡ 연면적 2152㎡인 7층 건물이 69억원이다. 보증금 5억원 월 3800만원에 임대 중이다. 02 512 7257 ◇논현동 투자용 빌딩＝전철역에서 걸어서 2분 거리에 있는 대지 661㎡ 연면적 999㎡인 2층 건물이 90억원이다. 보증금 5억원 월 2500만원에 임대 중이며 신축용으로 적합하다. 02 518 8809 r start 화보 손연재 체조갈라쇼 과감한 몸짓 연기 남해안벨트 日기업 생산기지로 대기업에 억대 아이디어 파는 女 CEO 북한 미모의 女승무원 화제 지하철 김밥소녀 이아인사랑 CEO로 데뷔 정형돈 너를 위해 열창 후 임재범에 시건방 보고 있나 아이유가 섹시 댄스를 끈적한 웨이브 r end ⓒ 매일경제 mk.co.kr 무단전재 및 재배포 금지 MBA도 모바일로 공부한다.,https://news.naver.com/main/read.nhn?mode=LSD&mid=shm&sid1=260&oid=009&aid=0002482822,284
260917,2011.06.12. 오후 5:26,부동산,매일경제,부산·교하 등 지방에서 이번주 대단지 분양,이번주에는 롯데건설 현대산업개발 대림산업 등 브랜드 아파트들이 대단지 분양에 나선다. 15일에는 롯데건설이 파주시 교하신도시 A14블록에 1880가구에 이르는 교하 롯데캐슬을 공급한다. 공급면적 83 159㎡로 구성돼 있다. 같은 날 안양시 호계동에서 금호어울림이 총 136가구 중 조합원 물량을 제외한 40가구 전용 59 84㎡형을 일반에 공급한다. 부산에서도 신규 분양이 나온다. 16일 동래구 명륜동에 공급하는 부산명륜 아이파크 1409가구는 공급면적 90 191㎡로 상대적으로 중대형 평형이 많은 편이다. 명륜3구역을 재개발한 단지로 조합원 물량을 제외한 1041가구가 일반에 선보인다. 같은 날 대림산업은 천안시 두정동에서 천안두정 2차 e편한세상 96 110㎡ 848가구를 분양한다. 김제림 기자 r start 화보 손연재 체조갈라쇼 과감한 몸짓 연기 남해안벨트 日기업 생산기지로 대기업에 억대 아이디어 파는 女 CEO 북한 미모의 女승무원 화제 지하철 김밥소녀 이아인사랑 CEO로 데뷔 정형돈 너를 위해 열창 후 임재범에 시건방 보고 있나 아이유가 섹시 댄스를 끈적한 웨이브 r end ⓒ 매일경제 mk.co.kr 무단전재 및 재배포 금지 MBA도 모바일로 공부한다.,https://news.naver.com/main/read.nhn?mode=LSD&mid=shm&sid1=260&oid=009&aid=0002482821,284
260918,2011.06.12. 오후 5:26,부동산,매일경제,수도권 분양시장 무순위 청약이 대세,서울 강서구에 사는 김 모씨는 최근 청약을 실시한 강서힐스테이트 견본주택을 방문했다가 대기고객 예약자 명단에 이름만 올려놓고 돌아왔다. 청약통장을 보유하고 있는 김씨는 순위권 청약을 염두에 두고 있었지만 중대형은 미달될 가능성이 높다는 생각이 들자 굳이 청약통장을 쓰지 않아도 되겠다고 판단했다. 김씨의 예상대로 순위권 청약에서 중대형은 미달됐고 김씨는 원하는 동ㆍ호수를 골라 계약할 수 있게 됐다. 김씨와 같은 실속파 수요자가 늘면서 수도권 분양시장에서는 청약통장이 필요없는 무순위 4순위 청약이 주목받고 있다. 무순위 청약은 청약통장을 사용하지 않아도 되고 당첨 후 계약을 하지 않아도 재당첨 금지 조항에 적용되지 않기 때문에 부담이 작다. 지난 1 3일 순위권 청약을 마친 강서힐스테이트 는 미달됐던 중대형에 대해 대기고객예약제 를 실시하고 있는데 대기고객이 원하는 면적과 타입 동과 호수를 미리 지정할 수 있다. 지정 동ㆍ호수가 중복되거나 대기고객 경쟁률이 높을 경우 추첨을 통해 당첨자를 가린다. 현대건설 관계자는 중대형으로 갈아타려는 고객들이 대기자로 이름을 올려 현재 650여 명이 접수했다 고 전했다. 삼성건설이 수원시 영통구 신동에서 지난달 분양한 래미안 영통 마크원 역시 무순위 청약에 공을 들이고 있다. 이 단지는 9 11일 무순위 청약 접수를 일괄적으로 받은 후 12일 추첨을 통해 당첨자를 선정할 계획이다. 한국토지공사 LH 가 지난 1일 실시한 오산세교 B 1블록 무순위 공급에서도 566가구 모집에 1115명이 몰렸다. 현대산업개발이 용인시 성복지구에서 분양 중인 용인 성복 아이파크 는 지난해 말 1 3순위 청약에는 351가구 모집에 41명만 접수해 0.11대1의 저조한 청약경쟁률을 기록했지만 무순위 청약 접수에 400명이 몰렸다. 결국 추첨을 통해 150명이 동ㆍ호수 지정을 받았다. 성남 도촌 휴먼시아 의왕 내손 e편한세상 등도 무순위 청약을 진행할 계획이다. 이은아 기자 r start 화보 손연재 체조갈라쇼 과감한 몸짓 연기 남해안벨트 日기업 생산기지로 대기업에 억대 아이디어 파는 女 CEO 북한 미모의 女승무원 화제 지하철 김밥소녀 이아인사랑 CEO로 데뷔 정형돈 너를 위해 열창 후 임재범에 시건방 보고 있나 아이유가 섹시 댄스를 끈적한 웨이브 r end ⓒ 매일경제 mk.co.kr 무단전재 및 재배포 금지 MBA도 모바일로 공부한다.,https://news.naver.com/main/read.nhn?mode=LSD&mid=shm&sid1=260&oid=009&aid=0002482819,284
260919,2011.06.12. 오후 5:26,부동산,매일경제,한국 비싸고 널찍한 전원형보다 교통좋고 아담한 도심형 늘려야,일본 도쿄 도심에 있는 실버주택은 은퇴 후 노인들의 우울증을 방지하기 위해 자연 채광이 가능하도록 창문을 크게 달아 밝고 화사한 실내 분위기를 연출한다. 우리나라도 고령화가 급격하게 진행되면서 실버주택 공급 확대 필요성이 커지고 있다. 노인복지법 32조에 따르면 실버주택 노인복지주택 은 주거편의와 생활지도ㆍ상담ㆍ안전관리 등 일상 생활에 필요한 편의시설을 갖추도록 하고 있다. 체력단련실 의료ㆍ간호시설이 있어야 하고 문턱 제거 손잡이 시설 바닥 미끄럼 방지 등 노인들이 활동하기에 필요한 시설이 설치돼야 한다. 대신 자연녹지 내에 건축이 허용되고 취득세 50% 감면 전기 사용료 20% 할인 주차장 기준 완화 분양가상한제 적용 제외 등 혜택이 따른다. 정책적인 기반은 어느 정도 갖춰진 셈이다. 하지만 공급주택 대부분 임대료가 높거나 노인 요양원 수준에 그치고 있어 문제다. 실제로 서울 도심에 전용 185 195㎡ 크기의 실버주택이 임대보증금만 최고 16억원으로 나와 위화감을 조성한다는 비판을 받기도 했다. 전원형으로 도심과 멀리 떨어진 곳에 들어서는 경우도 많은데 이 역시 수요를 제대로 읽지 못한다. 고령자들이 전원생활보다는 병원이 가깝고 교통이 편리한 도심 거주를 선호하는 경우가 많기 때문이다. SH공사가 공급하는 노인 맞춤형 시프트 장기전세주택 역시 이 같은 문제를 안고 있다. 노인형 시프트는 만 65세 이상 무주택자인 노년층이면 누구나 청약 가능하지만 대개 도심에서 벗어난 지역에 지어지는 경우가 많다. SH공사는 지난해 상암ㆍ세곡ㆍ강일지구 등지에서 전용 59㎡ 시프트를 500가구가량 공급했다. 교통 인프라스트럭처 가 채 깔리지 않은 상황이라 고령자 입주민들은 이동에 불편함을 겪는다. 일본과 싱가포르에서는 대부분 교통이 편리한 지하철 역세권에 실버주택이 지어진다. 고종완 RE멤버스 대표는 노인층은 다른 연령층과 어울려 살 수 있는 도심주택을 선호하는데 지금까지 노인복지주택은 값비싼 전원형 주택 위주였다 며 도심에서 입주비 부담을 크게 낮춘 소형 실버주택이 인기를 끌 것 으로 전망했다. 베이비붐 세대가 자녀 사교육비 등록금 문제로 은퇴 후 노후자금을 충분히 마련하지 못한 탓에 상대적으로 자금 부담이 작은 소형 실버주택 수요가 급증할 것이라는 분석이다. 노인 주거복지 실현을 위한 민관 공조도 절실하다. 일본이 실버주택 공급을 성공적으로 진행하는 바탕에는 민관 협력이 깔려 있다. 일본의 실버주택 공급ㆍ관리 중심에는 고령자 주택정보센터가 있다. 비영리 사단법인으로 수요자가 원하는 가격대 규모 서비스 등을 갖춘 실버주택을 찾아 중개해 주는 일을 한다. 국토교통성 후생노동청과 공조해 실버주택 건립부터 준공 관리에 이르기까지 전 과정을 감독하고 조언한다. 국토교통성은 매년 325억엔의 예산을 실버주택 공급을 위해 사용한다. 사업자들은 정부로부터 건립비용을 지원받을 뿐 아니라 소득세ㆍ법인세 감면 취득세 경감 등 혜택을 받는다. 기업들은 실버주택 공급을 일종의 사회환원으로 여기기도 한다. 일본 실버주택 그레이프스 관계자는 실버주택은 상대적으로 고수익이 나는 분야는 아니다 며 하지만 일본사회의 고령화 문제를 해결하기 위해 노인용 주택 공급이 늘어야 한다는 회사 방침에 따라 사업을 운영하고 있다 고 전했다. 이명진 기자 김제림 기자 r start 화보 손연재 체조갈라쇼 과감한 몸짓 연기 남해안벨트 日기업 생산기지로 대기업에 억대 아이디어 파는 女 CEO 북한 미모의 女승무원 화제 지하철 김밥소녀 이아인사랑 CEO로 데뷔 정형돈 너를 위해 열창 후 임재범에 시건방 보고 있나 아이유가 섹시 댄스를 끈적한 웨이브 r end ⓒ 매일경제 mk.co.kr 무단전재 및 재배포 금지 MBA도 모바일로 공부한다.,https://news.naver.com/main/read.nhn?mode=LSD&mid=shm&sid1=260&oid=009&aid=0002482818,284
260920,2011.06.12. 오후 5:26,부동산,매일경제,싱가포르 실버세대 8000만원이면 45㎡ 아파트로 집걱정 끝,싱가포르 잘란 멤비나 HDB 실버 아파트에 거주하고 있는 라맛 빈 람리 씨 부부. 전용 90㎡ 규모 아파트에 살다가 세 딸 결혼 후 은퇴를 하면서 55세 이상 전용 45㎡ 크기 스튜디오형 아파트로 이사를 했다. 싱가포르 티옹바루 지구에 있는 잘란 멤비나 Jalan Membina 아파트 단지. 우리로 치면 한국토지주택공사 LH 처럼 공공주택을 공급하는 싱가포르 HDB Housing Development Boardㆍ주택개발청 에서 지었다. 지난달 말 기자가 단지에 들어서니 노부부들이 산책을 즐기고 있었다. 보행로 곳곳엔 손잡이가 설치돼 있다. 단지 내에는 55세 이상 노인을 위해 만든 스튜디오형 주택이 대거 조성돼 있다. 말레이시아계 싱가포르인 라맛 빈 람리 씨도 은퇴한 직후인 재작년 아내와 함께 입주했다. 세 딸이 모두 결혼해 굳이 넓은 집에 살 필요가 없다는 판단에서였다. HDB가 공급하는 스튜디오형 아파트는 전용 35ㆍ45㎡ 규모 2개 타입이다. 람리 씨는 거실과 방 하나로 구성된 45㎡형에 산다. 람리 씨 아내 시티 바리아 씨는 집 크기는 절반으로 줄었지만 남편과 둘이 살기엔 문제없다. 종전 집을 정리하면서 노후자금도 마련했다 며 관리비가 저렴하고 쇼핑센터 지하철역과도 가까워 생활하기 편하다 고 말했다. 싱가포르 HDB 스튜디오 주택은 노년층 주거 안정을 위해 저가에 공급된다. 55세 이상 싱가포르 국민이라면 우리 돈으로 8000만원 정도만 내면 30년 가까이 소유할 수 있다. 일반 민간주택 시세와 비교해 20 30% 선이다. 노인복지 차원에서 낮은 가격을 책정했기 때문에 양도나 거래는 불가능하다. 실내를 둘러보니 노년층을 위한 세심한 설계가 돋보인다. 손잡이 미끄러지지 않는 재질의 타일 위급 알람시스템 등 노년층에 특화된 시설이 곳곳에 설치돼 있다. 주방과 거실가구들은 풀옵션으로 제공된다. 정부에서 공급하는 고령자 전용주택이 많다보니 은퇴 후 지인끼리 모여 사는 경우도 많다. 람리 씨 역시 처제 부부가 바로 위층에 거주한다. 가족과 멀리 떨어져 있기 싫어하는 노년층 요구를 반영해 최근에는 한 단지 내에 일반주택과 노인용 스튜디오 주택을 함께 짓는다. 젠느 탄 HDB 미디어부문 부사장은 노인층을 위한 스튜디오 아파트는 월소득 175만원 이하 저소득층을 위한 전용 45㎡ 2룸형 주택과 함께 싱가포르의 대표적 소형주택 이라며 1998년 이후 4000가구 이상 스튜디오 아파트를 공급해 주택보유율을 90%까지 끌어올리는 데 일조했다 고 전했다. 도쿄 도심에 위치한 다이토구 아사쿠사. 전통거리를 그대로 보존ㆍ재현해 일본의 인사동으로 불리는 이곳에 소재한 그레이프스는 민간 실버주택이다. 총 99실 규모로 전용 31.36㎡ 임차료가 한 달에 14만엔이다. 여기에 관리비와 각종 서비스비용을 합치면 총 20만엔 정도 들어간다. 도쿄 도심에 위치한 민간 실버주택 그레이프스 화장실. 노인들을 위한 습기ㆍ곰팡이 제거 특수 설비가 갖춰져 있다. 주택 내부는 노인들을 위한 세심한 배려로 가득했다. 대체로 키가 작은 노인을 위해 부엌이나 수납장 높이가 낮게 설치됐다. 은퇴 후 노인들이 우울증에 시달릴 수 있다는 점을 감안해 자연채광이 가능하도록 창문을 크게 달았고 욕실은 습기 곰팡이 제거를 위한 특수설비가 장치됐다. 만일의 사태에 대비한 시스템도 갖춰져 있다. 수돗물이 흐르는 상태가 20분 이상 지속되면 관리실에서 위급 상황임을 간주해 후속 조치를 취하게 된다. 반대로 물을 전혀 사용하지 않는 경우도 마찬가지 조치를 받게 된다. 그레이프스처럼 도쿄23구 내에 위치한 주택은 전용 30 40㎡ 규모 1LDK 방ㆍ거실ㆍ주방 각각 1개로 구성 월 임대료가 대략 13만 40만엔 선이다. 이보다 적은 원룸 12㎡ 주택은 월 임대료가 7만 8만엔 수준이다. 소득수준이 매우 낮은 노인들은 본인 임대 부담이 크지 않은 실버하우징을 이용한다. 일부 노인주택은 단순한 거주공간 이상의 기능을 제공한다. 후루에 이쿠코 도쿄 고령자 주택정보센터 부실장은 커뮤니티 형성뿐 아니라 재취업을 위한 직업교육까지 지원할 정도로 단순한 거주지 이상의 역할을 하고 있다 고 전했다. 일본도 실버주택 고령자주택 건립ㆍ보급에 많은 관심을 기울이고 있다. 급격한 고령화 때문이다. 일본이 고령화사회 65세 이상 노인인구가 전체의 7% 에 입문한 것은 1970년 중반. 이후 1994년에 고령사회 노인인구 비중 14% 2005년에 초고령사회 노인인구 비중 20% 로 각각 접어들었다. 일본 정부가 최근 발표한 2011 고령사회백서 에 따르면 지난해 10월 현재 총인구 1억2806명 가운데 65세 이상 고령자가 2958만명에 달한다. 10명 중 2 3명은 고령자라는 얘기다. 사실 일본 정부가 실버주택 공급에 발 벗고 나선 지는 그리 오래되지 않았다. 일본은 과거 노진호무 노인홈 라 불리는 요양주택과 고가주택을 양대 축으로 실버주택을 공급했다. 하지만 2005년 일본 사회가 초고령화 사회에 진입한 데다 황혼이혼 등이 사회이슈화하면서 실버주택도 다양화ㆍ세분화됐다. 일본의 실버주택은 용도별로 다양하게 나뉜다. 먼저 정부가 공급하는 공공주택인 실버하우징이 있다. 지자체가 건물을 매입해 실버주택으로 꾸며 임대 공급하는 방식이다. 임대료가 민간에 비해 50% 이상 저렴하다. 다음으로 고령자 우량 임대주택과 유료 노인홈이 있다. 민간에서 주로 공급하는 것으로 임대료는 비싸지만 각종 서비스ㆍ혜택이 좋다. 이 밖에 취약계층을 위한 지정특정시설 몸이 불편한 저소득층 노인을 위한 케어하우스 치매환자를 주 대상으로 한 치매성 고령자 그룹홈 등이 있다. 홀로 혹은 부부가 사는 1 2인 가구 형태라 다수가 전용 40㎡ 이하 소형주택으로 공급된다. 도쿄 이명진 기자 싱가포르 김제림 기자 r start 화보 손연재 체조갈라쇼 과감한 몸짓 연기 남해안벨트 日기업 생산기지로 대기업에 억대 아이디어 파는 女 CEO 북한 미모의 女승무원 화제 지하철 김밥소녀 이아인사랑 CEO로 데뷔 정형돈 너를 위해 열창 후 임재범에 시건방 보고 있나 아이유가 섹시 댄스를 끈적한 웨이브 r end ⓒ 매일경제 mk.co.kr 무단전재 및 재배포 금지 MBA도 모바일로 공부한다.,https://news.naver.com/main/read.nhn?mode=LSD&mid=shm&sid1=260&oid=009&aid=0002482817,284
260921,2011.06.12. 오후 5:26,부동산,매일경제,톡톡 부동산 초소형 아파트경매시장 최고인기,지난 7일 성남지방법원에 경매로 나온 분당 서현동 한양아파트 전용 29㎡ 입찰에 무려 30명이 몰려들었다. 결국 이 초소형 아파트는 감정가의 98.7%에 이르는 1억6700만원에 낙찰됐다. 주택 경기 침체가 심화되는 상황 속에서도 초소형 아파트는 경매에서 큰 인기를 얻고 있다. 게다가 수익형 부동산 열풍 속에서 전용 50㎡ 이하의 초소형 아파트들은 안정적 임대수익을 받을 수 있는 상품으로 각광을 받는다. 지난달 18일 논현동 마일스디오빌 전용 36㎡는 15대1의 경쟁률을 기록하며 2억7300만원에 낙찰됐다. 감정가보다 3300만원 비싼 가격이었지만 강남권에 희소한 초소형 아파트라는 점이 입찰자들의 관심을 모았다. 초소형 아파트는 매매가격 대비 전세가격 비율이 높아 적은 자기자본으로도 투자가 가능하다. 김제림 기자 r start 화보 손연재 체조갈라쇼 과감한 몸짓 연기 남해안벨트 日기업 생산기지로 대기업에 억대 아이디어 파는 女 CEO 북한 미모의 女승무원 화제 지하철 김밥소녀 이아인사랑 CEO로 데뷔 정형돈 너를 위해 열창 후 임재범에 시건방 보고 있나 아이유가 섹시 댄스를 끈적한 웨이브 r end ⓒ 매일경제 mk.co.kr 무단전재 및 재배포 금지 MBA도 모바일로 공부한다.,https://news.naver.com/main/read.nhn?mode=LSD&mid=shm&sid1=260&oid=009&aid=0002482816,284
260922,2011.06.12. 오후 5:25,부동산,매일경제,장충동·체부동 등 고급주택가 늘어날듯,고도지구 자연경관지구 등 높이 제한을 두는 지역에 대해 지자체장이 주택규모 비율을 자율적으로 정할 수 있도록 완화키로 하면서 이에 따른 수혜 지구에 관심이 쏠린다. 국토해양부와 수도권 각 지자체는 지난 9일 정책협의회를 하고 높이 제한을 받는 곳에서 5층 이하로 주택정비사업을 추진할 경우 주택규모별 비율을 시ㆍ도지사가 조례로 정하도록 합의했다. 현재 주택정비사업을 할 경우 재개발 지구엔 전용면적 85㎡ 이하를 80% 재건축 지구엔 60% 각각 의무적으로 짓도록 돼 있다. 자연경관지구는 3층 12ｍ 이하로 고도지구는 3 7층 최고 28ｍ 이하로 높이 제한을 두고 있다. 높이 제한을 받으니 사업성이 크게 떨어진다는 불만이 제기돼 왔다. 이번에 규제를 완화하면서 필요에 따라 주택형을 전부 대형 혹은 소형 평형으로 지을 수 있게 됐다. 다만 용적률과 건폐율은 바뀌지 않아 전체적인 건물 규모는 변하지 않고 높이 제한을 받는 지역이 대부분 수려한 주변 경관을 지닌 점 등을 감안할 때 대형 평형 위주의 고급주택가로 지어질 가능성이 높을 것으로 관측된다. 현재 서울 시내에는 수유 성북동 등에 19개 경관지구 12.4㎢ 남산과 북한산 주변으로는 10개의 고도지구 89.6㎢가 각각 있다. 이 중 북한산에 인접해 상당 부분 자연경관지구로 묶여 있는 성북 재개발 구역 가치가 오를 것으로 전망된다. 성북구 성북동 성북1 4구역은 현재 노후주택지로 재개발을 추진 중이다. 성북동 고급주택가와 인접해 이 중 4구역이 대형 평형 위주 고급주택가로 조성될 가능성이 높다. 2구역은 서울시가 한옥마을 조성을 추진하고 있어 한옥과 고급주택가가 어우러진 주거지로 탈바꿈할 것으로 보인다. 경복궁 사직공원 인왕산 등에 둘러싸인 종로구 체부동 누하동 등도 주목된다. 노후주택 밀집지인 이곳은 주변경관 덕분에 재개발 후 쾌적한 주거지로 변모할 소지가 높다. 남산 주변 중구 신당동 회현동 장충동 용산구 후암동 등도 장기적인 측면에서 혜택을 볼 것으로 예상된다. 다만 최근 부동산경기 악화로 대형 주택 선호도가 많이 떨어졌고 높이 제한이 여전히 살아 있어 용적률을 제대로 활용하기 어렵다는 점 등을 감안할 때 정부 조치에 따른 수혜는 제한적이라는 의견도 제기된다. 전영진 예스하우스 대표는 고도ㆍ경관지구 등으로 묶인 곳 중 재개발 후 쾌적한 주거지로 조성될 소지가 있는 곳들이 많다 며 다만 최근 재개발 사업성 악화로 대형 평형 선호도가 떨어지는 점을 감안할 때 수혜지역은 제한적일 수 있다 고 조언했다. 이명진 기자 r start 화보 손연재 체조갈라쇼 과감한 몸짓 연기 남해안벨트 日기업 생산기지로 대기업에 억대 아이디어 파는 女 CEO 북한 미모의 女승무원 화제 지하철 김밥소녀 이아인사랑 CEO로 데뷔 정형돈 너를 위해 열창 후 임재범에 시건방 보고 있나 아이유가 섹시 댄스를 끈적한 웨이브 r end ⓒ 매일경제 mk.co.kr 무단전재 및 재배포 금지 MBA도 모바일로 공부한다.,https://news.naver.com/main/read.nhn?mode=LSD&mid=shm&sid1=260&oid=009&aid=0002482815,284
260923,2011.06.12. 오후 5:04,부동산,세계일보,7∼8월 수요 확산 전망… 신도시·수도권 0.02% 상승,세계일보 지난주 아파트 전세시장은 전셋값이 오를 것이란 전망 속에 강남 용인 등을 중심으로 전세 문의가 이어졌다. 여름방학이 시작되는 7∼8월에는 수요자들 움직임이 늘 전망이다. 12일 부동산114에 따르면 지난주 아파트 전셋값은 신도시와 수도권이 각각 0.02% 상승했고 서울은 0.03% 올랐다. 지역별로 서울은 강남 0.17% 을 중심으로 강동 0.04% 동대문 0.04% 도봉 0.03% 강북 0.02% 노원 0.02% 서초 0.02% 등이 올랐다. 신도시는 산본 0.09% 일산 0.05% 중동 0.04% 이 올랐고 나머지 지역은 변동이 없었다. 수도권은 과천 0.09% 광명 0.05% 수원 0.04% 이 하락했다. 이희경 기자 Segye.com 인기뉴스 70대父 얼굴 피날 때까지 때린 패륜아들 결국… 구글은 역시 검색왕 … 야한 동영상도 술술 정부 韓여성살인 하고도 살인죄 아냐 日판결에… 북한군 대북전단 발견시 개미부터 찾아… 왜 긱스 제수 결혼전 임신시키고 낙태 강요까지 SBS 런닝맨 스태프가 시민 밀치고 씨XX 성민 박승대와 녹취록 공개… 사과를 모른다 ⓒ 세계일보 Segye.com 무단 전재 및 재배포 금지 금융전문뉴스 세계파이낸스 모바일로 만나는 세계닷컴 세계닷컴은 한국온라인신문협회 www.kona.or.kr 의 디지털뉴스이용규칙에 따른 저작권을 행사합니다.,https://news.naver.com/main/read.nhn?mode=LSD&mid=shm&sid1=260&oid=022&aid=0002274027,284
260924,2011.06.12. 오후 5:03,부동산,세계일보,저가 급매물만 ‘입질’… 서울 강동 0.14% 큰폭 하락,세계일보 지난주 아파트 매매시장은 거래 부진이 지속됐다. 여름방학과 가을 이사철 이후 가격이 상승할 것이라는 기대감을 갖고 있는 매물 보유자들이 가격을 내리지 않고 매수자들은 저가 급매물만 찾고 있어 거래가 성사되지 않고 있다. 서울 아파트 3.3㎡당 매매가는 지난해 말 수준인 1800만원선으로 하락했다. 12일 부동산114에 따르면 지난주 아파트 매매값은 서울과 수도권이 각각 0.02% 0.01% 내렸고 신도시는 가격 변동이 없었다. 지역별로 서울은 강동 0.14% 금천 0.04% 강서 0.03% 양천 0.03% 강남 0.02% 노원 0.02% 송파 0.02% 등이 하락했다. 신도시는 중동 0.02% 이 내렸고 그 외 지역은 지난주와 같았다. 수도권은 과천 0.13% 양주 0.03% 인천 0.03% 광명 0.02% 용인 0.02% 파주 0.02% 등에서 가격이 내렸다. 이희경 기자 Segye.com 인기뉴스 70대父 얼굴 피날 때까지 때린 패륜아들 결국… 구글은 역시 검색왕 … 야한 동영상도 술술 북한군 대북전단 발견시 개미부터 찾아… 왜 긱스 제수 결혼전 임신시키고 낙태 강요까지 김여진 이번에는 한진중공업서 긴급체포 달샤벳 수빈 교복사진…수수 민낯 귀여워 성민 박승대와 녹취록 공개… 사과를 모른다 ⓒ 세계일보 Segye.com 무단 전재 및 재배포 금지 금융전문뉴스 세계파이낸스 모바일로 만나는 세계닷컴 세계닷컴은 한국온라인신문협회 www.kona.or.kr 의 디지털뉴스이용규칙에 따른 저작권을 행사합니다.,https://news.naver.com/main/read.nhn?mode=LSD&mid=shm&sid1=260&oid=022&aid=0002274026,284
260925,2011.06.12. 오후 5:03,부동산,서울경제,부동산 QA 청약가점 55점 세곡·우면2지구 중 어디로 청약하나,가구수 많은 세곡지구가 확률 높아 Q 서울 거주하는 무주택자로 청약가점이 55점입니다. 오는 6월20일경에 있을 세곡지구나 우면 2지구에 청약을 하려고 합니다. 현재 청약 가점으로 당첨이 가능할지 궁금합니다. 또 세곡지구와 우면지구에 투자할 경우 미래 가치는 어떨지도 알고 싶습니다. A 서울시 SH공사가 이번에 공급하는 세곡지구 5단지와 우면2지구 4단지는 본래 장기전세주택 시프트 으로 공급하기로 계획되었다가 분양주택으로 전환된 물량입니다. 세곡지구 5단지에서는 114㎡ 이하 전용면적 기준 132가구 우면2지구 4단지에서는 114㎡ 3가구가 각각 공급될 예정입니다. 세곡지구는 ▦3자녀 특별분양 6가구 ▦노부모부양 3가구 ▦일반분양 123가구가 공급되고 우면지구는 3가구 모두 일반 분양됩니다. 이들 중에서는 아무래도 가구수가 많은 세곡지구에 청약하는 것이 당첨확률이 높을 것으로 예상됩니다. 분양가격은 6억2 370만 7억1 350만원 선입니다. 이를 3.3㎡당 가격으로 환산하면 약 1 450만 1 635만원 선으로 우면동과 세곡동 일대 아파트보다 저렴한 편입니다. 분양일정은 ▦6월13일 3자녀특별분양 80점이상 노부모부양 특별분양 당해지역 서울 1년이상 거주자로서 가점제 점수 35점 이상 ▦6월14일 3자녀 노부모부양특별분양 전체 ▦6월24 28일 일반분양 1 3순위로 진행됩니다. 전용면적 85㎡ 초과 물량으로 가점제와 추첨제가 50%씩 적용되고 지역별 청약예금 예치금액은 서울 1 000만원 인천 700만원 경기도 400만원입니다. 참고로 지난 3월 강일2지구1단지의 114㎡ 평균 청약가점은 50.07점이었고 같은 달 마천지구1단지 114㎡는 평균 48.33점을 기록했습니다. 또한 4월 성동구에서 공급된 래미안 옥수 리버젠 113㎡는 평균 55.77점이었습니다. 지역이 강남권이라 입지가 좋아 향후 집값 상승 가능성은 높아 보입니다. 물론 청약가점 55점이 확실한 당첨권이라고 하기는 어렵지만 추첨제 물량도 50% 배정돼 있기 때문에 포기하지 말고 청약에 나서볼 만 한 것으로 분석됩니다.,https://news.naver.com/main/read.nhn?mode=LSD&mid=shm&sid1=260&oid=011&aid=0002159278,284
260926,2011.06.12. 오후 4:51,부동산,서울경제,분양하이라이트 금호 안양 호계동 어울림 15일 청약,이번 주에도 지방을 중심으로 아파트 분양이 이어진다 12일 부동산써브에 따르면 이번 주 분양시장에서는 ▦청약접수 10곳 ▦당첨자 발표 15곳 ▦당첨자 계약 8곳 ▦모델하우스 개관 6곳 등이 예정돼 있다. 15일 금호건설은 경기 안양시 호계동에서 호계동 어울림 의 청약접수를 시작한다. 전용면적 59 84㎡ 136가구 규모로 이중 40가구가 일반분양 된다. 지하철 1ㆍ4호선 환승역인 금정역이 가깝다. 16일에는 현대산업개발이 부산 동래구 명륜3구역을 재개발한 명륜아이파크 의 청약접수가 예정돼 있다. 전용62 151㎡ 1 409가구 규모로 이중 1 041가구가 일반분양된다. 부산지하철 1ㆍ4호선 동래역과 1호선 명륜역이 인접하고 롯데백화점 롯데마트 롯데시네마 등을 이용할 수 있다. GS건설은 17일 서울 마포구 하중동에서 한강밤섬자이 의 모델하우스를 개관할 계획이다. 이번에 공급되는 물량은 전용면적 84 132㎡ 46가구로 2009년 4월 도시 및 주거환경정비법 개정에 따라 임대에서 일반분양으로 전환된 물량이다. 지하철 6호선 광흥창역이 가깝고 서강초 신수중 광성중 광성고 등 교육시설이 잘 갖춰져 있다.,https://news.naver.com/main/read.nhn?mode=LSD&mid=shm&sid1=260&oid=011&aid=0002159269,284
260927,2011.06.12. 오후 4:48,부동산,서울경제,약속 사업 진행을 법적 의무 없다,택지 기반시설 설치 싸고 LH 경기 갈등 해법 못찾아 LH가 약속한 사업이니 진행해야 한다 경기도 VS 법적 의무가 없다 국토부 재정난을 겪고 있는 한국토지주택공사 LH 가 경기도 내 택지개발사업 기반시설 설치 문제로 골머리를 썩고 있다. 감사원의 권고로 기반시설 설치사업을 전면 중단한 이후 경기도와 갈등을 빚고 있지만 뚜렷한 해결책이 없어서다. 12일 국토해양부와 경기도에 따르면 지난 9일 열린 국토부 수도권 지방자치단체 주택정책협의회에서도 이 문제가 거론됐지만 명쾌한 결론을 내리지 못했다. LH는 지난 3월 감사원 권고 등을 근거로 경기도 내 택지개발지구 기반시설 설치사업을 전면 중단했다. LH가 도내 설치해야 하는 도로 역사 도서관 등의 기반시설 규모는 25개 지구 2조4 382억원 규모다. 이 중 집행되지 못한 사업은 20개 지구 1조6 945억원에 이른다. 경기도는 기반시설이 약속대로 설치되지 않으면 택지개발지구 입주민의 삶의 질이 크게 저하된다 며 강하게 반발하고 있다. 재정난으로 사업 재조정을 진행 중인 LH는 가급적 사업 규모를 줄여야 하는 입장이기 때문에 난처한 상황이다. 감사원이 지적한 사업들은 재조정 대상 중 우선 순위에 올라 있다. LH 관계자는 모든 사업을 사업 재조정의 연장선상에서 검토하고 있다 며 경기도 내 기반시설 설치 역시 예외일 수는 없다 고 말했다. 모든 사업을 이 같은 원칙아래 지자체와 협의 조정해나가겠다는 방침이다. 하지만 LH가 경기도의 요청을 무작정 외면할 수 만은 없을 것으로 보인다. 각종 사업에 대한 인ㆍ허가권을 쥐고 있는 경기도와의 문제를 풀지 않을 경우 향후 진행할 모든 사업에 차질이 불가피하기 때문이다. 국토부 관계자는 그 동안 LH 등 공공이 관례적으로 기반시설 공사를 해줬는데 감사원의 지적처럼 법적 의무는 없다 며 기반시설은 주민생활과 연관된 만큼 LH가 지자체와 지속적으로 협의해서 조정해 나갈 것 이라고 말했다.,https://news.naver.com/main/read.nhn?mode=LSD&mid=shm&sid1=260&oid=011&aid=0002159267,284
260928,2011.06.12. 오후 4:48,부동산,서울경제,엎친데 덮친격… 거래 더 얼어붙어,기준금리 인상 이후 부동산시장 매수 실종 속 대출 낀 투자자들 급매물 가능성 분양 앞둔 건설사 이자부담 낮추기 묘안 고심 벌써 전세품귀 현상에 가을 대란 가능성 우려 금리가 오르면 매도ㆍ매수시기를 묻는 전화라도 오는데 이번에는 아예 문의조차 없네요. 서울 송파구 잠실 P공인 관계자 부동산시장이 금리 인상 여파로 꽁꽁 얼어붙었다. 매수 대기 수요자들이 일제히 자취를 감추면서 아파트 거래가 더 어려워질 것이라는 전망이 나오고 있기 때문이다. 신규 분양을 앞둔 건설사들은 이자 부담을 낮추기 위한 작업에 들어갔고 전세시장에서는 가을 대란 을 우려하는 목소리가 커지고 있다. 기준 금리 인상 이후 주말 부동산시장을 둘러봤다. ◇대출 낀 투자자 전전긍긍 지난 11일 오후 서울 강남구 개포동 일대 공인 중개업소들은 사실상 개점휴업 상태였다. 개포주공1단지를 중심으로 재건축사업이 속도를 내고 있지만 5월 이후 실제 거래는 거의 이뤄지고 있지 않다는 게 현지 부동산관계자들의 설명이다. 특히 시체차익을 내려는 투자 목적의 거래가 많은 강남 일대 재건축 아파트 시장에서는 금리 인상에 따른 추가 급매물이 나올 가능성이 높은 것으로 전망된다. 개포동 W공인 관계자는 최근 2년 내 거래를 살펴보면 기존 보유 주택을 일정 기간 내에 파는 조건으로 처분조건부 대출을 받아 투자에 나선 사례가 적지 않다 며 원래 보유한 집을 팔지 못한 투자자중에는 이자에 부담을 느끼는 사람이 많아 이들이 급매물을 내놓을 가능성도 있다 고 말했다. 송파구 잠실 H공인 관계자는 이에 대해 금리 인상에 따라 이자 부담이 몇 백 만원 늘어나는 것도 부담이지만 앞으로 금리가 계속 오른다는 불안감이 생긴 것이 더 문제 라고 지적했다. 실제로 올해 초 9억5 000만원까지 올랐던 개포주공1단지 공급면적 49㎡형은 최근 8억7 000만원 선까지 떨어졌다. 기존 아파트 시장의 거래 부진 속에 힘겨운 상승세를 이어가던 오피스텔 등 수익형부동산 시장도 금리 인상을 계기로 본격적 침체가 시작될 것이란 전망이 나온다. 강남구 역삼동 H공인 관계자는 1 2년 전부터 대출 낀 투자자가 늘어나면서 역삼동 일대 오피스텔 매매가도 평균 2 000만 3 000만원씩 올랐다 며 가뜩이나 임대수익률이 낮아지는 상황에서 이자 부담까지 더해져 매매가 위축될 가능성이 높다 고 내다봤다. ◇건설사 눈치보기 돌입 신규 분양을 앞두고 있는 건설사들도 금리 인상 여파에 촉각을 곤두세우고 있다. CD 91일물 금리 가산금리 로 책정되는 중도금 집단대출 이자가 오르면 실수요 역시 주춤해질 것으로 분석되기 때문이다. 부산에서 분양을 앞두고 있는 한 대형건설사의 담당 지사장은 금리가 뛰면 분양시장에도 불똥이 뛸 수밖에 없다 며 중도금 대출을 담당하는 은행과 가산금리를 낮추는 방안을 논의해 볼 계획 이라고 말했다. 부산에서 이미 분양된 아파트들과 비슷한 수준으로 금리를 내려야 수요자들의 발길을 붙잡을 수 있다는 것이다. 이미 가산금리를 크게 낮춰 분양에 나서는 단지도 나타나고 있다. 지난 10일 모델하우스 문을 연 파주 교하신도시 롯데캐슬 의 경우 중도금 대출 금리가 CD 0.9% 선이다. 최근 분양단지들의 가산금리가 2 3%선임을 감안하면 이를 절반 수준으로 끌어 내린 셈이다. 11일 오후 지하철3호선 마두역 인근 모델하우스에서 만난 직장인 김옥규 42 씨는 3.3㎡당 1 000만원이 넘는 분양가는 부담스럽지만 대출 조건이 좋아 청약을 고려하고 있다 고 말했다. 예비 청약자들에게 입지나 분양가 외에도 금리가 또 다른 변수가 된다는 것이다. ◇전ㆍ월세 시장에는 직격탄 여름방학을 앞두고 서서히 달아오를 조짐을 보이고 있는 아파트 전ㆍ월세시장에서는 가격 급등을 우려하는 목소리가 커지고 있다. 대출을 낀 집주인들이 금리 상승분만큼 임대료를 올릴 가능성이 높다는 것이다. 서울 강남구 대치동 T공인 관계자는 학군수요와 재건축 아파트 이주 수요가 겹쳐 벌써 전세 품귀현상이 나타나고 있다 며 특히 이자 상승분을 현금으로 받기 위해 전세보증금 인상 대신 일부 월세 전환을 요구하는 집주인들이 늘어나고 있다 고 전했다. 김규정 부동산114 부장은 이에 대해 보통 전세값이 오르면 매매로 전환하는 수요가 나타나 임대 시장을 진정시키는데 이번 금리 인상으로 인해 이러한 수요가 나타나기 어렵게 됐다 고 말했다.,https://news.naver.com/main/read.nhn?mode=LSD&mid=shm&sid1=260&oid=011&aid=0002159266,284
260929,2011.06.12. 오후 4:48,부동산,서울경제,월세 전환이율 갈수록 낮아져,강남권 0.5% 아래로 뚝 은행이자 수준에 못미쳐 전세 가격은 크게 오른 데 반해 월세 값은 제자리 걸음이나 소폭 상승에 그치면서 월세 전환이율이 갈수록 낮아지고 있는 것으로 나타났다. 주택 소유주들은 매달 안정적 수익을 얻을 수 있을 수 있는 월세 또는 보증부 월세로 바꿔 매물을 내놓고 있는 반면 임차인들은 여전히 전세를 선호하기 때문으로 보인다. 이에 따라 집 주인들이 월세로 얻는 수익이 은행 예금이자 수준까지 낮아지는 추세다. 12일 업계에 따르면 집주인들의 반전세 선호가 두드러진 강남권 아파트들의 경우 월세전환이율이 0.5%아래로 떨어진 것으로 나타났다. 월세전환이율이란 보증금 전부 또는 일부를 월세로 전환할 때 적용하는 이자율이다. 예컨대 월세전환이율이 0.5%라면 전세 1억원 짜리 주택을 보증금 5 000만원의 월세로 전환할 경우 나머지 5 000만원의 0.5%인 25만원을 매달 월세로 받는다는 것을 뜻한다. 반포 R공인 관계자는 월세매물이 쌓이다 보니 현재 나와있는 보증부월세의 전환이율은 0.5%선까지 내렸다 며 수요가 많지 않다 보니 실제로는 이보다 더 낮은 이율을 적용해 계약하는 경우도 있다 고 설명했다. 반포 래미안퍼스티지 112㎡의 보증부월세는 보증금 4억원에 월 160만 170만원선으로 계약이 이뤄지고 있다. 전셋값이 8억원선인 점을 감안하면 월세전환이율은 0.4 0.42%선이다. 연 수익률로 환산하면 4.8 5% 수준으로 이는 최근 금리상승을 고려하면 웬만한 은행 예금이자에도 못 미치는 셈이다. 이 같은 이율 하락은 그 동안 1%대 가까운 이자율이 적용되던 원룸ㆍ오피스텔 등에서도 확연하다.,https://news.naver.com/main/read.nhn?mode=LSD&mid=shm&sid1=260&oid=011&aid=0002159265,284
260930,2011.06.12. 오후 4:46,부동산,파이낸셜뉴스,중앙건설 울산서 강변 센트럴하이츠 최대 22% 할인분양,중앙건설은 울산 남구 신정동에서 분양중인 ‘강변 센트럴하이츠’ 672가구를 최초 분양가에서 최대 22%까지 할인해 특별분양중에 있다고 12일 밝혔다. 강변 센트럴하이츠는 지하1층 지상25층 10개동에 108㎡ 30가구 109㎡ 30가구 120㎡ 8가구 161㎡ 228가구 165㎡ 194가구 191㎡ 182가구 등 중대형 주택으로 구성된 단지다. 이 단지가 위치한 신정동은 문화예술회관 남구문화원 남구청 울산시청 세무서 등 행정편의시설이 가까이 있어 생활이 편리한게 특징이다. 또 울산여고 학성고 신정고 등 울산지역 최고 명문고가 근거리에 위치해 있어 학군도 좋다. 주택형별로 다르지만 최초 분양가에서 최대 1억9000만원 22% 까지 할인된 가격에 구입할 수 있다. 계약금은 10%며 중도금 융자는 60%다. 잔금 완납 즉시 입주가 가능하다.,https://news.naver.com/main/read.nhn?mode=LSD&mid=shm&sid1=260&oid=014&aid=0002454922,284
260931,2011.06.12. 오후 4:36,부동산,서울경제,전철 개통땐 대박… 이천 부발·당진 합덕·진부 송정 땅값 들썩,신설 역세권 어디가 뜨고 있나 성남 여주 원주 강릉 서해안 복선전철 건설 신설 역세권 주목 부발역 역세권 유력 후보지 3.3㎡당 500만 600만원 호가 사업 본격화 이후 10배 올라 합덕 도리 일대는 매물 사라져 도시계획 수립 안돼 위험성 커 현장확인·주민 의견 들어보길 부동산 투자에서 큰 돈을 번 대박 신화 사례는 무수히 많다. 강남 재건축에 투자하거나 경매로 낙찰 받아 큰 돈을 벌기도 하고 산업단지 투자로 성공신화를 만들어가기도 한다. 하지만 이는 부동산 시장 호황기 때의 사례고 지금은 침체기인만큼 이에 맞는 투자전략을 세워야 한다. 관심을 가져야 할 것이 신설 역세권 투자다. 현재 건설 중이거나 계획 중인 신설 전철과철도 주변에 투자하는 전략이다. 더욱이 정부는 앞으로 교통인프라를 도로에서 철도로 전환키로 한 만큼 철도역 주변부 개발이 관심을 끌고 있다. 이천 부발역 예정지 부근 토지 이 같은 기대심리로 이미 전철 및 철도역 주변 지역으로 투자자들이 몰리 있다. 하지만 자칫 잘못하면 부동산업자들의 포장술에 넘어가 낭패를 볼 수 있는 위험도 도사리고 있다. 성남 여주간 복선전철 원주 강릉간 복선전철 서해안선 등을 중심으로 역세권 투자전략과 및 위험 요인을 짚어봤다. 우리 동네가 앞으로 당진에서 가장 땅값 비싼 곳이 될 것입니다. 서해안 복선 전철 합덕역이 들어설 것으로 알려진 충남 당진 합덕읍 도리 일대. 지난해 12월 국토해양부가 철도 신설 계획을 발표하기 전 3.3㎡당 15만원이면 살 수 있었던 농지가 지금은 3배 이상을 가격에도 매물을 구하기 쉽지 않다. 합덕역이 들어서면 역사 앞쪽이 역세권으로 개발돼 지금은 논밭인 곳이 상업 또는 주거 용지로 바뀔 것이란 기대감 때문이다. 현지 부동산업자는 땅 주인들이 더 오를 것이란 기대감에 매물을 내놓지 않고 있다 면서 앞서 개통된 철도 역세권 땅값이 급등했듯이 이 곳 역시 상업지역으로 되면 3.3㎡당 1 000만원 이상 올라갈 것 이라고 말했다. 새로운 길 은 부동산 시장의 가장 확실한 투자처로 꼽힌다. 도로나 전철ㆍ철도 건설 계획이 알려지면 해당 지역 부동산은 들썩거리게 마련이다. 이는 요즘 같은 부동산 불황기에도 예외가 아니다. 부동산을 모르는 초보자조차 가장 확실한 투자처로 꼽히는 것도 이때문이다. 특히 신설 역세권은 단순한 교통여건 개선을 넘어 대규모 상권 형성가능성 때문에 늘 주목의 대상이 될 수 밖에 없다. ◇ 역세권 되면 대박 ... 신설역 주변 투자 열기 철도 개통 효과는 경춘선 복선전철이 잘 보여준다. 지난달 말 국토해양부가 발표한 전국 개별공시지가에 따르면 춘천의 땅값은 1년 전에 비해 무려 9.38%가 상승해 전국 1위를 차지했다. 전국 평균 땅값 상승률 2.57% 의 4배 가까운 것이다. 춘천의 땅 값을 띄운 1등 공신은 지난 해 말 개통된 경춘선 복선전철이다. 서울까지의 운행편이 늘고 시간이 단축되면서 유동인구가 늘자 아파트와 땅값이 들썩이며 춘천 일대 부동산 시장이 뜨겁게 달아오른 것이다. 춘천의 경우 이미 국도와 고속도로 등 도로망이 잘 발달돼 준 準 수도권으로 인식돼왔고 도시 규모도 갖추고 있어 철도 개통 효과가 어느 정도 제한된 측면이 있다. 지방의 소규모 촌락이나 오지의 경우 철도 개통 효과가 극대화된다. 특히 신설 역사 중심으로 조성되는 역세권 후보지는 철도 개통으로 하루아침에 금싸리기 땅으로 변하기 일쑤다. ◇어떤 곳 뜨고 있나 신설 전철 역세권 개발에 따른 수혜지역으로는 ▦성남 여주 복선전철 ▦서해안복선전철 ▦원주 강릉 복선전철 등이 대표적인 곳으로 꼽히고 있다. 성남 여주간 복선 전철 역사 주변 지역의 역세권 후보지로는 부발역이 들어서는 이천시 부발읍 지역이 거론되고 있다. 사업이 본격화된 2003년 이후 가격이 10배 이상 뛰었다. 주변 중개업소에 따르면 부발역 역세권 유력 후보지는 3.3㎡당 300만 350만원에 실거래가 이뤄지고 있으며 호가는 500 600만원에 이른다. 1 000㎡ 안팎의 매물이 주로 거래된다. 당진 합덕역 예정지 일대 여기에 시가 부발역을 중심으로 아미리 산촌리 등 주변지역을 특별개발진흥지구로 지정해 이 일대를 중심으로 주거ㆍ상업지 개발이 진행될 것이란 기대감도 한몫하고 있다. 현지의 한 중개업소 관계자는 특별개발진흥지구는 앞으로 시가화될 곳인데 상업 지역으로 용도가 바뀐다면 앞으로 2 3배정도 더 가격이 오를 가능성이 높다 고 말했다. 지난해 말 발표된 서해안 복선 전철 역사 후보지역 중에서는 합덕역 예정지로 거론되는 충남당진군 합덕읍 도리 일대의 땅값 상승세가 두드러진다. 이 일대는 투자자들의 문의가 늘고 있지만 땅 주인들이 매물을 거둬들이고 있어 부르는 게 값이다. 한 중개업자는 현재 당진지역에서 가장 비싼 땅은 3.3㎡당 1 700만원 선이지만 일부에서는 합덕역 역세권 지역은 이를 웃돌 가능성이 높다는 얘기도 나온다 고 말했다. 원주 강릉간 복선전철 역사 주변 역시 가격이 오름세다. 진부역이 들어설 예정인 평창군 진부면 송정리 일대는 3.3㎡당 60만 70만원에 거래되고 있다. 인근의 한 중개업자는 동계 올림픽 개최지 선정을 앞두고 매수자들의 문의가 늘고 있지만 지주들이 땅을 내놓지 않아 매물은 많지 않은 편 이라고 말했다. ◇기대 수익 만큼 위험성도 커 역세권이 된다면 일단 짭짤한 투자수익을 기대해볼 만 하다. 하지만 부동산 전문가들은 신설 역세권 투자는 이 같은 기대수익 못지 않게 리스크 역시 크다는 점에 유의해야 한다고 지적한다. 역사와 가깝더라도 역세권에 편입되느냐 아니냐에 따라 희비가 엇갈릴 수 있기 때문이다. 더욱이 지방은 상대적으로 유동인구가 적어 역세권상권이 제한적일 수 밖에 없다. 또 역세권 개발방식이 수용인지 환지인지에 따라 수익률의 편차가 크다. 수용 방식의 경우 토지 수용자들은 시가 수준의 보상비만 받고 토지를 내놔야 한다. 반면 환지의 경우 땅 일부를 되돌려 받을 수 있어 더 큰 시세 차익을 기대할 수 있다. 실제로 서해안선의 경우 정확한 역사 위치조차 아직 정해지지 않았다. 당진군청 염태상 도시계획팀장은 역이 어디에 지어질지 모르기 때문에 도로나 역세권 등 어떻게 도시계획을 짤지도 확정되지 않았다 면서 현재로서는 2019년에 전철을 개통할 것이라는 것만 알뿐 이라고 말했다. 역세권이 될 것으로 보고 땅을 샀다가 제외될 경우 큰 손해를 입을 수 밖에 없다. 서울 등 대도시의 경우 역세권을 역 500m로 보지만 유동인구가 적은 지방의 경우는 이보다 훨씬 규모가 좁다. 한 부동산 전문가는 지방은 기존 시가지와 신설 역을 연결하는 지역은 개발가능성이 높지만 이를 벗어나면 별다른 수혜를 기대하기 힘들다 말했다. 성남 여주간 복선전철 역 주변도 시가화 예상 지역인 특별개발진흥지구만 정해졌을 뿐 구체적인 도시계획이 수립되지 않았다. 상업ㆍ주거지역 예정지가 표시된 개발계획 도면이 나돌고 있지만 어디까지나 추측이다. 더구나 수용이나 환지 등 개발 방식 또한 결정되지 않았다. 원주 강릉간 복선전철 역세권 역시 동계올림픽 유치 여부가 투자자들의 희비가 엇갈릴 수 있다. 이미 투자자들은 평창이 앞서 두 차례 유치에 실패하면서 실패를 경험한 바 있다. 지난 2007년의 경우 러시아 소치에 역전패를 한 뒤 평창 일대 부동산 가격이 급락하기도 했다. ◇환금성 염두에 둔 장기투자해야 부동산 전문가들은 이처럼 신설 역세권 투자는 리스크가 큰 만큼 매우 신중을 기해야 한다고 설명한다. 무엇보다 중요한 것은 현장 확인이다. 쓸모없는 땅을 역세권 예상지로 포장하는 기획부동산도많은 만큼 현장을 보지도 않고 무턱대고 땅을 샀다가는 낭패를 볼 수 있다. 환금성이 낮기 때문에 장기간 자금이 묶일 수 있다는 점도 염두에 둬야 한다. 특히 농지의 경우 나대지 등에 비해 규모가 크기 때문에 단순히 땅값이 싸다는 이유만으로 섣부르게 사면 돈이 묶일 수도 있다. 업계 관계자는 기획 부동산들이 쓸모 없는 땅을 쪼개 역세권 개발 같은 호재로 포장해 비싸게 파는 사례가 종종 발생한다 면서 위험 부담이 큰 만큼 현장을 반드시 찾아야 하며 주변 사정을 잘아는 주민들의 의견을 두루 들어봐야 한다 고 조언했다.,https://news.naver.com/main/read.nhn?mode=LSD&mid=shm&sid1=260&oid=011&aid=0002159259,284
260932,2011.06.12. 오후 4:34,부동산,파이낸셜뉴스,분양가상한제 폐지 여부 주목,6월 임시국회가 시작된 가운데 이번 주는 주택업계 최대 현안인 분양가상한제 폐지 재건축초과이익환수제 폐지 등 관련 법안 처리를 놓고 여야 간 논의가 본격화된다. 또 여야 간에 공감대가 형성된 전·월세상한제 도입과 지난달 재·보궐선거에서 공약으로 등장한 아파트 리모델링 활성화방안 등도 공론화될 전망이다. 분양가상한제 폐지는 지난 4월 임시국회에서 국회 상정이 무산되면서 이달 국회에서는 정부와 여당이 재개발·재건축 사업장에 한해 폐지하는 절충안을 제시할 것으로 예상된다. 분양가상한제 폐지법안을 발의했던 장광근 한나라당 의원이 국토해양위원장을 맡고 있어 어떤 식으로든 논의가 이뤄질 전망이다. 기준금리마저 인상돼 주택시장에 침체의 골이 갈수록 깊어지는 상황에서 분양가상한제 폐지 여부는 주택시장의 회복 여부를 가름하는 또 하나의 중요한 이슈다. 분양가상한제가 폐지되더라도 당장 분양가 인상으로 이어질 가능성은 작지만 시장에 심리적으로 긍정적 영향을 준다는 측면에서 상징성이 크기 때문이다. 대한건설협회와 한국주택협회 대한건설협회 등 주택 관련 3개 단체에서는 16일 권도엽 국토해양부 장관을 만나 분양가상한제 폐지를 강력하게 요구할 예정이어서 결과가 주목된다. 최근 등장한 재건축초과이익환수제 폐지 여부도 주택시장에 영향을 미칠 큰 변수다. 권 장관이 인사청문회 때 폐지 의지를 표명한 상황이어서 여당은 물론 야당의 공감대를 어느 정도 이끌어낼지가 관건이다. 전·월세상한제를 도입하자는 데는 여야 간에 공감대가 형성됐지만 득 보다 실 이 많다며 정부 측에서는 반대 입장을 분명히 하고 있어 관련법안 통과 여부가 주목된다. 이번 주에도 매매시장은 여전히 내리막길을 걸을 것으로 예상된다. 별다른 호재가 없기 때문이다. 이런 가운데 전세시장은 벌써부터 전세대란 조짐을 보이고 있다. 서울은 물론 수도권 지역에서도 매물이 소진되면서 가격이 오르고 있다. 따라서 전세 수요자들은 서둘러 움직이는 게 유리해 보인다. 분양시장은 14일부터 서울 세곡지구 5단지와 우면2지구 4단지 분양주택 특별공급 청약이 시작된다. 민간아파트는 경기 파주교하신도시 롯데캐슬을 비롯해 전국에서 8개 단지 6291가구에 대한 청약이 실시된다.,https://news.naver.com/main/read.nhn?mode=LSD&mid=shm&sid1=260&oid=014&aid=0002454906,284
260933,2011.06.12. 오후 4:34,부동산,파이낸셜뉴스,화제의 주거단지 천안 두정 2차 e편한세상,대림산업이 15일부터 충남 천안시 두정동에서 공급하는 천안 두정 2차 e편한세상 아파트 조감도 는 천안지역에서 노른자위에 위치한 데다 848가구의 대단지이면서도 전 가구 전용면적 85㎡ 이하 중소형으로만 구성된 것이 특징이다. 이 아파트는 지하 1층 지상 18∼23층 11개동에 전용면적 72㎡ 198가구 84㎡A타입 321가구 84㎡B타입 151가구 84㎡C타입 178가구로 이뤄졌다. 분양가는 3.3㎡당 평균 700만원대 중후반이며 15일 특별공급에 이어 16∼20일 순위별로 청약접수한다. 단지내 녹지율 41%로 높아 쾌적 아파트 단지 중앙에는 테니스장 15개 크기의 잔디광장이 조성되는 등 부지면적의 41%가 조경 등 녹지로 조성된다. 지하의 주차공간은 구획폭이 일반 아파트단지보다 10㎝ 넓은 2.4m로 계획됐고 실내골프연습장 헬스장 도서관 등의 다양한 시설을 갖춘 대형 커뮤니티센터도 들어선다. 세계적인 권위를 자랑하는 독일의 레드닷 디자인상 을 수상한 대림산업의 스타일렉 디자인 이 이 단지의 전기 시설에 적용되고 냉·난방 에너지 절약 시스템과 쌍방향 에너지 관리 시스템이 도입된다. 더불어 아파트단지는 두정동∼백석동∼불당동∼쌍용동으로 이어지는 산업단지 개발 축에 자리잡고 있다. 두정지구 내에 마지막 공급분이다. 단지 주변에는 천안 과학벨트 기능지구와 307만㎡ 규모의 국제 비즈니스파크 천안유통단지 46만㎡ 제3산업단지 확장사업 76만㎡ 등의 개발 호재가 많아 후광 효과도 기대된다. 교통·교육·환경·발전성 4박자 두정동은 주변의 천안아산신도시와 신방통정지구 등에 비해 상업·교육 등 생활편의시설이 풍부하게 조성돼 있다. e마트와 롯데마트 신세계백화점 단국대학병원 씨너스 영화관 천안종합운동장 등이 인접해 있다. 수도권 전철인 두정역을 걸어서 이용할 수 있고 KTX 천안아산역과 경부고속도로 천안IC를 자동차로 10분 이내에 접근할 수 있다. 단지 왼쪽에는 노태산 근린공원이 접해 있어 주거환경이 쾌적하고 자연친화적인 조망권을 확보하고 있다. 견본주택은 두정동 한국전력공사 천안지점 옆에 개관 중이다. 입주는 오는 2013년 6월 예정이다.,https://news.naver.com/main/read.nhn?mode=LSD&mid=shm&sid1=260&oid=014&aid=0002454905,284
260934,2011.06.12. 오후 4:33,부동산,서울경제,아파트 주간 시세 기준금리 인상으로 내림세 지속될듯,서울 집값이 10주 연속 하락했다. 지난 10일 금융당국이 기준금리를 또 다시 올려 당분간 내림세가 지속될 가능성이 높다는 게 부동산전문가들의 전망이다. 다만 여름방학을 앞두고 일부 학군수요에 따른 전세문의가 늘어나고 있어 전셋값 오름세가 매매시장에 미칠 영향에 관심이 쏠리고 있다. 12일 부동산114에 따르면 지난주 서울 아파트 가격은 전주 대비 0.02% 떨어졌다. 수도권은 0.01% 하락했고 수도권은 변동 없이 보합세를 보였다. 서울에서는 ▦강동 0.14% ▦금천 0.04% ▦강서 0.03% ▦양천 0.03% ▦강남 0.02% ▦노원 0.02% ▦송파 0.02% 등이 내렸다. 강동구에서는 둔촌ㆍ고덕주공 등 재건축 예정 아파트가 하락세를 주도했다. 강동구 일대에 5차 보금자리지구가 지정된 이후 매수세가 거의 사라졌다. 둔촌주공1ㆍ2단지가 1 000만원 가량 하락했고 고덕주공5단지 역시 최근 조합설립인가 취소 판결 이후 급매물이 등장하며 관망세를 나타내고 있다. 강서구는 방화동 도시개발12단지 등촌동 대림ㆍ동성 등이 500만 1 000만원 정도 떨어졌다. 비교적 낡고 입지가 좋지 않은 단지 위주로 하락세가 두드러진다. 양천구는 목동신시가지4ㆍ12단지 등 중대형 물건 위주로 내림세를 보였고 강남구는 개포주공 및 압구정동 미성 등 재건축 예정 아파트가 주로 하향 조정됐다. 신도시는 여전히 거래가 어렵지만 낙폭은 줄었다. 중동만 0.02% 하락했고 나머지 지역은 보합세를 나타냈다. 전세철을 앞두고 매도ㆍ매수자가 서로 관망세를 보이고 있다는 게 현지 부동산 관계자들의 설명이다. 중동 사랑삼익ㆍ벽산이 500만원 정도 떨어졌다. 수도권에서도 꾸준한 약세가 이어지는 모습이다. ▦과천 0.13% ▦양주 0.03% ▦인천 0.03% ▦광명 0.02% ▦용인 0.02% ▦파주 0.02% 등이 하락했다. 과천은 보금자리지구 지정의 영향으로 3주 연속 집값이 떨어졌다. 서울 전세시장에서는 강남권의 상승세가 눈에 띈다. 재건축 예정 아파트 이주 및 학군 수요 등이 겹쳐 물건이 전반적으로 부족하다.,https://news.naver.com/main/read.nhn?mode=LSD&mid=shm&sid1=260&oid=011&aid=0002159257,284
260935,2011.06.12. 오후 4:33,부동산,파이낸셜뉴스,청담자이 16가구 인터넷청약,GS건설은 서울 강남구 청담동에서 올 10월 입주하는 청담자이 16가구에 대해 오는 20일부터 인터넷 청약을 받는다고 12일 밝혔다. 이 아파트는 지난 2009년 서울 강남구 청담동 청담한양아파트를 재건축한 단지로 지하 2∼지상 35층 5개 동에 총 708가구로 구성됐다. 이번에 분양되는 16가구는 지난 2009년 임대주택건설의무제가 폐지되면서 새롭게 분양물량으로 전환된 것이다. 16가구는 전용면적 49㎡ 4가구 89㎡ 12가구다. 주택법 적용을 받지 않아 청약금 500만원만 있으면 청약통장이 없어도 누구나 청약이 가능하다. 청담자이 홈페이지 www.cd xi.co.kr 에서 접수하며 추첨을 통해 당첨자가 결정된다. 당첨자는 분양금의 10%를 내고 중도금 분양대금의 10% 를 납입한 후 10월 입주 때 잔금을 내면 된다. 발코니 무료확장과 시스템 에어컨을 무료로 설치해 준다. 한강변에 위치해 올림픽대로와 인접해 있고 7호선 청담역을 걸어서 이용할 수 있어 교통도 편리하다. GS건설 관계자는 분양물량은 실수요자에게 인기가 높은 중소형인 데다 분양가도 조합원 물량 거래가격보다 낮아 인기가 높을 것 이라며 전세시세만 해도 분양가의 50%를 넘는 데다 인근에 임대수요도 풍부해 임대투자용으로 고려해볼 만하다 고 말했다.,https://news.naver.com/main/read.nhn?mode=LSD&mid=shm&sid1=260&oid=014&aid=0002454904,284
260936,2011.06.12. 오후 4:32,부동산,파이낸셜뉴스,고시원으로 바꾼 상가 임대수익 ‘짭짤’,. 서울 노원구 상계동에 거주하는 임모씨 47 는 지난해 서울 영등포역 인근의 상가 3개층 3∼5층 을 고시원 40실 월세 40만원 으로 리모델링 2억6400만원 하는 조건으로 건물주에게 장기임차해 높은 임대수익을 거두고 있다. 보증금 4000만원 과 월세 400만원 운영비 350만원 인건비 190만원 등을 제외하고도 매달 500만원 정도의 수익을 올리고 있다. 연간 임대수익률이 20%에 가깝다. 임씨는 친목모임에서 지인이 서울지하철 4호선 숙대입구역 고시원 등 준주택사업을 하고 있어 사업성 운영현황 관리방법을 자연스럽게 접하고 고시원 임대사업을 시작하게 됐다 고 말했다. . 증권사 지점장으로 근무하다 지난해 퇴직한 김모씨 56 는 경매컨설팅 업체의 도움을 받아 서울 성북구 동선동 성신여대 인근의 상가 3층과 4층을 6억7000만원에 낙찰받았다. 경락자금 중 5억원은 대출로 해결했다. 그는 연면적 495㎡로 고시원 30실 월세 45만원 로 개조하는 데 공사비로 2억8000만원을 투입했고 매달 들어가는 운영비 350만원 와 이자 250만원 등을 빼고도 600만원 이상의 수익을 올리고 있다. 15% 이상의 임대수익률로 노후생활 문제를 해결했다. 부동산 재테크가 시세차익 위주에서 임대수익 중심으로 바뀌면서 기존 상가의 일부 층을 고시원으로 개조해 임대사업을 하는 사례가 늘고 있다. 임씨처럼 상가를 장기임차해 고시원으로 리모델링한 후 다시 임대하는 전대 임차 후 다시 임대 로 짭짤한 수익을 거두는가 하면 아예 경매로 싼값에 낙찰받아 개조해서 노후생활을 준비하는 투자자도 있다. 12일 서울시와 부동산업계에 따르면 현행 법상 상가를 준주택인 고시원으로 개조하는 것이 가능하다. 똑같이 건축법 테두리 안에 있어서다. 2009년 국토해양부가 상가 등 기존 건축물을 도시형생활주택으로 용도를 바꿀 수 있게 규제를 완화했지만 건축법의 상가를 주택법이 적용되는 도시형생활주택이나 원룸으로 신축하거나 개조하는 것은 법규가 다르고 주차장 요건 등 까다로운 조건 때문에 현실적으로 어렵다. 상가→고시원 개조 임대수익 쏠쏠 두 사례의 공통점은 상가 건물 소유주가 한 명인 일반건축물보다는 층 또는 사무실별로 소유주가 다른 집합건축물을 대상으로 리모델링했다는 점이다. 상가를 통째로 사들이려면 자금부담이 만만치 않은 데다 고시원으로 모두 개조하면 공실 우려도 높아진다. 임씨와 김씨도 2∼3개층을 임차하거나 낙찰받아 고시원으로 개조해 쏠쏠한 임대수익을 거두고 있다. 지지옥션 강은 팀장은 최근 임대수익을 목적으로 상가 일부 층을 낙찰받는 사례가 증가하고 있다 며 오피스텔이나 도시형생활주택 등에 비해 임대수익률이 높아 관련 물건을 찾는 투자자가 늘고 있다 고 말했다. 현재 서울지역에서 경매로 나온 상가물건 중 입지나 가격 면에서 경쟁력을 갖춘 것으로 분석되는 곳은 서울 관악구 봉천동 대영빌딩 203호 연면적 392㎡ 서울 구로구 구로동 1127 22 티타운빌딩 1층 101호 391㎡ 등이다. 티타운빌딩 101호는 최저가가 8억3230만원 감정가 25억4000만원 이고 입찰일 남부10계 은 오는 21일이다. 연면적 최소 330㎡ 넘어야 최소 수억원의 자금이 투입되는 만큼 주의할 점도 적지 않다. 상가 리모델링 전문업체인 코쿤하우스 www.besthouse114.com 고정옥 대표는 고정비용 지출을 감당하기 위해서는 최소 연면적이 330㎡는 돼야 한다 며 시공 하자를 예방하기 위해 공사경험이 풍부한 업체를 선정해야 하고 다중이용시설에 포함된 고시원 등 준주택은 관할 소방서로부터 소방완비증명서를 발급받아야 영업을 할 수 있다 고 조언했다. 고 대표는 도시형생활주택은 개별 분양이 가능하고 30가구 이상이면 별도의 사업승인이 필요하다 며 고시원은 개별 분양이 불가능하고 30실 미만이면 건축허가만 받으면 되지만 30실 이상이면 건축심의를 받아야 한다 고 설명했다. 앞의 사례처럼 입지 선정도 중요하다. 역세권이나 대학가 등 인구밀도가 높은 지역은 임대수요가 풍부해 이런 곳을 노려야 한다.,https://news.naver.com/main/read.nhn?mode=LSD&mid=shm&sid1=260&oid=014&aid=0002454903,284
260937,2011.06.12. 오후 4:32,부동산,파이낸셜뉴스,신영웅천지웰2차 견본주택 주말 2만1000여명 북적,전남 여수에서 문을 연 신영웅천지웰2차 견본주택에 주말 3일 10∼12일 동안 2만1000여명의 방문객이 다녀가는 등 성황을 이뤘다. 회사 관계자는 입장객들이 100m 이상 줄을 서 대기시간만 30분 이상 걸렸으며 사전 예약자도 7000여명이 넘어섰다 고 말했다. 신영웅천지웰2차는 여수시 최초의 택지개발지구 내 단지로 이번 분양 물량은 전용면적 84∼112㎡ 총 614가구 규모다. 청약접수는 오는 20일부터 23일까지다. 방문객들이 단지 모형 앞에서 분양도우미의 설명을 듣고 있다.,https://news.naver.com/main/read.nhn?mode=LSD&mid=shm&sid1=260&oid=014&aid=0002454901,284
260938,2011.06.12. 오후 4:30,부동산,파이낸셜뉴스,LH 안산신길지구 등서 공동주택용지 4필지 공급,한국토지주택공사 LH 는 안산신길지구와 충남도청 내포 신도시에서 공동주택용지 각각 2필찌씩 총 4필지를 공급한다고 12일 밝혔다. 안산신길지구는 수도권전철 4호선 안산역과 안산신길온천역 인근에 위치한 곳으로 영동고속도로 서안산IC 39호선 국도 등이 인접해 있어 교통이 매우 좋다. B 5블록은 아파트 용지 2만7600㎡규모로 공급가격은 447억1200만원이다. 전용면적 60∼85㎡ 443가구를 지을 수 있다. B 6블록은 연립주택용지 1만5371㎡ 규모로 공급되며 가격은 168억3124만원이다. 전용면적 60∼85㎡이하 141가구가 들어게 된다. 충남도청신도시는 도청이전부지 학교 및 상업용지와 인접해있으며 생활편의시설과의 접근성이 뛰어나다. RH 3블록은 5만4671㎡규모로 공급가격은 442억2883만원이다. 전용면적 60∼85㎡이하 1069가구를 지을 수 있다. RM 8블록은 전용면적 60∼85㎡이하 아파트 600가구를 지을 수 있는 3만6372㎡ 규모 부지와 전용면적 85㎡초과 460가구를 지을 수 있는 3만6371㎡ 부지로 구성됐다. 공급가격은 526억6593만원이다. 청약 접수는 LH 토지청약시스템 hp buy.1h.or.kr 을 통해 가능하다. 분양일정은 안산신길지구가 20일이며 충남도청신도시는 21일이다.,https://news.naver.com/main/read.nhn?mode=LSD&mid=shm&sid1=260&oid=014&aid=0002454900,284
260939,2011.06.12. 오후 4:23,부동산,아시아경제,신영웅천지웰2차 모델하우스 3일간 2만명 몰려,신영이 분양한 전남 여수 웅천택지지구 해양리조트형 아파트 신영웅천지웰2차 모델하우스에 수만명의 방문객이 몰려 북새통을 이뤘다. 아시아경제 이은정 기자 신영이 전남 여수에서 지난 10일 오픈한 신영웅천지웰2차 모델하우스에 12일까지 3일간 2만1000여명의 방문객이 다녀갔다. 여수시 전체 인구가 29만여명인 점을 감안할 때 상당수 주민들이 모델하우스를 찾은 셈이다. 모델하우스에 입장하려고 대기인파가 문 밖으로 100m 이상 줄을 서는 등 좀처럼 보기 어려운 진풍경도 연출됐다. 또 사전예약자도 7000명이 넘었다. 신영 관계자는 전남권역 방문자는 물론 부산·대전을 비롯해 서울 수도권에서도 신영웅천지웰2차를 보기위해 몰려들었다 며 방문객들은 한려수도가 한눈에 내려다보이는 국내 최고 해상조망권에 관심을 보였다 고 말했다. 한편 신영웅천지웰2차는 여수시 최초의 택지개발지구 내 단지로 2008년 분양한 1차 1084가구는 100% 분양완료 됐다. 이번에 분양하는 2차는 전용면적 84 112㎡ 총 614가구로 구성된다. 아파트 바로 앞에 인공해수욕장과 마리나·공원·예울마루 등이 들어선다. 청약접수는 이달 20일부터 23일까지이다.,https://news.naver.com/main/read.nhn?mode=LSD&mid=shm&sid1=260&oid=277&aid=0002621717,284
260940,2011.06.12. 오후 3:43,부동산,경향신문,수도권 주민 73% “부동산침체로 소비심리 위축”,부동산경기 침체와 전월세가 상승이 가계의 씀씀이에도 영향을 주고 있는 것으로 조사됐다. 대한상공회의소가 수도권에 거주하는 성인남녀 1015명을 대상으로 실시한 ‘부동산시장에 대한 국민인식 조사’ 결과 응답자의 41.3%는 최근 부동산경기 침체와 전·월세가격 상승으로 ‘소비심리가 위축됐다’고 답했고 ‘실제로 지출을 줄였다’는 응답도 32.3%에 달했다. ‘별 영향 없음’ 26.4% 무주택자 경우 ‘지출을 줄였다’는 응답비율 42.8% 이 ‘소비심리가 위축됐다’ 31.2% 는 응답보다 많아 전·월세가 상승으로 일상생활에 큰 불편을 겪는 것으로 드러났다. 연령대별로는 ‘지출감소’란 응답이 20대는 10.2%에 불과한 반면 40대와 30대에서 각각 44.7% 43.3%로 높게 나타났다. 수도권 주민들이 집 문제로 겪는 가장 큰 고민 역시 ‘전·월세가 상승으로 인한 보증금 인상과 원치 않는 이사’ 55.6% 로 나타났으며 이어 ‘거래 부진으로 인한 주택매도 차질’ 20% ‘대출상환 부담증가나 대출곤란’ 16.3% ‘부동산경기 침체로 수입감소’ 4.6% 순이었다. ‘‘기타’ 3.5%’ 전세가격이 상승하는 이유를 절반 이상이 ‘전세공급 부족’ 50.8% 을 꼽았고 다음으로 ‘전세 선호경향’ 26.2% ‘집주인 욕심’ 15.6% 을 지적했다. 또 ‘집값이 상승할 경우 주택구입을 하겠는가’라는 물음에 37.5%의 응답자가 ‘그렇다’고 답해 집값 상승에 대한 기대감이 주택거래활성화에 긍정적인 작용을 할 것임을 시사했다. ‘아니다’ 62.5% 구매에 나서게 만들 집값 상승 폭으로는 ‘물가상승률인 3% 내외’가 58.5%로 가장 많았고 ‘물가상승률과 예금이자율을 합한 7% 정도’ 18.7% ‘시세차익을 얻을 수 있는 10% 내외’ 13.1% 가 뒤를 이었다. 부동산경기 침체에 대해 수도권 주민 68.6%는 ‘부동산경기 침체로 주택거래 부진 전세난 유발 등 부정적 영향이 크다’고 답했고 ‘자칫 침체정도가 악화되면 경제불황으로 이어질 가능성이 크다’는 의견도 54.3%나 됐다. ‘현재 의 부동산경기 침체상황에서도 경제불황 가능성이 크다’는 답변도 33.9%에 달했다. 부동산 정책의 최우선 목표로는 ‘주택수급 안정화’ 46.8% 를 가장 많이 꼽았고 ‘주택거래 활성화’ 25.1% ‘투기수요 차단’ 18% ‘주거만족도 제고’ 10.1% 를 차례로 지적했다. 디지털뉴스팀 손봉석기자 paulsohn khan.co.kr 경향신문 ‘오늘의 핫뉴스’ 서러운 알바 여대생… 내가 사람이긴 한 건가 “접대부·웨이터로 빠져 학생 수십명 자퇴” “겁많은 여학생이지만 너무 화나고 견딜수없어” 직장인이 부모님께 드리는 용돈… 평균 얼마 배우 김여진씨 한때 긴급체포… 왜 취업 면접때 ‘딱 걸리는 거짓말’… 1위는 공식 SNS 계정 경향 트위터 미투데이 페이스북 세상과 경향의 소통 Khross ⓒ 경향신문 경향닷컴 www.khan.co.kr 무단전재 및 재배포 금지 〈경향닷컴은 한국온라인신문협회 www.kona.or.kr 의 디지털뉴스이용규칙에 따른 저작권을 행사합니다.,https://news.naver.com/main/read.nhn?mode=LSD&mid=shm&sid1=260&oid=032&aid=0002141352,284
260941,2011.06.12. 오후 3:30,부동산,연합뉴스,먹고 살기 힘들어서...중개업소 폐업 속출,서울 연합뉴스 진성철 기자 주택시장 침체로 장기화로 사실상 부동산 거래가 중단되면서 문을 닫는 부동산 중개업소가 속출하고 있는 가운데 12일 서울 송파구 신천동 한 아파트단지 상가 내 폐업 후 업종 변경 중인 부동산 중개업소 앞으로 사람이 지나가고 있다.,https://news.naver.com/main/read.nhn?mode=LSD&mid=shm&sid1=260&oid=001&aid=0005108675,284
260942,2011.06.12. 오후 3:30,부동산,연합뉴스,폐업 부동산업소 속출,서울 연합뉴스 진성철 기자 주택시장 침체로 장기화로 사실상 부동산 거래가 중단되면서 문을 닫는 부동산 중개업소가 속출하고 있는 가운데 12일 서울 송파구 신천동 한 아파트단지 상가내의 부동산 중개업소에 임대 안내 문구가 붙어 있다.,https://news.naver.com/main/read.nhn?mode=LSD&mid=shm&sid1=260&oid=001&aid=0005108674,284
260943,2011.06.12. 오후 3:30,부동산,연합뉴스,문닫는 부동산 중개업소 속출,서울 연합뉴스 진성철 기자 주택시장 침체로 장기화로 사실상 부동산 거래가 중단되면서 문을 닫는 부동산 중개업소가 속출하고 있는 가운데 12일 서울 송파구 신천동 한 아파트단지 상가 내 폐업 후 업종 변경 중인 부동산 중개업소 앞으로 사람이 지나가고 있다.,https://news.naver.com/main/read.nhn?mode=LSD&mid=shm&sid1=260&oid=001&aid=0005108673,284
260944,2011.06.12. 오후 3:30,부동산,연합뉴스,문닫는 부동산 중개업소 속출,서울 연합뉴스 진성철 기자 주택시장 침체로 장기화로 사실상 부동산 거래가 중단되면서 문을 닫는 부동산 중개업소가 속출하고 있는 가운데 12일 서울 송파구 신천동 한 아파트단지 상가 내 폐업 후 업종 변경 중인 부동산 중개업소 앞으로 사람이 지나가고 있다.,https://news.naver.com/main/read.nhn?mode=LSD&mid=shm&sid1=260&oid=001&aid=0005108672,284
260945,2011.06.12. 오후 3:30,부동산,연합뉴스,문닫는 부동산 중개업소 속출,서울 연합뉴스 진성철 기자 주택시장 침체로 장기화로 사실상 부동산 거래가 중단되면서 문을 닫는 부동산 중개업소가 속출하고 있는 가운데 12일 서울 송파구 신천동 한 아파트단지 상가 내 폐업 후 업종 변경 중인 부동산 중개업소 앞으로 사람이 지나가고 있다.,https://news.naver.com/main/read.nhn?mode=LSD&mid=shm&sid1=260&oid=001&aid=0005108671,284
260946,2011.06.12. 오후 3:30,부동산,연합뉴스,문닫는 부동산 중개업소 속출,서울 연합뉴스 진성철 기자 주택시장 침체로 장기화로 사실상 부동산 거래가 중단되면서 문을 닫는 부동산 중개업소가 속출하고 있는 가운데 12일 서울 송파구 신천동 한 아파트단지 상가 내 폐업 후 업종 변경 중인 부동산 중개업소 앞으로 사람이 지나가고 있다.,https://news.naver.com/main/read.nhn?mode=LSD&mid=shm&sid1=260&oid=001&aid=0005108670,284
260947,2011.06.12. 오후 3:30,부동산,연합뉴스,문닫는 부동산 중개업소 속출,서울 연합뉴스 진성철 기자 주택시장 침체로 장기화로 사실상 부동산 거래가 중단되면서 문을 닫는 부동산 중개업소가 속출하고 있는 가운데 12일 서울 송파구 신천동 한 아파트단지 상가 내 폐업 후 업종 변경 중인 부동산 중개업소 앞으로 사람이 지나가고 있다.,https://news.naver.com/main/read.nhn?mode=LSD&mid=shm&sid1=260&oid=001&aid=0005108669,284
260948,2011.06.12. 오후 3:30,부동산,연합뉴스,문닫는 부동산 중개업소 속출,서울 연합뉴스 진성철 기자 주택시장 침체로 장기화로 사실상 부동산 거래가 중단되면서 문을 닫는 부동산 중개업소가 속출하고 있는 가운데 12일 서울 송파구 신천동 한 아파트단지 상가 내 폐업 후 업종 변경 중인 부동산 중개업소 앞으로 사람이 지나가고 있다.,https://news.naver.com/main/read.nhn?mode=LSD&mid=shm&sid1=260&oid=001&aid=0005108668,284
260949,2011.06.12. 오후 3:26,부동산,머니투데이,최저 경매가 3억 이하의 서울 아파트,머니투데이 전예진 기자 알짜경매브리핑 양천구 신정동 목동신시가지 전용 51㎡ 2억9600만원부터 이번 주에는 최저경매가가 3억 이하인 서울의 아파트를 소개한다. 12일 부동산태인에 따르면 이번 주 6월13일 20일 3억원 이하부터 입찰할 수 있는 서울 아파트 5건이 경매시장에 나온다. 14일에는 남부지법에서 서울 양천구 신정동 목동신시가지 1118동 51.48㎡ 이하 전용면적 가 최저가 2억9600만원부터 경매에 부쳐진다. 양천구 신정동 목동고 남측에 위치한 아파트로 1988년 10월 입주한 1515가구로 이뤄졌다. 15층 중 10층 남동향 복도식 아파트로 실내는 방 2개 욕실겸 화장실 1개 거실 주방 다용도실 등으로 구성돼 있다. 교통여건은 지하철 2호선 양천구청역이 걸어서 12분 거리에 있고 서부간선도로 1번국도 경인고속도로 경인국도 등이 가깝다. 학교시설은 단지 내 계남초 목동고를 비롯해 은정초 갈산초 신서중 등으로 걸어서 통학할 수 있다. 편의시설은 현대백화점 하나로클럽 이대목동병원 목동종합운동장 등이 있고 주변에 안양천 갈산공원 파리공원 계남근린공원 등의 자연친화시설이 풍부하다. 감정가는 3억7000만원이며 아파트 매매시세는 3억5750만 3억9750원 정도다. 전세는 1억4000만 1억5500만원에 형성돼 있다. 단 지난달 기준 7개월치 체납관리비 113만 2680원이 있다. 인근 낙찰사례를 보면 지난 4월 감정가 4억2000만원의 신정동 신시가지14차 1414동 55.02㎡에 12명이 몰려 3억7686만원 89.73% 에 낙찰됐다. 지난달 9일에는 감정가 4억2000만원의 신정동 목동우성2차 209동 84.96㎡에 3명이 응찰해 3억5120만원 83.62% 에 주인을 찾았다. ↑ 양천구 신정동 목동신시가지 아파트 전경 ⓒ부동산태인 같은 날 북부지법에서는 노원구 공릉동 태강 1020동 59.34㎡가 감정가의 80%인 2억2400만원부터 경매된다. 1999년 8월 입주한 1676가구 규모의 단지로 노원구 공릉동 소재 공릉중 북측인근에 위치하고 있다. 본건은 12층 중 12층 남향 복도식 구조로 방 3개 주방 거실 욕실겸 화장실 1개 등으로 이뤄졌다. 지하철 6호선 화랑대역이 걸어서 8분 거리에 있고 북부순환도로 동부간선도로 내부순환도로 등의 도로망이 단지에서 1.5㎞ 이내에 있어 교통여건이 양호한 편이다. 학교시설은 태릉초 공릉중 태릉고 등으로 통학이 가능하고 홈플러스 신내점 공릉시장 원자력병원 등의 편의시설을 이용할 수 있다. 봉화산 중랑천 등도 가까워 여가활동을 하기에도 좋다. 감정가는 2억8000만원이며 현재 매매시세는 2억6200만원 3억원이다. 전세는 1억 6000만 1억7250만원 정도에 형성돼 있다. 인근 낙찰사례를 보면 지난달 감정가 2억4000만원의 공릉동 현대성우 101동 59.98㎡가 5명이 경쟁 끝에 2억900만원 87.08% 에 팔렸다. 지난 3월에는 감정가 3억5000만원의 공릉동 청솔 805동 84.83㎡에 1명이 입찰해 2억8210만원 80.60% 에 낙찰됐다.,https://news.naver.com/main/read.nhn?mode=LSD&mid=shm&sid1=260&oid=008&aid=0002553720,284
260950,2011.06.12. 오후 3:24,부동산,머니투데이,다양한 평면설계로 선택 폭 넓은 명륜 아이파크,머니투데이 이군호 기자 모델하우스 탐방 현대산업개발 부산 명륜아이파크 현대산업개발이 분양하는 부산 명륜 아이파크는 선호도가 높은 중소형이 60% 이상을 차지하고 있고 다양한 라이프스타일을 고려해 14가지 주택형을 공급 실수요자들의 선택의 폭을 넓혔다. 부산지하철 3호선 거제역 인근에 위치한 명륜 아이파크 모델하우스에서는 이중 가구수가 가장 많은 115A㎡ 143A㎡ 159B㎡ 3가지 유닛을 만나볼 수 있다. 판상형 주동에 배치된 115A㎡ 전용 84㎡ 는 3베이 구조로 채광과 환기에 유리하며 현관과 침실 주방 등에는 사용 빈도와 편의성을 고려해 넉넉한 수납공간을 설치했다. 옵션으로 제공되는 칼라테라피 벽지를 통해 세대 내부를 취향에 맞게 연출할 수 있다. 전 가구 남향으로 배치된 143A㎡ 110㎡ 는 여유있는 공간 활용을 위해 중대형임에도 불구하고 3개 침실로만 구성했다. 거실과 주방이 발코니와 함께 연결된 오픈형 주방 설계로 탁 트인 느낌을 주며 침실 사이에 위치한 가족실 공간까지 연결돼 더욱 개방감이 느껴진다. 가족실은 143A㎡ 타입에서만 만나볼 수 있다. ↑부산 명륜 아이파크 159B형 거실 타워형 주동에 배치된 건축될 159B㎡ 126㎡ 는 4개 침실을 갖춘 구조로 거실과 주방을 하나의 공간으로 설계했다. 넓은 주방은 일자형으로 공간 활용에 있어 여유로움과 함께 시원한 느낌을 가미했고 각 방마다 발코니가 있어 확장 시에는 보다 넓은 실내공간을 활용할 수 있다. 명륜 아이파크는 부산의 대표적인 문화유적이자 부산 유형문화제 제6호인 동래향교를 단지 남쪽으로 안고 있는 모습이다. 단지 주변으로 마안산과 함께 동래읍성의 북장대와 인생문 영보단 등을 복원한 명륜공원 舊 동래사적공원 을 비롯해 가야시대 유물을 전시한 복천박물관 등이 위치해 있다. 명륜 아이파크의 또 다른 장점은 트리플역세권이라는 것이다. 부산지하철 1호선과 4호선의 환승역인 동래역을 비롯해 1호선 명륜역과 4호선 수안역을 이용할 수 있다. 편의시설로는 동래구청 롯데백화점 메가마트 등이 인접해있고 2014년 동래역 복합환승센터가 조성돼 환승시설과 함께 멀티플렉스 아이스링크 피트니스센터 쇼핑몰 병원 등이 들어설 예정이다. 현대산업개발 양금석 남부지사장은 명륜동은 입지가 우수하고 주거환경이 검증된 곳 이라며 중소형 위주의 구성과 14가지의 다양한 주택형으로 인해 수요자들이 많은 관심을 보이고 있다 고 말했다. 부산시 동래구 명륜3구역을 재개발하는 명륜 아이파크는 지상 28층 20개동 1409가구 규모로 전용면적 62 151㎡ 1041가구가 일반분양된다. 오는 15일 특별공급을 시작으로 16일부터 20일까지 청약이 진행될 예정이며 24일 당첨자 발표를 거쳐 29일부터 계약을 실시한다. 입주는 2013년 11월 말로 예정돼 있다. 분양가는 3.3㎡당 890만원대다.,https://news.naver.com/main/read.nhn?mode=LSD&mid=shm&sid1=260&oid=008&aid=0002553719,284
260951,2011.06.12. 오후 3:05,부동산,이데일리,고가주택 6억 or 9억..적용사례는,양도세·취득세·종부세는 9억원 기준 중개수수료·국민주택채권 매입·DTI는 6억원 적용 이데일리 이태호 기자 고가주택 기준이 지난 2008년 6억원에서 9억원으로 상향조정됐지만 여전히 6억원을 고가주택으로 간주하는 경우가 남아있다. 현행 세법에서는 양도세나 취득세의 경우 9억원 초과 주택에 높은 세금을 부과하고 있다. 양도세는 1가구 1주택자라 하더라도 집값이 9억원을 넘으면 세금을 부과한다.,https://news.naver.com/main/read.nhn?mode=LSD&mid=shm&sid1=260&oid=018&aid=0002451223,284
260952,2011.06.12. 오후 3:04,부동산,머니투데이,전·월세 시장 뜨거운 여름 오나,머니투데이 김창익 기자 기준금리 인상에 재건축 이주수요 겹쳐 2차 급등 가능성도 ↑한국은행이 기준금리를 3.25%로 올리면서 전세값 인상에 대한 우려가 커지고 있다. 한국은행이 기준금리를 3.25%로 0.25%포인트 전격 인상하면서 최근 다시 상승조짐을 보이는 전·월세 시장이 직격탄을 맞을 것으로 보인다. 주택담보대출 금리가 심리적 마지노선인 6%대에 진입한 가운데 재건축·재개발에 따른 이주가 본격화할 경우 전·월세 시장이 지난해말 올해초에 이어 2차 급등세를 탈 가능성이 큰 것으로 전망되고 있다. 12일 부동산 업계에 따르면 한국은행은 지난 10일 금융통화위원회를 열고 기준금리를 3.0%에서 3.25%로 인상했다. 이로써 2008년 10월 금융위기 후 2009년 2월까지 2.25%로 하향조정됐던 기준금리는 지난해 7월부터 4차례의 단계적인 인상을 걸쳐 1%포인트 상향 조정됐다. 기준금리 인상은 은행권의 주택담보대출 금리 인상으로 직결돼 대출받아 집을 산 서민들의 부담으로 고스란히 이어진다. 2억을 대출받아 집을 산 경우 연간 대출이자는 1년 전에 비해 200만원이 늘게 된다. 한달에 20만원 가량 이자를 더 내야하는 것이다. 문제는 대출 이자 부담이 서민들의 심리적 마지노선에 가까워지면서 대출을 끼고 집을 사는 수요를 더욱 얼어붙게 할 가능성이 크다는 점이다. 91일물 양도성예금증서 금리는 지난해 11월 2.66%에서 지난 10일 기준으로 3.56%로 0.9%포인트 인상됐다. CD금리 인상분이 그대로 주택담보대출금리 인상분으로 이어지는 최근 추세를 감안하면 당시 5%대였던 주택담보대출금리가 6%대에 진입했다는 얘기다. 박합수 국민은행 부동산팀장은 박합수 국민은행 부동산팀장은 월 300만 500만원을 받는 월급쟁이들이 주택담보대출 2억원을 받아 집을 샀을 경우 버틸 수 있는 1차적 마지노선이 되는 금리가 6% 라고 전제했다. 이어 그는 6%대로 주택담보대출금리가 오를 경우 일반서민들이 대출을 받아 집을 사는 매매수요는 완전히 얼어붙을 수밖에 없다 면서 주택공급이 거의 없는 상황에서 전세난만 가중시킬 수 있다 고 지적했다. 2년 단위로 계약하는 전세시장에 비해 월세시장은 금리 인상이 더욱 민감하게 반응한다. 서울 강남구 대치동 D중개업소 사장은 월세는 금리에 따라 오른다 며 대출로 집을 산 집주인들의 이자부담이 결국은 세입자로부터 나오는 셈 이라고 말했다. 더구나 올 하반기부터 강남권을 중심으로 재건축·재개발 이주에 따른 전세수요가 급증할 것으로 예상돼 전세난이 더욱 가중될 가능성이 큰 상황이다. 부동산정보업체 부동산114에 따르면 건립예정 가구수가 500가구 이상인 재건축·재개발 대상 단지 중 올 하반기 18개 단지가 올해 하반기 이주 계획을 잡고 있다. 특히 재건축의 경우 500가구 현재 가구수 이상의 대규모 재건축 아파트 이주단지 세 곳이 모두 강남구·송파구·서초구 등 이른바 강남3구에 집중돼 있다. 수도권 전세값 인상의 진원지인 강남 전세값 상승폭이 더욱 커질 수 있다는 얘기다. 부동산114에 따르면 지난 주 서울 전세값은 전주보다 0.03% 신도시·수도권은 공히 0.02%가 올라 상승폭이 커졌다. 강남이 0.17%나 오르면서 전체적인 상승세를 이끌었다.,https://news.naver.com/main/read.nhn?mode=LSD&mid=shm&sid1=260&oid=008&aid=0002553716,284
260953,2011.06.12. 오후 2:35,부동산,헤럴드경제,수원광교 오피스텔 최저가 분양시작,☞ 경기대 도보 3분 경기대역 도보2분 거리의 초역세권 ☞ 전매 무제한 1가구 2주택 미적용 ☞ 광교 신도시 최저 분양가 ☞ 오피스텔 600만원대 상가 2 000만원대 ☞ 선착순 호수 지정 계약 ☞ 고품격 풀옵션 미래 가치 상승과 프리미엄 기대 ☞ 소액투자 가능 투자 대비 임대수익 안정적 ☞ 전세가 높아 환금성 유리 ☞ 부동산 투자 전문가들이 말하는 최고의 상업지역 ☞ 광교 테크노밸리 바로옆에 위치 ☞ 동수원 IC 최단거리 약 100m ☞ 주 풍산건설 책임준공 국제신탁 자금관리 2011년 새해 부동산 시장에서 사람들에게 가장 뜨거운 관심을 받고 있는 지역은 어디일까 모든 부동산 전문가들은 한목소리로 광교 신도시를 1순위로 지목하고 있다. 그 동안 논란을 거듭해온 경기도청 수원지방법원 수원지방검찰청 이전이 확정되면서 118 218㎡ 약35 760평 규모의 행정타운과 65 858㎡ 약19 922평 법조타운이 조성되고 신분당선 연장선의 실시계획승인으로 1월에 착공이 들어가면서 지하철 개통으로 인한 역세권 호재까지 반영되며 상업시설이 살아나고 임대 수요 또한 폭발적으로 늘어날 것이라는 것이 전문가들의 공통된 의견이다. 광교신도시는 경기도 수원시 영통구 이의동 원천동 하동과 팔달구 우만동 장안구 하광교동 상광교동 및 용인시 수지구 상현동 일원 등 2개의 시에 걸쳐서 산업단지와 상업 주거 행정이 어우러져 개발되는 자족 신도시이다. 도시 중심성을 확보할 수 있는 도시공간구조 형성 및 친환경적 도시환경 조성으로 수원시와 용인시 서북부 지역의 발전 도모를 목적으로 하고 있으며 총 면적은 1130만 1699㎥ 약341만8000평 이며 강남 분당 판교를 잇는 경부축 연결 선상에 위치하고 있다. 광교신도시는 영동고속도로 경부고속도로 용인서울고속도로 북수원 상현IC간 도로 흥덕 하동간 도로 동수원 성북IC간 도로 교차지점에 입지하고 있으며 지구내의 동수원 나들목 광교 나들목 신대 나들목의 이용으로 사통팔달 동서남북 어디든지 신속하게 갈 수 있다. 현재 용인서울간고속도로 이용하면 강남까지 30분정도 소요되며 2015년에는 정자역에서 광교신도시에 이르는 신분당선이 개통돼 강남까지 30분이면 도달이 가능하게 되며 지하철 버스를 통해 외부 대중교통을 최대 60%까지 분담하게 된다. 또한 광교신도시의 교육기관은 신설될 학교를 포함해 초등학교 9곳 중학교 6곳. 고등학교 8곳이며 특히 서울대학교 융합과학기술대학원 아주대학교 경기대학교 경희대학교 합동신학대학원대학교등 대학교 5곳도 입지하게 된다. 더불어 경기과학고 서울국제학교 성남 성균관대학교 경희대학교 국제캠퍼스 등 의 학교들도 인근지역에 위치하고 있으며 광교신도시 주변에 아주대병원 빈센트 병원 등 800병상 이상의 대형병원이 입지하고 있으며 추후 동백연세대 의료원과 을지병원 등이 추가로 입지할 예정이다. 녹지율은 국내 신도시 최고 수치인 41 7% 주택용지비율은 18.8% 자족용지비율은 27%이며 20만평 2 043 858㎥ 넓이의 원천 신대호수를 포함하고 있다. TOD Transit Oriented Developement 압축도시 지향으로 인구밀도는 69 ha로 국내 신도시 중 최저이며 주택은 아파트 23 227세대 연립주택 2 149세대 주상복합 5 624세대로 총 31 000세대가 공급된다. 특히 광교테크노밸리는 26만 9404㎡ 약81 495평 의 대규모 부지로 경기도에서 1990년대 후반부터 추진한 사업단지로 총 사업비만 5728억원이상 투입됐다. 2001년부터 운영중인 경기중소기업지원센터를 필두로 2006년에 개원한 나노소자특화팹센터 2007년에 완공된 경기바이오센터와 경기R D센터를 비롯해 차세대융합기술연구원 중소기업지원센터 등 5개 기관과 기업 224개 업체가 입주해 있고 주변으로는 첨단바이오특화단지 경기도청을 포함한 광교행정타운 법조타운과 같은 대형 산업 및 업무시설이 조성되고 있다. 이곳에 풍산건설이 책임준공하고 국제신탁이 자금관리 하는 이스턴타워 오피스텔과 상가를 지하4층 지상10층 규모로 공사진행중이며 분양을 시작했다. 이스턴타워 오피스텔.상가는 경기대와 경기대역 광교테크노 밸리를 연결하는 트라이앵글 삼각축 의 중심축에 위치하고 있으며 광교테크노밸리에 입주한 224개 기업체의 약 4천여명의 상주인원과 제약 첨단바이오 특화단지 조성으로 향후 상주인원은 1만2천여명 일이용객 1만여명 교육연구연인원 7만여명의 이상의 대규모 상권이 유입되면서 2만여 가구에 달하는 배후세대와 경기대학교 약2만여명 아주대학교 약1만2천여명 경희대학교 서울대학교 융합 기술대학원 아주대병원 합동신학대학원대학교 등의 교육시설이 밀집돼 있고 비즈니스파크 및 R D단지등이 가까워 소형 오피스텔을 찾는 직장인 연구원 신혼부부 대학생 등의 풍부한 임대수요가 기대된다. 부동산 전문가들은 광교는 명품신도시 이미지로 현재 중대형 아파트가 주류를 이루고 있고 소형평형 아파트의 공급률이 낮고 오피스텔 용지 광교 6% 분당 9% 판교 8% 일산 8% 부족으로 오피스텔 공급이 턱 없이 부족해 위의 상주인원들의 수용이 한정될 수밖에 없으므로 광교신도시의 완공 후 중소형 오피스텔은 물론 산가도 품귀현상이 바로 나타날 것으로 예상되다 보니 광교신도시의 이스턴타워 오피스텔 상가를 최고의 투자처로 손꼽을수 있다고 말하고 있다. 이스턴타워 오피스텔 상가는 현재 지하 토목공사가 완료 단계로 공정률 20%이상 진행중이고 분양가에서도 거품을 모두 빼고 광교신도시에서 사상 최초의 최저 분양가를 책정하였다. 많은 투자자들이 앞다퉈 이스턴타워 오피스텔 상가 신축 현장을 찾고 있으므로 수익형 부동산에 관심을 갖는분들이나 안정된 투자처를 찾는분 미래가치를 생각하는분 첫투자 하시는 분들은 하루 빨리 방문하는 것이 좋으며 방문전 신청금 입금하시고 호수지정을 받고 방문 상담하시는 것이 유리하다.,https://news.naver.com/main/read.nhn?mode=LSD&mid=shm&sid1=260&oid=016&aid=0000386384,284
260954,2011.06.12. 오후 1:59,부동산,머니투데이,신영웅천지웰2차 모델하우스 방문객 수만명 몰려,머니투데이 송지유 기자 지난 10일 개관 이후 3일간 2만1000여명 방문…대기줄 1000m 진풍경 연출도 전남 여수 웅천택지지구 해양리조트형 아파트 신영웅천지웰2차 모델하우스에 방문객 수만명이 몰려 북새통을 이뤘다. 신영은 지난 10일 문을 연 웅천지웰2차 모델하우스에 3일간 2만1000여명이 방문했다고 12일 밝혔다. 이는 여수시 전체 인구가 29만여명인 점을 감안할 때 약 상당수 주민들이 모델하우스를 찾은 셈이다. 모델하우스에 입장하려고 대기인파가 문 밖으로 1000m 이상 줄을 서는 등 좀처럼 보기 어려운 진풍경도 연출됐다. 신영 관계자는 전남권역 수요자는 물론 부산 대전 수도권 투자자들도 상당수 모델하우스를 방문하고 있다 며 한려수도가 한눈에 내려다보이는 국내 최고 해상조망권을 갖춘 단지인데다 여수엑스포에 대한 기대감이 커 수요자들의 관심이 집중되고 있다 고 말했다. 지난 2008년 공급된 신영웅천지웰1차 1084가구는 100% 분양이 완료됐다. 이번에 공급되는 2차 614가구 전용면적 84∼112㎡ 는 오는 20∼23일 순위별 청약이 진행된다.,https://news.naver.com/main/read.nhn?mode=LSD&mid=shm&sid1=260&oid=008&aid=0002553703,284
260955,2011.06.12. 오후 1:54,부동산,연합뉴스,인덕원수원 복선전철건설 촉구 서명운동,전철건설 촉구 서명하는 시민들 수원 연합뉴스 12일 낮 경기도 수원시 장안구 연무동 광교산 입구에서 시민들이 인덕원 수원 복선전철 건설을 촉구하는 서명을 하고 있다. 지방기사 참고 2011.6.12 kcg33169 yna.co.kr hp blog.yonhapnews.co.kr kcg33169 수원 연합뉴스 강창구 기자 한나라당 경기도 수원시 장안구 당원협의회 위원장 박흥석 는 지역 숙원사업인 인덕원∼수원 복선전철 건설을 촉구하기 위한 범시민 서명운동에 돌입했다고 12일 밝혔다. 한나라당 장안구 당협은 11일에 이어 이날 당직자 지역 주민들과 함께 광교산 입구 조원동 홈플러스 만석공원 등지에서 거리서명운동에 나서 1천여명으로부터 서명을 받았다. 당협은 앞으로 수원은 물론 안양 의왕 화성 등 전철이 통과하게 될 해당 지역 한나라당 당협 시민단체와 연대해 서명운동을 확대 전개하는 등 복선전철이 조속히 건설될 수 있도록 촉구할 계획이다. 인덕원∼수원 복선전철은 전철 4호선 안양시 인덕원을 출발 의왕시를 거쳐 수원 장안구청 월드컵경기장 광교신도시 영통을 거쳐 화성 동탄신도시를 잇는 총연장 35.3㎞의 사업으로 총 2조4천735억원이 소요된다. 이 사업은 2003년 전철 4호선 연장사업으로 추진됐으나 그동안 경제성 부족 등을 이유로 지연되다 기획재정부가 올 상반기 예비타당성 조사 대상사업으로 선정함에 따라 사업추진 여부가 주목되고 있다. 그동안 수원시민은 물론 의왕시에서도 교통난 해소를 위해 조속한 건설을 촉구하는 건의문 등을 정부 관련부처에 제출했고 한나라당 안상수 의원 의왕.과천 도 지난해 11월 국토해양부 한국철도시설관리공단 등 관계자들을 초청해 공청회를 열기도 했다. 박흥석 당협위원장은 경제성 부족으로 유보됐던 2007년에 비해 광교신도시 건설 등으로 지역여건이 크게 달라진 만큼 인덕원∼수원 복선전철은 조속히 건설돼야 한다 며 시민의 서명을 받아 정부 관련부처에 제출할 계획 이라고 말했다.,https://news.naver.com/main/read.nhn?mode=LSD&mid=shm&sid1=260&oid=001&aid=0005108468,284
260956,2011.06.12. 오후 1:51,부동산,헤럴드경제,한강신도시 한라비발디아파트 선착순 특별분양,☞중도금 무이자 ☞계약금 5% ☞생태공원 18만 바로 앞 위치 ☞한강 조망권 ☞여의도 19분 쾌속 교통망 김포 한강로 직접 연결 ☞녹지율 53% ☞ 한강 프리미엄 최초 천만원대 마지막 기회 ☞ 18만평의 생태공원을 내집 마당 안으로 ☞ 한강변 아파트 미래가치에 대한 투자 ☞ 한강 생활권의 최고의 가치 지방 분양시장의 분양열기가 수도권 시장에도 전해지고 있다. 4월 중순 문을 연 ‘한강신도시 한라비발디’ 견본주택에는 많은 인파가 다녀가면서 수도권 분양시장에도 훈풍이 불고 있다. 한라건설에 따르면 김포한강신도시에 분양하는 ‘한강신도시 한라비발디’는 견본주택 개관 첫날 7500명 주말에 약 2만여 명이 다녀가 3일 동안 약 2만 8천 여명이 견본주택을 다녀갔다. 견본주택 앞에는 개관 전부터 방문객들로 인해 줄이 길게 늘어서는 진풍경이 펼쳐졌고 견본주택 안에도 분양상담을 받으려는 방문객들로 내내 인산인해를 이뤘다. 한라건설 관계자는 “김포한강신도시는 8월에 김포한강로가 개통되면 서울 접근성이 좋아지며 특히 운양용화사IC가 택지내에서 가장 근거리에 위치해 서울로 이동이 수월하다”고 말했다. 또 “한강신도시 한라비발디 분양가는 3.3㎡ 당 1060만원으로 타 지역보다 저렴한 분양가로 한강과 조류생태공원 등을 조망할 수 있다는 것이 가장 큰 장점”이라고 덧붙였다. ‘한강신도시 한라비발디’는 지하2층 지상19층 12개 동 총857가구의 대단지로 전용면적 기준 105㎡형 513가구 106㎡형 284가구 126㎡형 60가구로 구성됐다. 분양가는 3.3㎡ 당 1060만원으로 계약금 5%씩 2회 분납 중도금 60% 전액 무이자가 적용된다. 전매는 계약 1년 후부터 가능하다. ‘한강신도시 한라비발디’ 견본주택은 김포시 고촌읍 신곡리에 위치해 있다. 선착순 특별 분양이므로 신청금 입금 후 방문하는 것이 유리하다.,https://news.naver.com/main/read.nhn?mode=LSD&mid=shm&sid1=260&oid=016&aid=0000386383,284
260957,2011.06.12. 오후 1:43,부동산,파이낸셜뉴스,청담자이 분양물량 전환분 16가구 20일부터 청약 시작,GS건설은 서울 강남구 청담동에서 올 10월 입주하는 ‘청담자이’ 16가구에 대해 오는 20일부터 인터넷 청약을 받는다고 12일 밝혔다. 청담자이는 지난 2009년 서울 강남구 청담동 청담한양아파트를 재건축한 단지로 지하2층 지상35층 5개 동에 총 708가구로 구성됐다. 이번에 분양되는 16가구는 지난 2009년 임대주택건설의무제가 폐지되면서 새롭게 분양물량으로 전환된 것이다. 16가구는 전용면적 49㎡ 4가구 89㎡ 12가구다. 주택법 적용을 받지않아 청약금 500만원만 있으면 청약통장이 없어도 누구나 청약이 가능하다. 청담자이 홈페이지 www.cd xi.co.kr 에서 접수하며 추첨을 통해 당첨자가 결정된다. 당첨자는 분양금의 10%를 내고 중도금 분양대금의 10% 를 납입한 후 10월 입주때 잔금을 내면 된다. 발코니 무료확장과 시스템 에어컨을 무료로 설치해준다. 한강변에 위치해 올림픽대로와 인접해 있고 7호선 청담역을 걸어서 이용할 수 있어 교통도 편리하다. 경기고 휘문고 등 강남 최고 명문학군을 갖추고 있는 것도 장점이다. 특히 소형주택은 임대상품으로도 인기가 높을 것으로 예상된다. GS건설 관계자는 “분양물량은 실수요자에게 인기가 높은 중소형인데다 분양가도 조합원 물량 거래가격보다 낮아 인기가 높을 것”이라며 “전세시세만 해도 분양가의 50%를 넘는데다 인근에 임대수요도 풍부해 임대투자용으로 고려해볼만 하다”고 말했다.,https://news.naver.com/main/read.nhn?mode=LSD&mid=shm&sid1=260&oid=014&aid=0002454855,284
260958,2011.06.12. 오후 1:38,부동산,이데일리,신영 웅천지웰2차 견본주택 2만여명 몰려,이데일리 이태호 기자 전남 여수에 건설되는 해양 리조트형 아파트 신영 웅천지웰2차 견본주택 사진 에 지난 10일부터 12일까지 3일 동안 2만1000여명이 다녀갔다고 신영 측이 12일 밝혔다. 여수시 전체 인구가 29만여명임을 감안하면 100명 중 7명이 다녀간 셈이다. 부산과 대전 서울 경기도에서도 항공편과 열차를 이용한 방문객이 줄을 이었다. 신영 웅천지웰2차는 여수시 최초 택지개발지구 내 단지로 지난 2008년 분양한 1차 1084가구는 100% 분양완료됐다. 이번에 분양하는 2차는 전용면적 84㎡ 112㎡ 총 614가구로 구성된다. 한려수도가 내려다보이는 아파트 바로 앞에는 인공해수욕장도 조성돼 있다. 청약 접수는 이달 20일부터 23일까지이다.,https://news.naver.com/main/read.nhn?mode=LSD&mid=shm&sid1=260&oid=018&aid=0002451218,284
260959,2011.06.12. 오후 1:20,부동산,헤럴드경제,부평 역세권 소형 오피스텔 신일 유스테이션 특별 분양,☞ 계약금 5% 약 500만원 만 내시면 입주때 까지 들어가는 돈이 없다. ☞ 중도금 전액 무이자 ☞ 풀옵션 특별 제공 ☞ 1가구 2주택 무관 ☞ 서울 7호선 부평구청역과 인천 지하철 1호선 환승역세권·서울 1호선 부평역 신일건업이 인천 부평구 부평역과 부평 구청역 2분거리에 오피스텔 ‘신일 유스테이션’을 분양 중이다. 지난번 문을 연 신일 유스테이션 견본주택은 개관 3일 동안 1만 명이 넘는 관람객이 찾아 청약돌풍을 예고했다. 최근 3년 동안 주변지역에 신규오피스텔이 없었다는 측면에서 수익률에 대한 투자자들의 기대가 컸던 것으로 보인다고 회사측은 밝혔다. 신일 유스테이션은 지하 7층∼지상 20층 규모의 주상복합 오피스텔로 64.46㎡ 19형 108실 마감 70.61㎡ 21형 224실 82.85㎡ 25형 18실 103.31㎡ 31형 32실 등으로 총 382실로 구성됐다. 분양가와 계약조건도 우수하다. 분양가는 3.3㎡당 400만원 대로 저렴하며 중도금 무이자 혜택 무제한 전매제한 풀옵션 무상제공 등 혜택이 소액투자자들의 관심을 끌 것으로 보인다. 소형오피스텔이지만 20층 규모의 랜드마크적 외관 고급커뮤니티와 풀옵션 및 세련된 마감자재를 활용한 점도 눈에 띈다. 인천지하철 1호선과 환승될 예정인 7호선 부평구청역이 2012년 개통 예정으로 오피스텔 완공과 함께 도보 5분에 바로 이용가능한 더블 역세권 으로 강남까지 50분대면 이동할 수 있게 된다. 근처에 공단이 있어 공실이 거의 없는 안정적인 임대수요를 제공한다오후 4 30 2011 06 08. 북측에 GM대우 자동차공단 1만2000여명 부평공단 2만356명 이 있고 남측으로는 부평시장 상권이 자리한다. 또한 바로옆에는 부평구청이 위치해 있어 공실 걱정은 없을 듯 하다. 신일 유스테이션 관계자는 “싼 분양가와 최근 주변지역에 신규오피스텔이 없었다는 점에 수요자들이 매력을 느낄 것으로 판단된다”고 말했다. 견본주택은 롯데마트 삼산점과 삼산체육관 인근에 위치해 있다. ◈ 신청금 100만원을 입금하시고 방문하시면 호수 지정에 유리하다. ◈ 신청계좌 국민은행 392001 04 162963 ◈ 예금주 u3000신일건업 정 계약시에는 자금관리 신탁사로 입금합니다.,https://news.naver.com/main/read.nhn?mode=LSD&mid=shm&sid1=260&oid=016&aid=0000386380,284
260960,2011.06.12. 오후 1:05,부동산,헤럴드경제,광교신도시 소형오피스텔 무조건 잡아라,☞ 경기대 도보 3분 경기대역 도보2분 거리의 초역세권 ☞ 전매 무제한 1가구 2주택 미적용 ☞ 광교 신도시 최저 분양가 ☞ 오피스텔 600만원대 상가 2 000만원대 ☞ 선착순 호수 지정 계약 ☞ 고품격 풀옵션 미래 가치 상승과 프리미엄 기대 ☞ 소액투자 가능 투자 대비 임대수익 안정적 ☞ 전세가 높아 환금성 유리 ☞ 부동산 투자 전문가들이 말하는 최고의 상업지역 ☞ 광교 테크노밸리 바로옆에 위치 ☞ 동수원 IC 최단거리 약 100m ☞ 주 풍산건설 책임준공 국제신탁 자금관리 2011년 새해 부동산 시장에서 사람들에게 가장 뜨거운 관심을 받고 있는 지역은 어디일까 모든 부동산 전문가들은 한목소리로 광교 신도시를 1순위로 지목하고 있다. 그 동안 논란을 거듭해온 경기도청 수원지방법원 수원지방검찰청 이전이 확정되면서 118 218㎡ 약35 760평 규모의 행정타운과 65 858㎡ 약19 922평 법조타운이 조성되고 신분당선 연장선의 실시계획승인으로 1월에 착공이 들어가면서 지하철 개통으로 인한 역세권 호재까지 반영되며 상업시설이 살아나고 임대 수요 또한 폭발적으로 늘어날 것이라는 것이 전문가들의 공통된 의견이다. 광교신도시는 경기도 수원시 영통구 이의동 원천동 하동과 팔달구 우만동 장안구 하광교동 상광교동 및 용인시 수지구 상현동 일원 등 2개의 시에 걸쳐서 산업단지와 상업 주거 행정이 어우러져 개발되는 자족 신도시이다. 도시 중심성을 확보할 수 있는 도시공간구조 형성 및 친환경적 도시환경 조성으로 수원시와 용인시 서북부 지역의 발전 도모를 목적으로 하고 있으며 총 면적은 1130만 1699㎥ 약341만8000평 이며 강남 분당 판교를 잇는 경부축 연결 선상에 위치하고 있다. 광교신도시는 영동고속도로 경부고속도로 용인서울고속도로 북수원 상현IC간 도로 흥덕 하동간 도로 동수원 성북IC간 도로 교차지점에 입지하고 있으며 지구내의 동수원 나들목 광교 나들목 신대 나들목의 이용으로 사통팔달 동서남북 어디든지 신속하게 갈 수 있다. 현재 용인서울간고속도로 이용하면 강남까지 30분정도 소요되며 2015년에는 정자역에서 광교신도시에 이르는 신분당선이 개통돼 강남까지 30분이면 도달이 가능하게 되며 지하철 버스를 통해 외부 대중교통을 최대 60%까지 분담하게 된다. 또한 광교신도시의 교육기관은 신설될 학교를 포함해 초등학교 9곳 중학교 6곳. 고등학교 8곳이며 특히 서울대학교 융합과학기술대학원 아주대학교 경기대학교 경희대학교 합동신학대학원대학교등 대학교 5곳도 입지하게 된다. 더불어 경기과학고 서울국제학교 성남 성균관대학교 경희대학교 국제캠퍼스 등 의 학교들도 인근지역에 위치하고 있으며 광교신도시 주변에 아주대병원 빈센트 병원 등 800병상 이상의 대형병원이 입지하고 있으며 추후 동백연세대 의료원과 을지병원 등이 추가로 입지할 예정이다. 녹지율은 국내 신도시 최고 수치인 41 7% 주택용지비율은 18.8% 자족용지비율은 27%이며 20만평 2 043 858㎥ 넓이의 원천 신대호수를 포함하고 있다. TOD Transit Oriented Developement 압축도시 지향으로 인구밀도는 69 ha로 국내 신도시 중 최저이며 주택은 아파트 23 227세대 연립주택 2 149세대 주상복합 5 624세대로 총 31 000세대가 공급된다. 특히 광교테크노밸리는 26만 9404㎡ 약81 495평 의 대규모 부지로 경기도에서 1990년대 후반부터 추진한 사업단지로 총 사업비만 5728억원이상 투입됐다. 2001년부터 운영중인 경기중소기업지원센터를 필두로 2006년에 개원한 나노소자특화팹센터 2007년에 완공된 경기바이오센터와 경기R D센터를 비롯해 차세대융합기술연구원 중소기업지원센터 등 5개 기관과 기업 224개 업체가 입주해 있고 주변으로는 첨단바이오특화단지 경기도청을 포함한 광교행정타운 법조타운과 같은 대형 산업 및 업무시설이 조성되고 있다. 이곳에 풍산건설이 책임준공하고 국제신탁이 자금관리 하는 이스턴타워 오피스텔과 상가를 지하4층 지상10층 규모로 공사진행중이며 분양을 시작했다. 이스턴타워 오피스텔.상가는 경기대와 경기대역 광교테크노 밸리를 연결하는 트라이앵글 삼각축 의 중심축에 위치하고 있으며 광교테크노밸리에 입주한 224개 기업체의 약 4천여명의 상주인원과 제약 첨단바이오 특화단지 조성으로 향후 상주인원은 1만2천여명 일이용객 1만여명 교육연구연인원 7만여명의 이상의 대규모 상권이 유입되면서 2만여 가구에 달하는 배후세대와 경기대학교 약2만여명 아주대학교 약1만2천여명 경희대학교 서울대학교 융합 기술대학원 아주대병원 합동신학대학원대학교 등의 교육시설이 밀집돼 있고 비즈니스파크 및 R D단지등이 가까워 소형 오피스텔을 찾는 직장인 연구원 신혼부부 대학생 등의 풍부한 임대수요가 기대된다. 부동산 전문가들은 광교는 명품신도시 이미지로 현재 중대형 아파트가 주류를 이루고 있고 소형평형 아파트의 공급률이 낮고 오피스텔 용지 광교 6% 분당 9% 판교 8% 일산 8% 부족으로 오피스텔 공급이 턱 없이 부족해 위의 상주인원들의 수용이 한정될 수밖에 없으므로 광교신도시의 완공 후 중소형 오피스텔은 물론 산가도 품귀현상이 바로 나타날 것으로 예상되다 보니 광교신도시의 이스턴타워 오피스텔 상가를 최고의 투자처로 손꼽을수 있다고 말하고 있다. 이스턴타워 오피스텔 상가는 현재 지하 토목공사가 완료 단계로 공정률 20%이상 진행중이고 분양가에서도 거품을 모두 빼고 광교신도시에서 사상 최초의 최저 분양가를 책정하였다. 많은 투자자들이 앞다퉈 이스턴타워 오피스텔 상가 신축 현장을 찾고 있으므로 수익형 부동산에 관심을 갖는분들이나 안정된 투자처를 찾는분 미래가치를 생각하는분 첫투자 하시는 분들은 하루 빨리 방문하는 것이 좋으며 방문전 신청금 입금하시고 호수지정을 받고 방문 상담하시는 것이 유리하다.,https://news.naver.com/main/read.nhn?mode=LSD&mid=shm&sid1=260&oid=016&aid=0000386378,284
260961,2011.06.12. 오후 1:00,부동산,세계일보,동백의 프리미엄을 누려라 용인 新동백 ‘롯데캐슬 에코’,세계닷컴 전세값 급등으로 용인 분양시장 수혜 용인 부동산 시장에 훈풍이 불고 있다. 급매물들은 자취를 감춘 지가 이미 오래다. 전세값이 급등하자 세입자들이 중소형 아파트 중심으로 매수에 나서면서 호가가 오르고 있다. 시장이 조금씩 살아나자 분양 시장도 활기를 되찾고 있는 분위기다. 특히 수도권 남부 부동산 시장의 전세가 상승이 매섭다. 용인지역으로 대표되는 수도권 남부 전세시장은 용인 서울 고속도로 개통과 신분당선 개통 예정 등 매머드급 교통호재로 강남 접근 성이 개선되면서 전세수요자의 최고 인기지역으로 부상하고 있다. 용인 중소형 아파트 희소가치 높아 용인 지역내에서는 중대형과 중소형의 집값 희비가 엇갈리고 있다. 중소형은 오르고 대형아파트의 가격이 떨어지면서 30평형대와 50평형대 전셋값이 비슷한 경우까지 발생했다. 중대형 아파트들의 급매물이 급증하면서 단위 면적당 가격에서 중대형이 중소형 보다 낮은 가격 역전 현상까지 나타나고 있다. 이는 지난 2007년말 분양가상한제를 피하기 위해 건설사들이 밀어내기식 분양했던 대형 평형 아파트들의 미분양들이 적체되어 있어 중소형 아파트의 희소가치가 부각됐기 때문이다. 중대형 비중이 다른 지역에 비해 높은 데도 불구하고 분양 물량 역시 대형 평형에 치중해 있다. 용인 동백지구 부동산 중개업소 대표는 “용인에 미분양이 많은 것은 사실이지만 대부분이 대형”이라면서 “중소형은 찾는 사람은 많은데 매물은 부족하다 보니 가격도 강세다. 매매나 전세를 막론하고 30평형대는 매물이 없다 보니 분양권은 프리미엄까지 붙고 있는 실정이다”고 설명했다. 이에 따라 용인의 중소형 아파트가 희소가치 부각으로 소비자들에게 각광받고 있다. 선착순 분양중인 “신동백 롯데캐슬 에코”는 계약금 5% 정액제와 중도금 대출 40% 은 이자후불제를 적용함으로 초기 납입 부담을 줄였다. 2013년 6월 입주 예정인 “신동백 롯데캐슬 에코”는 투자의 블루칩으로 실수요자와 투자수요 모두 관심을 가져볼 만한 상품이기에 수요자들이 대거 몰려 모델하우스가 혼잡하므로 미리 전화로 예약 후 청약금 입금하고 방문하는 것이 유리하다. 또한 선착순 수의계약이므로 로열층을 계약하려면 서둘러 방문하시는 것이 좋다. 입금계좌 366501 01 093414 국민은행 예금주 롯데건설㈜ 신청금 500만원 미계약시 전액 환불 홈페이지 blog.naver.com avenue7680 분양문의 031 712 5679 ※본 콘텐츠는 기업 제공 자료로 세계닷컴의견과 다를수 있습니다. Segye.com Segye.com 인기뉴스 구글은 역시 검색왕 … 선정적 콘텐츠도 우글 70대父 얼굴 피날 때까지 때린 패륜아들 결국… 전력난은 남의나라 일 …공무원들 펑펑 썼다 판사 때문에… 성폭행 피해 여성 모텔서 자살 돈 쌓아둔 10개 대학 건축예산 뻥튀기 쏘나타 하이브리드 시승차 멈춰서… 발 동동 억 소리나는 슈퍼카들의 침수 수리비만 무려… ⓒ 세계일보 Segye.com 무단 전재 및 재배포 금지 금융전문뉴스 세계파이낸스 모바일로 만나는 세계닷컴 세계닷컴은 한국온라인신문협회 www.kona.or.kr 의 디지털뉴스이용규칙에 따른 저작권을 행사합니다.,https://news.naver.com/main/read.nhn?mode=LSD&mid=shm&sid1=260&oid=022&aid=0002273951,284
260962,2011.06.12. 오후 12:22,부동산,세계일보,한강이 한 눈에…김포 한강신도시 ‘한라비발디’,세계닷컴 ☞ 중도금 무이자 계약금 5% ☞ 생태공원 18만 바로 앞 위치 ☞ 한강 조망권 ☞ 여의도 19분 쾌속 교통망 김포 한강로 직접 연결 ☞ 녹지율 53% 지방 분양시장의 분양열기가 수도권 시장에도 전해지고 있다. 지난 4월중순 문을 연 ‘한강신도시 한라비발디’ 견본주택에는 많은 인파가 다녀가면서 수도권 분양시장에도 훈풍이 불고 있다. 한라건설에 따르면 김포한강신도시에 분양하는 ‘한강신도시 한라비발디’는 견본주택 개관 첫날 7500명 주말에 약 2만여 명이 다녀가 3일 동안 약 2만 8천 여명이 견본주택을 다녀갔다. 견본주택 앞에는 개관 전부터 방문객들로 인해 줄이 길게 늘어서는 진풍경이 펼쳐졌고 견본주택 안에도 분양상담을 받으려는 방문객들로 내내 인산인해를 이뤘다. 한라건설 관계자는 “김포한강신도시는 7월에 김포한강로가 개통되면 서울 접근성이 좋아지며 특히 운양용화사IC가 택지내에서 가장 근거리에 위치해 서울로 이동이 수월하다”고 말했다. 또 “한강신도시 한라비발디 분양가는 3.3㎡ 당 1060만원으로 타 지역보다 저렴한 분양가로 한강과 조류생태공원 등을 조망할 수 있다는 것이 가장 큰 장점”이라고 덧붙였다. ‘한강신도시 한라비발디’는 지하2층 지상19층 12개 동 총857가구의 대단지로 전용면적 기준 105㎡형 513가구 106㎡형 284가구 126㎡형 60가구로 구성됐다. 분양가는 3.3㎡ 당 1060만원으로 계약금 5%씩 2회 분납 중도금 60% 전액 무이자가 적용된다. 전매는 계약 1년 후부터 가능하다. ‘한강신도시 한라비발디’ 견본주택은 김포시 고촌읍 신곡리에 위치해 있다. 선착순 특별 분양이므로 신청금 입금 후 방문하는 것이 유리하다. 동·호수 지정계좌 우리은행 1005 601 820602 예금주 한라건설 신청금 100만원 분양문의 031 984 9444 홈페이지 blog.naver.com stxkan1999 ※본 콘텐츠는 기업 제공 자료로 세계닷컴의견과 다를수 있습니다. Segye.com Segye.com 인기뉴스 구글은 역시 검색왕 … 선정적 콘텐츠도 우글 70대父 얼굴 피날 때까지 때린 패륜아들 결국… 전력난은 남의나라 일 …공무원들 펑펑 썼다 판사 때문에… 성폭행 피해 여성 모텔서 자살 돈 쌓아둔 10개 대학 건축예산 뻥튀기 쏘나타 하이브리드 시승차 멈춰서… 발 동동 억 소리나는 슈퍼카들의 침수 수리비만 무려… ⓒ 세계일보 Segye.com 무단 전재 및 재배포 금지 금융전문뉴스 세계파이낸스 모바일로 만나는 세계닷컴 세계닷컴은 한국온라인신문협회 www.kona.or.kr 의 디지털뉴스이용규칙에 따른 저작권을 행사합니다.,https://news.naver.com/main/read.nhn?mode=LSD&mid=shm&sid1=260&oid=022&aid=0002273950,284
260963,2011.06.12. 오후 12:00,부동산,아시아경제,부산 명륜 아이파크 견본주택..인산인해,아시아경제 조민서 기자 현대산업개발이 부산 동래구 명륜동에 선보인 명륜 아이파크 견본주택에 수요자들이 몰리고 있다. 12일 현대산업개발은 부산지하철 3호선 거제역 인근에 선보인 명륜 아이파크 견본주택에 첫날 6000명이 방문한 데 이어 11일에는 8000명이 방문했다 라며 주말동안에만 2만명의 방문객이 방문할 것으로 예상한다 고 말했다. 부산시 동래구 명륜 3구역을 재개발해 들어서는 명륜 아이파크 는 지하 3층 지상 28층 20개동 공급면적 기준 39 191㎡ 전용면적 24 151㎡ 총 1409가구 규모다. 조합원 물량 등을 제외한 90 191㎡ 전용면적 62 151㎡ 1041가구가 일반 분양된다. 부산의 대표적인 문화유적이자 부산 유형문화제 제6호인 동래향교를 단지 남쪽으로 안고 있는 명륜 아이파크 는 트리플역세권으로 1호선과 4호선의 환승역인 동래역을 비롯해 1호선 명륜역과 4호선 수안역 등의 이용이 편리하다. 도로 여건도 잘 갖춰져 있어 원동IC와 중앙로 등을 통해 시내외로의 이동이 수월하다. 입지적 장점과 함께 주변 시세에 비해 합리적인 3.3㎡당 890만원 수준으로 분양가가 책정됐다. 이외에도 명륜 아이파크 주변은 앞으로 주거환경정비사업을 통해 명륜 2구역 재개발 등 주택재개발사업 9곳 주택재건축사업 14곳 도시환경정비사업 2곳 등이 예정돼 있어 향후 대규모 아파트 타운으로 탈바꿈할 것으로 보인다. 명륜 아이파크 는 15일 특별공급을 시작으로 16일부터 20일까지 청약이 진행될 예정이다. 24일 당첨자 발표를 거쳐 29일부터 계약을 실시한다. 입주는 2013년 11월 말로 예정돼 있다. 양금석 현대산업개발 남부지사장은 부산은 지난해까지 수요에 비해 공급이 크게 부족했던 지역으로 올해 분양에 나선 아파트 단지 대부분이 순위 내에서 마감될 정도로 시장 분위기가 우호적인 곳 이라고 말했다.,https://news.naver.com/main/read.nhn?mode=LSD&mid=shm&sid1=260&oid=277&aid=0002621658,284
260964,2011.06.12. 오전 11:54,부동산,세계일보,수원의 중심 광교신도시 오피스텔 이스턴타워,세계닷컴 ☞ 경기대 도보 3분 경기대역 도보2분 거리의 초역세권 ☞ 전매 무제한 1가구 2주택 미적용 ☞ 광교 신도시 최저 분양가 ☞ 오피스텔 600만원대 상가 2 000만원대 ☞ 선착순 호수 지정 계약 ☞ 고품격 풀옵션 미래 가치 상승과 프리미엄 기대 ☞ 소액투자 가능 투자 대비 임대수익 안정적 ☞ 전세가 높아 환금성 유리 ☞ 부동산 투자 전문가들이 말하는 최고의 상업지역 ☞ 광교 테크노밸리 바로옆에 위치 ☞ 동수원 IC 최단거리 약 100m ☞ 주 풍산건설 책임준공 국제신탁 자금관리 2011년 부동산 시장에서 사람들에게 가장 뜨거운 관심을 받고 있는 지역은 어디일까 모든 부동산 전문가들은 한목소리로 광교 신도시를 1순위로 지목하고 있다. 그 동안 논란을 거듭해온 경기도청 수원지방법원 수원지방검찰청 이전이 확정되면서 118 218㎡ 약35 760평 규모의 행정타운과 65 858㎡ 약19 922평 법조타운이 조성되고 신분당선 연장선의 실시계획승인으로 1월에 착공이 들어가면서 지하철 개통으로 인한 역세권 호재까지 반영되며 상업시설이 살아나고 임대 수요 또한 폭발적으로 늘어날 것이라는 것이 전문가들의 공통된 의견이다. 광교신도시는 경기도 수원시 영통구 이의동 원천동 하동과 팔달구 우만동 장안구 하광교동 상광교동 및 용인시 수지구 상현동 일원 등 2개의 시에 걸쳐서 산업단지와 상업 주거 행정이 어우러져 개발되는 자족 신도시이다. 도시 중심성을 확보할 수 있는 도시공간구조 형성 및 친환경적 도시환경 조성으로 수원시와 용인시 서북부 지역의 발전 도모를 목적으로 하고 있으며 총 면적은 1130만 1699㎥ 약341만8000평 이며 강남 분당 판교를 잇는 경부축 연결 선상에 위치하고 있다. 광교신도시는 영동고속도로 경부고속도로 용인서울고속도로 북수원 상현IC간 도로 흥덕 하동간 도로 동수원 성북IC간 도로 교차지점에 입지하고 있으며 지구내의 동수원 나들목 광교 나들목 신대 나들목의 이용으로 사통팔달 동서남북 어디든지 신속하게 갈 수 있다. 현재 용인서울간고속도로 이용하면 강남까지 30분정도 소요되며 2015년에는 정자역에서 광교신도시에 이르는 신분당선이 개통돼 강남까지 30분이면 도달이 가능하게 되며 지하철 버스를 통해 외부 대중교통을 최대 60%까지 분담하게 된다. 또한 광교신도시의 교육기관은 신설될 학교를 포함해 초등학교 9곳 중학교 6곳. 고등학교 8곳이며 특히 서울대학교 융합과학기술대학원 아주대학교 경기대학교 경희대학교 합동신학대학원대학교등 대학교 5곳도 입지하게 된다. 더불어 경기과학고 서울국제학교 성남 성균관대학교 경희대학교 국제캠퍼스 등 의 학교들도 인근지역에 위치하고 있으며 광교신도시 주변에 아주대병원 빈센트 병원 등 800병상 이상의 대형병원이 입지하고 있으며 추후 동백연세대 의료원과 을지병원 등이 추가로 입지할 예정이다. 녹지율은 국내 신도시 최고 수치인 41 7% 주택용지비율은 18.8% 자족용지비율은 27%이며 20만평 2 043 858㎥ 넓이의 원천 신대호수를 포함하고 있다. TOD Transit Oriented Developement 압축도시 지향으로 인구밀도는 69 ha로 국내 신도시 중 최저이며 주택은 아파트 23 227세대 연립주택 2 149세대 주상복합 5 624세대로 총 31 000세대가 공급된다. 특히 광교테크노밸리는 26만 9404㎡ 약81 495평 의 대규모 부지로 경기도에서 1990년대 후반부터 추진한 사업단지로 총 사업비만 5728억원이상 투입됐다. 2001년부터 운영중인 경기중소기업지원센터를 필두로 2006년에 개원한 나노소자특화팹센터 2007년에 완공된 경기바이오센터와 경기R D센터를 비롯해 차세대융합기술연구원 중소기업지원센터 등 5개 기관과 기업 224개 업체가 입주해 있고 주변으로는 첨단바이오특화단지 경기도청을 포함한 광교행정타운 법조타운과 같은 대형 산업 및 업무시설이 조성되고 있다. 이곳에 풍산건설이 책임준공하고 국제신탁이 자금관리 하는 이스턴타워 오피스텔과 상가를 지하4층 지상10층 규모로 공사진행중이며 분양을 시작했다. 이스턴타워 오피스텔. 상가는 경기대와 경기대역 광교테크노밸리를 연결하는 트라이앵글 삼각축 의 중심축에 위치하고 있으며 광교테크노밸리에 입주한 224개 기업체의 약 4천여명의 상주인원과 제약 첨단바이오 특화단지 조성으로 향후 상주인원은 1만2천여명 일이용객 1만여명 교육연구연인원 7만여명의 이상의 대규모 상권이 유입되면서 2만여 가구에 달하는 배후세대와 경기대학교 약2만여명 아주대학교 약1만2천여명 경희대학교 서울대학교 융합 기술대학원 아주대병원 합동신학대학원대학교 등의 교육시설이 밀집돼 있고 비즈니스파크 및 R D단지등이 가까워 소형 오피스텔을 찾는 직장인 연구원 신혼부부 대학생 등의 풍부한 임대수요가 기대된다. 부동산 전문가들은 광교는 명품신도시 이미지로 현재 중대형 아파트가 주류를 이루고 있고 소형평형 아파트의 공급률이 낮고 오피스텔 용지 광교 6% 분당 9% 판교 8% 일산 8% 부족으로 오피스텔 공급이 턱 없이 부족해 위의 상주인원들의 수용이 한정될 수밖에 없으므로 광교신도시의 완공 후 중소형 오피스텔은 물론 산가도 품귀현상이 바로 나타날 것으로 예상되다 보니 광교신도시의 이스턴타워 오피스텔 상가를 최고의 투자처로 손꼽을수 있다고 말하고 있다. 이스턴타워 오피스텔 상가는 현재 지하 토목공사가 완료 단계로 공정률 20%이상 진행중이고 분양가에서도 거품을 모두 빼고 광교신도시에서 사상 최초의 최저 분양가를 책정하였다. 많은 투자자들이 앞다퉈 이스턴타워 오피스텔 상가 신축 현장을 찾고 있으므로 수익형 부동산에 관심을 갖는분들이나 안정된 투자처를 찾는분 미래가치를 생각하는분 첫투자 하시는 분들은 하루 빨리 방문하는 것이 좋으며 방문전 신청금 입금하시고 호수지정을 받고 방문 상담하시는 것이 유리하다. ◈ 신청금 계좌 수협은행 205 13 0053 76 ◈ 예 금 주 국제신탁㈜ ◈ 신 청 금 100만원 ◈ 문의 전화 031 264 4500 ※본 콘텐츠는 기업 제공 자료로 세계닷컴의견과 다를수 있습니다. Segye.com Segye.com 인기뉴스 구글은 역시 검색왕 … 선정적 콘텐츠도 우글 70대父 얼굴 피날 때까지 때린 패륜아들 결국… 전력난은 남의나라 일 …공무원들 펑펑 썼다 판사 때문에… 성폭행 피해 여성 모텔서 자살 돈 쌓아둔 10개 대학 건축예산 뻥튀기 쏘나타 하이브리드 시승차 멈춰서… 발 동동 억 소리나는 슈퍼카들의 침수 수리비만 무려… ⓒ 세계일보 Segye.com 무단 전재 및 재배포 금지 금융전문뉴스 세계파이낸스 모바일로 만나는 세계닷컴 세계닷컴은 한국온라인신문협회 www.kona.or.kr 의 디지털뉴스이용규칙에 따른 저작권을 행사합니다.,https://news.naver.com/main/read.nhn?mode=LSD&mid=shm&sid1=260&oid=022&aid=0002273949,284
260965,2011.06.12. 오전 11:50,부동산,머니투데이,파주·부산·천안 대단지 분양 스타트,머니투데이 전예진 기자 투자포인트 6월 셋째주 전국 8곳에서 6291가구 분양 오피스텔 모델하우스도 봇물 여름철 비수기가 다가오고 있지만 분양열기가 이어지고 있다. 이번 주에는 롯데건설 현대산업개발 대림산업 등 대형 건설사들이 1000가구 안팎의 매머드급 단지를 선보인다. 12일 부동산114에 따르면 이번 주 분양시장에는 전국 8곳에서 6291가구가 공급된다. 수도권에서는 파주 교하신도시와 인천 영종하늘도시에서 대규모 공급이 이뤄진다. 롯데건설은 파주 교하신도시에 지상 18 30층 20개 동 1880가구 규모의 롯데캐슬 을 분양한다. 59㎡ 이하 전용면적 에서 126㎡까지 다양한 면적으로 구성되며 분양가는 3.3㎡당 1100만 1200만원 선이다. 분양가상한제가 적용돼 85㎡ 이하는 3년 85㎡ 초과는 1년간 전매가 제한된다. 입주는 2014년 11월 예정이다. 인천 영종하늘신도시에서는 29 59㎡의 국민임대 아파트 1554가구가 공급된다. A5블록과 A29블록 각각 770가구 784가구다. 면적별 보증금은 1000만∼3600만원 월 임대료는 6만5000∼21만2000원 수준이다. 입주는 2012년 7월이다. 지방은 부산 동래구 명륜 I PARK1단지 충남 천안시 두정2차e편한세상 가 분양을 시작한다. 현대산업개발이 부산 동래구 명륜3구역을 재개발한 명륜I’PARK 는 최고 28층 20개 동 1409가구 규모로 이중 조합원 물량을 제외한 62 151㎡ 1041가구가 일반에 선보인다. 분양가는 3.3㎡당 900만 1000만원 대로 책정됐고 계약 후 바로 거래할 수 있다. 입주는 2013년 11월이다. 충남 천안시 두정동에서는 대림산업이 두정2차e편한세상 848가구를 공급한다. 지상 18 23층 11개 동 규모로 72㎡ 198가구 84㎡ 650가구 등 중소형 단지로 건립된다. 3.3㎡당 분양가는 700만원 중후반 정도다. 입주는 2013년 6월이다. 이밖에 경남 함안군 칠원면에서는 함안칠원 국민임대 656가구와 전주시 덕진동 제일오투그란데 319가구도 청약접수를 받는다. 이번 주에는 서울에서 오피스텔의 모델하우스가 대거 문을 연다. 용산구 문배동 용산SK큐브 와 금천구 가산동 램킨푸르지오시티 송파구 문정동 송파푸르지오 등이다. 17일에는 경기 광주 부산 울산 등에서 신일유토빌 과 한신휴플러스 등이 모델하우스를 열고 분양채비에 들어간다.,https://news.naver.com/main/read.nhn?mode=LSD&mid=shm&sid1=260&oid=008&aid=0002553656,284
260966,2011.06.12. 오전 11:46,부동산,경향신문,금리인상 전·월세시장에 ‘직격탄’ 될 듯,금리인상에 따라 전·월세시장이 더욱 불안한 모습을 보이고 있다. 가뜩이나 여름방학을 앞두고 조금씩 들썩이고 있던 중이었다. 금리가 오른 만큼 임대인들이 월세와 전세보증금을 인상할 것이 확실시되는 데다 가뜩이나 침체된 주택 구매심리가 완전히 꺾여버려 전세에서 매매로 갈아타는 수요도 당초 기대보다 줄어들 것으로 예상된다. 12일 서울과 수도권의 부동산 중개업소와 전문가들에 따르면 지난 10일 한국은행이 기준금리를 0.25%포인트 올리면서 집주인들이 월세나 전세 가격을 조만간 인상할 조짐을 보이고 있다. 서울 강동구 고덕동의 한 중개업자는 “금리가 올라가면 월세도 따라서 오른다. 대출을 끼고 집을 산 소유자들은 이자 부담이 늘어난 만큼 세를 올려 받아야 해 금리를 염두에 두지 않을 수 없다”고 말했다. 서초구 반포동의 중개업자 또한 “금리인상으로 집주인들이 전세가격을 그만큼 올리거나 전셋집을 월세로 돌려 이자 부담을 해결할 것으로 보인다”며 “금리가 오르면 결국 세입자들 주머니에서 이자가 나오는 셈”이라고 말했다. 한국은행의 기준금리 인상 조치로 시중 은행들의 주택담보대출 금리도 함께 오르게 돼 대출을 끼고 주택을 구입한 집주인들이 늘어난 이자상환 부담을 고스란히 전·월세 임차인에게 떠넘길 가능성이 크다는 얘기다. 이번 금리인상은 지난 3월 말부터 두 달 이상 하향 안정세를 보이던 전세시세가 2주 연속 오르는 상황에서 나온 조치라 더욱 충격파가 클 전망이다. 부동산114 조사결과 서울의 주간 전세시세 변동률은 6월 첫째 주 0.02% 둘째 주 0.03%로 본격적인 상승 국면 진입이 우려되고 있다. 특히 6월 둘째 주에는 서울뿐 아니라 전국 평균 전셋값이 지난주에 비해 0.02% 오른 것으로 나타났다. 이에 따라 하반기 전세난이 더욱 확산될 것으로 우려된다. 금리인상은 전세에서 구매로 갈아타려는 이른바 전환 수요를 억제해 전세난을 장기화시킬 수 있다는 분석도 나온다. 보통 전셋값이 지나치게 올라 매매가격과 큰 차이가 나지 않으면 아예 집을 사려고 마음을 바꾸는 수요자가 늘어나게 되는데 대출금리가 올라 은행에서 돈을 빌려집을 사기도 어려워졌기 때문이다. 국민은행 박합수 부동산팀장은 “2009년 7 8월에도 전세난이 있었는데 2년이 지난 올해 여름철을 맞아 다시 한번 이 문제가 불거질 수 있다”며 “대출금리가 올라가 수요자들은 집을 사려는 마음을 접고 전세에 머무르려고 할 것”이라고 예상했다. 디지털뉴스팀 경향신문 ‘오늘의 핫뉴스’ “겁많은 여학생이지만 너무 화나고 견딜수없어” 김대중평화센터 “‘97대선 YS 중립’은 왜곡” 현직 경찰간부 “등록금집회 자유 보호돼야” 김여진 “총장님 부동산 사라고 누가 허락했나요 ” 박지성 “히딩크 감독 없었다면 나도 없다” “태극기 모독 이건 더 심하다” 공식 SNS 계정 경향 트위터 미투데이 페이스북 세상과 경향의 소통 Khross ⓒ 경향신문 경향닷컴 www.khan.co.kr 무단전재 및 재배포 금지 〈경향닷컴은 한국온라인신문협회 www.kona.or.kr 의 디지털뉴스이용규칙에 따른 저작권을 행사합니다.,https://news.naver.com/main/read.nhn?mode=LSD&mid=shm&sid1=260&oid=032&aid=0002141321,284
260967,2011.06.12. 오전 11:45,부동산,헤럴드경제,한강변에가장 가까운 아파트 마지막기회,♣서울 올림픽 대로가 연장 “한라비발디” 단지 앞으로 다음달 김포한강로 개통 IC 바로인접 여의도 20분 강남 40분 조류 생태공원 맨 앞 자리 ♣인근 강 산 공원을 끼고 있는 자연친화적 아파트 ♣계약금 5% 전세대 중도금 전액 무이자 한강과 맞닿은 한강신도시. 오는 2013년 조성이 완료되는 한강신도시는 서울에서 서쪽으로 약 12km내 거리에 자리한다 수도권 2기 신도시에 길이 열린다. 한강과 한강의 물줄기를 끌어들여 수변도시로 개발된다. 한강신도시는 김포시 장기동 운양동 양촌면 일대에 조성된 곳으로 이름에서도 유추할 수 있듯이 한강이 메인이 되는 도시다. 특히 한강 하류를 활용한 생태공원과 친환경 수로로 주목을 받고 있는 도시이기도 하다. 때문에 ‘한국의 베니스’로 불리기도 한다. 이곳 한강신도시는 크게 3개의 콘셉트로 개발된다. 한강변에 가장 가까운 곳에 생태환경지구가 조성된다. 생태환경지구는 생태체험. 학습공간이 도입되고 문화예술의 거리 아트빌리지 등 문화도시에 필요한 기반시설이 갖춰질 예정이다. 생태환경지구 남쪽으로는 문화교류지구와 서쪽으로는 중심상업지구가 있는 복합업무지구가 들어선다. 전문가들은 한강신도시에서 주거환경과 올림픽대로를 통한 강남접근성 등을 따져볼 때 생태환경지구의 주거가치가 상대적으로 클 것이라는 평가다. 한강신도시 “한라비발디”는 지하 2층 지상 19층 12개동으로 총 857가구의 대단지로 구성되 있으며 105m2 구 39평 형 대로 잔여세대를 분양하고 있다. 타지역보다 저렴한 분양가로 한강신도시 내에서 가장 금싸라기 땅에 들어선다. 한강신도시 대부분의 아파트는 중도금 이자 후불제로 진행하나 “한라비발디” 계약조건으로는 계약금 5% 2회분납 하면 중도금 60%전액 무이자로 추가 금액 부담이 전혀 없다 서둘러야 선호하는 동호수를 지정할수 있다. 또 전매제한이 없어 투자자들이 몰리는 추세이다. 현재 견본주택을 통해 신청접수를 받고 있으며 신청금 100만원을 우리은행 1005 601 820602 예금주 한라건설 주 입금하면 누구나 한강신도시 한라비발디의 주인이 될수 있다.,https://news.naver.com/main/read.nhn?mode=LSD&mid=shm&sid1=260&oid=016&aid=0000386377,284
260968,2011.06.12. 오전 11:25,부동산,파이낸셜뉴스,국토부 공간정보특성화대학원 경북대 등 5개대학 선정,국토해양부는 신성장동력으로 떠오르고 있는 공간정보산업의 핵심리더 양성을 위해 2011년도 공간정보 특성화대학원으로 5개 대학 경북대 부경대 서울시립대 세종대 인하대 를 선정하고 예산 12억원을 지원한다고 12일 밝혔다. 국토부는 지난 2009년부터 8개 특성화대학원을 지정해 공간정보 분야 석박사 고급인력 양성을 목적으로 교육을 시행해왔으나 올 부터는 내실있는 대학에 집중적인 지원을 통해 운영효율화를 도모하기 위해 운영실적이 우수한 이들 5개 대학을 최종 선정했다. 국토부는 그동안 특성화대학원 지원사업을 통해 석사 195명 박사 47명을 지원해 총 50명의 졸업생 중 48명이 관련분야에 취업하는 성과를 거뒀다. 국토부는 산업계 전문가와 대학원생 간의 멘토 멘티제를 도입해 인턴기간 학점이수 인정 등을 통한 인턴제 활성화 대학 산업계간 학점이수 인정 등을 통해 인턴제 활성화 대학산업계 간 파트너십 강화를 위한 MOU체결 등 배출인력 고용을 위한 다양한 취업연계 정채도 병행 추진할 계획이다. 또 현장 및 업계 수요를 반영해 교과과정을 개편하고 전공분야의 전문성 강화를 위해 특성화대학원별 핵심역할에 부합한 특화전략도 마련하는 등 다양한 노력을 경주할 계획이다. 한편 지역별 공간정보 교육거점대학으로 선정된 서울대 강원대 충남대 전남대 경상대 등 14개 대학에는 총 4억원의 예산을 지원해 지자체 공무원 중등교사 미취업자 등을 대상으로 무상교육이 이뤄지도록 할 방침이다.,https://news.naver.com/main/read.nhn?mode=LSD&mid=shm&sid1=260&oid=014&aid=0002454815,284
260969,2011.06.12. 오전 11:23,부동산,세계일보,부평 부천역 소형 오피스텔 신일 오피스텔 선착순 분양,세계닷컴 ☞ 계약금 5% 약 500만원 만 내시면 입주때까지 들어가는 돈 ‘無’ ☞ 중도금 전액 무이자 ☞ 풀옵션 특별 제공 ☞ 1가구 2주택 무관 ☞ 서울 7호선 부평구청역과 인천 지하철 1호선 환승역세권 · 서울 1호선 부평역 신일건업이 인천 부평구 부평역과 부평 구청역 2분거리에 오피스텔 ‘신일 유스테이션’을 분양 중이다. 지난번 문을 연 신일 유스테이션 견본주택은 개관 3일 동안 1만 명이 넘는 관람객이 찾아 청약돌풍을 예고했다. 최근 3년 동안 주변지역에 신규오피스텔이 없었다는 측면에서 수익률에 대한 투자자들의 기대가 컸던 것으로 보인다고 회사측은 밝혔다. 신일 유스테이션은 지하 7층∼지상 20층 규모의 주상복합 오피스텔로 64.46㎡ 19형 108실 마감 70.61㎡ 21형 224실 82.85㎡ 25형 18실 103.31㎡ 31형 32실 등으로 총 382실로 구성됐다. 분양가와 계약조건도 우수하다. 분양가는 3.3㎡당 400만원 대로 저렴하며 중도금 무이자 혜택 무제한 전매제한 풀옵션 무상제공 등 혜택이 소액투자자들의 관심을 끌 것으로 보인다. 소형오피스텔이지만 20층 규모의 랜드마크적 외관 고급커뮤니티와 풀옵션 및 세련된 마감자재를 활용한 점도 눈에 띈다. 인천지하철 1호선과 환승될 예정인 7호선 부평구청역이 2012년 개통 예정으로 오피스텔 완공과 함께 도보 5분에 바로 이용가능한 더블 역세권 으로 강남까지 50분대면 이동할 수 있게 된다. 근처에 공단이 있어 공실이 거의 없는 안정적인 임대수요를 제공한다오후 4 30 2011 06 08. 북측에 GM대우 자동차공단 1만2000여명 부평공단 2만356명 이 있고 남측으로는 부평시장 상권이 자리한다. 또한 바로옆에는 부평구청이 위치해 있어 공실 걱정은 없을 듯 하다. 신일 유스테이션 관계자는 “싼 분양가와 최근 주변지역에 신규오피스텔이 없었다는 점에 수요자들이 매력을 느낄 것으로 판단된다”고 말했다. 견본주택은 롯데마트 삼산점과 삼산체육관 인근에 위치해 있다. ◈ 신청금 100만원을 입금하시고 방문하시면 호수 지정에 유리 ◈ 신청계좌 국민은행 392001 04 162963 ◈ 예금주 신일건업 정 계약시에는 자금관리 신탁사로 입금 ◈ 홈페이지 hp blog.naver.com eco2800 ◈ 분양문의 032 439 4600 ※본 콘텐츠는 기업 제공 자료로 세계닷컴의견과 다를수 있습니다. Segye.com Segye.com 인기뉴스 자살 이등병 다리에 피멍 고참들이 온종일… 함바 비리 연루 임상규 순천대 총장 자살 스타크래프트 세대 다시 여기 로 속속 복귀 털 때문에 이별까지…여름이면 고민하는 여성들 정부 한국女 토막살인 살인 아냐 日판결에… 이승엽 왜 이러나 …헛스윙 삼진에 의욕상실 심각 SBS 런닝맨 스태프가 시민 밀치고 씨XX ⓒ 세계일보 Segye.com 무단 전재 및 재배포 금지 금융전문뉴스 세계파이낸스 모바일로 만나는 세계닷컴 세계닷컴은 한국온라인신문협회 www.kona.or.kr 의 디지털뉴스이용규칙에 따른 저작권을 행사합니다.,https://news.naver.com/main/read.nhn?mode=LSD&mid=shm&sid1=260&oid=022&aid=0002273945,284
260970,2011.06.12. 오전 11:16,부동산,이데일리,개포동에 영어권 외국인학교 2013년 개교,서울시 개포 외국인학교 설립·운영자 공모 이데일리 이진철 기자 개포동에 영어권 외국인학교가 오는 2013년 개교한다. 서울시는 강남구 개포동 153번지 일대 1만6078㎡ 규모의 부지에 들어서는 가칭 개포 외국인학교 의 설립·운영자를 공모한다고 12일 밝혔다. 신청자격은 외국인 비영리외국법인 국내 사립학교법인으로 제한되며 단독 또는 컨소시엄 형태로 신청할 수 있다. 공모참여 희망자는 8월18일까지 서울시에 사업제안서를 제출하면 된다. 서울시는 협상을 거쳐 최종 선정된 사업자에게 부지를 유상임대방식으로 제공하고 사업자는 건축비를 조달하게 된다. 현재 부지 내에 옛 일본인학교가 사용하던 본관과 신관 체육관 등 3개 동이 남아 있지만 1980년대 준공된 것이어서 서울시는 새로 입주하는 외국인학교가 재건축을 하도록 할 계획이다. 연간 임대료는 개별 공시지가의 1% 이상으로 올해 기준으로는 약 11억원이다. 임대기간은 20 50년으로 설정하고 계약을 갱신할 수 있다. 이번에 공모를 하는 개포 외국인학교는 유치원 고등학교 과정 학생수 800여명 규모로 내년 상반기에 착공해 2013년 9월 개교를 목표로 추진된다. 관련법령상 3년 이상 외국에 거주한 내국인에 한해 정원의 30%까지 외국인학교 입학이 허용되지만 서울시는 외국인 자녀가 우선적으로 입학할 수 있도록 하기 위해 가급적 내국인 비율을 낮출 계획이다. 서울시 관계자는 현재 국내외 유수 외국인학교 300여곳에 공문을 발송해 의사를 타진하고 있다 면서 미국 캐나다 영국 싱가포르 등 해외 명문학교들이 이번 공모에 관심을 보이고 있다 고 말했다. 한편 서울시는 지난해 9월 반포동에 덜위치 칼리지 서울영국학교를 개교했고 내년 9월에는 상암동 디지털 미디어시티 DMC 에 미국의 드와이트 스쿨 The Dwight School 도 문을 열 예정이다. 2013년까지 개포 외국인학교가 건립되면 서울 소재 외국인학교가 총 23개교로 늘어나게 된다.,https://news.naver.com/main/read.nhn?mode=LSD&mid=shm&sid1=260&oid=018&aid=0002451181,284
260971,2011.06.12. 오전 11:15,부동산,이데일리,명륜 아이파크 견본주택 부산시민 발길 줄이어,이데일리 이태호 기자 부산 전통 주거지역인 동래구 명륜동 명륜 아이파크 에 부산시민들의 높은 관심이 이어지고 있다. 현대산업개발은 지난 10일 문을 연 부산 명륜 아이파크 견본주택에 약 6000명의 방문객이 몰렸으며 전날에도 8000명의 인파가 몰렸다고 12일 밝혔다. 사진 주말동안 총 2만여명의 방문객이 다녀갈 것으로 예상된다. 명륜 아이파크는 명륜3구역을 재개발해 지하 3층 지상 28층 20개동으로 건설된다. 전용면적 24 151㎡ 총 1409가구 규모로 조합원 물량 등을 제외한 62 151㎡ 1041가구가 일반 분양된다. 분양가격은 3.3㎡당 890만원 수준이다. 오는 15일 특별공급을 시작으로 16일부터 20일까지 청약이 진행된다. 24일 당첨자 발표후 29일부터 계약을 실시한다.,https://news.naver.com/main/read.nhn?mode=LSD&mid=shm&sid1=260&oid=018&aid=0002451180,284
260972,2011.06.12. 오전 11:02,부동산,노컷뉴스,수도권 주민 73% 부동산 침체로 소비심리 뚝,CBS산업부 박종환 기자 부동산경기 침체와 전월세가 상승이 가계의 씀씀이에도 심각한 타격을 주고 있는 것으로 나타났다. 대한상공회의소 회장 손경식 가 최근 수도권에 거주하는 성인남녀 1 015명 주택보유자 49.9% 무주택자 50.1% 을 대상으로 실시한 부동산시장에 대한 국민인식 조사 결과 응답자의 41.3%는 최근 부동산경기 침체와 전월세 가격 상승으로 소비심리가 위축됐다 고 답했으며 실제로 지출을 줄였다 는 응답도 32.3%에 달했다. 특히 무주택자의 경우 지출을 줄였다 는 응답비율 42.8% 이 소비심리가 위축됐다 31.2% 는 응답보다 많았다. 연령대별로는 지출감소 란 응답이 20대는 10.2%에 불과한 반면 40대와 30대에서 각각 44.7% 43.3%로 높게 나타났다. 대한상의는 최근 수도권 부동산시장은 매매거래는 부진한 가운데 전세수요만 늘어 집주인과 세입자 모두에게 고통 이라면서 부동산경기가 정상화되지 않는 한 경제력이 취약한 무주택서민과 경제활동의 주력계층인 30 40대의 어려움이 가중돼 내수회복에도 악영향을 미칠 것 이라고 우려했다. 수도권 주민들이 집 문제로 겪는 가장 큰 고민 역시 전월세 가격 상승으로 인한 보증금 인상과 원치 않는 이사 55.6% 로 나타났으며 이어 거래 부진으로 인한 주택매도 차질 20% 대출상환 부담증가나 대출곤란 16.3% 부동산경기 침체로 인한 수입감소 4.6% 순이었다. 전세가격이 상승하는 이유로 응답자 절반 이상은 전세공급 부족 50.8% 을 꼽았고 다음으로 전세 선호경향 26.2% 집주인의 욕심 15.6% 과거 전세가격 상승이 낮았던 데 따른 반등 7.4% 의 순이었다. 대한상의는 전월세 가격 상승을 인위적으로 억제하는 이른바 전월세 가격 상한제가 추진되고 있지만 공급이 부족한 상황에서 자칫 부작용을 키울 수 있다 면서 전세난 해소를 위해서는 규제를 도입하기 보다 실수요가 많은 투룸이나 20 30평대 주택공급에 주력하는 것이 바람직하다 고 주장했다. 부동산경기 침체정도가 악화되면 경제불황으로 이어질 가능성이 크다 는 의견도 54.3%나 됐다. 부동산 정책의 최우선 목표로는 주택수급 안정화 46.8% 를 가장 많이 꼽았고 주택거래 활성화 25.1% 투기수요 차단 18% 주거만족도 제고 10.1% 등의 순이었다. 부동산시장 활성화를 위한 정책과제로는 세금 등 부동산관련 부담의 완화 44.6% 주택금융 활성화 19.7% 교통망 확충 등 주거여건 개선 19.1% 재건축 재개발의 사업성 제고 16.6% 등을 꼽았다. 분양가상한제 폐지에 대해서도 부동산 시장 활성화에 기여할 것 이라는 긍정적 반응 54.9% 이 시기상조 라는 부정적 응답 45.1% 보다 많았다.,https://news.naver.com/main/read.nhn?mode=LSD&mid=shm&sid1=260&oid=079&aid=0002258852,284
260973,2011.06.12. 오전 11:01,부동산,이데일리,건설기계 제작업계 수급조절은 국제조약 위배,제도시행 강행하면 총파업 통해 저지 이데일리 이태호 기자 국토해양부가 시범시행 중인 건설기계 수급조절제도 가 국제조약에 위배된다고 한국건설기계산업협회가 12일 주장했다. 건설기계 수급조절이란 건설기계 임대업계의 안정을 위해 공급과잉 상태에 있는 기종의 영업용 신규등록을 일정기간 제한하는 조치다. 제작업계를 대변하는 한국건설기계산업협회는 국토부가 추진하는 건설기계 수급조절제도는 세계무역기구 서비스협정 WTO GATS 16조와 한 EU 자유무역협정 FTA 7장에 위배된다 며 각 조항은 건설기계 임대사업 등록제한을 통한 수량조절을 할 수 없도록 하고 있다 고 말했다. 현대중공업 009540 과 두산인프라코어 042670 등이 속해 있는 제작업계는 수급조절로 인한 판매 감소를 우려하고 있다. 아울러 인위적 수급조절로 인해 각종 부작용이 나타나고 있다고 지적했다. 지난 2009년 8월부터 시범 시행 중인 덤프트럭과 믹서트럭 수급조절 결과 기대했던 임대단가 상승은 나타나지 않고 덤프트럭 번호판 매매와 같은 불법행위만 성행하고 있다는 설명이다. 협회는 건설기계 임대단가는 협상이나 수급논리에 의해 이뤄지는 것이 아니라 건설업체의 예산 수립 한도 내에서 결정되며 수급조절과 임대단가 상승은 무관하다는 것이 판명됐다 고 말했다. 또 실패한 정책으로 드러난 수급조절 제도를 국토부가 강행할 경우 업계 총파업 등 가능한 모든 수단을 동원하여 저지하겠다 고 밝혔다. 한편 제작업계와 달리 임대업계는 수급조절이 필요하다는 입장이다. 건설기계 등록대수가 지나치게 늘어 안정적인 임대단가 형성이 어렵다는 이유에서다. 국토부는 건설기계 수급조절 용역결과를 이달 중 발표하고 시행여부를 포함한 건설기계 수급계획 을 마련 내달중 고시할 예정이다.,https://news.naver.com/main/read.nhn?mode=LSD&mid=shm&sid1=260&oid=018&aid=0002451171,284
260974,2011.06.12. 오전 11:00,부동산,뉴시스,국토부 공간정보 특성화대학원 5곳에 12억 지원,서울 뉴시스 김형섭 기자 국토해양부는 올해 공간정보 특성화대학원으로 경북대 부경대 서울시립대 세종대 인하대 등 5곳을 선정하고 예산 12억원을 지원한다고 12일 밝혔다. 국토부는 지난 2009년부터 공간정보 분야의 석·박사 고급인력 양성을 목적으로 8개 특성화대학원을 지정해 교육을 실시해 왔다. 올해에는 재평가를 실시해 운영 실적이 우수한 5개 대학으로 지원 대상을 좁혔다. 그동안 특성화대학원 지원사업을 통해 석사 195명 박사 47명을 지원했으며 총 50명의 졸업생 중 48명이 관련 분야에 취업했다. 국토부는 본격적으로 졸업생이 배출되는 올해부터 산업계 전문가와 대학원생간의 멘토 멘티제도 인턴기간 학점이수 인정 등의 취업연계 정책을 추진할 방침이다. 한편 국토부는 지역별 공간정보 교육거점대학으로 선정된 서울대 강원대 충남대 전남대 경상대 등 14개 대학에 총 4억의 예산을 지원해 지자체 공무원 중등교사 미취업자 등을 대상으로 한 무상교육도 실시한다. 각 대학별 교육일정 및 내용 교육생 모집 요강은 공간정보 온라인교육센터 홈페이지 www.ngis.go.kr egis 를 통해 확인할 수 있다.,https://news.naver.com/main/read.nhn?mode=LSD&mid=shm&sid1=260&oid=003&aid=0003904626,284
260975,2011.06.12. 오전 11:00,부동산,연합뉴스,공간정보 특성화대학원 5개大 선정,서울 연합뉴스 서미숙 기자 국토해양부는 공간정보산업의 핵심인력 양성을 위해 경북대 부경대 서울시립대 세종대 인하대 등 5개 대학을 2011년도 공간정보 특성화대학원으로 선정했다고 12일 밝혔다. 이들 대학은 올해 정부로부터 12억원의 예산을 지원받아 공간정보 분야의 석.박사 인력을 교육 배출하게 된다. 국토부는 올해부터 내실있는 대학을 집중적으로 지원하기 위해 산ㆍ학ㆍ연ㆍ관 전문가로 구성된 위원회가 엄격한 재평가를 거쳐 운영실적이 우수한 5개 대학을 특성화대학원으로 최종 선정했다고 설명했다. 국토부는 이와 함께 지역별 공간정보 교육거점대학으로 선정된 서울대 강원대 충남대 전남대 경상대 등 14개 대학에는 4억원의 예산을 지원해 지자체 공무원 중등교사 미취업자 등을 대상으로 무상교육을 실시하기로 했다.,https://news.naver.com/main/read.nhn?mode=LSD&mid=shm&sid1=260&oid=001&aid=0005108334,284
260976,2011.06.12. 오전 11:00,부동산,아시아경제,A330 항공기 엔진에 대한 내시경검사 실시지시,아시아경제 박충훈 기자 국토해양부 장관 권도엽 는 국내 운용중인 A330 항공기에 장착된 미국 프랫 휘트니사의 PW4168 엔진 총 66대에 대해 일제점검을 수행하도록 국적항공사에 지시했다. 지난 달 25일 프라하 행 대한 항공 A330 여객기의 엔진고장으로 인한 인천공항 회항 사건과 관련한 조치다. 해당 기체 및 엔진은 대한항공이 A330 23대와 엔진 43대 아시아나항공은 A330 10대와 엔진 23대를 보유 중이다. 항공사는 주요 결함요인으로 추정되고 있는 엔진 내부 저압터빈 부위를 중심으로 특수 내시경 장비로 엔진 내부에 균열이나 마모현상 등이 있는지 여부를 검사하게 된다. 국토해양부는 약 3개월이 소요될 것으로 예상되는 점검 기간 중 엔진 이상이나 결함 징후가 발견될 경우 해당 엔진을 교체 후 비행에 투입될 수 있도록 할 계획이다. 한편 국토해양부에서는 이번 사건에 대해 미국의 사고조사 당국 NTSB 엔진 제작사인 프랫 휘트니와 합동조사를 진행 중이다. 올해 10월까지 조사 결과가 나올 것으로 예상된다.,https://news.naver.com/main/read.nhn?mode=LSD&mid=shm&sid1=260&oid=277&aid=0002621638,284
260977,2011.06.12. 오전 11:00,부동산,아시아경제,공간정보 전문가 석·박사급 핵심리더 키운다,아시아경제 박충훈 기자 국토해양부 장관 권도엽 가 올해 공간정보 특성화대학원으로 5개 대학을 선정하고 예산 12억원을 지원한다. 경북대 부경대 서울시립대 세종대 인하대가 이번에 선정된 대학이다. 국토부는 2009년부터 8개 대학원을 지정해 공간정보 분야 석·박사 양성을 했으나 올해 재평가를 통해 운영 실적이 우수한 5개 대학을 최종적으로 선정했다. 그간 석사 195명 박사 47명을 지원했으며 총 50명의 졸업생 중 48명이 관련분야에 취업했다. 국토부는 올해부터 본격적으로 졸업생이 배출될 것으로 예상됨에 따라 다양한 취업연계정책을 펼칠 예정이다. 구체적으로 산업계 전문가와 대학원생간의 멘토 멘티제 도입 인턴기간 학점이수 인정 등을 통한 인턴제 활성화 대학 산업계 간 파트너십 강화를 위한 MOU 체결 등이다. 한편 지역별 공간정보 교육거점대학으로 선정된 서울대 강원대 충남대 전남대 경상대 등 14개 대학에 총 4억의 예산을 지원한다. 이 예산으로 지자체 공무원 중등교사 미취업자 등을 대상으로 무상교육이 실시된다. 더불어 올해는 전주비전대학에 위치기반 서비스 앱 개발 등의 내용을 담은 미취업자 5주 교육 과정을 신설해 시범운영한다. 미취업자 과정을 포함한 각 거점대학의 교육일정 및 내용 교육생 모집 요강에 대한 세부사항은 공간정보 온라인교육센터 홈페이지 www.ngis.go.kr egis 에서 확인 가능하다.,https://news.naver.com/main/read.nhn?mode=LSD&mid=shm&sid1=260&oid=277&aid=0002621637,284
260978,2011.06.12. 오전 11:00,부동산,아시아경제,국토부 개발도상국에 해양정책 노하우 전수,아시아경제 박충훈 기자 국토해양부 장관 권도엽 는 동아시아 8개국과 남태평양 2개 도서국의 해양분야 고위공무원을 대상으로 정책교육을 실시한다. 이번 교육은 오는 13일부터 17일까지 닷새간 서울 올림픽파크텔에서 열린다. 교육에는 피지 토지자원부 카우 필리몬 Kau Filimone 차관 베트남 해양도서부 응우옌 당 다오 Nguyen Dang Dao 부청장 등 18명이 참가한다. 지난해 제1차 국제교육훈련에 이어 두 번째로 실시하는 종합적인 정책교육사업으로 우리나라의 해양환경 정책의 추진체계와 성과 등을 개발도상국에 전수한다. 교육과정은 한국의 해양환경정책 개관 기후변화 적응 해양 정책과 해양과학이 융합한 해양과학 R D 정책 등의 이론 강의와 시화조력발전소 해양연구기관 등 해양관련 시설을 견학하는 현장학습으로 구성됐다. 동아시아해역조정기구 UNEP COBSEA 의 엘릭 애들러 Ellik Adler 조정관의 특별강연과 중국 샤먼대학교의 연안통합 관리성과 강의 교육 참가국가의 해양환경정책에 대한 워크숍도 동시에 진행된다. 실무급 공무원 20명 에 대한 교육은 오는 27일부터 한다. 국토해양부 관계자는 개도국과의 상생 발전을 위한 인적네트워크 구축 우리나라와의 우호 분위기 확대와 국내 해양환경 기술의 해외진출에도 긍정적으로 작용할 것 이라고 말했다.,https://news.naver.com/main/read.nhn?mode=LSD&mid=shm&sid1=260&oid=277&aid=0002621636,284
260979,2011.06.12. 오전 10:53,부동산,머니투데이,62평형 12억원…마감재따라 가격 천차만별,머니투데이 지영호 기자 머니위크 커버 단독주택이 뜬다 짓는데 얼마 드나 신흥 부촌으로 떠오르고 있는 서판교 일대는 드문드문 고급 주택들이 옹기종기 모여 있는 지역이다. 이곳은 최근 신세계 정용진 부회장의 새 보금자리가 언론에 화제가 된 뒤로 소위 ‘갑부촌’이라는 명성까지 얻게 됐다. 정 부회장의 집은 대지 1300여평에 건물 800여평. 남서울CC를 조망으로 둔 집이다. 알려진 바에 따르면 이 집이 가격은 200억원이다. 그렇다면 일반적으로 한개 필지에 지을 수 있는 단독주택의 면적은 얼마나 될까 스카이홈이라는 단독주택 브랜드를 가지고 있는 SK D D에 따르면 통상 대지 70평에 50평형대 집이 일반적이다. 판교를 예로 들면 택지가격은 3.3㎡당 900만 1200만원선이다. 한필지당 7억 8억원 정도다. 서울에서 멀어질수록 가격은 낮아진다. 용인 일대는 500만 800만원 강원도 일부 택지는 100만원 이하인 경우도 있다. 주로 LH공사나 지자체에서 분양한다. 건축비는 어떻게 짓느냐에 따라 가격 차이가 크다. 3.3㎡당 300만 1000만원 정도에서 결정되는 것이 보통이다. 마감재에 따라 가격차는 더 벌어질 수 있다. 따라서 모든 비용을 종합해보면 판교에서 단독주택 한채를 짓는 데 10억원을 훌쩍 넘는다. SK D D가 분양하는 2층 단독주택 62평형의 가격은 12억원 수준이다. 건축법상 2층에 해당하는 건물이지만 사용하는 층은 4개 층이다. 반지하 형태의 창고가 최저층에 있고 맨 꼭대기에는 다락방 형태로 지을 수 있다. 일반적으로 아파트에 비해 관리비는 조금 높다. 대신 난방비를 낮추기 위해 건물 내외벽에 단열재를 덧댄 양단열 방식이 적용됐다. 건축기간은 통상 3개월이다. 하지만 건축주와 의사조율을 하다보면 5개월 정도 걸리는 것이 일반적이다. 간혹 땅콩집처럼 공기를 1개월까지 줄인 집도 있다. 과거 미리 만들어놓고 판매했던 모듈주택은 건축주의 다양한 의사반영에 취약하다는 약점 때문에 공급이 줄었다. 현재 기숙사나 현장용으로 간간이 찾는 정도다. 골조를 어떤 재료로 선택하느냐에 따라 단독주택은 RC조 철근 콘크리트 구조 스틸조 목조주택으로 나뉜다. 주로 양평 등 전원주택 성격이 큰 지역일수록 목조주택을 판교 등 고급주택 성격의 지역은 RC조나 스틸조를 많이 찾는다는 것이 업계 관계자의 설명이다.,https://news.naver.com/main/read.nhn?mode=LSD&mid=shm&sid1=260&oid=008&aid=0002553617,284
260980,2011.06.12. 오전 10:36,부동산,매일경제,금리인상 직격탄 전월세로,부동산 시장이 금리인상 직격탄을 맞았다. u3000임대인들은 금리 인상분 만큼 전세보증금을 인상할 움직임을 보이고 있고 주택 구매심리마져 완전히 사라지는 형국이다. u3000이자부담 때문에 전세에서 매매로 갈아타는 수요도 당초 기대보다 줄어들 것이란게 업계의 주장이다. u300012일 서울과 수도권의 부동산 중개업소와 전문가들에 따르면 지난 10일 한국은행이 기준금리를 0.25%포인트 올리면서 집주인들이 월세나 전세 가격을 조만간 인상할 조짐을 보이고 있다. u3000특히 대출을 끼고 집을 산 소유자들은 이자 부담이 늘어난 만큼 세를 올려 받아야 해 금리를 염두에 두지 않을 수 없다는게 부동산 업계의 시각이다. u3000한국은행의 기준금리 인상 조치로 시중 은행들의 주택담보대출 금리도 함께 오르게 돼 대출을 끼고 주택을 구입한 집주인들이 늘어난 이자상환 부담을 고스란히 전·월세 임차인에게 떠넘길 가능성이 크다는 얘기다. u3000이번 금리인상은 지난 3월 말부터 두 달 이상 하향 안정세를 보이던 전세시세가2주 연속 오르는 상황에서 나온 조치라 더욱 충격파가 클 전망이다. u3000부동산114 조사결과 서울의 주간 전세시세 변동률은 6월 첫째 주 0.02% 둘째 주 0.03%로 본격적인 상승 국면 진입이 우려되고 있다. u3000특히 6월 둘째 주에는 서울뿐 아니라 전국 평균 전셋값이 지난주에 비해 0.02% 오른 것으로 나타났다. u3000재건축 이주 수요나 학군 수요가 몰리는 특정 지역을 중심으로 번지기 시작한 여름철 전셋값 상승 무드가 조금씩 영역을 넓혀가는 가운데 금리인상이라는 외부 요인이 불거져 하반기 전세난이 더욱 확산될 것으로 우려된다. u3000금리인상은 전세에서 구매로 갈아타려는 이른바 전환 수요를 억제해 전세난을 장기화시킬 수 있다는 분석도 나온다. u3000보통 전셋값이 지나치게 올라 매매가격과 큰 차이가 나지 않으면 아예 집을 사려고 마음을 바꾸는 수요자가 늘어나게 되는데 대출금리가 올라 은행에서 돈을 빌려집을 사기도 어려워졌기 때문이다. 뉴스속보부 r start 화보 손연재 체조갈라쇼 과감한 몸짓 연기 남해안벨트 日기업 생산기지로 대기업에 억대 아이디어 파는 女 CEO 북한 미모의 女승무원 화제 ‘섹스스캔들’ 진관희 장백지 셰팅펑 부부 이혼설에 ‘묵묵부답’ 샤이아 라보프 이제 트랜스포머 시리즈 그만 찍을래 아이유가 섹시 댄스를 끈적한 웨이브 r end ⓒ 매일경제 mk.co.kr 무단전재 및 재배포 금지 MBA도 모바일로 공부한다.,https://news.naver.com/main/read.nhn?mode=LSD&mid=shm&sid1=260&oid=009&aid=0002482646,284
260981,2011.06.12. 오전 10:14,부동산,이데일리,SK DD 용산 큐브 도시형생활주택 분양,이데일리 김동욱 기자 SK D D는 서울시 용산구 문배동 24 4번지 일대에 위치한 오피스텔·도시형생활주택 결합 상품인 ‘용산 큐브 QV ’를 분양한다고 12일 밝혔다. 용산 큐브 QV 는 지하 2층 지상 20층 1개동 규모로 전용면적 13 17㎡ 도시형생활주택 99가구와 오피스텔 165실로 구성돼 있다. 지하철 1호선 남영역과 4·6호선 삼각지역의 이용이 가능하고 고급 주상복합 밀집지역인 용산 문배복합업무지구와 가깝다. 내부는 전가구 천정고를 3.2m 층고 3.75m 로 높게 설계해 공간감과 개방감을 극대화했고 높아진 천정고만큼 실용적인 공간활용을 위한 수납시스템이 제공된다. 평균 분양가는 1억4950만원선이다. 오피스텔은 오는 21 22일 청약접수를 받고 도시형생활주택은 20일 선착순 계약을 진행할 예정이다. 계약금 10% 중도금 60% 이자후불제가 적용된다. 입주는 2013년 3월 예정이다. 모델하우스는 용산구 원효로 1가 133 3번지 리첸시아용산 상가 1층에 위치해 있으며 오는 13일 개관한다.,https://news.naver.com/main/read.nhn?mode=LSD&mid=shm&sid1=260&oid=018&aid=0002451154,284
260982,2011.06.12. 오전 10:12,부동산,머니투데이,주목 경매물건,머니투데이 EH경매연구소 머니위크 추천물건 서초동 아파트 139.78㎡ 1회 유찰 9억6000만원 u3000 서울 서초구 서초동 1335번지 무지개아파트 3동 1206호가 경매로 나왔다. 영동중학교 북서측 인근에 소재한 물건으로 9개동 1074세대의 대단위 아파트단지로 1978년 10월에 입주했다. 12층 건물 중 12층으로 남동향이며 139.78㎡ 50평형 의 구조로 방이 4개다. 강남대로 효령로 등을 통해 차량 진출입이 수월하다. 서이초등 영동중 양재고교 등이 단지 인근에 있어 교육환경은 양호하다. 서울성모병원과 신세계백화점 등 생활편의시설을 이용할 수 있다. 최초 감정가 12억원에서 한차례 떨어져 9억6000만원에 매각이 진행된다. 등기부 등본상 저당권 4건 압류 4건은 매각 후 잔금 납부와 동시에 소멸된다. 소유자가 거주하고 있어 매각 시 명도부담은 없다. 시세는 11억4000만원에서 12억5000만원에 거래되고 있으며 전세가는 3억원에서 3억3000만원선이다. 매각일자는 2011년 6월15일 서울중앙지방법원 경매 10계다. 사건번호 10 26890 신정동 아파트 126.02㎡ 2회 유찰 8억6400만원 u3000 서울 양천구 신정동 312번지 목동신시가지아파트 921동 502호가 경매로 나왔다. 신서초등학교 남서측 인근에 소재한 물건으로 32개동 2030세대의 대단위 아파트단지로 1987년 7월에 입주했다. 5층 건물 중 5층으로 남동향이며 126.02㎡ 45평형 로 방이 4개다. 등촌로 목동서로 등을 통해 차량 진출입이 수월하다. 신서초등 목동중 진명여고 등이 단지 인근에 있어 교육환경은 양호하다. 이대목동병원과 현대백화점 양천공원 등 생활편의 시설을 이용할 수 있다. 최초 감정가 13억5000만원에서 두차례 떨어져 8억6400만원에 매각이 진행된다. 등기부 등본상 저당권 7건 압류 5건 가압류 1건은 매각 후 잔금 납부와 동시에 소멸된다. 매각물건 명세서상 소유자와 후순위 소액임차인 2명이 거주하고 있으나 명도 부담은 없다. 시세는 12억원에서 14억원에 거래되고 있으며 전세가는 4억원에서 4억5000만원선이다. 매각일자는 2011년 6월14일 서울남부지방법원 경매 4계다. 사건번호 10 28274 u3000 서빙고동 아파트 226.44㎡ 2회 유찰 12억 8000만원 u3000 서울 용산구 서빙고동 241 21번지 신동아아파트 12동 403호가 경매로 나왔다. 서빙고역 남측 인근에 소재한 물건으로 15개동 1326세대의 대단위 아파트단지로 1984년 6월에 입주했다. 13층 건물 중 4층으로 남향이며 226.44㎡ 70평형 의 구조로 방이 6개다. 강변북로 서빙고로 등을 통해 차량 진출입이 수월하며 국철 서빙고역이 걸어서 5분 거리에 있다. 서빙고초등 한강중 중경고교 등이 단지 인근에 있어 교육환경은 양호하다. 용산가족공원과 순천향대병원 아이파크백화점 등 생활편의시설을 이용할 수 있다. 최초 감정가 20억원에서 두차례 떨어져 12억8000만원에 매각이 진행된다. 등기부 등본상 저당권 1건 가압류 2건은 잔금 납부와 동시에 소멸된다. 매각물건 명세서상 소유자가 거주하고 있어 매각시 명도부담은 없다. 시세는 18억원에서 22억원에 거래되고 있으며 전세가는 6억원에서 8억원선이다. 매각일자는 2011년 6월15일 서울서부지방법원 경매 2계다.,https://news.naver.com/main/read.nhn?mode=LSD&mid=shm&sid1=260&oid=008&aid=0002553604,284
260983,2011.06.12. 오전 9:58,부동산,이데일리,계룡건설 예산일반산업단지 분양,이데일리 이진철 기자 계룡건설 013580 은 충남 예산군 삽교읍 일원에 위치한 예산일반산업단지 를 분양한다고 12일 밝혔다. 예산일반산업단지는 총 150만3502㎡ 규모로 조성된다. 유치업종은 식료품과 섬유제품 펄프 및 종이제품 비금속광물제품 1차금속제품 금속가공제품과 전자부품ㆍ컴퓨터ㆍ영상ㆍ음향 및 통신장비 전기장비 자동차 및 트레일러 기타기계와 장비 화학 의약품 등이다. 예산일반산업단지는 충남도청 이전 예정지인 내포신도시와 당진 대전고속도로 예산IC가 인접하다. 계룡건설 관계자는 예산일반산업단지는 주변에 행정 산업 교육 인프라를 골고루 갖춰 서해안의 고성장산업지역으로 발전할 가능성이 높다 면서 전력 154㎸ 도시가스 단지내 폐기물 처리장 등 탄탄한 기반시설을 갖추고 있어 기업이 필요로 하는 조건을 모두 갖추고 있다 고 말했다. 예산일반산업단지 3.3㎡당 공급가격은 평균 54만원선이다. 5 7년간 법인세 면제 및 감면을 비롯해 취득세·재산세 감면 지방이전투자에 따른 입지 보조금 등의 혜택을 받을 수 있다. 예산일반산업단지는 2013년 6월께 조성이 완료될 예정이다.,https://news.naver.com/main/read.nhn?mode=LSD&mid=shm&sid1=260&oid=018&aid=0002451142,284
260984,2011.06.12. 오전 9:06,부동산,헤럴드POP,파주 교하신도시 롯데캐슬 부산 명륜I’PARK 등 전국 6291가구 공급,6월 셋째 주 신규아파트 분양시장에서는 전국 8개 사업장에서 6291가구가 공급된다. 수도권에서는 파주 교하신도시 롯데캐슬 인천 영종하늘도시 국민임대 아파트가 청약접수를 시작한다. 그리고 분양시장이 호황을 누리고 지방에서는 부산 동래구 명륜I PARK1단지 충남 천안시 두정2차e편한세상 등 지역 곳곳에서 신규분양이 진행될 예정이다. 수도권 롯데건설이 파주 교하신도시에 롯데캐슬 1880가구를 공급한다. 롯데캐슬은 지상 18층에서 30층 20개 동 규모로 전용면적은 59㎡에서 126㎡까지 다양한 면적으로 건립된다. 롯데캐슬은 가온 호수공원의 녹지를 단지 내까지 끌어들인 그린네트워크 개념을 적용해 조경면적을 극대화했다. 단지 인근에는 경의선 운정역이 위치해 대중교통도 이용도 편리하고 제2자유로 김포관산도로 경의선 복선전철화 및 서울 문산간 고속도로 등이 계획돼 있어 서울과의 접근성도 꾸준히 개선될 전망이다. 분양가는 3.3㎡당 1000만원 초반에서 1100만원 중반 정도다. 분양가상한제가 적용돼 전용85㎡이하 면적은 3년 85㎡초과는 1년간 전매가 제한된다. 입주는 2014년 11월 예정이다. 안양시 호계동에서 동양아파트를 재건축한 금호어울림 단지가 일반분양을 시작한다. 총 136가구 중 조합원 물량을 제외한 40가구가 전용59 84㎡형으로 일반에게 공급된다. 단지 인근으로 경수대로 군포제일공단 안양IT단지 등이 위치해 배후수요가 풍부한 편이다. 또한 홈플러스 안양점 등 생활 편의시설도 가까이 위치해 거주여건도 양호하다. 3.3㎡당 분양가는 1100만원 정도다. 금호어울림은 후분양 아파트로 오는 12월 입주가 시작될 예정이다. 구리시 인창동에서 피누스파크 단지가 분양을 시작한다. 전용84 107㎡형으로 98가구가 건립되는 소규모 단지다. 그리고 인천 영종하늘신도시에서 저소득층 서민을 위한 국민임대 아파트 1554가구가 공급된다. A5블록과 A29블록에서 각 770가구 784가구가 전용29 59㎡형으로 공급된다. 면적별로 보증금은 1000만∼3600만 원 월 임대료는 6만5000∼21만2000원 수준이다. 입주는 2012년 7월로 계획돼 있다. 지방 부산 동래구 명륜3구역을 재개발한 명륜I’PARK 1409가구가 분양된다. 명륜I’PARK는 현대산업개발에서 시공을 맡아 지상 최고 28층 높이의 20개 동의 대규모 아파트로 건립된다. 전용62 151㎡ 면적대로 조합원 물량을 제외한 1041가구가 일반에 선보인다. 부산지하철1호선 명륜역이 도보 5분 거리에 위치하고 있고 위치에 따라 부산4호선 수안역을 걸어서 이용할 수 있다. 주변에는 마안산공원이 인접해 자연환경도 쾌적한 편이다. 분양가는 3.3㎡당 800만 후반에서 900만원 중반대로 책정됐고 계약 후 바로 거래할 수 있다. 입주는 2013년 11월로 계획돼 있다. 전북 전주시 하가지구에서는 제일오투그란데 319가구가 공급된다. 실수요자 선호도가 높은 전용76㎡형과 84㎡형으로 건립된다. 전주천과 전주천 하늘공원이 가까워 쾌적한 주거환경을 자랑한다. 3.3㎡당 분양가는 600만원 후반수준이다. 분양가상한제가 적용돼 계약 후 1년간 전매가 제한된다. 입주는 2013년 4월 예정이다. 충남 천안시 두정동에서는 두정2차e편한세상이 공급된다. 지상 18층 23층 높이의 11개 동 규모로 총 848가구가 공급된다. △전용72㎡ 198가구 △전용84㎡ 650가구의 중소형아파트다. 두정2차e편한세상은 지하철 1호선 두정역을 걸어서 이용할 수 있는 역세권 단지다. 또한 천안제1외곽순환도로가 2015년 완공을 목표하고 있어 교통여건도 점차 개선될 전망이다. 두정2차e편한세상은 307만㎡ 면적의 국제비즈니스파크를 비롯해 천안유통단지 천안제3산업단지 등이 인접해 산업단지 배후주거지로서의 역할이 기대된다. 3.3㎡당 분양가는 700만원 중후반 정도다. 입주는 2013년 6월로 계획돼 있다. 그 외 경남 함안군 칠원면에서는 함안칠원 국민임대 656가구가 청약접수를 시작할 예정이다. 주말에는 전국 곳곳에서 모델하우스를 열고 분양에 나설 채비에 들어간다. 먼저 서울 용산구 문배동에서는 도시형생활주택과 오피스텔이 복합 개발되는 용산SK큐브가 모델하우스를 열고 예비 청약자를 맞는다. 그리고 경기 용인시 보정동 신일유토빌골드클래스 부산 해운대구 우동 한신休플러스 강원 원주시 우산동 신일유토빌 등이 모델하우스 오픈을 계획하고 있다.,https://news.naver.com/main/read.nhn?mode=LSD&mid=shm&sid1=260&oid=112&aid=0002202204,284
260985,2011.06.12. 오전 9:00,부동산,뉴시스,대법 대토권 매매 알선 중개행위 아니다,서울 뉴시스 김종민 기자 이른바 대토권 매매를 알선한 행위는 부동산중개업법상 중개행위가 아니라는 대법원 확정 판결이 나왔다. 대토권이란 주택이 철거될 경우 일정한 요건 하에 택지개발지구 내에 이주자택지를 공급받을 수 있는 지위를 말한다. 대법원 1부 주심 민일영 대법관 는 12일 오모 58 씨가 한국공인중개사협회를 상대로 낸 보증채무금 청구소송에서 원고 패소 판결한 원심을 확정했다. 재판부는 중개사 보조원이 알선한 매매의 대상물은 주택이 아니라 주택이 철거될 경우 공급받을 대토권 이라고 판단 중개행위를 전제로 한 오씨의 청구를 기각한 원심은 정당하다 고 판시했다. 구 부동산중개법상 중개대상물은 토지 건물 기타 토지의 정착물 기타 대통령령이 정하는 재산권 및 물건으로만 한정돼 있다는 이유에서다. 오씨는 채모씨가 운영하는 공인중개사무소 보조원 이모씨를 통해 토지개발공사가 정비사업을 하기로 예정고시한 택지개발지구 내 주택을 사들였다. 하지만 오씨의 기대와 달리 택지개발사업 공람공고일 1년 이전부터 살고 있었어야 한다는 이주자택지 공급 기준에 미달 대상에서 제외됐다. 이에 오씨는 채씨 등을 상대로 손해배상 청구소송을 제기하는 한편 공제사업자인 협회와도 송사를 벌이게 됐다. 하지만 1 2심은 이씨가 매매를 알선한 것은 법령상 중개대상물에서 제외되는 대토권이므로 중개업자의 과실 책임을 공제사업자에게 물을 수 없다며 원고 패소 판결했다.,https://news.naver.com/main/read.nhn?mode=LSD&mid=shm&sid1=260&oid=003&aid=0003904462,284
260986,2011.06.12. 오전 8:46,부동산,세계일보,부동산 경매투자 ‘100전 100승’의 주인공은,세계닷컴 ◇ 나는 경매로 월세 2천만원 받는다 저자 유영수 아경북스 1. “요즘 전세가 너무 올라서 걱정이에요” 2. “올해 집을 사는 게 좋을까요 ” 곧 전세기간이 만료되는 Y씨 41 는 이번 기회에 집을 사는 게 좋을지 고민이다. 주변 사람들이나 부동산 전문가들에게 조언도 구해보지만 돌아오는 답은 모두 제각각이다. 하지만 분명한 것은 최근의 부동산시장은 과거와는 다른 양상을 보이고 있으며 부동산시장에 접근할 때는 결단력과 실행력이 가장 중요하다는 것이다. 여기 결단력과 실행력을 바탕으로 성공한 부동산 부자가 되도록 도와줄 도서 한 권을 소개한다. 부동산 경매의 달인 유영수 원장이 공개하는 ‘필살기’ 월급쟁이들에게 내집마련은 아직도 큰 과제다. 하지만 월급만으로는 내집마련은커녕 노후 준비조차 힘든 게 요즘의 현실이다. 이 같은 현실을 뛰어넘을 수 있는 투자 대안으로 떠오른 것이 바로 부동산 경매다. 하지만 저자인 서울부동산칼리지 cafe.daum.net seoulauctioncollege 유영수 원장은 “실상 경매 시장은 대박과 쪽박이 공존하는 전쟁터인 만큼 철저한 준비가 필요하다”고 조언한다. 이 책은 실전 경매의 모든 과정을 순차적으로 파노라마처럼 보여준다. 저자는 물건 찾기 현장 조사 인도와 명도 리모델링 매매 및 수익 실현에 이르기까지 자신의 노하우를 고스란히 전해준다. 경매가 대중화된 요즘은 하자 없는 물건을 싼 가격으로 낙찰 받기는 거의 힘든 일이 되어 버렸다. 주거용 부동산은 낙찰 받기가 거의 불가능할 정도로 경쟁도 치열하고 낙찰가도 매우 높은 편이다. 그렇다면 경매 투자로 고수익을 창출할 수 있는 방법은 무엇일까 저자인 유 원장은 △ 경매 물건의 하자를 어떻게 해결하여 수익을 올리는지 △ 허위 유치권은 어떻게 밝혀내는지 △ 어떤 방법으로 부동산을 개조해서 비싼 상품으로 업그레이드시키는지 등을 각종 부동산별로 예를 들어 이야기 형식으로 쉽고 자세히 풀어 설명하고 있다. 또한 소액으로 경매에 도전해 높은 수익률을 올리는 방법까지 소개 각자의 형편에 맞는 물건을 선택해 경매에 도전할 수 있도록 했다. 관련 문의는 전화 02 6084 7254 으로 하면 된다. 김현주 기자 egg0love segye.com Segye.com 인기뉴스 구글은 역시 검색왕 … 선정적 콘텐츠도 우글 70대父 얼굴 피날 때까지 때린 패륜아들 결국… 전력난은 남의나라 일 …공무원들 펑펑 썼다 판사 때문에… 성폭행 피해 여성 모텔서 자살 돈 쌓아둔 10개 대학 건축예산 뻥튀기 쏘나타 하이브리드 시승차 멈춰서… 발 동동 억 소리나는 슈퍼카들의 침수 수리비만 무려… ⓒ 세계일보 Segye.com 무단 전재 및 재배포 금지 금융전문뉴스 세계파이낸스 모바일로 만나는 세계닷컴 세계닷컴은 한국온라인신문협회 www.kona.or.kr 의 디지털뉴스이용규칙에 따른 저작권을 행사합니다.,https://news.naver.com/main/read.nhn?mode=LSD&mid=shm&sid1=260&oid=022&aid=0002273940,284
260987,2011.06.12. 오전 8:41,부동산,헤럴드POP,국제행사 지방부동산 시장서 초대형 호재로,대규모 국제행사가 부동산 시장에 새로운 활기를 불어넣고 있다. 내년 개최를 앞두고 있는 여수 엑스포를 포함해 2014년 인천아시안게임·2015년 광주하계유니버시아드 U대회 등이 개최준비가 한창인 가운데 초대형 개발호재에 힘입어 부동산 시장도 활황을 누리고있다. 대형 국제행사는 그 준비를 위해 기반시설 확충은 물론 고용창출 효과 및 외부인구 유입 등 광범위한 실질적 경제효과를 유발한다. 이러한 초대형 개발호재가 부동산 침체에도 불구하고 투자자들의 주목을 끌고있다. 지난 ’86아시안 게임과 ’88서울 올림픽 등이 참가자 숙소 활용을 위해 각각 마련된 잠실 ‘아시아선수촌 아파트’와 ‘올림픽선수기자촌 아파트’ 등이 투자가치 상승으로 이어졌던 학습효과가 나타나고 있는 것이다. 스포츠행사뿐 아니라 지난 1993년에 개최된 대전엑스포도 메머드급 배후 주거단지인 ‘엑스포 아파트’를 조성해 랜드마크로 자리잡았다. 내년 5월 12일부터 8월 12일까지 93일간 열리는 여수 엑스포는 12조 2 000억원에 달하는 생산유발효과와 5조 7 000억원의 부가가치를 창출하며 8만명에 달하는 고용창출 효과를 낳을 것으로 예상된다. 현재 빠른속도로 공정이 진척되고 있는 여수엑스포는 행사기간 중 800만명의 방문객과 55만명의 외국인 관광객이 찾을 것으로 보인다. 국제행사가 일으키는 경제적 부가가치와 더불어 기반시설이 확충되면서 편의성이 강화된다. 무엇보다 올 9월 용산 여수간 KTX 운행이 시작되면 약 3시간이 소요되는 등 교통인프라가 대폭 확충된다. 또 순천 완주간 고속도로가 개통되면서 이미 승용차로는 3시간대로 이동시간이 줄어 수도권으로의 접근성이 획기적으로 개선됐다. 이런 가운데 이달 10일부터 분양에 들어간 ‘여수 웅천지웰 2차’는 여수 엑스포 최대 수혜지역으로 꼽힌다. ‘여수 웅천지웰 2차’는 지난 2008년 부동산 침체에도 불구하고 성공적으로 분양되면서 프리미엄이 입증된 ‘여수 웅천지웰 1차’ 바로 옆에 들어선다. 여수 최초의 택지개발지구인 웅천택지개발지구에 선보이는 ‘여수 웅천지웰 2차’ 는 지하 1층 지상 25층 7개동 614가구 규모의 여수 최고층 아파트로 새로운 랜드마크가 될 것으로 기대된다. 특히 여수 엑스포 행사장과 차량으로 불과 10여분거리에 위치한 ‘여수 웅천지웰 2차’는 중소형 추세에 맞춰 전용면적 기준 84 111㎡ 舊 33 43평형 로 구성되며 한려수도가 펼쳐진 국내최고의 해상조망권은 벌써부터 투자자들의 관심을 끌고있다. LH도 여수엑스포 기간 중 관계자 숙소로 활용하기 위해 총 1 442가구 규모의 아파트를 공급한다. 올 7월 중순께 분양신청접수를 받을 예정이다. 여수 엑스포 행사를 위해 마련된 각종 생활편익시설 등을 비롯해 국내최대 규모의 아쿠아리움 등은 편의성을 높이고 다양한 볼거리를 제공해 관광휴양단지로 거듭날 것으로 기대된다. 한편 2014 인천 아시안게임을 위해 신규 도로개설 등 인프라가 보강되면서 최근 삼성의 송도투자와 더불어 호재로 등장해 인근 부동산에 대한 수요자들의 관심이 높아지고 있다. 특히 서구 ‘드림파크’에는 사격·승마·조정 등 6개 경기장이 신설되면서 인근부동산이 수혜지역으로 떠오르고 있다. 올 하반기에 아시안게임 주경기장이 들어서는 서구 인근 청라지구에서 포스코건설이 1494가구 공급할 예정이다. 2015 광주 하계유니버시아드 대회를 위해 신축될 예정인 선수촌 아파트는 내년 상반기 착공예정이다. 2015년 4월에 준공을 목표로 광주광역시 서구 화정2동 화정주공아파트가 재건축되며 지상2층 지상35층 35개동으로 총 3 727가구 규모로 선보인다.,https://news.naver.com/main/read.nhn?mode=LSD&mid=shm&sid1=260&oid=112&aid=0002202198,284
260988,2011.06.12. 오전 8:40,부동산,헤럴드POP,박인호의 전원별곡 전원생활도 재테크다…귀농귀촌용 땅 구하기 20계명하,11 맹지라고 기피하지 말고 팔자 고칠 맹지를 찾아보라 진입로가 없는 맹지는 그 자체로는 집을 지을 수 없기 때문에 진입로가 있는 다른 땅에 비해 가격이 훨씬 싸다. 하지만 맹지라도 길과 통하는 이웃 토지주로부터 사용승낙서를 받으면 맹지에서 탈출할 수 있다. 물론 이 때는 사용승낙 비용을 최소화 하는 게 관건이다. 또 동호인 등 공동구매 방식으로 여러 필지의 맹지와 도로를 확보하고 있는 땅을 함께 사들여 개발하는 것도 한 방법이다. 12 기획부동산 땅은 쳐다보지 않는 게 상책이다. 기획부동산이 임야나 농지를 헐값에 사들여 잘게 쪼개 비싸게 파는 땅은 아예 관심을 갖지 않는 게 좋다. 이들은 엄청난 폭리를 취하면서 그 희생을 분양받는 투자자에게 전가한다. 또 이들이 쪼개 판 땅은 대부분 집을 짓기 어렵다. 고객에게 수익을 안겨주는 경우도 간혹 있기는 하지만 전체적으로 리스크가 너무 크다. 13 장수마을 명품길 치유의 숲 등 전원테마가 있는 곳이라면 더 좋다 전원생활의 주된 목적 중 하나가 바로 건강하고 행복한 노후를 보내는 것이다. 예부터 건강하게 오래 사는 터 즉 장수마을이라면 전원생활 터로서 금상첨화다. 주변에 둘레길 올레길 숲길 등 명품길이 있다면 산책을 즐기기에 안성맞춤이다. 몸에 좋은 피톤치드와 음이온을 뿜어내는 편백나무 소나무 잣나무 등 자연치유의 숲이나 휴양림이 있는 곳 또한 전원생활을 즐기기에 제격이다. 14 전원생활 터 구할 때 풍수도 살펴라 풍수를 단지 미신으로 터부시 하는 경향이 있다. 하지만 풍수는 조상 대대로 내려온 생활의 지혜다. 가급적 배산임수 북고남저 남향 또는 동남향 등의 풍수의 기본적 조건을 갖춘 땅을 마련하는 게 좋다. 물론 이런 땅은 흔하지 않지만 풍수적 관점에서 크게 벗어난 땅은 피하는 게 이롭다. 습한 땅 매립한 땅 수맥이 흐르는 땅 계곡 옆 북향 땅 등이 그렇다. 15 좋은 땅 잡으려면 좋은 중개업자를 친구로 만들어라 도시인들은 전원 땅을 마련하는 데 있어 누군가의 도움이 필요하다. 이 때 대부분은 지역 중개업자를 찾게 된다. 사실 전국구 토지 전문가란 없다. 해당 지역에 관한 한 그 지역 중개업자가 최고 전문가다. 따라서 좋은 중개업자를 만나는 게 중요하다. 지역 중개업자를 친구로 만들면 그가 확보하고 있는 저렴하면서도 양질의 땅을 우선 소개받을 수 있다. 물론 고객과 중개업자 간에 신뢰가 전제되어야 한다. 16 고속도로 IC와 복선전철 역세권에 돈을 묻어라 편리한 교통망에 수려한 풍광을 갖춘 전원주택지라면 그 자체로 몸값이 뛴다. 따라서 고속도로 IC 일대와 복선전철 역세권은 전원시장에서 단연 인기 테마다. 서울 및 수도권 접근성이 좋은 이런 곳은 전원생활에 더해 투자가치를 덤으로 얻을 수 있기 때문이다. 서울 양양간 동서고속도로 경춘고속도로 포함 경춘선 복선전철과 중앙선 복선전철 구간 등이 대표적이다. 17 산 좋고 물 좋다는데…전원생활도 물 확보가 관건이다 시골 어디서나 볼 수 있는 것이 산과 계곡 그리고 물이다. 그래서 대개 물은 어디나 파면 나온다고 생각한다. 하지만 지하수를 파도 물을 얻을 수 없는 시골 땅도 있다. 또 농약과 비료 축사로 인해 물이 오염된 경우도 많다. 따라서 땅 매매 계약 전에 반드시 동네 주민이나 지하수 업자를 통해 물이 귀한 곳인지 지하수를 파면 물을 얻을 수 있는지 확인해야 한다. 18 ‘미인 땅’은 만들어지는 것 경관에 너무 빠지지 마라 대개는 전원주택지나 귀농지를 선택할 때 주변 경관에 집착한다. 그러나 전원생활 선배들은 “경관에 너무 빠지지 마라”고 충고한다. 소위 ‘경관 프리미엄’에 거품이 끼어있어 가격이 비싼 데다 마을에서 멀리 떨어져 있는 외진 곳이 많아 생활 역시 불편하기 때문이다. 타고 태어난 미인 땅도 있지만 좋은 땅은 만들어지는 것이라고 했다. 좀 모자란 듯해 보이는 땅도 살면서 천천히 가꾸어 나가면 미인 땅이 된다. 19 계곡 옆 전원주택지 환상에서 벗어나라 계곡 옆 전원주택지는 A급 땅으로 인정받기에 가격 또한 비싸다. 하지만 풍수에서는 이런 곳은 집터로 좋지 않다고 본다. 계곡은 밤낮으로 바람이 불어대는 데다 물이 급하게 흘러 시끄럽고 생기를 흩어지게 한다. 또한 장마철 집중호우 때나 겨울철 폭설이 내릴 때 여러 가지로 생활하기가 불편할 뿐 아니라 안전사고의 우려도 있다. 20 기초토목공사 완료된 전원주택단지 분양도 한 방법이다 제대로 된 전원생활을 하려면 어느 정도 규모가 되는 농지를 매입해 일부는 대지로 전용해 집을 짓고 나머지 땅에는 농사를 지으면 좋다. 하지만 이 경우 농지전용 및 건축 인허가 절차를 밟아야 하고 집을 짓기 위한 준비 과정 또한 여간 번거로운 게 아니다. 이 때 전원주택단지를 분양받는 것도 한 방법이다. 이 경우 진입로를 확보하고 기초토목공사는 완료한 곳이라야 안전하다.,https://news.naver.com/main/read.nhn?mode=LSD&mid=shm&sid1=260&oid=112&aid=0002202197,284
260989,2011.06.12. 오전 8:35,부동산,헤럴드POP,올 하반기 입주하는 수도권 중소형 미분양 찜해볼까,가을 최악의 전세대란이 예고되면서 수도권 중소형 미분양 아파트에 대한 관심이 높아지고 있다. 김지훈 내집마련정보사 팀장은 “수도권 매매 전셋값이 중소형 아파트를 중심으로 상승하다 보니 중소형 미분양 아파트 수요는 꾸준히 늘어나고 있다”면서 “최근 입주하는 중소형의 경우 발코니 확장과 과학적인 공간 설계 등으로 실수요자들은 굳이 넓은 아파트를 고집할 필요가 없게 됐다”고 말했다. 서울에서는 현대산업개발이 강동구 고덕동 ‘고덕 아이파크’ 아파트를 분양 중이다. 총 1142가구의 대단지로 전용면적 59 177㎡의 다양한 주택형으로 이뤄졌다. 이 가운데 59㎡ 84㎡을 중심으로 소량의 미분양이 남아 있으며 특별 분양 조건으로 계약과 동시에 입주가 가능하다. 지하철 5호선 고덕역이 걸어서 5분 거리이며 올림픽대로와 천호대로 암사대교를 이용해 잠실 강남권으로 이동도 편리하다. 두산건설은 동작구 사당동 영아아파트를 재건축한 ‘남성역 두산위브’를 공급하고 있다. 전용면적 59 116㎡ 총 451가구로 구성된다. 이 중 전용면적 84㎡가 몇 가구 남아 있다. 지하철 7호선 남성역이 단지 바로 앞에 있으며 지하철 7호선 고속터미널역과 4ㆍ7호선 총신대입구역도 가깝다. 동작대로ㆍ올림픽대로 등 주요 간선도로와도 곧바로 연결된다. 입주는 올해 11월이다. 경기도 김포 한강신도시에서는 쌍용건설 계룡건설 한화건설이 분양한 ‘쌍용 예가’아파트가 6월부터 입주를 시작한다. 1474가구의 대단지로 84㎡ 단일 주택형으로 이뤄졌다. 48국도 접근이 쉽다. 또 오는 7월에 김포한강로 개통으로 서울까지 직통으로 개통 연결될 예정이다. 수원시 권선동에는 GS건설과 대림산업이 분양한‘권선자이e편한세상’ 아파트가 오는 10월 집들이를 앞두고 있다. 권선주공아파트를 재건축 한 아파트로 총 1753가구 59 195㎡로 구성된다. 단지 앞을 지나는 국도 1호선과 영동고속도로 경부고속도로와 연결되는 동수원나들목을 통해 고속도로 진출입이 쉽다. 곡선초등학교를 비롯해 세곡초 곡선중 권선고 등이 가깝다.,https://news.naver.com/main/read.nhn?mode=LSD&mid=shm&sid1=260&oid=112&aid=0002202196,284
260990,2011.06.12. 오전 8:33,부동산,연합뉴스,구미 대형의류할인매장 입점 놓고 주민 갈등,구미 연합뉴스 손대성 기자 경북 구미에서 대형의류할인매장 아웃렛 입점을 반대하는 소상공인과 찬성하는 일부 주민이 갈등을 빚고 있다. 구미 봉곡동에 입점이 추진되는 아웃렛 몰은 3만여㎡ 부지에 지하 1층 지상 2층 연면적 6천400여㎡이다. 아웃렛 업체는 지난달 말 구미시도시계획위원회에 입점안을 상정했으나 도시계획위원회는 소상공인의 의견을 들어보고 결정하겠다며 안건을 보류해 놓은 상태다. 소상공인이 반대하는 상황에서 도시계획위원회가 이 같은 결정을 내리자 일부 주민이 반발하고 나섰다. 구미 봉곡동 주민 40여명은 지난 10일 봉곡사거리에서 집회를 열고 아웃렛 개점이 필요하다고 주장했다. 주민은 아웃렛 개점에 반대하는 일부 소상공인은 집단 이기주의자 라며 아웃렛이 입점하면 주민 편익이 높아진다 고 주장했다. 이들은 주민 3천명으로부터 찬성 서명을 받았고 이달 말까지 추가 서명을 받아 구미시에 전달할 계획이다. 반면 구미지역 소상공인으로 구성된 구미시소상공인연합대책위원회는 대형 아웃렛 몰이 들어서면 소상공인의 생존권이 박탈 당할 수 있다며 입점에 반대하고 있다. 이들은 지난달 말 구미시청 앞에서 수차례 집회를 열어 자연녹지에 대형 의류할인매장을 허가하는 것은 특정인에게 특혜를 주는 행정이며 구미시와 시의회는 매장 건립을 허가해서는 안된다 고 주장했다. 소상공인과 주민이 평행선을 달리면서 구미시는 양측 입장을 중재하느라 곤혹스러워하고 있다. 구미시 관계자는 양측이 갈등을 빚다 보니 시로서도 난감한 부분이 많다 며 일단은 도시계획위원회의 결정에 따라 소상공인 의견을 들어보는 단계 라고 말했다.,https://news.naver.com/main/read.nhn?mode=LSD&mid=shm&sid1=260&oid=001&aid=0005108185,284
260991,2011.06.12. 오전 7:02,부동산,노컷뉴스,6월 서울 청약전쟁 예고…알짜단지 분양 러시,대형건설사들 청담·역삼·마포 등 노른자위 지역 일반분양 CBS산업부 정재훈 기자 깊은 침체의 골에 빠져있는 서울 주택시장에 이달들어 대형건설사들이 알짜 물량들을 동시에 내놓는다. 주택경기 장기 불황과 보금자리주택 공급으로 민간 신규분양이 씨가 마른 서울로서는 오랜만에 만나는 브랜드 단지들이다. 특히 서울 강남과 마포 등 인기지역에 포진해 더욱 큰 관심을 끌고 있다. 먼저 GS건설은 오는 20일 서울 강남구 청담동에 한양아파트를 재건축한 청담자이 전용면적 49㎡ 90㎡ 16가구를 일반 분양한다. GS건설이 지난 2004년 이후 7년만에 강남구에 선보이는 단지로 경기고 휘문고 등 강남 최고의 학군에 한강변에 인접해 있고 7호선 청담역을 걸어서 이용할 수 있다. 국내 최고의 인기지역에 공급하는 중소형 아파트로 청약통장없이 청약이 가능해 관심이 집중될 전망이다. SK건설도 강남구 역삼동의 개나리 5차 아파트를 재건축한 아파트를 이달말 일반 분양할 예정이다. 전용 85m²와 127m²형 46가구를 공급하며 지하철 2호선과 분당선 환승역인 선릉역에서 걸어서 5분 거리이다. 강북의 인기지역인 마포에서는 GS건설이 오는 17일 한강밤섬자이 견본주택을 열고 분양에 나선다. 2009년 4월 도시 및 주거환경정비법 개정에 따라 임대분이 일반분양분으로 전환된 전용 84㎡ 132㎡ 규모 46가구가 공급된다. 3년 전 일반 분양 당시에 맞춘 저렴한 분양가에 지난 3월 입주가 완료돼 즉시 입주가 가능하다. 현대산업개발도 마포구 아현뉴타운 신공덕6구역에서 신공덕아이파크 전용 59 114㎡ 71가구를 이달 말쯤 일반 분양할 예정이다. 지하철 5호선와 6호선 환승역인 공덕역이 가깝고 단지 동쪽에는 효창공원과 효창운동장이 위치해 있다. 신공덕 삼성아파트 신공덕 래미안 3차 등 대규모 아파트 단지가 형성돼 있어 생활 환경이 우수하다는 평가이다. 아울러 성동구 금호동에서는GS건설이 금호 18구역을 재개발한 금호자이 2차 38가구를 일반 분양한다. 전용 36㎡ 115㎡ 규모로 지하철 3호선 금호역과 5호선 신금호역을 이용하기 편리하고 한강공원과도 가깝다. 삼성물산은 동대문구 전농 7구역을 재개발한 2천300여 가구 규모의 대단지를 분양한다. 일반 분양물량은 83㎡ 153㎡ 규모 489가구로 지하철 1호선 청량리역을 걸어서 이용할 수 있고 청량리 민자역사 내 편의시설과 롯데백화점 등 생황편의 시설도 잘 갖춰져 있다. 부동산 전문가들은 오랜만에 서울의 노른자위 지역에 공급되고 물량도 적은 만큼 실수요자 등의 관심이 뜨거울 것으로 예상했다.,https://news.naver.com/main/read.nhn?mode=LSD&mid=shm&sid1=260&oid=079&aid=0002258832,284
260992,2011.06.12. 오전 7:00,부동산,아시아경제,청약통장 없이 500만원으로 강남 새 아파트 잡아볼까,아시아경제 조철현 기자 청약통장 없이 계약금 500만원으로 서울 강남의 새 아파트를 잡을 수 있는 기회가 생겼다. GS건설은 이달 20일부터 사흘간 서울시 강남구 청담동에 위치한 청담 자이 아파트 청약을 받는다고 12일 밝혔다. 청담 자이는 한양아파트를 헐고 새로 짓는 재건축 단지로 GS건설이 지난 2004년 이후 7년 만에 강남에서 선보이는 아파트다. 지하 2층 지상 35층 5개동 총 708가구로 오는 10월 입주 예정이다. 2009년 임대주택 건설 의무제 폐지에 따라 임대에서 분양 물량으로 전환된 전용 면적 49㎡ 4가구 89㎡ 12가구 등 총 16가구가 일반분양된다. 청담 자이는 주택법 적용을 받지 않아 청약금 500만원만 있으면 청약통장이 없어도 누구나 청약할 수 있다. 청담자이 홈페이지 www.cd xi.co.kr 에서 청약 접수를 받으며 추첨을 통해 당첨자가 결정된다. 당첨자는 24일 오후 2시 이후 홈페이지에서 직접 확인할 수 있다. 계약시 분양금의 10%를 내고 중도금 분양금의 10% 납입 후 10월 입주 때 잔금을 내면 된다. 발코니 확장 및 시스템 에어컨이 무료로 제공된다. 청담 자이는 지하철 7호선 청담역을 걸어서 이용할 수 있다. 올림픽대로도 가까이 있다. 단지 인근에 경기고·휘문고 등이 있는 등 최적의 교육 환경을 갖췄다는 평가다. GS건설 관계자는 분양 물량이 요즘 인기가 높은 중소형인 데다 분양가도 주변 시세보다 싼 편 이라며 전세 시세가 분양가의 50%를 넘고 인근에 임대 수요도 풍부해 임대 투자용으로도 적합하다 고 말했다.,https://news.naver.com/main/read.nhn?mode=LSD&mid=shm&sid1=260&oid=277&aid=0002621585,284
260993,2011.06.12. 오전 7:00,부동산,아시아경제,양날의 칼이 국회로..분양가 상한제 폐지될까,올 6월 국회에 분양가 상한제 폐지 논의에 관심이 집중된다. 분양가 상한제는 집값안정과 민간 주택공급 위축이라는 양날의 칼로 평가 받는다. 실제로 분양가 상한제 이후 민간 아파트 공급물량은 매년 마이너스 변동률을 기록했다. 아시아경제 정선은 기자 분양가 상한제 폐지 여부가 6월 국회를 앞두고 다시 관심사로 떠올랐다. 건설·부동산 경기침체의 골이 깊은 가운데 해묵은 분양가 상한제 폐지가 성사될 지 주목된다. 정부와 한나라당은 6월 국회에서 재개발·재건축에 한정된 분양가 상한제 폐지를 추진중이다. 게다가 신임 권도엽 국토해양부 장관도 가격 급등기에 도입된 제도라며 폐지에 찬성의사를 밝힌 상황이다. 분양가 상한제는 집값이 과열 양상을 보이던 2007년 9월 집값 안정화를 위해 전면 도입됐다. 하지만 금융위기를 겪으면서 주택공급 축소와 건설경기 침체 등 부작용을 낳았다는 평가를 받는다. 분양가 상한제가 민간 건설사의 주택 공급을 줄인 것은 확실하다. 부동산정보업체 부동산 114에 따르면 분양가 상한제를 피하기 위해 막바지 물량이 집중됐던 2007년 민간주택 공급은 22만9000가구에 달했다. 하지만 이듬해인 2008년에 14만5000가구로 민간 주택공급은 전년 대비 37% 가량 급감했다. 이후 2009년에 12만6000가구로 지난해에는 마침내 9만1000가구로 10만가구 벽까지 깨졌다. 잇따른 부동산 대책에도 부동산 시장은 차갑게 얼어붙은 모양새다. 서울부동산광장 통계에 따르면 올해 서울 아파트 매매거래 건수는 계약일 기준으로 1월 7345건 2월 6107건 3월 5453건 4월 3650건 5월 1685건이다. 6월은 3분의 1이 지난 현재 거래건수가 겨우 168건에 그치고 있다. 그야말로 거래가 멈췄다. 분양가 상한제는 시장논리와 맞지 않는 가격통제라는 점이 맹점이다. 전문가들은 집값이 상승하는 호황기에는 집값 안정 정책이었지만 불황기에는 되려 공급부족을 초래하고 있다고 지적한다. 기본형 건축비라는 상한선이 정해지니 건설업체 입장에서는 이익극대화에 어긋나면 짓지 않으려 해서다. 여기에 분양가 상한제와 연동된 전매제한 재당첨 금지조항은 자유로운 매매거래를 막는 요인으로 작용한다. 분양가 상한제가 적용되는 수도권 과밀억제권역 내 민간택지의 경우 1 3년의 전매제한이 적용된다. 재당첨 금지로 새 아파트를 청약하고 5년 안에는 신규 아파트 청약은 불가능하다. 결국 집값 상승을 막는다는 취지로 도입된 정책이 되려 실수요자들을 공급부족에 시달리게 하는 부작용이 초래됐다는 지적이다. 민간 건설사들은 가뜩이나 입지와 가격 경쟁력까지 갖춘 보금자리주택으로 인해 분양시기를 조절했던 터였다. 부동산 경기침체까지 가중되니 신규 분양에 선뜻 나서는 민간 건설사도 많지 않았다. 하지만 양날의 칼로 평가받는 분양가 상한제 폐지가 성사될 지는 두고볼 일이다. 한나라당은 앞서 3.22 부동산 대책의 하나로 4월 국회에서 강남 3구를 제외한 지역의 분양가 상한제를 폐지하는 주택법 개정안을 내놨지만 결국 불발됐다. 선거를 앞두고 여야가 유권자들을 의식한데다 건설업체의 민원을 들어줬다는 평가를 부담스러워 했던 이유에서다. 이에 따라 올 6월 국회에 해묵은 분양가 상한제 폐지 논의가 어떤 결과를 낳을 지 관심이 모아진다.,https://news.naver.com/main/read.nhn?mode=LSD&mid=shm&sid1=260&oid=277&aid=0002621584,284
260994,2011.06.13. 오후 9:33,부동산,경향신문,“전세난 해결” “업체만 이득” 분양가 공방 가열,SUB TITLE START ㆍ건설업계 상한제 폐지 여론몰이 ㆍ전문가들 “후분양제·투기지역 제외 검토를” SUB TITLE END 분양가 상한제가 핫이슈로 부상했다. 정부와 한나라당은 위축된 부동산 시장을 살릴 수 있는 카드로 분양가 상한제 폐지를 들고 나왔다. 건설업계도 내년 총선에 앞서 분양가 상한제를 무력화하는 데 총력전을 펴고 있다. 분양가 상한제 폐지가 부동산 시장의 구세주 노릇을 할지에 대해서는 전문가들의 의견이 갈린다. 건설 관련 3개 단체 대한건설협회 한국주택협회 대한주택건설협회 는 13일 서울 여의도에서 ‘분양가 상한제 합리적 개선을 위한 정책 토론회’를 열고 분양가 상한제 폐지를 위한 여론몰이에 나섰다. 한나라당과 정부는 이달 임시국회에서 재개발·재건축 사업에 대한 분양가 상한제를 폐지하는 것을 추진 중이다. 분양가 상한제는 주택경기가 과열 양상을 보이던 2007년 9월 참여정부가 도입해 치솟던 집값을 잡는 데 성공했다. 집값의 거품을 뺐다는 점에서 높은 평가를 받았다. 그러나 2008년 말 금융위기를 거치며 주택공급 축소와 건설경기 침체를 가져온 주범으로 몰렸다. 국토해양부는 침체의 늪에 빠진 주택건설 경기를 살린다며 분양가 상한제 폐지를 추진했으나 상한제를 폐지할 경우 아파트값이 올라갈 것이라는 여론을 의식한 정치권의 반대로 지지부진했다. 이번 임시국회에서 처리하지 못하면 내년 총선 등 정치적 일정 때문에 더 이상 추진이 어렵다는 점에서 다급해진 건설업계가 공동전선을 펴고 있는 셈이다. 건설업계가 주장하는 상한제 폐지 주장의 논거는 “현재와 같이 집값이 떨어지고 거래가 끊긴 상황에서는 더 이상 분양가를 막는 게 유효한 제도가 아니다”라는 것이다. 정창무 서울대 건설환경공학부 교수는 이날 주제 발표를 통해 “분양가 상한제는 주택가격의 정상적인 상승을 막아 실수요를 위축시키고 전세난을 가져오는 악순환 구조를 고착시키고 있다”고 주장했다. 주택 보급률이 100%를 넘고 저출산·고령화 시대로 접어들면서 부동산 시장이 공급자가 아닌 수요자 우위로 재편되면서 상한제의 실효성이 없어졌다는 얘기다. 권주안 주택산업연구원 선임연구위원은 분양가 상한제 폐지를 주장하면서 “즉시 폐지하기 어렵다면 택지비 및 건축비를 올려 원가 반영률을 높이고 분양가심사위원회를 개선하는 보완책이 필요하다”고 지적했다. 김충재 대한주택건설협회 회장은 “분양가 상한제를 없앴다가 부작용이 드러나면 그때 규제를 해도 늦지 않다”고 주장했다. 부동산 전문가들은 그러나 재개발·재건축에 대한 분양가 상한제 폐지는 건설업체들의 배만 불릴 뿐 서민들의 주거안정에는 아무런 도움이 되지 않는다고 지적했다. 정남수 김광수경제연구소 부동산경제팀장은 “수도권에 미분양 아파트가 쌓여 있는 상황에서 건설업계는 재개발·재건축 사업에 대한 분양가 상한제 폐지를 통해 나름대로 이익을 노리고 있다”고 분석했다. 그는 “분양가 상한제 때문에 서민용 주택공급이 줄었다는 주장은 이해할 수 없다”고 덧붙였다. 김헌동 경실련 아파트값내리기운동본부장은 “분양가 상한제를 없애겠다는 것은 정부가 분양가 검증을 포기하겠다는 뜻”이라며 “아파트 건물도 보지 못한 채 분양을 하는 현행 선분양 제도를 후분양 제도로 바꾸는 노력이 먼저 필요하다”고 밝혔다. 일부 전문가들은 상한제를 없애더라도 서울 강남3구 강남·서초·송파구 를 비롯한 투기지역은 대상에서 제외하는 제한적인 폐지를 주장하고 있다. 강남3구 재개발·재건축 사업에 대해 분양가 상한제를 없앨 경우 조합원들의 부담은 줄어드나 일반 분양을 받는 사람은 분양가 폭탄을 맞을 수 있다는 설명이다. 박원갑 부동산1번지 소장은 “분양가 상한제를 없애더라도 투기지역을 제외하는 보완책을 마련해야만 부작용을 최소화할 수 있다”고 밝혔다. 홍인표 선임기자 경향신문 ‘오늘의 핫뉴스’ 박근혜의 ‘한마디’와 노무현의 ‘한마디’ 서러운 알바 여대생… 내가 사람이긴 한 건가 무라카미 하루키 “일본의 지옥문 열렸다” “겁많은 여학생이지만 너무 화나고 견딜수없어” 직장인이 부모님께 드리는 용돈… 평균 얼마 취업 면접때 ‘딱 걸리는 거짓말’… 1위는 공식 SNS 계정 경향 트위터 미투데이 페이스북 세상과 경향의 소통 Khross ⓒ 경향신문 경향닷컴 www.khan.co.kr 무단전재 및 재배포 금지 〈경향닷컴은 한국온라인신문협회 www.kona.or.kr 의 디지털뉴스이용규칙에 따른 저작권을 행사합니다.,https://news.naver.com/main/read.nhn?mode=LSD&mid=shm&sid1=260&oid=032&aid=0002141709,284
260995,2011.06.13. 오후 8:36,부동산,디지털타임스,부동산 행정정보 하나로 통합,토지ㆍ임야대장ㆍ지적도 등 18종 2014년까지 단일화 정부가 스마트 IT 서비스를 통한 신규 부가가치 창출에 나섰다. 국토해양부는 13일 18종에 이르는 부동산 정보를 IT를 활용해 하나의 서비스로 통합하겠다는 로드맵을 제시했다. 이에 따라 정부는 18개 부동산 관련 정보를 단계적으로 통합시켜 오는 2014년까지 단일 서비스로 제공한다는 방침이다. 권도엽 국토해양부 장관은 이날 국회 헌정기념관 대강당에서 열린 부동산 행정정보 일원화를 위한 정책토론회 에서 행정정보 일원화는 우선 민원인이 안방에서 모든 부동산 행정정보를 인터넷으로 확인하고 행정 처리할 수 있으며 공무원 업무효율도 아파트의 경우 절반 가까이 시간 및 소요인력이 줄어든다 고 말했다. 권 장관은 정부 오류가 확인되고 일원화 과정서 수정되면서 부동산정책의 질적 수준이 높아질 수 있으며 국민들은 훨씬 질 높은 서비스를 누릴 수 있게 된다 며 관련 법제 및 사업추진의 필요성을 강조했다. 국토부는 이와 관련 내년에 우선 토지대장 임야대장 대지권등록부 공유지연명부 지적도 임야도 경계점좌표등록부 건축물대장 등 11종을 하나로 통합하고 오는 2013년까지는 개별공시지가확인서 개별주택가격확인서 토지이용계획확인서 등을 합칠 계획이라고 밝혔다. 이어 오는 2014년 토지등기부등본 건물등기부등본 집합건물등기부등본 등의 통합을 진행해 단일플랫폼을 구축하겠다는 계획을 내놓았다. 이날 토론회에서는 18종의 국가 부동산 정보를 하나로 통합시킬 경우 향후 5년 내 최소 2조원 이상의 가치가 창출된다면서 제도 개선의 당위성이 제기됐다. 발제자로 나선 이종원 호서대 교수는 연간 1억100만 건의 부동산 관련 서류 제출 발생으로 연간 1000억원 이상의 서류 납부비용이 발생한다 며 또 전국 토지 3700만 필지 중 미등기 필지가 86만 필지에 이르는 등 부정확한 지적정보가 많다 고 지적했다. 이어 이 중 14종의 문서만 일원화해도 5년 간 2조2434억원의 정보화 편익이 발생한다 며 이외에도 업무 처리시간 및 인력 단축 다양한 부동산 기반 공간정보 서비스 제공 등으로 부가가치를 창출할 수 있다 고 언급했다. 또 부동산 정보의 통합 및 정확도 향상이 이뤄져야 BIM 빌딩 모델링 GIS 지리정보시스템 LBS 위치기반서비스 등 미래 유망 산업이 육성될 수 있다고 입을 모았다. 이명성 SK텔레콤 부사장은 부동산 위치정보는 ICT 정보통신기술 을 바탕으로 한 스마트 의료 스마트 교육 스마트 도시 등에 가장 중요한 정보인프라 라며 이를 위해서는 정확성과 최신성 정보의 상호 운영성 등이 갖춰줘야 한다 고 말했다. 이 부사장은 또 위치기반 사업에서 가장 우려되는 개인정보 보안 문제와 관련 현실적 보안 방안을 준비해서 새로운 비즈니스 모델이 가능한 구조로 보안과 법적 지원방안이 마련돼야 한다 고 지적했다. 한편 이날 토론 참석자들은 대체로 정보 통합의 필요성에 모두 공감을 표하면서도 정부부처 및 사법부까지 업무조율이 필요한 만큼 쉽지 않은 작업이 될 것이라고 점에는 우려를 표명했다. 이에 한나라당 이주영 정책위의장 등 여당 측 인사들은 관련 법안 및 예산책정에 지원을 아끼지 않겠다고 말했다.,https://news.naver.com/main/read.nhn?mode=LSD&mid=shm&sid1=260&oid=029&aid=0002068786,284
260996,2011.06.13. 오후 8:36,부동산,디지털타임스,주택연금 가입비중…70대 늘었다,한국주택금융공사 HF 사장 임주재 는 올해 주택연금 가입현황을 분석한 결과 연령별 가입은 70대가 54.7%로 지난해 보다 5.9% 증가했고 60대는 지난해보다 3.9% 감소한 30%로 나타났다고 13일 밝혔다. HF공사는 70대의 주택연금 가입이 증가하고 있는 이유로 은퇴한지 10∼15년이 경과해 노후자금이 소진된 70대 고령층이 노후자금 마련을 위해 주택연금 가입에 적극 나서고 있기 때문으로 보인다고 분석했다. 또 지역별 가입현황은 비 수도권 가입비중이 지난 2008년 20%를 기록한 이래로 2009년 21.4% 지난해 23.3% 올해 24.2%로 꾸준한 증가세를 보이고 있다고 설명했다. 주택연금 월 지급금은 같은 금액을 종신까지 받는 정액형의 비중이 지난해 보다 6% 증가한 반면 초기에 많이 받고 내년 3% 적게 받는 감소형은 6.1% 줄었다. HF공사 관계자는 70대는 건강 등의 형편상 근로활동이 쉽지 않아 주택연금을 통해 생활비 등을 받고자 하는 어르신들이 많아진 것 같다 고 말했다.,https://news.naver.com/main/read.nhn?mode=LSD&mid=shm&sid1=260&oid=029&aid=0002068777,284
260997,2011.06.13. 오후 7:51,부동산,세계일보,부동산 공적장부 하나로 통합…국토부 18종 2014년까지,세계일보 2014년부터 토지대장·지적도와 같은 부동산 정보를 담은 공적장부 18종이 하나의 서류로 통합돼 서비스된다. 국토해양부는 13일 최구식 한나라당 의원 주최로 이 같은 내용을 골자로 하는 ‘부동산 행정정보 일원화’를 위한 정책토론회를 국회 헌정기념관에서 개최했다고 밝혔다. 이렇게 되면 2014년에는 웬만한 부동산 관련 공적 장부를 별도로 발급받을 필요 없이 하나의 ‘종합공부’에서 볼 수 있게 된다. 이희경 기자 Segye.com 인기뉴스 만취한 여성이 스마트폰을 건네준다면… 한국女 토막살인 살인 아니다 日판결에… 비아그라 약발 지속될까 소송지면… 더 폼나고… 더 세지고… 하반기 신차시장 후끈 “반값 등록금 사실은 우리도 절박해요” ⓒ 세계일보 Segye.com 무단 전재 및 재배포 금지 금융전문뉴스 세계파이낸스 모바일로 만나는 세계닷컴 세계닷컴은 한국온라인신문협회 www.kona.or.kr 의 디지털뉴스이용규칙에 따른 저작권을 행사합니다.,https://news.naver.com/main/read.nhn?mode=LSD&mid=shm&sid1=260&oid=022&aid=0002274653,284
260998,2011.06.13. 오후 7:46,부동산,세계일보,“강남 수서역세권 대규모 개발 추진”,철도시설공단 주관… 그린벨트 해제 쇼핑등 한곳서 해결 ‘원스톱 단지’로 세계일보 서울의 대표적 부도심인 강남 수서역세권 개발이 본격 추진된다. 수서역세권은 복선전철과 고속철도가 만나는 교통물류의 요지로 이런 장점을 살려 쇼핑과 비즈니스를 아우르는 원스톱 역세권 단지로 조성될 전망이다. 조현용 사진 한국철도시설공단 이사장은 13일 “수도권 고속철도가 들어서는 수서역 일대를 개발해 역에서 내리면 한 곳에서 모든 것을 해결할 수 있도록 하겠다”고 말했다. 조 이사장은 이날 기자들과 만난 자리에서 “수서역은 그린벨트 지역만 약 43만㎡인데 철도시설공단이 직접 개발을 주관할 것”이라며 “그린벨트 해제를 전제로 한 달 전에 용역을 준 상태이며 7월 말이나 8월 초에 보고서가 나올 것”이라고 말했다. 지하철 3호선과 분당선 환승역인 수서역에는 2014년을 목표로 수서∼평택 고속철도가 들어설 예정이다. 조 이사장은 “현재 진행 중인 경기 광주∼여주 구간과 수서∼광주 여주∼원주 원주∼강릉이 연결되고 설계 중인 이천∼수안보까지 연결이 완료되면 충주시민까지 수서로 바로 갈 수 있다”며 “여기에 위례신도시와 분당 송파 강동 등 500만∼600만명이 수서역 주변에 있어서 개발에 호재로 작용할 것”이라고 설명했다. 그는 “호텔과 백화점 컨벤션센터 등 역에 내리면 모든 것을 다할 수 있는 표본을 만들 것”이라며 “역세권 개발은 일본이 대표적인데 수서역도 그 정도로 해보자는 생각으로 임하고 있다”고 말했다. 김준모 기자 jmkim segye.com Segye.com 인기뉴스 만취한 여성이 스마트폰을 건네준다면… 한국女 토막살인 살인 아니다 日판결에… 비아그라 약발 지속될까 소송지면… 더 폼나고… 더 세지고… 하반기 신차시장 후끈 “반값 등록금 사실은 우리도 절박해요” ⓒ 세계일보 Segye.com 무단 전재 및 재배포 금지 금융전문뉴스 세계파이낸스 모바일로 만나는 세계닷컴 세계닷컴은 한국온라인신문협회 www.kona.or.kr 의 디지털뉴스이용규칙에 따른 저작권을 행사합니다.,https://news.naver.com/main/read.nhn?mode=LSD&mid=shm&sid1=260&oid=022&aid=0002274648,284
260999,2011.06.13. 오후 7:45,부동산,이데일리,기준금리 인상…부동산시장 매매수요 더 위축될듯TV,이데일리TV 김정훈 PD 한국은행의 금리 인상 소식에 가뜩이나 침체한 부동산 시장이 더욱 움츠러들고 있습니다. 수요자들의 매수심리가 위축되면서 매매시장은 하락세로 돌아섰고 전세시장은 들썩이고 있습니다. ＶＣＲ 한국은행의 기준금리 인상이 위축된 부동산 시장에 악재로 작용하고 있습니다. 기준금리 인상에 따른 은행 대출금리 상승으로 대출을 받아 집을 사려는 수요자가 줄어 매매 위축이 예상되기 때문입니다. ＩＮＴ 김중수 한국은행 총재 국내외 금융 경제 상황을 종합적으로 검토한 결과 물가 안정 기조를 확실하게 유지하기 위해 기준금리를 25bp 0.25%포인트 인상할 필요가 있다고 판단하였습니다. 이번 기준금리 인상은 지난해 7월 이후 추진된 일련의 기준금리 인상 조치와 더불어 물가 상승 압력을 완화하고 인플레이션 기대 심리를 안정시키는데 기여할 것으로 기대하고 있습니다. 실제로 서울 아파트 매매시장은 10주째 하락하고 있고 수도권도 1주일만에 다시 하락세로 돌아섰습니다. 이번 금리 인상으로 재건축 시장도 충격을 받았습니다. 서울 강남권 재건축 단지에선 금리 인상 여파로 수요자들의 문의 전화가 뚝 끊기고 호가는 하락세를 보이고 있습니다. 금리 인상이 매매 심리 위축과 집값 추가 하락을 부추겨 좀 더 지켜보자는 심리가 작용했기 때문입니다. 여기에 최근 수요가 몰리고 있는 오피스텔과 도시형생활주택 등 수익형 부동산 상품에도 적지 않은 타격이 예상됩니다. 더 큰 문제는 한동안 잠잠했던 전세시장이 다시 들썩일 가능성이 커진 데 있습니다. 금리인상으로 대출을 받아 집을 사려는 수요자는 줄어들고 전세에 머물려는 움직임은 더욱 늘어날 전망입니다. ＩＮＴ 박합수 국민은행 부동산팀장 이번 기준금리 인상으로 부동산 시장에는 심리적인 충격이 가세 될 것으로 예상됩니다. 전반적인 금리 상승은 매수에 대한 의욕을 감소시키고 전세 시장에 대한 불안 요인으로 가중될 여지가 있다고 판단이 됩니다. 상반기에만 세 번 정도 인상을 했기 때문에 무려 1%에 육박하는 금리가 인상된다는 것은 단기적으로 지나친 부담이 아닌가 판단이 됩니다. 실제 이달 들어 서울의 전세시장은 2주 연속 오르면서 벌써부터 전셋값 상승세가 나타나고 있습니다. 따라서 여름방학과 재건축 이주 수요가 몰리는 다음달부터는 본격적인 전세난이 시작될 것이라는 우려가 높습니다. 위 내용은 이데일리TV www.edailytv.co.kr 부동산 플러스 에서 6월 13일 방영된 내용입니다. 부동산 플러스 는 월 금요일 오후 6시부터 6시 30분까지 30분 동안 생방송 됩니다. 많은 시청바랍니다.,https://news.naver.com/main/read.nhn?mode=LSD&mid=shm&sid1=260&oid=018&aid=0002451841,284
261000,2011.06.13. 오후 6:33,부동산,한국경제,수서역 일대 38만㎡ 복합 개발,호텔·백화점·아파트 건설 서울 수서역 일대 38만4000㎡가 2018년까지 호텔 백화점 아파트 등이 들어서는 대규모 역세권으로 개발된다. 조현용 한국철도시설공단 이사장은 13일 간담회를 갖고 수도권 고속철도가 다니는 수서역 일대를 한 곳에서 모든 것을 해결하는 복합단지로 개발할 계획 이라고 말했다. 조 이사장은 개발 대상 지역은 그린벨트로 철도시설공단이 직접 개발할 것 이라며 그린벨트 해제를 전제로 한 달 전 용역을 발주한 상태이며 내달 말이나 8월 초 보고서가 나올 것 이라고 덧붙였다. 수서역세권은 고속철도역사 및 노선구역 19만5000㎡를 포함한 총 38만4000㎡ 규모다. 공단은 개발태스크포스 TF 팀을 만들어 개발계획을 수립하고 있다. 철도시설공단은 올해 말까지 정부로부터 사업 타당성 승인을 얻은 뒤 그린벨트 해제 등 인 · 허가와 실시설계를 거쳐 2014년 용지 매수와 민간 분양에 들어가기로 했다. 조 이사장은 수서역세권을 호텔 백화점 컨벤션센터 주택 등 역에서 내리면 모든 것이 가능한 표본지역으로 만들겠다 며 역세권 개발이 앞선 일본을 벤치마킹한다는 방침으로 준비 중 이라고 설명했다. 수서역세권이 개발되면 현재 진행 중인 경기 광주 여주 구간과 수서 광주，여주 원주，원주 강릉 광역철도가 연결된다. 설계 중인 이천 수안보까지 이어지면 수서역 일대가 교통 중심지가 될 전망이다. 위례신도시와 분당 송파 강동 등 500만 600만명이 수서역 주변에 거주하고 있어 개발 호재로 작용할 것이라는 게 공단 측 설명이다. 조 이사장은 수서역세권 개발에 참여하겠다는 민간 사업자들이 너무 많아 개발계획이 나오면 공고를 통해 사업자 신청을 받을 계획 이라며 전체가 안 되면 그린벨트 해제 주변 지역부터라도 개발하겠다 고 말했다. 수서역세권은 수년째 사업이 지연되고 있는 청량리역세권 광명역세권과는 다를 것이라는 게 공단 측 설명이다.,https://news.naver.com/main/read.nhn?mode=LSD&mid=shm&sid1=260&oid=015&aid=0002478686,284
261001,2011.06.13. 오후 6:33,부동산,한국경제,삼선 SK뷰 이달말 분양…SK건설 237가구,SK건설은 서울 삼선1구역에 삼선 SK뷰 를 이달 말 분양한다. 일반분양은 237가구다. 삼선 SK뷰는 지상 15층 7개동 총 430가구로 전용 59 195㎡로 구성된다. 3.3㎡당 분양가는 59㎡가 1300만원대 84㎡가 1400만원대로 정해졌다. 지하철 4호선 한성대입구역에서 500m 거리의 역세권에 지어진다. 분양가 상한제 적용을 받지 않아 전매가 가능하다. 내년 5월 입주 예정이다. 견본주택은 서울 개포동 SK건설 주택문화관 분당선 구룡역 3번 출구 에 오는 24일 문을 연다.,https://news.naver.com/main/read.nhn?mode=LSD&mid=shm&sid1=260&oid=015&aid=0002478667,284
261002,2011.06.13. 오후 6:33,부동산,한국경제,부동산 증명서 18종 하나로 통합,토지대장 등 2014년까지 토지대장 지적도 등기부등본 등 부동산 관련 증명서 공적장부 18종이 2014년까지 하나로 통합된다. 정부가 2009년부터 추진해 온 부동산 행정 정보 일원화 사업을 올해부터 구체화하는 것이다. 국토해양부는 전국의 토지 3700여만필지와 건물 680만여동의 행정 정보를 통합 · 관리하는 부동산 행정 정보 일원화 사업 을 위해 경기 의왕 전남 장흥 전북 남원 경남 김해 등 4곳에서 시범 사업을 벌이기로 했다. 국토부는 당초 예정대로 내년까지 토지대장 임야대장 대지권등록부 공유지연명부 지적도 임야도 경계점좌표등록부 건축물대장 등 11종을 통합한다. 2013년까지 개별공시지가확인서 개별주택가격확인서 공동주택가격확인서 등을 합치고 2014년에는 대법원이 관리하는 토지 · 건물 · 집합건물등기부등본 등을 통합하기로 했다. 부동산 증명서는 국토부 대법원이 따로 관리해 구비서류 중복 제출 행정 업무 중복 등 문제가 적지 않았다. 민원인들은 인 · 허가를 위해 연간 1억100만건의 서류를 내야 했고 1000억원 이상의 비용을 부담해 왔다.,https://news.naver.com/main/read.nhn?mode=LSD&mid=shm&sid1=260&oid=015&aid=0002478666,284
261003,2011.06.13. 오후 6:33,부동산,한국경제,현장 레이더 연내 5000가구 집들이…2기 신도시 살아날까,김포한강신도시 입주가 본격화하면서 수도권 주택시장에 어떤 영향을 미칠지 관심이다. 오는 17일 입주를 시작하는 우남퍼스트빌 단지. 김포 김진수 기자 첫 입주 앞둔 한강신도시 내달 김포한강로 개통 기대 부동산 경기 침체 속에 연내 입주하는 물량이 많아 고전할 수 있습니다. 김포시 장기동 석권공인 이순열 사장 계약자 니즈를 조경 마감재 등에 계속 반영한 만큼 주거만족도는 매우 높을 것입니다. 우남퍼스트빌 윤지용 공무팀장 오는 17일 우남건설의 우남퍼스트빌 입주를 시작으로 경기 김포한강신도시 집들이가 본격화된다. 김포도시공사 시행에 쌍용건설이 지은 쌍용예가 를 비롯해 연말까지 4개 단지에 총 4824가구가 입주한다. 대표적 2기 신도시인 김포한강신도시가 수도권 매매 · 전세시장에 어떤 영향을 미칠지 주목된다. 연내 4800여가구 집들이 13일 관련업계에 따르면 김포한강신도시 연내 입주 단지는 우남퍼스트빌 1202가구 쌍용예가 1474가구 우미린2차 1058가구 KCC스위첸 1090가구 등이다. 입주 예정 건설사들은 입주율을 높이기 위해 다양한 마케팅을 선보일 방침이다. 우남건설은 최근 1년간 취합한 입주예정자협의회의 의견을 단지 개선에 반영한 데 이어 130만 160만원의 이사 비용을 지원하기로 했다. 단지 내 피트니스 센터를 활성화하기 위해 헬스트레이너와 도우미를 연말까지 고용할 계획이다. 김포도시공사는 입주민 자녀를 위한 초등학교 셔틀버스를 운행하고 기존 집이 안 팔려 이사하기 힘든 계약자들에게 제2금융권을 통한 잔금 대출을 알선하기로 했다. 윤관영 김포도시공사 분양소장은 교통 여건이 좋은 데다 중소형으로 이뤄져 4개월 내 입주율을 70%대로 잡고 있다 고 설명했다. 입주 예정 단지는 김포한강신도시에 포함된 장기지구에 이미 들어선 우미린1차 반도유보라 신영지웰 등의 편의시설을 이용할 수 있다. 김포한강신도시는 김포시와 LH 한국토지주택공사 가 김포 장기동 · 운양동 · 양촌면 일대 1085만㎡ 규모로 조성 중인 2기 신도시다. 주택시장 활성화 계기될까 입주를 앞두고 김포한강신도시 전세 · 매매 물량이 적지 않게 나오고 있다고 인근 공인중개업소들은 전했다. 장기동 스마일공인 관계자는 분양가 수준의 매물이 나오고 있다 며 기존 집이 팔리지 않아 입주가 힘든 계약자 상당수가 전세로 돌리고 있다 고 설명했다. 이순열 석권공인 사장은 지난 4월 3000여가구가 신규 분양됐고 연말까지 입주 물량이 5000가구에 달해 공급이 수요를 초과하는 상황 이라며 서울 강서 양천 경기 일산 인천 부천 등 인접 지역 거주자들이 전세 · 매매 물건을 얼마나 찾을지가 시장 회복의 관건 이라고 분석했다. 김포한강로 개통은 조기 안정화의 최대 변수로 꼽히고 있다. 올림픽대로와 직접 연결되는 김포한강로가 내달 초 개통하면 여의도까지 차량으로 30분이 채 걸리지 않는다. 48번 국도와 교통량을 분산하면 서울 진출입이 한결 쉬울 것이란 전망이다. 장지동 공인중개사무소 관계자는 김포한강로 개통 후 입주민들이 차량으로 서울을 다녀보면 교통 여건이 달라진 것을 체감할 것 이라며 지하철 9호선 연장 기대감도 있어 시장 상황이 나쁘지만은 않다 고 말했다.,https://news.naver.com/main/read.nhn?mode=LSD&mid=shm&sid1=260&oid=015&aid=0002478665,284
261004,2011.06.13. 오후 6:31,부동산,한국경제,재개발·재건축 추정분담금 더 정확해진다,서울시 보상비 등 53개 추가 재개발 · 재건축 지역 주민들의 최대 관심사는 추가분담금 이다. 서울시의 분담금 산정 프로그램 을 이용하면 새집으로 옮길 때 돈을 얼마나 내야 하는지 쉽게 알아볼 수 있다. 서울시는 재개발 · 재건축 정보 공개 사이트인 클린업시스템 홈페이지 cleanup.seoul.go.kr 에서 제공하는 사업비 및 분담금 추정 프로그램 시스템을 업그레이드해 제공한다고 13일 발표했다. ▼ 본지 5월26일 A24면 참조 이 프로그램은 향후 분양 수익과 예상 사업비 공사비 등을 토대로 주민 분담금을 추정할 수 있도록 했다. 조합이 설립되지 않은 사업 초기단계 주민들도 분담금을 가늠할 수 있다는 게 가장 큰 특징이다. 철거 직전 시점인 관리처분인가 단계에서야 파악 가능한 분담금을 둘러싸고 분쟁이 많았던 부작용을 최소화하기 위해 만들어졌다. 단독주택 재건축 사업이 추진되고 있는 서울 고덕2 1구역 내에 3억원짜리 단독주택을 갖고 있는 A씨가 조합원 분양가 6억3200만원인 117㎡ 아파트에 입주한다면 이 프로그램으로 8500만원의 분담금을 쉽게 계산할 수 있다. 단지 전체 분양 수입 8269억원 사업비 3161억원 A씨 자산비율 0.107% 등을 감안해 나온 수치다. 시공사와 협상을 통해 공사비를 20% 줄인다면 A씨 분담금은 1500만원으로 줄어든다. 임계호 서울시 주거정비기획관은 정비사업장 내 주민들이 프로그램을 통해 분담금을 미리 파악할 수 있어 조합 설립 동의 여부를 쉽게 따져볼 수 있다 며 수익성을 좌우하는 공사비 규모도 추정할 수 있어 조합이 시공사보다 유리한 위치에서 협상할 수 있을 것 이라고 설명했다. 서울시는 프로그램 업그레이드를 통해 철거비 신축비 기타비용 등 3가지만 공개하던 것을 조사 측량비，설계비，공사비，보상비，관리비，외주 용역비，각종 분담금，공과금 등 53개 세부 항목으로 나눠 제공한다. 이 프로그램은 조합 설립을 앞둔 공공관리제 대상 재개발 · 재건축 구역에서 사업비와 주민 분담금 공개를 의무화하도록 하고 있어 정비사업 투명성도 한층 높아질 것으로 서울시는 기대했다. 현재 조합 설립이 진행 중인 고덕 1，2 1，2 2 지구 외에도 공공관리 시범지구인 성수 · 한남지구 등으로 프로그램 적용 대상 구역도 확대할 전망이다.,https://news.naver.com/main/read.nhn?mode=LSD&mid=shm&sid1=260&oid=015&aid=0002478578,284
261005,2011.06.13. 오후 6:31,부동산,한국경제,광희리츠 도시형주택 공급…영등포에 186가구,부동산투자회사인 광희리츠는 서울 영등포동 8가 지하철 2호선 당산역 인근에 도시형 생활주택 영등포 메이준 2011 조감도 을 오는 16일부터 이틀간 공급한다고 13일 밝혔다. 리츠가 수도권에서 도시형 생활주택을 직접 개발하기는 이번이 처음이다. 지상 19층에 도시형생활주택 80가구 오피스텔 106실 등 총 186가구로 이뤄졌다. 분양가는 가구당 9900만 1억1600만원이다. 시공은 포스코A C가 맡았다.,https://news.naver.com/main/read.nhn?mode=LSD&mid=shm&sid1=260&oid=015&aid=0002478572,284
261006,2011.06.13. 오후 6:31,부동산,한국경제,LH 단지내 상가 이달 140개 공급,호매실·판교 등 공개입찰 LH 한국토지주택공사 는 이달 중 전국 19개 사업지구에서 140개의 상가를 공급한다고 13일 밝혔다. LH가 분양한 주택이나 임대주택 단지 안에 조성하는 단지 내 상가로 공개경쟁입찰 방식으로 공급한다. 신규 공급분은 수원 호매실 인천 서창 세종시 첫마을 강릉 포남 장흥 건산2 양산 가촌 등 6개 지구 95개 상가다. 나머지 성남 판교 서울 상암 하남 풍산 파주 금촌 등 13개 지구에서 45개 상가를 재공급한다. 세종시 공급분은 일반적인 단지 내 상가와 달리 간선급행버스체계 BRT 가로변을 따라 1층에 연속 배치되는 점이 특징이다. 호매실지구의 경우 주변에 큰 상권이 없고 1000가구 전후 대단지 내 상가다. 인천 서창2지구 상가는 바로 앞에 초 · 중학교가 있으며 상권이 조기에 활성화할 것으로 LH는 예상했다. 양산 가촌지구 상가는 물금신도시 서쪽에 인접해 상권 활성화에 도움을 받을 수 있을 것으로 전망된다. 판교신도시 공급분은 판교에 마지막으로 공급되는 LH 상가다. LH 관계자는 이번에 공급하는 상가는 택지개발지구 등 대규모 개발지역에 자리잡아 기존 도심 상권과는 다른 고정 상권 형성이 가능하다 며 평균 100가구당 1개 점포에 불과해 수익성 부동산을 선호하는 이들이 많이 찾는다 고 설명했다. 분양 공고 입찰 결과 등은 LH 홈페이지 hp www.lh.or.kr 에서 확인할 수 있다.,https://news.naver.com/main/read.nhn?mode=LSD&mid=shm&sid1=260&oid=015&aid=0002478570,284
261007,2011.06.13. 오후 6:31,부동산,한국경제,한경매물마당 공릉역 수익형 원룸텔 급매 10억9000만원 등,충북 오창과학단지 신축 원룸 서울 강남구 기업 구조조정 빌딩＝테헤란로 초역세권 대지 991㎡，연면적 7603㎡의 14층 건물.보증금 13억원，월 1억5500만원에 임대 중.사옥 및 수익용으로 적합.급매.330억원. 02 546 0169 서울 도산대로 상업지역 구조조정 빌딩＝역세권 50m 대로변 코너 대지 941㎡，연면적 4263㎡의 9층 건물.공실 없이 임대 중.사옥，병원，금융，자동차 전시장，명품 매장 등으로 적합.연면적 9917㎡의 지상 15층 규모로 신축 가능.급매.270억원. 02 501 1641 서울 청담동 투자수익용 빌딩＝갤러리아 백화점 인근 명품거리 대지 815㎡，연면적 3572㎡의 8층 건물.보증금 15억원，월 1억5000만원에 임대 중.명품거리 중심가에 있어 임대 수익용，명품 매장용으로 적합.230억원. 02 512 7255 서울 신림동 병원 빌딩＝준주거지역 20m 도로변 대지 295㎡，연면적 675㎡의 지하 1층 지상 5층 건물.내외관이 수려하고 유동인구가 많은 상권.보증금 7억5000만원，월 3000만원에 병원 등으로 임대 중.급매.55억원.010 3476 0180 경기 시흥시 정왕동 코너 상가주택＝올해 신축한 대지 212㎡，연면적 510㎡의 5층 상가주택.대학 및 국가산업단지，철강단지 배후주거지 입지.상가 2개，원룸 20가구를 보증금 6300만원，월 876만원에 공실 없이 임대 중.융자 4억원 포함，13억9000만원. 031 488 8444 경기 화성시 공장 및 물류창고＝서해안고속도로 발안나들목에서 차로 5분 걸리는 2차로변 대지 5만2310㎡，연면적 8552㎡의 3개동 건물.계획관리지역이어서 연구소，물류창고，공장 등 다양한 용도로 개발 가능.향남택지개발지구，발안산업단지가 가깝다.,https://news.naver.com/main/read.nhn?mode=LSD&mid=shm&sid1=260&oid=015&aid=0002478552,284
261008,2011.06.13. 오후 6:12,부동산,서울경제,분양가상한제 폐지땐 집값 떨어질것,주택·건설단체 정책토론회 공급확대로 가격 안정… 3년후 수도권 5% 하락 분양가상한제가 폐지되면 3년 뒤 수도권 집값이 5% 하락할 것이라는 주장이 제기됐다. 권주안 주택산업연구원 선임연구위원은 13일 대한건설협회ㆍ한국주택협회ㆍ대한주택건설협회가 공동으로 여의도에서 개최한 분양가상한제 합리적 개선을 위한 정책토론회에서 분양가상한제가 폐지될 경우 단기적으로는 분양가격과 기존 주택가격을 상승시킬 수 있지만 장기적으로는 공급확대를 통한 주택가격 안정을 도모할 가능성이 크다 며 이같이 주장했다. 권 연구위원은 분양가상한제가 폐지된다면 공급확대를 통해 서울은 2년 9개월 후 11% 정도 가격이 하락하고 수도권은 3년 후 5% 정도 하락할 것 이라고 추정했다. 반면 분양가 상한제가 지속되면 주택공급을 감소시켜 가격 불안을 증대시킬 것이라며 주택 공급이 10% 감소할 경우 9개월 후 주택가격이 3.25% 상승할 것 이라고 전망했다. 그는 분양가상한제를 폐지하는 것이 바람직하지만 당장 폐지하는 것이 힘들다면 택지비나 건축비 등을 보완해 원가 반영률을 높여야 한다고 지적했다. 권 연구위원은 공공택지 선납대금의 기간이자 현실화 기본형 건축비의 층수세분화 분양가심사위원회 제도의 개선 등을 개선방안으로 제시했다. 정창무 서울대 교수 역시 주택거래가 침체돼 있는 현 상황에서는 분양가상한제의 실효성이 없으며 저출산ㆍ고령화로 부동산 시장이 수요자 위주로 재편되고 있는 만큼 분양가상한제는 폐지를 더 이상 늦출 이유기 없다고 주장했다. 그는 분양가상한제가 주택거래 침체의 주요 원인 이라며 분양가상한제로 주택가격의 정상적 상승저해→실수요 위축→전세난 유발 등의 악순환 구조가 고착되고 있다 고 주장했다. 정 교수는 또한 분양가상한제는 주택공급 위축을 초래함으로써 향후 주택수급 불균형을 야기해 서민주거 안정에 악영향을 미칠 것으로 우려되고 주택업체들의 아파트 품질향상을 저해하는 요인으로도 작용하고 있다 고 지적했다. 그는 특히 분양가상한제는 지금처럼 주택가격이 하락하고 거래가 침체된 상황에서는 실효성 없는 제도 라며 상한제를 폐지하더라도 건설사들이 분양가격을 크게 올리기 힘든 상황 이라고 강조했다.,https://news.naver.com/main/read.nhn?mode=LSD&mid=shm&sid1=260&oid=011&aid=0002159633,284
261009,2011.06.13. 오후 6:06,부동산,서울경제,하남 감북 보금자리 사업 속도내나,지구지정 철회 소송 등 주민반대 불구 환경평가·주민공람 절차 강행 지난해 12월 보금자리주택지구로 지정된 후 주민들의 반대로 사업이 정상적으로 추진되지 못했던 하남 감북지구가 환경영향 평가 및 주민공람 절차에 들어갔다. 정부는 주민공람 이후 관계기관 협의 등을 거쳐 지구단위계획을 수립하고 올 하반기 중 사전예약 등 분양 절차에 나선다는 계획이다. 하지만 주민들이 지구지정 철회 소송까지 제기하는 등 반발이 만만치 않아 진통이 예상된다. 국토해양부는 하남 감북 보금자리주택지구에 대한 주민설명회를 이달 21일 개최하고 환경영향평가는 다음달 6일까지 20일 동안 진행한다고 13일 밝혔다. 하남 감북지구는 지난해 12월30일 4차 보금자리주택지구로 지정됐지만 지구지정에 반대하는 주민들과 하남시의 반대로 환경영향 평가 및 주민설명회가 이뤄지지 못했다. 이에 따라 당초 5 6월 중 예정이던 사전예약 등 모든 일정이 지연되고 있는 상태다. 박민우 공공주택건설추진단장은 보금자리주택 공급에 차질이 없도록 일단 정상적인 절차를 진행하며 주민 설득에 나설 계획 이라고 말했다. 하남 감북 주민대책위원회는 지난 3월 서울 행정법원에 보금자리 지구지정 취하 소송 을 제기했고 지난 10일 첫 공판이 열렸다. 주민들의 소송에도 불구하고 국토부가 환경영향평가 및 주민설명회라는 절차를 강행한 것이지만 갈등이 해결되지 않은 상태에서는 사업 추진이 쉽지 않아 보인다. 주민들은 주민설명회에 반대한다는 입장을 밝혔다. 주민대책위 박성용 사무국장은 집회신고를 하고 원천 봉쇄하겠다 며 앞으로 국토부와 한국토지주택공사 LH 의 행정절차를 지켜보며 가처분 신청은 물론 헌법소원까지 제기하겠다 고 말했다. 한편 하남 감북지구는 규모는 작지만 알짜로 꼽힌다. 서울 송파구 거여동 인근에 위치해 시범지구 강남권 보금자리를 제외하면 입지가 가장 좋다는 평가다. 경기도 하남시 감북동ㆍ감일동ㆍ광암동ㆍ초이동 일대에 총 267만㎡ 81만평 규모로 총 2만가구의 주택이 들어선다. 이 가운데 보금자리주택은 1만4 000가구가 예정돼 있다. 서울 도심권에서 남동쪽으로 17㎞ 지점으로 지구 왼쪽으로는 송파구 거여동 남쪽으로는 하남 감일지구가 위치해 있다. 지하철 5호선 올림픽공원역ㆍ둔촌동역이 가깝고 지하철9호선 연장선 공사 중인 보훈병원역과 오륜역을 걸어서 이용할 수 있다. 특히 3차 지구인 하남 감일과 함께 총 3만2 000가구 보금자리주택 2만4 400가구 에 이르는 하남권 보금자리주택 뉴타운으로 조성될 예정이어서 지구지정 당시부터 주목을 받았다.,https://news.naver.com/main/read.nhn?mode=LSD&mid=shm&sid1=260&oid=011&aid=0002159624,284
261010,2011.06.13. 오후 6:06,부동산,서울경제,랜드마크 저렴한 분양가 내세워 분양몰이 나섰지만,꽁꽁 언 수도권시장선 역부족 시흥6차푸르지오 등 미달 수도권 신규 분양 시장이 좀처럼 회복되지 않고 있다. 대형 건설사들이 지역을 대표하는 랜드마크 대단지에다 시세보다 낮은 분양가를 앞세워 시장 공략에 나서고 있지만 얼어붙은 시장 침체를 뚫기에는 역부족이다. 13일 업계에 따르면 지난 8일부터 실시된 경기 시흥6차푸르지오 1차분 736가구에 대한 청약결과는 3순위까지 571명만이 접수해 5개 주택형 중 4개가 미달됐다. 이 단지는 총 1 903가구로 시화지구 일대에서는 보기 드문 매머드급 브랜드 단지다. 1990년대 중반 이후로 이 일대에서 신규 공급된 아파트가 거의 없어 분양에 성공할 것이라는 분석이 많았지만 수요자들의 선택을 받지 못했다. 9일부터 일반청약을 진행하고 있는 용인 기흥구 영덕역 센트레빌 역시 233가구 모집에 2순위까지 59명만이 청약해 모든 주택형이 미달됐다. 이 단지는 3.3㎡당 평균 1 210만원에 분양가 심의를 통과했음에도 불구하고 1 000만 1 100만원대로 분양가를 책정해 관심을 모았지만 청약률을 끌어올리는 데 실패했다. 조민이 부동산1번지 리서치팀장은 신규 분양시장은 결국 기존주택 시장에 영향을 받을 수밖에 없다 며 기존 주택 시장의 거래가 활성화되고 가격 회복세가 나타나야 신규 분양시장도 살아날 수 있다 고 말했다. 금융결제원에 따르면 올 들어 수도권에서 분양한 아파트 가운데 청약 1순위에서 모든 주택형이 마감된 단지는 서울 송파 래미안 파인탑과 수원 광교 에일린의뜰 등 3개 단지에 불과하다.,https://news.naver.com/main/read.nhn?mode=LSD&mid=shm&sid1=260&oid=011&aid=0002159623,284
261011,2011.06.13. 오후 6:06,부동산,서울경제,성북구 삼선 SK뷰 분양,SK건설은 이달 말 서울 성북구 삼선동에 짓는 삼선 SK뷰 아파트를 분양한다. 지하3층 지상15층 7개동 전용 59 195㎡ 총 430가구로 구성되며 이 중 237가구가 일반분양분이다. 일반분양 물량의 91%가 전용 85㎡ 이하 중소형아파트로 구성된다. 지하철 4호선 한성대입구역에서 500m 거리의 역세권으로 도심 출퇴근이 쉽고 내부순환로와 동소문로 등과 직접 연결된다. 단지 가까이 삼선초교를 비롯해 경동고ㆍ한성여중고ㆍ한성대ㆍ고려대 등이 밀집해 교육여건도 좋은 편이다. 도심생태공원으로 조성되는 성북천과 낙산공원ㆍ창경궁ㆍ서울성곽길 등이 인접해 쾌적한 자연환경과 유적을 즐길 수 있다. 견본주택은 강남구 개포동 주택문화관 구룡역 3번 출구 에서 24일 문을 연다.,https://news.naver.com/main/read.nhn?mode=LSD&mid=shm&sid1=260&oid=011&aid=0002159620,284
261012,2011.06.13. 오후 6:03,부동산,MBN,주택연금 가입자 70대 비중 절반 넘어,주택연금에 가입한 사람 중 70대 이상 고령자의 비율이 절반을 넘어선 것으로 나타났습니다. 주택금융공사는 올해 들어 5월까지 주택연금 가입자 중 70대의 비중이 54.7%로 절반을 웃돌았다고 밝혔습니다. 이는 지난해 같은 기간의 46.7%보다 8%포인트 늘어난 것으로 작년 한해 48.8%에 비해서도 늘었습니다. 주택금융공사는 은퇴한 지 10∼15년이 지나 노후자금이 소진된 70대 고령층이 자금 마련을 위해 주택연금에 가입하면서 70대의 비중이 늘었다고 설명했습니다.,https://news.naver.com/main/read.nhn?mode=LSD&mid=shm&sid1=260&oid=057&aid=0000166957,284
261013,2011.06.13. 오후 6:02,부동산,MBN,소형보다 싼 대형아파트 분양 성공,소형 아파트보다 싼 분양가를 선보인 대형 아파트가 등장해 좋은 반응을 얻고 있습니다. 부동산114에 따르면 지난달 말 대림산업이 경기 의왕에서 공급한 의왕 내손 e편한세상 은 평균경쟁률 1.3대 1로 모든 평형이 순위 내에서 청약 마감했습니다. 이 아파트에서 142㎡ 이상 대형 주택형은 3.3㎡당 평균 분양가가 1천576만 원으로 이보다 작은 나머지 평형의 평균 분양가인 1천638만 원보다 60만 원 이상 저렴했습니다. 비슷한 시기 공급된 대전 센트럴 자이도 146㎡ 이상의 3.3㎡당 평균 분양가가 732만 원으로 소형의 평균 분양가 759만 원보다 20만 원 이상 낮게 책정됐습니다.,https://news.naver.com/main/read.nhn?mode=LSD&mid=shm&sid1=260&oid=057&aid=0000166953,284
261014,2011.06.13. 오후 5:52,부동산,머니투데이,야 절충안 검토 가능 상한제 사실상 폐지되나,머니투데이 조정현 MTN기자 앵커멘트 상한제 폐지에 반대했던 민주당이 전문폐지가 아닌 절충안은 검토해볼 수 있다 는 입장을 밝히면서 국회 논의 결과에 관심이 쏠리고 있습니다. 하지만 상한제가 사실상 무력화될 경우 부동산 시장 불안을 우려하는 목소리도 높습니다. 조정현 기잡니다. 리포트 건설업계는 주택시장을 교란시키는 대표적인 요인으로 분양가 상한제를 꼽고 있습니다. 지역에 따라 주택과 분양가를 차별화해야 하는데 상한제가 공급의지 자체를 약화시키고 있다는 겁니다. 결국 상한제가 공급 감소와 그에 따른 전세난을 초래한 주범이라고 주장하고 있습니다. 인터뷰 신완철 한화건설 상무 분양가라는 게 주변 시세가 있는 것이기 때문에 무조건 다 올릴 수는 없는 것입니다. 지역별로 차별화해서 적용되겠죠. 건설업계에서도 상한제가 폐지되면 단기간의 분양가 상승은 불가피하단 점은 인정하고 있습니다. 하지만 상한제 폐지로 주택 공급이 원활해지면 기존 주택들의 가격이 안정돼 전체적으론 폐지 가 시장에 이득이라고 주장합니다. 여당도 건설업계와 보조를 맞추고 있습니다. 지난 언제 발의한 상한제 폐지안을 6월 임시국회에선 꼭 처리할 계획입니다. 반면 민주당 등 야당은 집값 상승을 초래하는 전면적인 상한제 폐지는 받아들일 수 없다고 맞서고 있습니다. 야당의 반대에 건설업계 일각에선 다른 대안을 검토해볼 필요가 있단 의견도 나오고 있습니다. 재개발ㆍ재건축에 대해서만 상한제를 폐지하자는 안과 지출 원가 반영을 확대하자는 대안이 제시되고 있습니다. 인터뷰 권주안 주택산업연구원 연구실장 초고층 현재 분양가 상한제는 21층 이상으로 그냥 뭉뚱그려서 고려하고 있는데 그거를 더 세분화해서 원가를 반영해야 합니다. 민주당도 전면 폐지가 아닌 대안 마련에 대해선 검토해 볼 수 있다며 한 발 물러섰습니다. 인터뷰 김희철 민주당 의원 앞으로 여러 가지를 고려해서 합리적인 대책을 세워야 된다고 생각합니다. 여야가 절충안 도출 에 모두 긍정적인 반응을 보이면서 상한제가 사실상 무력화되는 게 아니냔 전망이 우세합니다. 하지만 지방과 일부 수도권 지역을 중심으로 분양시장이 과열되고 있는 상황에서 상한제가 무력화되면 부동산 시장불안을 초래할 거란 우려의 목소리도 높습니다. 머니투데이방송 조정현 we friends mtn.co.kr 입니다.,https://news.naver.com/main/read.nhn?mode=LSD&mid=shm&sid1=260&oid=008&aid=0002554481,284
261015,2011.06.13. 오후 5:52,부동산,머니투데이,재건축 분담금 미리안다는데...주민들은 혼선,머니투데이 박동희 MTN기자 앵커멘트 앞으로 재개발· 재건축 사업을 할 때 추진위원회는 주민들에게 분담금 추정치를 사전에 공개해야 합니다. 하지만 서울시와 추진위가 계산한 분담금이 현실에 비해 너무 낮은 것으로 나타나 혼선도 예상됩니다. 박동희 기잡니다. 리포트 재개발·재건축 사업에서 가장 민감한 부분은 바로 조합원들이 내야할 분담금입니다. 많게는 수억 원에 이르지만 조합원들은 철거 직전에야 분담금이 얼마인지 알 수 있었습니다. 하지만 앞으로는 조합설립동의서를 받는 단계에서 미리 계산한 추정 분담금을 의무적으로 공개해야 합니다. 서울시가 제공한 분담금 추정 프로그램을 통해 분담금 규모를 산출할 수 있기 때문입니다. 인터뷰 임계호 서울시 주거정비기획관 사업성을 알고 동의를 하게 됨으로써 앞으로 사업이 투명해지고 그리고 주민동의 하에 갈등 없이 추진될 수 있도록 하기 위해서 도입하게 됐습니다. 하지만 추정분담금의 현실성에 대해선 벌써부터 논란이 나오고 있습니다. 계산에 따르면 고덕동의 한 재건축 구역에서 감정평가액 3억 원짜리 집을 갖고 있을 경우 분담금은 1억 원을 넘지 않습니다. 감정평가액 3억 원인 조합원이 전용면적 111㎡ 30평형대 를 분양받는 경우 분담금은 없고 오히려 3 300만 원을 돌려받는 것으로 계산됐습니다. 하지만 이런 계산에 대해 인근 공인중개사들은 수익성을 너무 높게 잡은 결과라고 지적하고 있습니다. 인터뷰 김경희 공인중개사 추진위나 서울시에서 나오는 가격은 절대로 믿을 수가 없어요. 이런 수익성이 난다고 생각하시면 큰 오산입니다 저는 그렇게 얘기하고 싶어요. 실제 추진위가 입력한 3.3제곱미터 당 일반분양가는 2 300만 원입니다. 이에 대해 추진위측은 5 6년 뒤를 예상한 분양가이기 때문에 절대 높지 않은 수준이라고 말했습니다. 전문가들은 서울시가 개발한 분담금 추정프로그램은 일반분양 수익을 높게 잡을 경우 분담금이 상대적으로 낮아 보일 수 있는 한계를 지니고 있다 고 지적합니다. 하지만 서울시는 분담금 추정프로그램만 제공할 뿐 추정치에 대한 책임은 수치를 입력한 추진위에게 있다는 입장이어서 적지 않은 혼선이 빚어질 것으로 보입니다. 머니투데이방송 박동희입니다.,https://news.naver.com/main/read.nhn?mode=LSD&mid=shm&sid1=260&oid=008&aid=0002554479,284
261016,2011.06.13. 오후 5:51,부동산,머니투데이,포스코 더샵 센텀포레 1006가구 분양,머니투데이 조정현 MTN기자 포스코건설은 오는 23일 부산에 더샵 센텀포레 의 견본주택을 열고 분양에 들어간다고 밝혔습니다. 더샵 센텀포레는 지상 27층 12동에 전용면적 59에서 154m²형 1 006가구가 공급됩니다. 부산 지하철 2호선 민락역이 단지 바로 앞에 있고 센텀시티가 걸어서 10분 거리에 있습니다. 반경 2km 이내에 초ㆍ중ㆍ고 10곳이 있으며 포스코건설은 등ㆍ하교를 위한 통학버스를 운행할 계획입니다. 더샵 센텀포레는 오는 29일 1순위 청약에 들어가며 견본주택은 해운대 우동에 개관합니다.,https://news.naver.com/main/read.nhn?mode=LSD&mid=shm&sid1=260&oid=008&aid=0002554478,284
261017,2011.06.13. 오후 5:50,부동산,머니투데이,금호건설 송산포도 사회공헌활동 벌여,머니투데이 조정현 MTN기자 금호건설은 임직원들로 구성된 아름다운 어울림 자원봉사단 이 지난 3일과 9 10일에 경기도 화성시 신천리 마을에서 사회공헌활동을 벌였다고 밝혔습니다. 신천리 마을은 송산포도 로 유명한 70가구 규모의 마을로 금호건설 자원봉사단은 포도순 따기와 모내기 등 농번기철의 작업을 거들었습니다. 향후 금호건설은 포도 수확기인 오는 10월까지 기옥 사장을 포함한 임직원들이 매달 마을을 방문해 봉사활동을 하기로 했습니다. 금호건설은 사랑의 집짓기와 아름다운 벽화만들기 사랑의 연탄 나르기 등 다양한 테마형 사회공헌 활동을 매년 1 000회 이상 실시하고 있습니다.,https://news.naver.com/main/read.nhn?mode=LSD&mid=shm&sid1=260&oid=008&aid=0002554477,284
261018,2011.06.13. 오후 5:50,부동산,머니투데이,세종시 첫마을 등 LH 상가 이달 140곳 분양,머니투데이 조정현 MTN기자 한국토지주택공사 LH는 이달 전국 19곳에 상가 140개를 공급한다고 밝혔습니다. 지역별로는 세종시 첫마을과 수원 호매실 인천 서창지구에 95개 상가가 공급되고 판교신도시와 서울 상암지구에 45개가 공급됩니다. LH 상가는 공개 경쟁입찰로 분양되며 대규모 택지지구에 평균 100가구 당 1개 점포 꼴로 공급돼 상권이 형성되기에 유리한 조건을 갖고 있습니다.,https://news.naver.com/main/read.nhn?mode=LSD&mid=shm&sid1=260&oid=008&aid=0002554476,284
261019,2011.06.13. 오후 5:41,부동산,매일경제,용인 하갈 청명호수마을 신안 인스빌 회사보유분 특별분양,주 신안은 ‘용인 하갈 청명호수마을 신안인스빌‘을 회사 보유분의 일부를 특별한 조건으로 분양 중에 있다. 회사 차원에서 최대 2억5천만 원의 잔금유예와 선납할인 34%를 적용하고 있어 전세가격보다 싸게 내 집 마련을 하여 즉시 입주를 할 수 있다. 또한 실 거주와 관계없이 양도세가 면제되어 최근 집값 상승의 조짐이 보이는 용인 지역 아파트의 투자도 고려할만한 유리한 조건을 갖추고 있다고 할 수 있다. ‘용인 하갈 청명호수마을 신안인스빌‘은 80만평에 달하는 기흥호수공원을 조망할 수 있는 청명산 자락에 자리하여 천혜의 자연환경과 경관을 자랑한다. 또한 동탄신도시 광교신도시 판교신도시 등 대한민국 2기 신도시의 중심에 위치하여 신도시의 교통 및 생활 인프라 등을 누릴 수 있으며 단지와 인접한 기흥의 삼성 반도체 밸리의 배후 주거지로 각광을 받다. 영통 하갈간 간선도로와 영덕역을 이용하여 영통과 분당 생활권의 편의 시설을 이용할 수 있다. 또한 용인 서울 고속도로의 청명IC의 바로 앞에 위치하여 서울 양재까지 20분 이내에 도착할 수 있으며 수원 IC와도 바로 인접해 있어 경부고속도로를 통해 모든 지역으로의 이동이 용이하다. 용인 하갈 신안인스빌은 전용면적 84.990㎡ 32평형 638세대 122.790㎡ 44평형 365세대. 총1 003세대로 구성된 대단지 아파트로 용적률을 120% 이하 녹지율을 35% 이상으로 구성해 입주자에게 보다 쾌적한 생활을 가능하도록 하였으며 물 바람 나무 빛의 4가지 테마로 워터파크 그린가든 스톤가든 연풍원 등을 구성하여 단지를 공원화하였다. 또한 야외 골프퍼팅연습장 휘트니스센터 에어로빅장 사우나 시설 등을 갖춘 대형 스포츠센터를 설치하였다. 1577 1311 매경닷컴 뉴스센터 ⓒ 매일경제 mk.co.kr 무단전재 및 재배포 금지 MBA도 모바일로 공부한다.,https://news.naver.com/main/read.nhn?mode=LSD&mid=shm&sid1=260&oid=009&aid=0002483635,284
261020,2011.06.13. 오후 5:39,부동산,머니투데이,철도시설공단 수서역세권 복합개발 추진,머니투데이 이군호 기자 그린벨트 해제해 용도변경 후 사업자 모집 백화점·호텔·컨벤션 한번에 즐기도록 개발 서울 지하철 3호선과 분당선 환승역인 수서역세권이 본격 개발된다. 조현용 한국철도시설공단 이사장은 13일 기자단과 간담회에서 수서역세권을 개발해 호텔 백화점 컨벤션센터 등을 한 번에 모두 즐길 수 있도록 할 계획 이라고 밝혔다. 조 이사장은 수서역은 개발제한구역 그린벨트 만 43만㎡에 달해 그린벨트 해제를 전제로 한 달 전에 용도변경관련 용역을 준 상태 라며 철도시설공단이 직접 개발을 주관할 예정 이라고 설명했다. 그는 용역결과는 7월 말이나 8월 초에 나올 예정이어서 구체적인 용도가 결정되면 민간사업자를 직접 공모할 계획이며 전체가 안되면 그린벨트가 풀린 주변지역부터라도 빨리 하겠다고 덧붙였다. 조 이사장은 현재 진행 중인 경기 광주 여주 구간과 수서 광주 여주 원주 원주 강릉이 연결되고 설계 중인 이천 수안보까지 연결이 완료되면 충주 시민까지 수서로 바로 갈 수 있다 며 여기에 위례신도시와 분당 송파 강동 등까지 포함하면 500만 600만명의 유동인구가 몰릴 것 이라고 강조했다. 그는 호텔과 백화점 컨벤션센터 등 역에 내리면 모든 것을 다할 수 있는 표본을 만들 것 이라며 역세권 개발은 일본이 대표적인데 수서역도 그 정도로 해보자는 생각으로 임하고 있다 고 말했다. 공단은 인허가가 나지 않아 분양을 받아놓고서도 제3자에게 넘기는 등 한 발짝도 못 나아가고 있는 청량리역과 달리 수서역은 공단이 16.7%의 지분을 갖고 직접 개발을 주관하기 때문에 신뢰성이 높아져 문제가 없을 것이라고 설명했다. 한편 2014년 완공되는 호남고속철 건설 로드맵과 관련 조 이사장은 고속철은 10개월간의 시운전이 필요해 2014년 초에는 모든 공사를 끝내야 한다 며 설계와 제작에 2년 이상 걸리기 때문에 올해 말이나 내년 초까지는 방향을 결정해 현대로템이든 외국사든 협상에 들어가야 한다 고 말했다. 호남고속철 차량 구매 주체에 대해선 정책방향이라 뭐라 말할 순 없지만 일단 공단에서 하고 검수과정 등은 코레일과 협의하는 식이 아니겠느냐 고 했다. 최근 발생한 KTX 2단계 구간 선로전환기 사고와 관련 우리의 기술력 한계로 아직 원인을 정확히 규명하지 못했다 며 7월29일까지 규명을 위한 용역을 제작사에 의뢰했고 앞서 오늘부터 민간조사단이 조사에 들어갔다 고 말했다.,https://news.naver.com/main/read.nhn?mode=LSD&mid=shm&sid1=260&oid=008&aid=0002554470,284
261021,2011.06.13. 오후 5:34,부동산,파이낸셜뉴스,서울 수서역세권 복합단지로 개발,서울지하철3호선과 분당선 전철 환승역인 수서역이 수서∼평택고속철도 건설에 맞춰 호텔과 백화점 컨벤션센터 등이 어우러진 복합단지로 개발된다. 한국철도시설공단은 수서역 주변 43만㎡의 개발제한구역 해제를 전제로 지난 5월 초 복합단지 개발 관련 용역을 의뢰했으며 이르면 오는 7월 말 용역결과가 나올 예정이라고 13일 밝혔다. 조현용 철도시설공단 이사장은 이와 관련 “수도권 고속철도가 들어서는 수서역 일대를 개발해 한 곳에서 모든 것을 해결할 수 있도록 하겠다”고 말했다. 지하철 3호선과 분당선 환승역인 수서역에는 2014년을 개통을 목표로 수서∼평택고속철도 건설이 추진되고 있다. 조 이사장은 “호텔과 백화점 컨벤션센터 등 역에 내리면 모든 것을 다할 수 있는 표본을 만들 것”이라며 “역세권 개발은 일본이 대표적인데 수서역도 그 정도로 해보자는생각으로 임하고 있다”고 말했다. 그는 “용역결과에서 개발용도가 나오면 민간 사업자 신청을 받을 것이며 전체가 안 되면 그린벨트가 풀린 주변 지역부터라도 빨리하려 한다”고 덧붙였다. 조 이사장은 “지금 청량리역세권 같은 경우 인허가가 나지 않아 분양을 받아놓고서도 제3자에게 넘기는 등 한 발짝도 못 나아가고 있다”며 “수서역은 시설공단이 주관하기 때문에 신뢰성이 있어 그런 문제는 없을 것”이라고 강조했다. 조 이사장은 “현재 진행 중인 경기 광주∼여주 구간과 수서∼광주 여주∼원주 원주∼강릉이 연결되고 설계 중인 이천∼수안보까지 연결이 완료되면 충주 시민까지 수서로 바로 갈 수 있다”며 “여기에 위례신도시와 분당 송파 강동 등 500만∼600만명이 수서역 주변에 있기 때문에 개발에 호재로 작용할 것”이라고 설명했다.,https://news.naver.com/main/read.nhn?mode=LSD&mid=shm&sid1=260&oid=014&aid=0002455731,284
261022,2011.06.13. 오후 5:18,부동산,머니투데이,더벨건설관리공사 민영화 딜 또 무산,머니투데이 김태호 기자 유일한 LOI 제출후보 승화명품건설 입찰제안서 제출 안해 더벨 이 기사는 06월10일 10 24 자본시장 미디어 머니투데이 thebell 에 출고된 기사입니다. 한국도로공사 자회사인 한국건설관리공사 KCM 민영화가 다시 무산됐다. 9일 도로공사에 따르면 이날 실시한 KCM 매각 본입찰에 참여한 인수 후보는 한 곳도 없었다. 본입찰에 앞서 인수의향서 LOI 접수에는 승화명품건설이 유일하게 참여했다. 하지만 입찰제안서를 내지 않아 딜이 유찰됐다. KCM 매각은 이번이 두 번째 시도다. 시장에 매물로 나왔을 당시만 해도 KCM의 안정적인 영업이익과 우수한 보유인력 때문에 매각 흥행이 점쳐졌다. 하지만 결과는 흥행 참패. 이번 입찰은 물론 앞선 1차 입찰 때도 입찰자가 단 한곳도 나서지 않았다. 도로공사측은 현재 매각주관사인 딜로이트안진 측과 향후 일정을 검토 중이다. 두 차례 매각이 유찰됐기 때문에 수의계약으로 전환할 가능성도 배제할 수 없다. 예정 가격을 낮춰 다시 매각하는 방법도 고려할 수 있는 방안이다. KCM은 공공기관 선진화 방안의 일환으로 지난 2월 시장에 매물로 나왔다. 예정가격은 444억1500만원으로 내부 현금을 감안한 실질적인 인수 가격은 200억원 정도로 알려졌다. 지난해 KCM은 매출액 541억원 영업이익 10억원을 기록했다. 매각 대상은 한국도로공사 한국토지주택공사 한국수자원공사가 보유한 지분 100%다.,https://news.naver.com/main/read.nhn?mode=LSD&mid=shm&sid1=260&oid=008&aid=0002554455,284
261023,2011.06.13. 오후 5:16,부동산,매일경제,부산 더샵 센텀포레 29일 청약,포스코건설은 오는 29일 부산 민락동에서 더샵 센텀포레 청약접수를 시작한다. 더샵 센텀포레는 수영구 민락동 353 9 일대 민락1구역을 재개발해 선보이는 대단지로 지하 4층 지상 27층 12개 동에 전용면적 59 154㎡ 1006가구로 구성됐다. 이 중 705가구가 일반에 분양된다. 분양가는 공급면적 기준 3.3㎡당 평균 1000만원 이하로 책정됐다. 29일 1순위 청약을 받는다. 051 7474 580 r start 화보 손연재 체조갈라쇼 과감한 몸짓 연기 남해안벨트 日기업 생산기지로 베일벗은 SM7 후속 그랜저·K7과 싸울 무기는 북한 미모의 女승무원 화제 임상규 전 농림부 장관 자살… 건설현장 식당 비리 연류 비키니 대회 탈락女 충격으로 졸도 리듬체조 요정 손연재 봄처녀 향기가 폴폴 r end ⓒ 매일경제 mk.co.kr 무단전재 및 재배포 금지 MBA도 모바일로 공부한다.,https://news.naver.com/main/read.nhn?mode=LSD&mid=shm&sid1=260&oid=009&aid=0002483534,284
261024,2011.06.13. 오후 5:16,부동산,매일경제,톡톡 부동산 호텔 객실도 수익형 부동산,호텔 객실 사세요. 오피스텔 원룸 상가 도시형생활주택 등에서 호텔 객실까지 임대형 수익형부동산의 영역이 무한 확장 중이다. 수년 전부터 유행하던 호텔 객실 분양이 이제는 지방에도 상륙했다. 대호앤노마다는 24일부터 구미시 원평동 일대에 들어서는 레지던스호텔 호텔 도미인 구미 를 분양한다. 호텔 도미인 구미 는 1480㎡ 용지에 지하 3층 지상 20층 352실 규모다. 객실은 40 50㎡ 352실로 분양가는 3.3㎡당 700만원 수준이다. 개인이 호텔 객실을 분양받지만 관리는 전문위탁업체에서 맡는다. 객실 운영에 따른 수익을 배분받는 식이다. 하지만 레지던스호텔은 숙박업 분류를 둘러싸고 관광호텔과 논란을 벌이면서 현재 장기숙박 외에 단기숙박자들은 받을 수 없다. 그만큼 객실 가동률이 떨어질 수도 있다. 이 때문에 일반 관광객을 겨냥한 레지던스호텔보다는 기업체 수요 등이 많은 입지가 유리하다는 게 업계의 설명이다. 이남수 신한은행 부동산팀장은 객실 관리 전문업체가 공신력 있는 업체인지 확인해야 한다 며 시장이 크지 않아 향후 매각할 때 어려움을 겪을 수도 있기 때문에 예상 수익률에 너무 현혹돼선 안 된다 고 지적했다. 임성현 기자 r start 화보 손연재 체조갈라쇼 과감한 몸짓 연기 남해안벨트 日기업 생산기지로 베일벗은 SM7 후속 그랜저·K7과 싸울 무기는 북한 미모의 女승무원 화제 임상규 전 농림부 장관 자살… 건설현장 식당 비리 연류 비키니 대회 탈락女 충격으로 졸도 리듬체조 요정 손연재 봄처녀 향기가 폴폴 r end ⓒ 매일경제 mk.co.kr 무단전재 및 재배포 금지 MBA도 모바일로 공부한다.,https://news.naver.com/main/read.nhn?mode=LSD&mid=shm&sid1=260&oid=009&aid=0002483532,284
261025,2011.06.13. 오후 5:16,부동산,매일경제,재개발 분담금 사업초기에 공개,앞으로 서울시내 재개발ㆍ재건축 사업 시 조합원별 추가분담금을 사업 초기부터 알 수 있게 된다. 서울시는 재개발ㆍ재건축 사업정보를 알리는 클린업시스템 홈페이지 cleanup.seoul.go.kr 에 정비사업 예상 사업비와 주민별 분담금 추정액을 조합 설립 단계부터 공개하는 것을 의무화한다고 13일 밝혔다. 이에 따라 주민들은 정비사업 초기인 조합 설립 시 자신의 분담금 내역을 대략적으로 알 수 있게 돼 효율적인 의사결정이 가능해질 것으로 서울시는 전망했다. 현행 조합원 분담금은 이주 후 철거ㆍ착공 직전 단계인 관리처분인가 때 공개되고 있다. 이러다보니 조합원들은 조합 집행부 의견만 듣고 사업을 동의할 뿐 구체적인 사업비와 분담금 등은 알 수 없는 묻지마 식 정비사업이 이뤄질 수밖에 없었다. 이명진 기자 r start 화보 손연재 체조갈라쇼 과감한 몸짓 연기 남해안벨트 日기업 생산기지로 베일벗은 SM7 후속 그랜저·K7과 싸울 무기는 북한 미모의 女승무원 화제 임상규 전 농림부 장관 자살… 건설현장 식당 비리 연류 비키니 대회 탈락女 충격으로 졸도 리듬체조 요정 손연재 봄처녀 향기가 폴폴 r end ⓒ 매일경제 mk.co.kr 무단전재 및 재배포 금지 MBA도 모바일로 공부한다.,https://news.naver.com/main/read.nhn?mode=LSD&mid=shm&sid1=260&oid=009&aid=0002483530,284
261026,2011.06.13. 오후 5:14,부동산,아시아경제,건산연 하반기 건설·부동산 경기전망 세미나 개최,아시아경제 진희정 기자 한국건설산업연구원 원장 김흥수 은 오는 20일 오후 2시 서울 강남구 논현동 건설회관 2층 중회의실에서 2011년 하반기 건설·부동산 경기전망 세미나를 개최한다고 13일 밝혔다. 이번 세미나에서는 건산연 이홍일 연구위원이 2011년 하반기 건설경기 전망 을 허윤경 연구위원이 2011 하반기 주택·부동산 경기전망 및 정책과제 에 대해 각각 주제 발표를 할 예정이다. 주제 발표에 이어 손재영 건국대학교 교수의 사회로 고종완 RE멤버스 대표이사 윤동호 동방종합건설 대표이사 이문기 국토해양부 건설경제과장 이상호 GS건설경제연구소 소장 천길주 현대건설 전무 등이 종합토론에 참석할 예정이다.,https://news.naver.com/main/read.nhn?mode=LSD&mid=shm&sid1=260&oid=277&aid=0002622385,284
261027,2011.06.13. 오후 5:13,부동산,매일경제,강남 미니신도시 세곡지구 가보니,지난 4월부터 1000여 가구 아파트 입주가 시작된 서울 강남구 세곡동 리엔파크 전경. 서울 서초구 양재동 aT센터에서 자동차로 헌릉로를 따라 20분 달리면 나타나는 세곡지구. 세곡동 사거리를 경계로 북쪽으로는 대규모 공사장이 눈에 들어오고 맞은편 남쪽으로는 이미 입주를 시작한 깔끔한 새 아파트 단지가 대조를 이루고 있다.북쪽 공사장은 내년 말부터 입주가 시작되는 강남 보금자리지구와 세곡2 보금자리지구. 반대편 단지는 SH공사가 분양해 지난 4월부터 1 3단지가 이미 입주를 시작한 세곡 리엔파크 단지다. 이달부터 입주를 시작하는 4단지와 오는 8 9월 분양하는 5단지를 합쳐 세곡 리엔파크는 총 2121가구 대단지로 들어선다. 강남 보금자리 시범지구 6821가구 와 세곡2지구 보금자리지구 4000가구 가 내년부터 입주를 시작하면 이 지역에만 총 1만3000가구가 넘는 미니신도시가 완성되는 셈이다. 입주 두 달이 지나면서 집값은 분양 당시보다 꽤 올랐다. 단지 내 세곡부동산 컨설팅 관계자는 프리미엄이 1억 1억1500만원 정도 붙었다 고 말했다. 세곡 리엔파크는 국민임대주택과 장기전세주택 일반분양이 섞여 있는 아파트 단지로 5년간 전매가 제한된 곳이다. 그러나 원주민의 이주대책용인 특별분양분은 1회 전매가 가능하다. 현재 거래되고 있는 물량 대부분은 원주민 특별분양분이다. SH 세곡임대사업소에 따르면 4월 29일 입주를 마친 1ㆍ2ㆍ3단지 입주율은 90% 이상이다. 그러나 현재 집값 추세는 당초 기대됐던 로또 수준은 아니라는 평가다. 리엔파크 3.3㎡당 분양가는 1300만원. 인근 수서지구 집값이 3.3㎡당 2000만원 안팎으로 당첨만 되면 최소 2억원 이상 프리미엄이 기대됐다. 그러나 인근 보금자리 분양가가 3.3㎡당 1000만원 안팎으로 정해진 후 오히려 역차별을 걱정하고 있는 눈치다. 류국희 삼성공인중개사사무소 대표는 보금자리 여파로 가격 상승폭이 크지 않을 것 이라고 말했다. 그나마 4 5월 왕성했던 거래는 6월 들어 뚝 끊어졌다. 7월 1일부터 시행되는 개정소득세법 영향 때문이다. 앞으로 다운계약서 를 작성해 거래하다 적발되면 양도세 비과세나 감면이 배제된다. 또 40%의 가산세 10년의 소멸시효가 적용되고 취득세의 세 배에 달하는 과태료도 부과된다. 세곡 리엔파크는 강남지역에서 보기 드문 친환경 단지다. 문제는 기반시설이다. 교육시설만 해도 아직까지 개교가 확실한 교육시설이 대왕초등학교 하나뿐이고 개교 예정인 중학교는 차일피일 미뤄지고 있다는 게 인근 공인중개사들 얘기다. 상업시설 역시 10여 개가 전부다. 리엔파크 5단지 청약을 준비 중인 이 모씨는 아이들 학교나 학원을 어디로 가야 할지 걱정 이라며 쇼핑을 하려 해도 수서 방면까지 나가야 하기 때문에 불편함이 적지 않다 고 말했다. 건너편 보금자리 아파트가 입주하기 전까지는 불편을 감수할 수밖에 없다는 얘기다. 이지용 기자 백상경 기자 r start 화보 손연재 체조갈라쇼 과감한 몸짓 연기 남해안벨트 日기업 생산기지로 베일벗은 SM7 후속 그랜저·K7과 싸울 무기는 북한 미모의 女승무원 화제 임상규 전 농림부 장관 자살… 건설현장 식당 비리 연류 비키니 대회 탈락女 충격으로 졸도 리듬체조 요정 손연재 봄처녀 향기가 폴폴 r end ⓒ 매일경제 mk.co.kr 무단전재 및 재배포 금지 MBA도 모바일로 공부한다.,https://news.naver.com/main/read.nhn?mode=LSD&mid=shm&sid1=260&oid=009&aid=0002483528,284
261028,2011.06.13. 오후 5:13,부동산,매일경제,부동산정보 하나로 통합,앞으로 토지대장 지적도 등기부등본 등 18종의 국가 부동산 정보가 하나로 통합된다. 이에 따라 건축 인허가 토지 지목변경 토지 분할 등의 민원처리가 한꺼번에 가능해진다. 13일 한나라당 최구식 의원 주최로 열린 부동산 행정정보 일원화 를 위한 정책토론회에서 이 같은 방안이 논의됐다. 국토해양부에 따르면 올해부터 2012년까지 토지대장 임야대장 대지권등록부 지적도 임야도 건축물대장 등 11종의 정보가 하나로 통합된다. 2013년까지 개별공시지가확인서 개별주택가격확인서 공동주택가격확인서 등이 합쳐지고 2014년부터 토지등기부등본 건물등기부등본 등도 단계적으로 통합된다. r start 화보 손연재 체조갈라쇼 과감한 몸짓 연기 남해안벨트 日기업 생산기지로 베일벗은 SM7 후속 그랜저·K7과 싸울 무기는 북한 미모의 女승무원 화제 임상규 전 농림부 장관 자살… 건설현장 식당 비리 연류 비키니 대회 탈락女 충격으로 졸도 리듬체조 요정 손연재 봄처녀 향기가 폴폴 r end ⓒ 매일경제 mk.co.kr 무단전재 및 재배포 금지 MBA도 모바일로 공부한다.,https://news.naver.com/main/read.nhn?mode=LSD&mid=shm&sid1=260&oid=009&aid=0002483527,284
261029,2011.06.13. 오후 5:13,부동산,매일경제,LH 단지내 상가 140개 나온다…세종시 첫마을 관심,이달 중 세종시 첫마을과 판교신도시 등 관심지역 아파트 상가가 대규모로 공급된다. 한국토지주택공사 LH 는 이달 21 28일 총 140개 LH 단지 내 상가를 공급한다고 13일 밝혔다. 수원 호매실 세종시 첫마을 등 6개 지구에서 95개 상가가 신규 공급된다. 성남 판교 서울 상암 등 13개 지구 45개 상가는 재공급된다. 신규 공급 중 세종시 첫마을 물량이 관심을 끈다. A1ㆍA2블록에서 전용면적 53.59 142.92㎡ 23개 점포가 공급된다. 입주는 올해 말로 예정됐다. 이번 공급 물량은 입주민 커뮤니티센터 내에 위치해 수요층 확보가 쉽다. 인접 중심상권을 연결하는 간선급행버스 BRT 정거장이 가까워 수요계층을 확대할 수 있는 것도 장점이다. 1블록은 공공분양 895가구 2블록은 분양과 임대 합쳐 901가구 배후 가구를 두고 있다. 다만 3.3㎡당 공급가가 800만 1000만원 선으로 수도권 주요 택지지구 못지않은 수준인 점은 부담이다. 수도권에서는 수원 호매실 B6블록 물량이 주목받는다. 3227가구 대단지를 배후 수요로 두고 있고 지구 내 근린상권과 떨어져 있어 입주민 대상 독점상권 확보가 용이하다. 재공급되는 단지 내 상가도 많다. 특히 성남 판교신도시와 서울 상암 등 관심지역 물건이 많다. 인천 서창지구에서는 18개 블록에서 총 26개 점포가 나온다. 전용면적 34.77 58.82㎡ 중소형 점포 위주로 구성돼 실속형 투자자들의 관심이 모일 것으로 보인다. 총 2134가구 공공분양 아파트를 배후가구로 갖고 있다. 배후가구는 소형부터 대형까지 골고루 포진하고 있어 업종을 정하기 쉬운 덕분에 임차인 구하기가 다소 용이할 것으로 보인다. 상가 인근에 초ㆍ중학교가 위치하고 있어 상권 준중심지로 성장할 가능성이 있다. 성남 판교 물량은 전용 24.5 99.10㎡로 구성됐다. LH가 공급하는 판교 내 마지막 단지 상가 물량인 만큼 판교의 전망을 밝게 보지만 아직 투자 대상을 확보하지 못한 투자자라면 눈여겨볼 만하다. 최초 유찰된 뒤 재공급에 나서는 만큼 예정가격대가 크게 낮아졌다. 점포 1개당 평균 시세가 최초 3억3800만여 원에서 2억5700만여 원으로 24%가량 내렸다. 다만 유찰된 전례가 있다는 말은 층수나 위치 등 입지 측면에서 상대적인 가치가 낮을 수 있다는 의미이므로 입찰 참여 전에 충분한 사전조사가 필요하다. 분양공고 입찰과 관련한 자세한 사항은 LH 홈페이지 www.lh.or.kr 를 참고하면 된다. 이명진 기자 r start 화보 손연재 체조갈라쇼 과감한 몸짓 연기 남해안벨트 日기업 생산기지로 베일벗은 SM7 후속 그랜저·K7과 싸울 무기는 북한 미모의 女승무원 화제 임상규 전 농림부 장관 자살… 건설현장 식당 비리 연류 비키니 대회 탈락女 충격으로 졸도 리듬체조 요정 손연재 봄처녀 향기가 폴폴 r end ⓒ 매일경제 mk.co.kr 무단전재 및 재배포 금지 MBA도 모바일로 공부한다.,https://news.naver.com/main/read.nhn?mode=LSD&mid=shm&sid1=260&oid=009&aid=0002483523,284
261030,2011.06.13. 오후 5:13,부동산,매일경제,경쟁률 높은 오피스텔 계약률은 글쎄,오피스텔이 부동산 시장의 최고 인기 상품으로 각광받으며 청약불패 행진을 이어가고 있지만 실제 계약률은 서울 강남권 등 일부 지역을 제외하고는 높지 않은 것으로 알려졌다. 오피스텔은 매달 월세를 받기 위해 투자하는 수요가 많은 만큼 임대수요가 풍부한 곳과 그렇지 않은 곳 간에 희비가 엇갈린 것이다. 계약률이 높은 곳은 역시 강남권이다. 작년 10월 서울시 서초구 서초동에서 분양한 강남역 아이파크 1차 288실 는 3.3㎡당 1731만원의 분양가에도 불구하고 33대1의 평균 분양률을 자랑하며 100% 계약을 완료했다. 올해 3월 분양한 강남 아이파크 2차 오피스텔 99실 역시 평균 56대1의 청약경쟁률을 보이며 분양 2주 만에 모두 계약이 완료됐다. 같은 달 송파구 문정동에서 분양한 송파 한화 오벨리스크도 1533실이라는 규모에도 불구하고 일주일 만에 모두 계약이 성사됐다. 이 밖에도 강남권에 위치한 강남역 서희스타힐스 잠실 푸르지오 월드마크 강남역 리가스퀘어 등이 100% 계약을 기록했다. 반면 청약 성적은 좋았지만 예상 외로 계약률이 저조한 곳은 광교 신도시다. 올 초 분양한 광교 A오피스텔은 최고 4.4대1의 청약경쟁률을 기록했지만 계약률은 50%대에 그치고 있다. 역시 올 상반기 분양한 B오피스텔도 경쟁률은 5대1을 넘었지만 초기 계약률은 30% 수준이다. 함영진 부동산써브 실장은 주택시장 침체로 대체상품을 찾는 투자자들이 늘면서 오피스텔 인기는 지속될 것 이라면서도 다만 최근 분양가 수준이 높고 일부 지역에 공급이 집중되고 있어 선별투자가 필요하다 고 말했다. 박상언 유엔알컨설팅 대표도 신규 분양 오피스텔 중에는 임대수익률을 부풀리는 경우도 많기 때문에 이를 꼼꼼히 따져야 한다 고 말했다. 이은아 기자 r start 화보 손연재 체조갈라쇼 과감한 몸짓 연기 남해안벨트 日기업 생산기지로 베일벗은 SM7 후속 그랜저·K7과 싸울 무기는 북한 미모의 女승무원 화제 임상규 전 농림부 장관 자살… 건설현장 식당 비리 연류 비키니 대회 탈락女 충격으로 졸도 리듬체조 요정 손연재 봄처녀 향기가 폴폴 r end ⓒ 매일경제 mk.co.kr 무단전재 및 재배포 금지 MBA도 모바일로 공부한다.,https://news.naver.com/main/read.nhn?mode=LSD&mid=shm&sid1=260&oid=009&aid=0002483522,284
261031,2011.06.13. 오후 5:12,부동산,파이낸셜뉴스,수도권 주요 신도시 기반시설 지연에 ‘소송 대란’ 조짐,1. 오는 10월 입주예정인 경기 김포한강신도시의 W아파트 입주예정자들은 현재 회사를 상대로 분양계약 해지를 위한 소송을 준비 중이다. 입주예정자들은 회사 측이 아파트를 분양할 당시 단지 앞에 학교가 들어서고 2013년에는 경전철이 운행될 것이라고 광고했지만 지금까지 진행되고 있는 게 하나도 없다 며 소송 추진 배경을 설명했다. 2. 인천 청라지구 아파트입주자연합회는 이달 말께 사업시행자인 한국토지주택공사 LH 경기 분당 본사 앞에서 청라지구 기반시설 조성 촉구를 위한 항의집회를 가질 예정이다. 이들은 청라지구에 당초 국제업무타운과 로봇랜드 등의 시설이 들어서고 서울지하철7호선 연장과 인천국제공항철도 청라역 등이 들어선다는 말을 믿고 아파트를 분양받았지만 청라역 등 일부를 빼놓고는 기반시설이 제대로 갖춰지지 않고 있다며 불만을 토로했다. 청라지구는 지난해 5월부터 입주가 시작돼 2013년까지 단계적으로 입주가 완료될 예정이다. 입주가 시작됐거나 입주를 앞둔 인천 청라지구와 경기 김포한강신도시 및 광교신도시 등 수도권 주요 신도시에서 기반시설이 제때 제대로 갖춰지지 않으면서 입주예정자와 건설회사 및 사업시행자 간 갈등이 고조되고 있다. 이들 신도시의 사업시행자가 재정난 등을 이유로 당초 계획했던 각종 기반시설 건설을 미루거나 일부 백지화하면서 해당 기반시설의 설치 등을 분양 기준으로 삼은 입주 예정 자들이 시공사 및 시행자를 상대로 계약해지 등을 위한 소송 등 집단행동에 나서고 있다. 청라지구 입주자들 집단행동 돌입 13일 현지 주민과 부동산업계 등에 따르면 청라지구의 경우 당초에는 국제업무타운과 로봇랜드 등의 기반시설이 들어서고 서울지하철7호선 연장과 제3연륙교 건설 검안IC 신설 등의 각종 기반시설이 설치될 예정이었다. 하지만 지구 내 아파트에 대한 입주가 속속 이뤄지고 있지만 해당 시설의 추진이 지지부진하고 일부는 계획이 백지화됐다. 청라지구 입주 예정 자들은 분양 당시 기반시설 등 발전 가능성을 보고 계약했는 데 입주 시점에서 계획이 제대로 이행되지 않아 불편이 가중되고 있다며 분통을 터뜨리고 있다. 청라지구 현지 한 중개업소 관계자는 청라지구에 계획됐던 기반시설은 일부 축소됐거나 대부분 답보상태 라며 한다 라는 소문만 있지 정확히 언제까지 한다 라는 얘기는 없다 고 말했다. 청라 기반시설 조성 사업의 경우 사업시행자인 인천시와 LH는 사업이 지연되고 있지만 취소된 것은 아니라는 입장이다. 입주 예정 자들이 기반시설 문제를 당장 해결하기를 바라는 것을 모르는 것은 아니지만 전혀 손을 놓고 있는 것은 아니라는 설명이다. LH 관계자는 LH가 주도적으로 조성하는 기반시설인 제3연륙교는 국토해양부와 협의 중이고 중앙호수공원도 조경 발주가 늦어졌을 뿐 취소된 것은 아니다 라고 말했다. 이 관계자는 검안 IC 신설도 토지보상이 늦어져 사업이 지연되는 것이지 사업 진행에는 문제가 없다 고 덧붙였다. 인천시 관계자도 인천국제공항철도 청라역은 국토부와 한국철도시설관리공단 및 운영회사와 협의해 내년 말까지 개통하는 것으로 합의했다 면서 서울지하철7호선 연장은 타당성 용역이 진행 중 이라고 설명했다. 인천시는 청라국제업무타운과 로봇랜드 등의 기반시설도 개발자와 시행자가 사업을 추진 중이라고 강조했다. 광교·김포한강도 입주예정자 불만 고조 오는 7월부터 입주가 시작되는 경기 광교신도시의 H아파트 입주예정자들은 회사 측에 입주 기간 연장을 요구했다. 이 아파트 한 입주예정자는 단지 주변이 모두 공사판이어서 각종 위험에 노출돼 있는데다 입주민 중 상당수가 서울 강남권으로 출퇴근하는 직장인이지만 대중 교통노선이 변변찮아 큰 불편이 예상된다 고 말했다. 오는 10월 입주예정인 김포한강신도시 W아파트 입주예정자들이 분양 당시의 광고와 달리 기반시설이 제대로 마련되지 않았다 며 계약해지를 위한 소송을 추진하는 것도 같은 맥락이다. 이와 관련 건설사 한 관계자는 건설사들 역시 사업시행자가 제시한 청사진을 분양카탈로그 등에 제시했을 뿐이며 신도시 내 기반시설의 설치 여부는 사업시행자가 결정하는 만큼 건설사로서는 이찌할 도리가 없다 고 말했다. 또 다른 건설사 관계자는 건설사들은 사업시행자 측이 아파트용지를 판매하면서 시공사들에 제시한 계획을 바탕으로 분양광고를 하는데 김포한강신도시의 경우 경전철은 타당성 검토가 마무리 되지 않은 상태에서 계획을 발표했다가 일단 취소됐으며 학교 설치도 교육청과 합의되지 않은 상태에서 택지이용계획에 포함됐다가 취소됐다 고 말했다. 이들 신도시의 기반시설 건설이 당초 계획보다 지연되는 가장 큰 이유는 사업성과 비용 문제 때문이다. 단국대 김현수 교수 도시계획부동산학과 는 신도시 등의 기반시설 설치는 계획 수립 당시 국가와 지자체 사업시행자 등이 충분한 협의를 거쳐 구체적인 비용 부담 원칙을 수립한 뒤 진행해야 이 같은 갈등을 예방할 수 있다 고 말했다.,https://news.naver.com/main/read.nhn?mode=LSD&mid=shm&sid1=260&oid=014&aid=0002455661,284
261032,2011.06.13. 오후 5:11,부동산,파이낸셜뉴스,한국 도시개발법 베트남에 수출될 듯,우리나라의 도시개발법이 베트남으로 수출될 전망이다. 국토해양부는 베트남 건설부 도시개발법 제정 추진단 공무원 8명이 우리나라 도시개발정책과 법령을 벤치마킹하기 위해 국토부를 방문했다고 13일 밝혔다. 베트남은 현재 대우건설 하노이 서서호 GS건설 호찌민 냐베 포스코건설 하노이 북앙카인 등 국내 건설사들이 대규모 신도시 개발과 주택사업을 진행 중이지만 도시개발법이 없어 신속한 사업 추진에 어려움이 많다는 지적이 제기돼 왔다. 베트남 건설부는 이에 따라 자국의 신도시 개발사업을 위해 도시개발법을 제정하기로 하고 우리나라 도시개발법을 도입 대상으로 삼았다. 이번에 방한한 베트남 대표단은 이날 국토부에서 우리나라의 도시계획 및 도시개발법제에 관한 강의를 듣고 한국토지주택공사의 개발 현장도 돌아봤다. 국토부는 베트남 대표단을 위해 국토계획법과 도시개발법을 영문으로 번역해 줄 것을 법제처에 요청하기로 했다. 국토부 관계자는 베트남 대표단이 우리나라 도시개발법에 큰 관심을 보이고 있다 며 베트남이 우리나라 도시개발법 정책과 법제를 채택한다면 국내 건설사가 추진하고 있는 베트남 신도시 개발이 탄력을 받게 될 것 이라고 말했다.,https://news.naver.com/main/read.nhn?mode=LSD&mid=shm&sid1=260&oid=014&aid=0002455660,284
261033,2011.06.13. 오후 5:11,부동산,파이낸셜뉴스,쌍용건설，싱가포르 친환경인증,쌍용건설은 싱가포르 건설청 BCA 으로부터 지난해에 이어 2년 연속 친환경인증인 BCA 그린마크 중 최상위 등급인 플래티넘 인증을 받았다고 13일 밝혔다. 쌍용건설은 올해 1월 수주 현재 시공 중인 싱가포르 W호텔의 부티크센터 키사이드 아일 이 세번째 플래티넘 인증을 획득했다. 2005년 싱가포르 정부가 제정한 BCA그린마크는 미국의 리드 LEED 영국의 브리암 BREEAM 과 함께 세계 3대 친환경 인증으로 인정받고 있다. 에너지와 자원절감을 위한 설계와 완공 후 관리비 쾌적성 혁신성까지 평가 대상이다. 쌍용건설이 설계와 시공을 동시 진행하는 디자인 빌드 방식으로 단독 수주한 키사이드 아일은 2012년 4월 완공 예정이다. 햇빛을 받는 건물 전면에 열전도율이 낮은 이중 특수유리를 사용해 24도의 실내온도를 유지하기 위한 냉방 전력량이 일반 건물의 55%에 불과하다. 또 옥상 곳곳에 태양전지판을 부착하고 화장실 등 공용구역에 모션센서를 설치했다. 에너지 절감 설계를 적용한 결과 절약되는 전력은 연간 137만㎾h에 달한다. 쌍용건설 황인강 상무 해외건축부문 담당 는 앞으로도 국내외 친환경건축 분야 기술 개발 및 사업에 주력해 선도업체로 입지를 강화해 나갈 계획 이라고 말했다.,https://news.naver.com/main/read.nhn?mode=LSD&mid=shm&sid1=260&oid=014&aid=0002455658,284
261034,2011.06.13. 오후 5:10,부동산,파이낸셜뉴스,용인 행정타운 두산위브 잔여가구 특별분양,두산중공업은 경기 용인시 용인문화복지행정타운 인근에 건설 중인 용인 행정타운 두산위브 아파트 조감도 잔여가구를 특별분양 중이다. 이 아파트는 지상 10∼20층 19개 동에 전용면적 84∼153㎡ 1293가구로 구성됐다. 분양가는 3.3㎡당 970만∼1050만원 전용면적 84㎡ 기준 이며 계약금은 5%다. 중도금 1∼3차는 무이자융자 4∼6차는 이자후불제가 적용되며 계약조건을 보장하는 고객안심제 를 도입했다. 용인경전철 삼가역이 걸어서 3분 거리에 위치해 있고 경전철과 환승 가능한 분당선 연장선 기흥역이 올해 말 개통될 예정이다. 경부고속도로가 가깝고 삼가∼대촌 국도대체우회도로 제2경부고속도로 제2외곽순환도로 등이 개통 예정이다. 용인 행정타운 두산위브는 1000가구가 넘는 대단지답게 공원 같은 아파트를 표방하고 있다. 단지 내에 자연생태하천인 삼가천이 흐르고 있으며 이를 중심으로 각종 테마공원과 산책로도 조성된다. 인근에 문화복지행정타운이 들어서 배후수요 여건도 양호하다. 견본주택은 분당선 죽전역 인근 죽전성당 옆에 있다.,https://news.naver.com/main/read.nhn?mode=LSD&mid=shm&sid1=260&oid=014&aid=0002455657,284
261035,2011.06.13. 오후 5:10,부동산,파이낸셜뉴스,분양 성공한 ‘소형보다 싼 대형’,아파트 분양시장에 분양가 가 성패를 가름하는 중요 잣대로 등장한 가운데 최근 중소형보다 몸값 분양가 을 낮춘 대형 아파트가 속속 등장해 소비자들로부터 큰 호응을 얻고 있다. 그동안 아파트 분양시장에서 면적이 큰 대형일수록 단위면적 3.3㎡ 당 분양가도 높게 책정하는 게 일반적이었지만 주택경기 침체로 대형 아파트 인기가 떨어지자 건설사들이 고육지책으로 분양가를 속속 내리고 있다. 13일 건설업계와 부동산114에 따르면 대림산업이 지난 5월 말 경기 의왕 내손동에서 공급한 의왕 내손 e편한세상 과 GS건설의 대전 대흥동 대전 센트럴 자이 는 대형 분양가를 소형보다 싸게 책정해 분양에 성공했다. 내손 e편한세상은 11개 주택형 중 142∼194㎡의 대형 6개 주택형은 3.3㎡당 평균 분양가가 1576만원으로 이보다 작은 나머지 83∼130㎡의 평균 분양가인 1638만원보다 60만원 이상 낮개 책정됐다. 이 아파트는 평균 경쟁률 1.3대 1로 대형 면적을 포함한 모든 평형대 아파트가 순위 내에서 청약 마감됐다. 최근 수도권의 분양시장이 극심한 침체를 겪고 있다는 점과 130㎡ 이상의 대형 아파트 공급이 많았다는 점을 고려하면 기대 이상의 성과라는 게 회사 측의 설명이다. 대림산업 관계자는 경쟁률이 아주 높지는 않았지만 중대형은 가격을 낮춘 덕분에 기대 이상의 결과가 나왔다 고 말했다. 역시 5월 말께 공급된 대전 센트럴 자이도 일반분양 783가구 모집에 4164명이 몰려 평균 5.3대 1의 높은 경쟁률을 기록했다. 가장 큰 176㎡는 0.9대 1로 일부 미달됐지만 112∼146㎡의 나머지 중대형은 모두 순조롭게 모집가구 수를 채웠다. 146∼176㎡는 3.3㎡당 평균 분양가가 732만원으로 85∼112㎡의 평균 분양가 759만원 보다 20만원 이상 낮게 책정됐다. 이 밖에 다른 대다수 건설사들도 대형 아파트의 분양가격을 소형 아파트와 비슷한 수준으로 책정하는 등의 방법으로 미분양 해소 탈출 전략을 쓰고 있다. 부동산114 관계자는 같은 단지라도 대형 아파트는 부지비용 공공택지의 경우 이 비싼 데다 마감재 및 인테리어를 고급 제품으로 사용하고 세금이 더 붙기 때문에 원래는 작은 아파트보다 가격이 더 비싸게 책정돼야 한다 면서도 실수요자들이 대형 아파트 분양을 꺼리기 때문에 당분간 소형보다 싸거나 비슷한 수준으로 분양가를 매기는 사례가 계속 나올 것 이라고 내다봤다.,https://news.naver.com/main/read.nhn?mode=LSD&mid=shm&sid1=260&oid=014&aid=0002455656,284
261036,2011.06.13. 오후 5:09,부동산,파이낸셜뉴스,토지대장·등기부등본 등 하나의 서류로 확인 가능,토지대장과 지적도 등기부등본 등 국가가 관리하는 부동산 관련 18개 행정정보가 오는 2014년까지 하나로 통합된다. 이렇게 되면 건축 인·허가와 토지 지목변경 및 분할 등의 각종 민원을 한꺼번에 처리할 수 있어 국민 불편이 많이 해소되는 것은 물론 행정력도 크게 절감된다. 국토해양부는 13일 국회 헌정기념관에서 한나라당 최구식 의원 주최로 부동산 행정정보 일원화를 위한 정책토론회를 열어 이 같은 내용의 부동산 관련 행정정보 통합방안을 발표했다. 이날 토론회는 부동산 행정정보 일원화 필요성 및 경제적 효과와 법제도 개선 방향을 주제로 열렸으며 권도엽 국토부 장관을 비롯해 각계 전문가들이 대거 참석했다. 국토부는 우선 올해부터 2012년까지 토지대장 임야대장 대지권등록부 공유지연명부 지적도 임야도 경계점좌표등록부 건축물대장 등 11개 정보를 하나로 통합하기로 했다. 이어 2013년까지 개별공시지가확인서 개별주택가격확인서 공동주택가격확인서 토지이용계획확인서 등이 합쳐지고 토지등기부등본 건물등기부등본 집합건물등기부등본 등은 2014년까지 통합된다. 부동산정보는 그동안 국토부 대법원 등 2개 부처 5개 법령으로 분산 관리되면서 구비서류 중복제출 중복업무 민간 공간정보산업 발전 저해 등의 문제점을 야기해왔다. 국토부는 지금은 연간 1억100만건의 부동산 관련 서류 제출 비용과 1000억원 이상의 인지비용이 낭비되고 행정시스템 분리로 중복업무 579만건 중복정보처리 건수 8826건이 발생하는 등 비효율을 초래하고 있다고 설명했다. 호서대 이종원 교수는 주제발표를 통해 14종의 부동산 관련 행정정보만 일원화해도 2013년부터 향후 5년간 2조2434억원의 경제적 편익 효과가 있다고 말했다. 국토부 관계자는 이번 정책토론회에서 제시된 전문가들의 의견은 일원화된 부동산 행정정보의 종합공부 제공을 앞당기게 될 것 이라며 스마트한 정부서비스 토지와 건물의 합치된 법적 개념 확립 미래공간정보산업의 활성화를 가능케 하는 선순환 구조를 마련하겠다 고 말했다.,https://news.naver.com/main/read.nhn?mode=LSD&mid=shm&sid1=260&oid=014&aid=0002455655,284
261037,2011.06.13. 오후 5:09,부동산,파이낸셜뉴스,“분양가상한제 폐지하면 3년후 서울 집값 11%↓”,아파트 분양가상한제를 폐지하면 공급 확대로 이어져 아파트값 하락으로 이어질 것이라는 주장이 제기됐다. 하지만 분양가상한제 폐지를 둘러싸고 정부와 야당 간에 입장차이가 여전해 이번 6월 임시국회에서도 분양가상한제 폐지 법안 통과가 쉽지 않을 전망이다. 대한건설협회와 한국주택협회 대한주택건설협회 등 3대 건설단체의 공동 주최로 13일 서울 여의도 한국화재보험협회 빌딩에서 열린 분양가상한제 합리적 개선을 위한 정책토론회 에서 주택산업연구원 권주안 선임연구위원은 주제발표에서 1999년부터 2008년까지의 주택가격 흐름을 분석한 결과를 토대로 파악한 결과 현 시점에서 분양가상한제를 폐지할 경우 공급 확대로 서울지역 집값은 33개월 후 11% 하락하고 수도권은 36개월 후 5% 떨어질 것 이라고 밝혔다. 서울대학교 정창무 교수도 주제발표에서 주택보급률이 100%를 넘고 저출산·고령화로 부동산 시장이 공급자 우위에서 수요자 우위로 재편돼 분양가상한제는 실효성이 없다 면서 분양가상한제는 실수요를 위축시키고 나아가 전세난을 유발해 악순환을 초래한다 고 주장했다. 그는 주택사업 성공을 위해 저렴한 분양가격을 책정해야 한다는 건설업체들의 자발적 풍토가 확립되고 있어 분양가상한제를 폐지하더라도 분양가격이 크게 올라가기 어렵고 장기적으로는 원활한 주택공급으로 시장안정에 기여할 것 이라고 강조했다. 이와 관련 토론자로 나선 박희철 민주당 의원은 분양가상한제는 서울 강남 재건축 단지들의 분양가가 폭등하면서 도입한 제도로 이 제도가 폐지될 경우 그때와 같은 일이 반복해서 일어날 것 이라며 폐지 후 가격폭등에 대한 아무런 대책이 없는 상황에서 분양가상한제 폐지에 반대한다 고 야당의 입장을 대변했다. 국토해양부 이원재 주택정책관은 분양가상한제는 과도한 분양가상승기에 집값 안정을 위해 도입됐지만 지금은 도입당시와 달리 집값이 하향안정세를 보이기 때문에 상한제를 폐지해도 시장에 주는 영향은 크지 않을 것 이라고 내다봤다. 이 정책관은 현재 제한된 가격 범위에서만 주택생산이 가능하기 때문에 친환경주택과 같이 다양해지는 수요에 맞는 주택공급을 제약하고 있다 면서 투기지역 등 투기 우려가 되는 지역은 유보하고 공공택지를 제외한 민간택지에 대해서는 분양가상한제를 폐지해 원활한 주택공급이 이뤄지도록 해야 한다는 게 정부의 입장 이라고 설명했다. 한편 이날 토론회에는 장광근 국회 국토해양위원장과 전여옥 한나라당의원 김희철 민주당의원 이원재 국토해양부 주택정책관 최삼규 대한건설협회장 등 각 분야에서 300여명이 참석했다. winwin fnnews.com오승범 박지영기자 사진설명 대한건설협회와 한국주택협회 대한주택건설협회 등 3대 건설단체 주최로 13일 서울 여의도 한국화재보험협회빌딩에서 열린 분양가상한제 합리적 개선을 위한 정책토론회 에서 방청객들이 주제발표 내용에 귀를 기울이고 있다.,https://news.naver.com/main/read.nhn?mode=LSD&mid=shm&sid1=260&oid=014&aid=0002455654,284
261038,2011.06.13. 오후 5:04,부동산,한국경제TV,투데이 초대석 김호영 경남기업 대표이사,앵커1 오늘 투데이 초대석 시간에는 최근 워크아웃을 조기졸업한 경남기업의 김호영 사장 모시고 말씀나눠 보겠습니다. 건설 경기가 침체돼 있고 건설업계도 경영이 매우 어려운 시기에 워크아웃을 졸업했습니다. 감회가 남다르실 것 같습니다. 김호영 경남기업 사장 워크아웃 제도의 장점과 회사측의 노력이 만든 합작품입니다. 채권단은 차입금 상환을 유예해 주고 신규자금을 지원하고 이자율을 낮춰주었고 회사는 자구계획을 성실히 이행해 무려 1조원 이상의 채무와 보증 채무를 상환했습니다. 경남기업의 성공적인 워크아웃 졸업이 업계의 모델이 되도록 앞으로 더 잘해 나가겠습니다. 앵커2 워크아웃을 조기 졸업할 수 있었던 비결이 가장 궁금한데요. 좀 소개해주시죠 김호영 경남기업 사장 우선 워크아웃이 되면 신용등급이 떨어져 수주가 어렵게 되는데 경남기업은 공공공사에 대한 경쟁력으로 꾸준히 관공사를 수주했고 작년만 해도 1조원에 가까운 관급공사를 수주해도 TOP 10에 들었습니다. 경남기업은 토목 건축 플랜트 개발 사업과 해외사업 등 사업구조가 다각화된 포트폴리오를 가지고 있어 어느 한 부분의 위축에도 전체가 흔들리지 않는 안정적 사업구조를 가지고 있습니다. 따라서 지난 3년 동안 매출액에도 큰 변화가 없었고 매출액 중 국내가 60% 해외가 40%를 차지하고 있는데 국내가 어려운 가운데 해외부분이 선전해 큰 역할을 했습니다. 앵커3 이번 워크아웃 조기졸업으로 경남기업이 기대할 수 있는 효과는 무엇인가요 김호영 경남기업 사장 워크아웃 상태로 재개발 재건축 사업에 들어가기에 상당한 어려움이 있었던 것이 사실입니다. 또한 해외 사업에서도 경쟁사들에게 역로비를 당해 어려움을 많이 겪었습니다. 향후에는 워크아웃을 졸업한 만큼 이런 장애물들을 극복해 수주 역량을 극대화시킬 것입니다. 앵커4 워크아웃 졸업 이후 달라진 경남기업의 비전과 전략은 무엇입니까 김호영 경남기업 사장 향후 경남기업은 유동성 문제를 최우선 과제로 생각하고 유동성 확보에 만전을 기할 것이며 전통적 시공 노하우를 통해 이익을 남겨 지속적인 발전을 이루어 낼 것입니다. 또한 해외사업 역량 및 신규국가로의 진출을 강화해 나갈 것입니다. 경남기업은 2011년 경영과제인 기업경쟁력 강화 위기관리능력 제고 실행력 강화 조직문화 개선 등을 통해 안정적인 성장을 이루어 낼 것입니다. 경남기업은 이러한 목표를 기반으로 경남기업의 비젼인 국내 건설업 리더쉽 확보 및 글로벌 기업으로써 경쟁력 강화 를 이루어 낼 것입니다. 앵커5 해외 사업에 대한 현황을 좀 소개해 주시고요. 가까운 시일내에 나올 수 있는 성과가 있으면 말씀해 주십시오. 김호영 경남기업 사장 경남기업은 우리나라 해외건설면허 제1호 업체로서 1965년 이후 46년째 해외사업을 해오고 있는 선도업체입니다. 현재에도 6개국에서 24개의 토목 건축 및 플랜트 공사를 진행 중에 있고 특히 최근 중동의 쟈스민 혁명 등으로 인해 중동 각국에 민중을 위한 인프라 구축 공사 물량이 확대될 것을 예상하고 또한 현재 사우디 쿠웨이트 등의 국가에서도 참여 요청이 들어오고 있습니다. 경남기업은 이러한 기회를 최대한 살려 해외사업 포트폴리오를 넓힐 생각입니다. 경남기업은 워크아웃 상태에서 베트남의 노이바이 라오까이 고속도로 2억달러 주상복합 골든팰리스 2억5 000만달러 등을 수주하며 업계의 화제가 됐습니다. 특히 올해 8월 준공 예정인 베트남 하노이 랜드마크72 사업이 크게 번창한다면 이는 향후 경남기업의 캐시카우로써의 역할을 해낼 것입니다. 지금 바로 말할 수 없지만 조만간 해외에서 여러 건 좋은 소식을 앞두고 있습니다. 앵커6 워크아웃으로 주가가 많이 하락했는데 주주가치 제고를 위해 향후 계획하고 있게 있다면 소개해 주십시오. 김호영 경남기업 사장 기업이 주주가치 제고를 위해 끊임없는 노력을 하는 것은 기업 본연의 의무를 다하려는 것이라 생각합니다. 이러한 경영철학으로 워크아웃 전인 2006년 2007년에 주당 750원을 배당해 비교적 높은 배당금을 지급하는 회사로 알려져 있으며 2007년에는 주식시장과 건설경기 침체 등으로 주가가 하락함에 따라 주주가치제고를 위해 자기주식을 취득한 바 있습니다. 회사는 앞으로도 고성장 고배당 자기주식 취득 등을 통해 주주들에게 이익을 환원하는 기업이 되도록 계속 노력할 것입니다. 앵커 오늘은 최근 워크아웃을 조기졸업하고 힘찬 새 출발을 하고 있는 경남기업의 김호영 사장 모시고 말씀 나눠봤습니다. 바쁘신 가운데 시간내 주셔서 감사합니다.,https://news.naver.com/main/read.nhn?mode=LSD&mid=shm&sid1=260&oid=004&aid=0002081875,284
261039,2011.06.13. 오후 5:00,부동산,연합뉴스,대전 유성구 과학벨트 이용 불법중개 단속,대전 연합뉴스 박주영 기자 대전 유성구는 최근 국제과학비즈니스벨트 거점지구 선정과 세종시 아파트 분양 등으로 부동산 시장이 과열 양상을 띠고 있어 서민 피해를 막기 위한 부동산 불법 중개행위를 집중 단속한다고 13일 밝혔다. 구는 일부 부동산 투기세력이나 무자격 중개업자들의 불법 행위가 아파트 가격 상승 등으로 이어져 실수요자 재산권 행사에 영향을 미친다고 판단해 특별단속을 실시키로 했다고 설명했다. 구는 2개반 6명의 단속반을 편성 이동식 유사중개업소 속칭 떴다방 의 계약서 작성 행위 무자격자에 의한 부동산 불법중개 행위 상담을 빙자한 중개행위 수수료 과다징수 행위 분양권 불법 전매행위 등을 중점 단속할 예정이다. 불법행위가 적발된 중개업자에 대해서는 관련 법에 따라 등록취소 또는 업무정지 등의 행정처분을 내리고 관할 경찰서에 고발조치할 방침이다.,https://news.naver.com/main/read.nhn?mode=LSD&mid=shm&sid1=260&oid=001&aid=0005110593,284
261040,2011.06.13. 오후 4:56,부동산,MBN,묻지마식 재개발 그만…서울시 분담금 공개 의무화,앵커멘트 재개발 사업이 어려움을 겪는 원인을 살펴보면 주민들이 구체적으로 얼마를 내야하는지도 모른 채 묻지마식으로 사업을 추진한 경우가 많습니다. 앞으로는 서울에서 주민 분담금 공개가 의무화되면서 이런 무리한 재개발 사업 추진이 어려워질 전망입니다. 윤범기 기자입니다. 기자 서울시가 마련한 클린업시스템 홈페이지 입니다. 앞으로는 재개발·재건축 조합이 설립 동의서를 받을 때부터 이 홈페이지를 통해 사업의 정보를 공개해야 합니다. 특히 조합원들은 이 시스템을 통해 사업 초기에 본인이 부담해야 할 분담금이 어느 정도인지 예측할 수 있게 됩니다. 예를 들어 고덕 2 1지구의 전체 분양 수입이 8270억 원이고 전체사업비가 3160억 원이라면 조합원 한 사람이 내야할 분담금은 얼마일까 3억 원의 부동산을 가진 조합원 A씨는 자신의 분양주택가격에서 현 주택의 자산 가격 만큼을 뺀 8천 3백만 원을 분담금으로 내야합니다. 조합원들은 이런 예측치를 토대로 재개발에 동의할지 말지를 스스로 결정할 수 있게 됐다고 서울시는 설명했습니다. 인터뷰 임계호 서울시 주거정비기획관 사업비나 분담금 추정 프로그램을 통해서 사업성을 알고 동의함으로써 사업이 투명해지고 주민 동의하에 갈등 없이… 서울시는 현재 조합설립이 진행 중인 고덕 1지구와 성남 한남지구 등 8개 지역부터 분담금을 공개하고 점차 대상지역을 확대한다는 방침입니다. 스탠딩 윤범기 기자 서울시는 이런 사업비와 분담금의 사전 공개를 통해 더 투명하고 효율적인 재개발·재건축 문화가 정착될 것으로 전망했습니다. MBN뉴스 윤범기입니다.,https://news.naver.com/main/read.nhn?mode=LSD&mid=shm&sid1=260&oid=057&aid=0000166945,284
261041,2011.06.13. 오후 4:55,부동산,한국경제TV,재개발 분담금 공개 의무화,앵커 앞으로 재개발.재건축 조합원들은 분담금을 미리 알 수 있게 됩니다. 서울시가 재개발.재건축 클린업 시스템을 오늘부터 본격 운영합니다. 자세한 내용을 권영훈기자가 보도합니다. 기자 서울시가 오늘 오픈한 재개발.재건축 클린업 시스템 홈페이지입니다. 공사비와 조합운영비 등 총 53개 사업비 내역이 낱낱이 나와 있습니다. 종전 부동산 자료를 입력하면 조합원 개인별 분담금도 알 수 있습니다. 실례로 고덕2 1 구역에 3억원짜리 부동산을 갖고 있는 조합원 A씨는 분양가 6억3 200만원을 감안할 때 8 500만원의 분담금이 예상됩니다. 서울시는 조합설립시 추진위나 조합이 사업비와 분담금 내역을 클린업 시스템을 통해 반드시 공개해야 한다고 밝혔습니다. 개별 분담금 규모를 착공 직전인 관리처분 인가 단계에서 조합설립 직후 알 수 있게 된 겁니다. 서울시는 이번 시스템 도입으로 정비사업이 보다 투명해지고 사업성이 개선될 것으로 기대했습니다. 인터뷰 임계호 서울시 주거정비기획관 재개발.재건축 조합 사전 정보공개 의무화. 정비사업 투명성 제고 서울시는 공공관리 시범지구부터 분담금을 공개하고 점차 대상 지역을 확대할 예정입니다. 하지만 정보공개 의무화로 인해 조합간 담합이나 분쟁이 일어날 수 있고 보안상의 이유로 개인 재산정보가 유출될 가능성이 있어 철저한 관리감독이 필요해 보입니다. WOW TV NEWS 권영훈입니다.,https://news.naver.com/main/read.nhn?mode=LSD&mid=shm&sid1=260&oid=215&aid=0000020360,284
261042,2011.06.13. 오후 4:50,부동산,한국경제TV,김포한강신도시 이번주 첫 입주,앵커 이번 주 김포한강 신도시의 첫 입주가 시작되고 건설의 날 행사가 열립니다. 정부는 5월 아파트 실거래가를 공개하는 한편 택지개발촉진법 시행령 개정안을 입법예고합니다. 한 주간의 부동산 정책과 일정을 신용훈 기자가 정리합니다. 기자 경기도 김포 한강신도시가 오는 17일부터 입주를 시작합니다. 첫 입주단지는 김포시 장기동의 우남퍼스트빌로 모두 1202가구가 새 둥지를 틉니다. 김포한강신도시 첫 분양 단지로 화제를 모았던 우남퍼스트빌은 다른 단지와 달리 100% 분양에 성공했습니다. 전화 인터뷰 김종두 우남건설 홍보팀 입주예정자와 시공사가 살기 좋은 아파트를 만들기 위해 시공 초기부터 노력했고 기존의 장기지구의 기반시설을 이용할 수 있다는 점이 장점이다.” 17일 논현동 건설회관에서는 21회 건설의 날 행사가 열립니다. 올해는 박창규 롯데건설 사장과 김경준 삼성물산 전무가 금탑산업훈장을 수상합니다. 지난 한 달동안 아파트 실거래가는 보합권에 머물렀습니다. 전달에 비해 송파와 잠실 분당 정자동은 소폭 올랐지만 대체로 비슷한 수준을 유지했다는 게 정부의 분석입니다. 이밖에 국토해양부는 택지개발사업에 민간참여를 허용한다는 내용의 택지개발촉진법 시행령과 시행규칙 개정안을 입법 예고하고 자동차등록번호판 번호선택폭을 넓힌다는 계획을 발표할 예정입니다. WOW TV NEWS 신용훈입니다.,https://news.naver.com/main/read.nhn?mode=LSD&mid=shm&sid1=260&oid=004&aid=0002081873,284
261043,2011.06.13. 오후 4:42,부동산,한국경제TV,단독택지 매입시 법률요건 꼼꼼히,앵커 최근 아파트 대신 단독주택에 눈을 돌리는 수요자가 늘면서 수도권의 단독택지 분양 경쟁률이 치솟고 있습니다. x0b단독택지 매입시 꼼꼼히 살펴야 할 점들을 이동은 기자가 취재했습니다. 기자 정부가 5.1 부동산대책에서 단독주택 규제를 완화한 이후 토지 판매량이 가파르게 늘고 있습니다. 5월 한 달간 판매된 단독주택 용지는 17만2천㎡로 한달 전보다 53%가 급증했습니다. 단독주택 용지를 분양받기 위한 수요가 몰리면서 경쟁률도 치열합니다. 용인 흥덕지구내 단독 주택지는 10개 필지 분양에 370명이 넘게 몰렸습니다. 남양주 진접지구 용지는 22대 1 안양 관양지구는 24대 1의 높은 경쟁률을 보였습니다. 전화 인터뷰 박상언 유엔알컨설팅 대표 5.1대책 이후로 단독 주택지의 층수 제한이라든지 가구수 제한이 풀리고 용적률이 상향돼 투자성이 높아져 많은 사람들이 관심을 보이고 있습니다. 단독 주택지를 구입할 때는 꼼꼼히 살펴야 할 점들이 적지 않습니다. 우선 법적인 부분을 잘 살펴야 합니다. 주차장 비율을 비롯해 최소 전용면적 토지거래허가구역 조건 등은 구마다 다를 수 있어 매입전 필수점검 사항들입니다. 접근성 역시 중요한 요건의 하나입니다. 전화인터뷰 박합수 국민은행 PB센터 부동산팀장 단독주택지들은 일반적인 택지의 기반시설이 잘 갖춰진 지역을 선택해야 합니다. 외떨어진 전원주택형의 지역이 아니라 신도시의 주거전용택지 위주의 접근이 보다 효과적인 선택이라고 할 수 있습니다. 이밖에 일조권과 개방감 필지의 모양 등도 꼼꼼히 살펴야 할 항목들이라고 전문가들은 조언합니다. WOW TV NEWS 이동은입니다.,https://news.naver.com/main/read.nhn?mode=LSD&mid=shm&sid1=260&oid=004&aid=0002081871,284
261044,2011.06.13. 오후 4:37,부동산,한국경제TV,분양가 상한제 폐지해야,앵커 건설업계가 분양가 상한제 폐지 법안을 6월 임시국회에서 처리해달라고 강력하게 요구하고 있습니다. 침체된 주택시장 정상화를 위해 더 이상 늦출 수 없다는 건데 여야가 첨예하게 대립하고 있어 통과 가능성은 높지 않아 보입니다. 조현석 기자가 보도합니다. 기자 6월 임시 국회에서 분양가상한제 폐지 법안이 반드시 통과돼야 한다는 건설업계의 의지는 강력합니다. 분양가 상한제 폐지를 위한 정책토론회를 개최하는가 하면 국회에 폐지를 촉구하는 탄원서도 조만간 낼 예정입니다. 정부의 잇단 부동산 대책 발표에도 회복 기미가 없는 주택시장의 정상화를 위해서 반드시 필요하다는 겁니다. 인터뷰 김충재 대한주택건설협회 회장 분양가 상한제는 그동안 정부에서도 여러차례 폐지를 발표했지만 정치적인 논리가 개입되면서 해결되지 못했습니다. 주택 시장 정상화를 위해서는 6월 임시국회에서 반드시 폐지해야 합니다. 정부와 여당은 분양가 상한제 폐지에 대해 긍정적입니다. 권도엽 신임 국토해양부 장관의 의지는 확고하고 여당도 전면 폐지가 안되면 일부라도 풀어주자며 적극적입니다. 인터뷰 전여옥 한나라당 의원 시장을 왜곡시켰을뿐만 아니라 실수요자 입장을 곤란하게 했고 서민들에게 많은 고통을 준 제도입니다. 이런 제도를 계속 갖고 나간 다는 것은 매우 불합리하고.. 하지만 야당은 집값 안정을 위한 마지막 안전 장치까지 풀 수는 없다는 입장입니다. 인터뷰 김희철 민주당 의원 정부가 주택 가격 급등에 대한 아무런 대안도 없이 건설경기 활성화를 이유로 폐지를 주장하는 것은 과거 잘못된 정책을 답습하는 겁니다. 국회는 하반기부터 총선모드로 전환됩니다. 6월 임시국회에서 처리 못하면 분양가 상한제 폐지 문제는 장기 표류할 가능성이 높아 보입니다. WOW TV NEWS 조현석입니다.,https://news.naver.com/main/read.nhn?mode=LSD&mid=shm&sid1=260&oid=004&aid=0002081870,284
261045,2011.06.13. 오후 4:36,부동산,한국경제TV,재개발 분담금 공개 의무화,앵커 앞으로 재개발.재건축 조합원들은 분담금을 미리 알 수 있게 됩니다. 서울시가 재개발.재건축 클린업 시스템을 오늘부터 본격 운영합니다. 자세한 내용을 권영훈기자가 보도합니다. 기자 서울시가 오늘 오픈한 재개발.재건축 클린업 시스템 홈페이지입니다. 공사비와 조합운영비 등 총 53개 사업비 내역이 낱낱이 나와 있습니다. 종전 부동산 자료를 입력하면 조합원 개인별 분담금도 알 수 있습니다. 실례로 고덕2 1 구역에 3억원짜리 부동산을 갖고 있는 조합원 A씨는 분양가 6억3 200만원을 감안할 때 8 500만원의 분담금이 예상됩니다. 서울시는 조합설립시 추진위나 조합이 사업비와 분담금 내역을 클린업 시스템을 통해 반드시 공개해야 한다고 밝혔습니다. 개별 분담금 규모를 착공 직전인 관리처분 인가 단계에서 조합설립 직후 알 수 있게 된 겁니다. 서울시는 이번 시스템 도입으로 정비사업이 보다 투명해지고 사업성이 개선될 것으로 기대했습니다. 인터뷰 임계호 서울시 주거정비기획관 재개발.재건축 조합 사전 정보공개 의무화. 정비사업 투명성 제고 서울시는 공공관리 시범지구부터 분담금을 공개하고 점차 대상 지역을 확대할 예정입니다. 하지만 정보공개 의무화로 인해 조합간 담합이나 분쟁이 일어날 수 있고 보안상의 이유로 개인 재산정보가 유출될 가능성이 있어 철저한 관리감독이 필요해 보입니다. WOW TV NEWS 권영훈입니다.,https://news.naver.com/main/read.nhn?mode=LSD&mid=shm&sid1=260&oid=004&aid=0002081869,284
261046,2011.06.13. 오후 4:31,부동산,뉴시스,분양가상한제 폐지시 수도권 집값 5%↓,서울 뉴시스 김형섭 기자 분양가상한제를 폐지하면 주택공급이 늘어나 3년 후에는 수도권 집값이 5% 가량 인하될 것이란 주장이 제기됐다. 13일 대한건설협회와 한국주택협회 대한주택건설협회 등 3개 건설 단체는 서울 여의도 한국화재보험협회 대강당에서 개최한 분양가상한제의 합리적 개선을 위한 정책토론회 를 개최했다. 이날 토론회에서 주제발표자로 나선 권주안 주택산업연구원 선임연구위원은 분양가상한제가 폐지될 경우 단기적으로는 분양가격과 기존주택가격을 상승시킬 수 있지만 장기적으로는 공급확대를 통한 주택가격 안정을 도모할 가능성이 크다 고 주장했다. 권 연구위원은 검증가설을 통해 주택공급이 10% 줄면 9개월후 집값은 3.25% 상승한다 며 분양가상한제로 인한 공급감소는 가격 불안정성을 확대시킨다 고 말했다. 이어 상한제 폐지시 공급확대를 통해 서울은 11분기 후 11% 수도권은 12분기 후 5% 가량 가격이 하락할 것 이라고 전망했다. 그는 또 2008년 이후 분양가 자료를 분석한 결과 분양가상한제 적용 여부와 인근 지역의 집값 안정간의 연계성은 부족하다 고 주장했다. 또 다른 주제 발표자로 나선 정창무 서울대 교수도 분양가상한제가 집값의 정상적 상승을 저해함에 따라 실수요 위축 전세난 유발이 뒤따르는 악순환 구조가 고착되고 있다 며 지금처럼 집값이 하락하고 거래가 침체된 상황에서는 실효성이 없는 제도 라고 주장했다.,https://news.naver.com/main/read.nhn?mode=LSD&mid=shm&sid1=260&oid=003&aid=0003907389,284
261047,2011.06.13. 오후 4:31,부동산,헤럴드POP,SK건설 서울 성북구 ‘삼선 SK VIEW’ 430가구 분양,SK건설은 13일 서울 강북지역의 교통요지에 입지한 성북구 삼선동의 ‘삼선 SK VIEW’ 투시도 를 분양한다고 밝혔다. 삼선 SK VIEW는 지하3층 지상15층 7개동 규모로 전체 430가구로 구성됐다. 이 가운데 237가구가 일반분양 대상으로 물량의 91%가 전용면적 85㎡ 이하의 중소형아파트로 이뤄졌다. 이 단지는 광화문ㆍ종로ㆍ동대문 등 도심과 동북부지역을 연결하는 교통요지에 들어선다는 점이 최대 강점으로 꼽힌다. 지하철 4호선 한성대입구역에서도 500 600ｍ 거리의 역세권인데다 대중교통 이용도 편리하고 내부순환로ㆍ동소문로 등 간선도로망과의 접근성도 뛰어나다. 삼선초교를 비롯해 경동고ㆍ한성여중고ㆍ한성대ㆍ고려대 등 학교가 밀집해 학군도 뛰어나다. 성북천과 낙산공원ㆍ창경궁ㆍ서울성곽길 등 자연환경과 문화유적이 어우러진 곳이기도 하다. 인근의 삼선시장과 동대문쇼핑타운 롯데백화점 서울대병원 고려대병원 등 생활편의시설을 이용하기에도 좋다. 중앙광장을 중심으로 채광과 통풍을 고려해 건물을 배치하고 지하에만 주차시설을 설계해 단지내 환경도 쾌적하다.에너지 절약형 공기필터링 시스템인 열교환형 세대환기시스템과 실별 온도조절 시스템 중앙정수 시스템 홈 네트워크 시스템 등도 구축돼있다. 견본주택은 서울 강남구 개포동의 SK건설 주택문화관 구룡역 3번 출구 에 오는 24일 개장한다. 입주는 내년 5월 예정이다.,https://news.naver.com/main/read.nhn?mode=LSD&mid=shm&sid1=260&oid=112&aid=0002202639,284
261048,2011.06.13. 오후 4:28,부동산,파이낸셜뉴스,하반기 오피스텔 13곳 7000여실 분양 임대허용.세금혜택 인기 높아,아파트 시장은 여전히 침체에서 벗어나지 못하고 있는 가운데 소형 오피스텔의 인기는 뜨겁다. 전세난 아파트 시장 불안감 등으로 소형 오피스텔이 틈새상품으로 떠오른 것이다. 지난 해에는 바닥난방 욕실설치 등이 가능해졌고 특히 주거용 오피스텔에 대해 주택 임대사업 등록을 허용하고 세금 혜택을 주는 방안이 추진되고 있어 오피스텔 몸값은 더 높아질 전망이다. 이런 가운데 하반기 수도권에서는 오피스텔 인기 지역 중심으로 많은 물량이 쏟아져 나올 예정에 따라 오피스텔 열풍이 다시 한번 일어날 것으로 보인다. 13일 부동산 리서치 전문업체 리얼투데이에 따르면 올 하반기 수도권에서 분양될 오피스텔 물량을 조사한 결과 13곳에서 총 7042실이 분양되는 것으로 조사됐다. 서울 송파 푸르지오시티 등 5곳 2220실 대우건설은 송파구 문정동 가든파이브 활성화단지 1 2블록에 ‘송파 푸르지오 시티’를 이달 중 분양한다. 지하 5∼지상 15층 1개 동 총 1249실 규모로 1∼2층엔 판매시설과 오피스 2층 를 포함하고 있다. 공급면적 48∼102㎡로 소형으로 구성된다. 분양가는 3.3㎡당 1100만∼1200만원 대로 결정될 예정이다. 또 대우건설은 강동구 천호동에 538실의 오피스텔을 올 하반기쯤에 분양할 예정이다. 서울지하철 5·6호선이 지나는 천호역을 걸어서 5분이면 이용할 수 있고 천호대교와 올림픽대로 접근성이 뛰어나다. SK디앤디 D D 는 서울 용산구 문배동 24 4번지 일대에 들어설 ‘용산 큐브 QV ’ 오피스텔을 6월에 분양한다. 지하 2∼지상 20층 1개 동으로 공급면적 28㎡ 오피스텔 165실로 구성된다. 지상 2층까지는 근린상가가 위치하며 3∼13층은 오피스텔 14∼20층은 원룸형 도시형 생활주택이다. 지하철 4 6호선 삼각지역과 1호선 남영역이 걸어서 10분 이내 거리에 위치한다. 평균 분양가는 1억4950만원이다. 경기 정자 파라곤Ⅱ 등 4곳 1205실 대우건설은 경기도 성남시 분당구 정자동 16 2 일대에서 고급 소형 오피스텔 ‘정자역 2차 푸르지오시티’를 공급한다. 지하 4층 지상 20층 1개 동 규모로 총 361실이 나온다. 공급면적 71∼87㎡ 소형으로 구성된다. 분당선 정자역이 걸어서 3∼4분 거리다. 동양건설산업도 분당구 정자동에 ‘정자 파라곤Ⅱ’ 오피스텔을 9월 경에 분양할 예정이다. 공급면적 116㎡ 174실로 구성된다. 지하철 분당선 정자역과 분당∼수서간 도시고속화도로 대왕판교로의 이용이 편리하며 편의시설의 접근성도 좋다. 인천 구월동 극동스타클래스 등 4곳 3617실 극동건설은 인천시 남동구 구월동에서 극동스타클래스 515실을 8월께 분양할 예정이다. 인천지하철 1호선 인천시청역이 걸어서 8분 거리이다. 인천시청역은 2014년 개통 예정인 2호선도 지난다. 롯데백화점 구월점 신세계백화점 인천점 CGV 인천점 등도 가깝다. 반도건설은 인천시 청라지구에서 반도유보라 오피스텔 총 806실을 분양한다. 청라지구 중심상업지역 입지를 자랑하며 전면에 운하가 위치해 편의시설 이용이 쉽고 경인고속도로가 가깝다. 대우건설은 송도국제도시 5공구RM1블록에서 606실을 하반기에 공급할 예정이다. 인천지하철 1호선 테크노파크역이 도보로 5분 거리이다. 리얼투데이 양지영 팀장은 “지난해부터 오피스텔은 전용 85㎡ 이하 바닥난방 허용 욕실면적 5㎡ 제한 폐지 욕조설치 가능 등 건축규제가 풀려 ‘준주택’으로 인정돼 왔다”면서 “여기에 주택임대사업 등록이 가능해지면 오피스텔 여러 채를 분양 받아 임대사업을 하려는 투자자들이 느는 등 투자 가치가 더욱 높아질 것이다”고 전망했다.,https://news.naver.com/main/read.nhn?mode=LSD&mid=shm&sid1=260&oid=014&aid=0002455613,284
261049,2011.06.13. 오후 4:28,부동산,파이낸셜뉴스,한국 도시개발법 베트남에 수출,우리나라의 도시개발법이 베트남으로 수출될 전망이다. 국토해양부는 베트남 건설부 도시개발법 제정 추진단 공무원 8명이 우리나라 도시개발정책과 법령을 벤치마킹하기 위해 국토부를 방문했다고 13일 밝혔다. 베트남은 현재 대우건설 하노이 서서호 GS건설 호찌민 냐베 포스코건설 하노이 북앙카인 등 국내 건설사들이 대규모 신도시 개발과 주택사업을 진행 중이지만 도시개발법이 없어 신속한 사업 추진에 어려움이 많다는 지적이 제기돼 왔다. 베트남 건설부는 이에 따라 자국의 신도시 개발사업을 위해 도시개발법을 제정하기로 하고 우리나라의 도시개발법을 도입 대상으로 삼았다. 이번에 방한한 베트남 대표단은 이날 국토부에서 우리나라의 도시계획 및 도시개발법제에 관한 강의를 듣고 한국토지주택공사의 개발 현장도 돌아봤다. 국토부는 베트남 대표단을 위해 국토계획법과 도시개발법을 영문으로 번역해 줄 것을 법제처에 요청하기로 했다. 국토부 관계자는 “베트남 대표단이 우리나라의 도시개발법에 큰 관심을 보이고 있다”며 “베트남이 우리나라 도시개발법 정책과 법제를 채택한다면 국내 건설사가 추진하고 있는 베트남 신도시 개발이 탄력을 받게 될 것”이라고 말했다.,https://news.naver.com/main/read.nhn?mode=LSD&mid=shm&sid1=260&oid=014&aid=0002455612,284
261050,2011.06.13. 오후 4:28,부동산,파이낸셜뉴스,대형중소형 분양가 역전 속속 선봬,아파트 분양시장에 ‘분양가’가 성패를 가름하는 중요 잣대로 등장한 가운데 최근 중소형 보다 몸값 분양가 을 낮춘 대형아파트가 속속 등장해 소비자들로부터 큰 호응을 얻고 있다. 그동안 아파트 분양시장에서 면적이 큰 대형일 단위면적 3.3㎡ 당 분양가도 높게 책정하는 게 일반적이었지만 주택경기 침체로 대형아파트 인기가 떨어지자 건설사들이 고육지책으로 분양가를 속속 내리고 있다. 13일 건설업계와 부동산114에 따르면 대림산업이 지난 5월 말 경기 의왕 내손동에서 공급한 ‘의왕 내손 e편한세상’과 GS건설의 대전 대흥동 ‘대전 센트럴 자이’는 대형분양가를 소형보다 싸게 책정해 분양에 성공했다. 내손 e편한세상은 11개 주택형 중 142∼194㎡의 대형 6개 주택형은 3.3㎡당 평균 분양가가 1576만원으로 이보다 작은 나머지 83∼130㎡의 평균 분양가인 1638만원보다 60만원 이상 낮개 책정됐다. 이 아파트는 평균 경쟁률 1.3대 1로 대형 면적을 포함한 모든 평형대 아파트가 순위 내에서 청약 마감됐다. 최근 수도권의 분양시장이 극심한 침체를 겪고 있다는 점과 130㎡ 이상의 대형아파트 공급이 많았다는 점을 고려하면 기대 이상의 성과라는 게 회사측의 설명이다. 대림산업 관계자는 “경쟁률이 아주 높지는 않았지만 중대형은 가격을 낮춘 덕분에 기대 이상의 결과가 나왔다”고 말했다. 역시 5월 말께 공급된 대전 센트럴 자이도 일반분양 783가구 모집에 4164명이 몰려 평균 5.3대 1의 높은 경쟁률을 기록했다.가장 큰 176㎡는 0.9대 1로 일부 미달됐지만 112∼146㎡의 나머지 중대형은 모두 순조롭게 모집가구 수를 채웠다. 146∼176㎡은 3.3㎡당 평균 분양가가 732만원으로 85∼112㎡의 평균 분양가 759만원 보다 20만원 이상 낮게 책정됐다. 이밖에 다른 대다수의 건설사들도 대형아파트의 분양가격을 소형 아파트와 비슷한 수준으로 책정하는 등의 방법으로 미분양 해소 탈출 전략을 쓰고 있다. 부동산114관계자는 “같은 단지라도 대형 아파트는 부지비용 공공택지의 경우 이 비싼 데다 마감재 및 인테리어를 고급 제품으로 사용하고 세금이 더 붙기 때문에 원래는 작은 아파트보다 가격이 더 비싸게 책정돼야 한다”면서도 “실수요자들이 대형 아파트 분양을 꺼리기 때문에 당분간 소형보다 싸거나 비슷한 수준으로 분양가를 매기는 사례가 계속 나올 것”이라고 내다봤다.,https://news.naver.com/main/read.nhn?mode=LSD&mid=shm&sid1=260&oid=014&aid=0002455611,284
261051,2011.06.13. 오후 4:27,부동산,파이낸셜뉴스,쌍용건설 싱가포르에서 친환경인증,쌍용건설은 싱가포르 건설청 BCA 으로부터 지난해에 이어 2년 연속으로 친환경인증인 ‘BCA 그린마크’ 중 최상위 등급인 플래티넘 인증을 받았다고 13일 밝혔다. 쌍용건설은 올해 1월 수주해 현재 시공 중인 싱가포르 W호텔의 부띠끄센터 ‘키사이드 아일’이 3번째 플래티넘 인증을 획득했다. 2005년 싱가포르 정부가 제정한 BCA그린마크는 미국의 리드 LEED 영국의 브리암 BREEAM 과 함께 세계 3대 친환경 인증으로 인정받고 있다.에너지와 자원절감을 위한 설계와 완공 후 관리비 쾌적성 혁신성까지 평가 대상이다. 쌍용건설이 설계와 시공을 동시 진행하는 ‘디자인 빌드’ 방식으로 단독 수주한 키사이드 아일은 2012년 4월 완공 예정이다. 햇빛을 받는 건물 전면에 열전도율이 낮은 이중 특수유리를 사용해 24℃의 실내온도를 유지하기 위한 냉방 전력량이 일반 건물의 55%에 불과하다. 또 옥상 곳곳에태양전지판을 부착하고 화장실 등 공용구역에 모션센서를 설치했다.에너지 절감 설계를 적용한 결과 절약되는 전력은 연간 137만㎾h에 달한다. 쌍용건설 황인강 상무 해외건축부문 담당 는 “앞으로도 국내외 친환경건축 분야 기술 개발 및 사업에 주력해 선도업체로 입지를 강화해 나갈 계획”이라고 말했다.,https://news.naver.com/main/read.nhn?mode=LSD&mid=shm&sid1=260&oid=014&aid=0002455608,284
261052,2011.06.13. 오후 4:22,부동산,머니투데이,재개발·재건축 옥석 가리기 시작된다,머니투데이 전예진 기자 서울시 추정 분담금 공개 의무화 조치로 묻지마式 개발 급제동 ↑서울시가 조합 설립시 추정 분담금 공개를 의무화하도록 규정함에 따라 시내 재개발·재건축 현장의 묻지마式 사업 추진이 어려울 것으로 보인다. 앞으로 서울시내 재개발·재건축 현장 가운데 사업성이 불투명함에도 조합이나 추진위원회가 일방적으로 밀어붙이는 묻지마 식 사업 추진에 제동이 걸리게 됐다. 서울시가 조합을 설립하는 재개발·재건축 사업장의 경우 사업비와 추정 분담금 등의 내역 공개를 의무화하도록 방안을 추진키로 해서다. 서울시는 13일 재개발·재건축의 사업비 및 분담금 추정 프로그램 을 본격 운영하고 조합 설립시 개략적인 비용을 의무적으로 공개토록 한다고 밝혔다. 그동안 추진위원회는 사업비와 분담금을 알리지 않고 조합설립 동의서를 받아 왔기 때문에 조합원인 주민들은 철거와 착공 직전인 관리처분 인가단계에서나 분담금 내역을 알게 됐다. 하지만 앞으로는 조합설립 사업시행인가 관리처분인가를 위한 동의서를 걷을 때 사업비와 분담금 내역을 반드시 제공해야 한다. 주민들은 이를 통해 자신이 내야 할 분담금을 예측하고 개발여부를 결정할 수 있게 된다. 이번 조치에 따라 재개발·재건축 사업장의 옥석 가리기 가 이뤄질 것으로 보인다. 김승원 서울시 공공관리과장은 사업성이 낮게 나온 곳은 일찌감치 개발을 포기하고 휴먼타운을 검토하는 등 개발방향과 방식이 재편될 것 이라고 말했다. 부동산 전문가들은 정보공개를 통해 정비 사업을 투명하게 하겠다는 취지는 바람직하다는 평가를 내고 있다. 두루뭉술했던 사업비 내역을 세분화하고 각 주택형별로 개인 분담금 규모를 제시하는 등 객관적인 수치를 제시할 수 있게 돼서다. 하지만 조합 설립 전부터 정확하지 않은 추정금액이 알려지게 되면 시장에 혼란이 일 것이란 우려도 있다. 흑석동 A공인 관계자는 추가 분담금이 높으면 중단되거나 정리되는 사업장이 발생하고 사업성이 좋은 곳은 투기가 조장될 것 이라며 또 추정한대로 되거나 수익이 남으면 문제가 없지만 만약 관리처분시 부담금이 늘어나면 조합원이 반발하는 등 분쟁의 불씨가 될 수 있다 고 지적했다. 추정 프로그램의 정확성 문제도 지적된다. 조합이 설립되기 전 구역지정 단계에서는 사업비와 분담금을 구체적으로 추산하기 어려워 오차가 클 수 있어서다. 이에 대해 서울시 관계자는 프로그램을 통해 추산되는 사업비와 분담금은 추진위원회 조합의 입력에 따라 산출되는 추정값으로 단순 참고용이며 법적인 효력이 없다 며 잘못된 활용으로 발생하는 분쟁에 대해 서울시는 법적 책임을 지지 않는다 고 밝혔다. 만리동 A조합 관계자는 우리 구역의 경우 분양신청시 3.3㎡당 공사비를 300만원 정도로 했었지만 6개월 후 관리처분시 사업비 추산액이 3.3㎡당 480만원까지 상승했고 최근 관리처분을 받은 다른 구역도 상황이 비슷하다 며 최근에는 소형주택을 넣어 재개발시 용적률의 20%가 상향 조정되고 설계변경도 많아 사업 초기 단계의 추정금액이 의미가 있을지 의문 이라고 말했다.,https://news.naver.com/main/read.nhn?mode=LSD&mid=shm&sid1=260&oid=008&aid=0002554419,284
261053,2011.06.13. 오후 4:22,부동산,이데일리,동양메이저 동양매직 업고 지주회사 간다,이데일리 이진철 기자 동양그룹이 지주회사체제로 전환하기 위한 과정으로 주력계열사인 동양메이저 001520 와 알짜기업인 동양매직 023020 의 합병을 단행했다. 지난해 자본잠식 해소를 위해 동양생명 지분 및 유휴자산 매각 유상증자와 자본감자 등에 나선 동양메이저가 동양매직에 대한 합병을 마지막으로 구조조정을 완료할 수 있을 지 주목된다. ◇ 동양메이저 동양매직 흡수합병 결정 동양그룹은 13일 이사회 결의를 통해 동양메이저가 동양매직을 흡수합병하기로 결정했다고 밝혔다. 동양메이저는 레미콘 등을 제조·판매하는 건설자재와 일반건설 섬유 등 크게 3개 사업부문을 영위하고 있다. 동양매직은 스팀오븐 가스오븐레인지 가스레인지 비데 및 식기세척기 등 생활가전제품을 생산 판매하고 있으며 최근엔 정수기 렌탈사업에도 진출했다. 동양메이저의 경우 건설경기 침체에 따른 수익성 악화와 향후 신성장사업 모델을 찾는데 어려움을 겪어왔다. 동양매직은 정수기 렌탈부문 등 생활가전부문의 매출이 호조를 보이고 있지만 향후 성장 기반에는 한계가 있었다. 동양그룹 관계자는 합병법인은 최근 급성장하고 있는 렌탈과 글로벌 가전 등 동양매직의 신성장 모델에 동양메이저의 자금 및 인프라 등 성장재원을 더하는 구조 라고 설명했다. 이어 고수익 고성장 사업구조로 전환해 사업포트폴리오를 고도화하고 지속적인 수익창출로 그룹의 주력기업으로 변신하게 될 것 이라고 덧붙였다. ◇ 수익 시너지 메가컴퍼니 체제로 동양그룹은 양사의 합병이후 동양메이저의 기존사업부문인 건설자재 건설 섬유의 독자 수익창출 역량을 높인다는 계획이다. 레미콘을 중심으로 하는 건설자재부문은 수익성 중심의 영업을 공격적으로 펼쳐 나가고 건설부문은 서울·수도권의 교통 요충지를 거점으로 하는 실수요 중심의 선택적 주택사업을 지속적으로 펼치기로 했다. 섬유부문은 인건비 등 원가상승으로 중국 업체의 가격 경쟁력이 약화되고 있는 상황변화를 감안해 품질 우위를 바탕으로 적극적인 시장확대에 나선다는 전략이다. 동양그룹 관계자는 새롭게 출범하는 합병법인은 그룹의 플랜트사업 성장전략을 주도하며 수익창출 기반을 강화하는데 주력할 계획 이라고 설명했다. 그동안 동양그룹 계열사인 동양매직 핀튜브텍 동양시멘트이앤씨 동양메이저 건설부문은 공냉식응축기 중대형 산업용송풍기 집진설비 제지소각설비 등의 사업을 개별적으로 맡아왔다. 동양메이저 섬유부문의 경우 보유하고 있는 기능성 섬유관련 원천기술을 응용해 수처리사업 관련 필터의 생산 및 개발을 앞당겨 수처리사업 진출 등 새로운 부가가치를 창출한다는 계획이다. 동양매직의 전국적 렌탈 방판조직 확대를 위해선 동양메이저의 전국 37개 직영공장 및 영업소를 가전사업의 물류기지로 활용해 비용절감 효과도 거둔다는 계산이다. ◇ 동양메이저 백화점 식 사업부문 방만 우려 지난해 동양메이저와 동양매직의 단순합산 실적은 매출 9904억원 영업이익 105억원이다. 동양그룹은 올해 합병법인을 출범시켜 오는 2015년 매출 2조8465억원 영업이익 2168억원으로 늘리고 부채비율은 100%대로 낮추는 등 양적·질적 성장의 두 마리 토끼를 함께 잡는다는 의지를 보였다. 동양그룹은 특히 동양메이저가 동양매직을 흡수합병하는 것을 계기로 내년 사업지주회사의 기반을 견고히 하고 2013년에는 지배구조를 완성할 계획이라고 밝혔다. 반면 일각에선 동양메이저가 재무구조 개선과 신성장동력 발굴을 위한 잇따른 합병으로 사업부문이 백화점식 으로 방대해지는 것을 우려하는 시각도 제기된다. 동양메이저는 2008년 이후 한일합섬을 인수해 흡수합병함에 따라 사업부문이 기존의 건설자재와 건설에서 새롭게 섬유가 더해졌다. 특히 주력사업인 시멘트업황의 침체가 장기화되면서 이익개선 기미는 좀처럼 보이지 않고 있다. 따라서 동양매직이 동양메이저로 흡수합병된 이후 자칫 작지만 알짜 사업부문이었던 생활가전의 실적을 깎아먹는 부작용이 나타날 가능성도 제기된다. 동양그룹 관계자는 이번 동양메이저의 동양매직 흡수합병은 사업지주회사로 가기 위한 수익기반 창출의 의미가 크다 면서 앞으로 동양메이저의 사업지주회사 출범을 위한 계열사 지분이동이 추가적으로 진행될 것 이라고 말했다.,https://news.naver.com/main/read.nhn?mode=LSD&mid=shm&sid1=260&oid=018&aid=0002451712,284
261054,2011.06.13. 오후 4:14,부동산,아시아경제,사전분담금 공개는 재개발·재건축 추진위에만 책임 묻기 ,서울시 재개발.재건축 사전 조합원 분담금 추정 프로그램 계산식. 출처 서울시 아시아경제 정선은 기자 재개발·재건축 조합 설립 이전에 미리 주민분담금 사업비 등을 공개하도록 앞당긴 것이 오히려 서울시의 책임 회피가 될 수 있다는 지적이다. 서울시는 공공관리제 중 하나로 개발한 재개발·재건축 사업비 및 분담금 추정프로그램 을 13일부터 본격적으로 운영하기로 했다. 이에 따라 추진위원회나 조합에서 입력한 기본정보를 통해 추정된 사업비와 개별 분담금이 클린업시스템 홈페이지 hp cleanup.seoul.go.kr 를 통해 공개된다. 사업비 내역도 철거비 신축비뿐만 아니라 보상비 외주용역비 공과금 각종 분담금 등 53개 항목으로 구체화된다. 하지만 일부 조합과 추진위는 정보공개로 정비사업 투명성을 높이겠다는 서울시 취지가 현실과 동떨어졌다고 주장한다. 정비사업 추진에 대한 반대파가 있을 경우 조합설립 이전 단계에서 미리 공개된 추정분담금이 무용지물이 될 수 있다는 것이다. 최근 조합설립을 위한 동의서 징구 과정에서 분담금 프로그램을 적용하는 한 재건축 사업 추진위 관계자는 반대파들은 추정 프로그램에서 뽑아낸 수익성의 시비와 상관없이 무조건 과도하다며 항의하는 경향이 있다 며 공무원들은 민원만 무서워할 뿐 이해당사자도 아니다보니 분담금 프로그램의 기본정보를 기입한 추진위에 책임을 떠넘길 기세 라고 분통해 했다. 이 관계자는 또 어차피 조합은 돈이 없어서 이런 프로그램 못 만드는데 서울시가 직접 프로그램을 개발해 놓고 무책임한 처사 라고 주장했다. 무엇보다도 장기간 지속되는 정비사업의 특성이 고려되지 않았다는 지적도 있다. 추진위 단계의 한 서울 재건축 사업 관계자는 조합조차 설립 되지 않은 상태에서 보통 10년씩 걸리는 정비사업 수익성을 논하는 것은 사업을 흔들어 놓는 결과만 낳는다 며 결국 분양이 잘 될만한 사업이면 수익성이 좋아 알아서 사업추진이 잘 되는 법인데 인허가 기관이 과도하게 관여한다 고 말했다. 이에 대해 서울시는 재개발·재건축 분쟁의 큰 원인으로 지적됐던 사업비와 분담금을 개략적으로나마 공개하는데 의미가 있다는 입장이다. 조합 설립 때 추진위가 주민들에게 사업비와 분담금 내역에 대해 제대로 알리지 않고 동의서를 받아와 주민들이 철거 및 착공 직전 시점인 관리처분 인가단계에 와서야 주민 분담 내역을 알게 되면서 분쟁이 발생한다는 것이다. 김승원 서울시 공공관리과 과장은 사업비·분담금 추정 프로그램이 가동되면 비용이 줄거나 늘어날 때 수정된 내용이 저장되면서 기록이 남아 정비사업 투명성을 높이는데 도움이 될 것 이라며 무리하게 조합 운영비를 많이 쓴 경우 등 비리를 적발할 수 있다 고 설명했다. 한편 서울시는 사업비 및 분담금 추정프로그램을 현재 조합설립을 진행 중인 고덕1 2 1 2 2지구 추진위와 공공관리 시범지구인 성수·한남지구 등 조합설립을 준비중인 추진위 구역에 우선적으로 적용하고 관리처분인가 이전 구역까지 단계적으로 확대해 갈 예정이다. 조합 설립 단계에서 예측된 분담금은 추정치로 관리처분계획이 수립돼야 정확한 최종분담금 규모를 알 수 있다.,https://news.naver.com/main/read.nhn?mode=LSD&mid=shm&sid1=260&oid=277&aid=0002622362,284
261055,2011.06.13. 오후 4:05,부동산,머니투데이,SK건설 올 첫 분양 삼선 SK뷰 선봬,머니투데이 전예진 기자 ↑ 서울 삼선동 삼선SK뷰 ⓒSK건설 SK건설이 올해 첫 분양단지로 서울 삼선동 삼선 SK뷰 를 선보인다. 오는 24일 모델하우스를 개관하고 이달 말 청약접수에 들어가는 삼선 SK뷰 는 지하 3층 지상 15층 높이 7개동으로 구성된다. 전용면적별로는 △59㎡ 88가구 △84㎡ 228가구 △116㎡ 58가구 △118㎡ 3가구 복층 △122㎡ 48가구 △179㎡ 1가구 복층 △195㎡ 4가구 복층 등 모두 430가구다. 일반분양은 237가구로 이 중 91%가 전용면적 85㎡ 이하 중소형이다. 3.3㎡당 분양가는 59㎡ 1300만원대 84㎡는 1400만원대로 각각 책정될 예정이다. 분양가상한제 제한을 받지 않아 곧바로 전매가 가능하다. SK건설 관계자는 지하철 4호선 한성대입구역에서 500m 거리의 역세권인데다 광화문 종로 동대문 등 도심 접근성이 뛰어난 것이 강점 이라며 경사도가 큰 인근 단지와 달리 평지에 지어 시야를 확보했다 이라고 말했다. 모델하우스는 분당선 구룡역 3번 출구 서울 개포동 SK건설 주택문화관에 위치한다. 입주는 내년 5월 예정이다.,https://news.naver.com/main/read.nhn?mode=LSD&mid=shm&sid1=260&oid=008&aid=0002554410,284
261056,2011.06.13. 오후 4:04,부동산,이데일리,상한제 2題전월세 상한제 초읽기..특효약 역효과,여야 공감대 형성..오는 21일 법안심사소위 정부는 반대 단기 가격 폭등 장기 공급 축소 이데일리 박철응 기자 부동산 관련 2가지 상한제가 6월 국회의 핫이슈 중 하나다. 대란 이라 불리는 전월세 가격을 인위적으로 제한하는 전월세 상한제 도입과 아파트 분양가 상한제 폐지다. 시장가격에 대한 정부 개입의 필요성과 효과 논란이 각각 다른 영역에서 펼쳐지고 있는 것이다. 부동산 시장의 판도를 뒤흔들 2개의 상한제를 꼼꼼히 뜯어본다. 편집자 전셋값이 다시 오름세를 보이면서 정치권에서 추진 중인 전월세 상한제에 관심이 집중되고 있다. 여야간 도입 방식에 이견이 있었으나 한나라당이 최근 수정된 방식을 검토하는 등 접점을 찾아나가고 있다. 단 한나라당 내부에서의 시장주의 원칙론자들과 정부의 반대가 변수이며 도입 효과에 대해서는 여전히 논란이 분분하다. ◇ 한나라당안 적정가격→적정비율 선회 13일 정치권에 따르면 민주당은 전월세 인상률 연 5% 제한 및 계약갱신청구권 1회 보장을 당론으로 추진하고 있다. 한나라당의 경우 박준선 의원이 지난 3월 발의한 법안이 핵심인데 전월세 가격이 급등한 지역을 관리지역으로 지정해 일정 비율 이상 올리지 못하도록 하는 내용이다. 적정 상승률은 물가상승률과 이자율 등을 감안해 대통령령으로 정하도록 한다. 당초 박 의원은 가격 상승 정도에 따라 관리지역과 신고지역으로 나누고 국토해양부장관이 공정시장임대료를 산정 고시하는 내용으로 추진했다. 하지만 비용과 시간이 많이 걸리고 객관적인 공정가격을 정하기가 쉽지 않다는 점 등을 감안해 방향을 약간 조정한 것이다. 결국 여야 모두 일정비율 이상 전월세 가격을 올리지 못하도록 한다는 점은 동일하다. 전면 적용이냐 부분 적용이냐 문제와 계약갱신청구권 도입 여부가 앞으로 풀어야할 숙제다. 국회 법제사법위원회는 오는 21일 열리는 법안심사소위에서 전월세 상한제를 논의할 예정이다. ◇ 기재부·국토부 인위적 통제 안돼 하지만 정부는 전월세 상한제 도입에 난색을 표하고 있다. 박재완 기획재정부 장관은 지난달 인사청문회에서 전월세 상한제에 대해 단기적인 임대료의 대폭 인상 가능성과 중장기적인 민간 임대주택 공급 축소 등을 들어 반대 입장을 밝혔다. 권도엽 국토부장관도 이달 초 취임 직후 기자들과 만나 인위적인 가격 통제는 바람직하지 않다 고 말했다. 전월세 상한제 도입이 결정되더라도 시행까지는 수개월이 걸리는데 정부는 집주인들이 사전에 임대료를 집중적으로 올릴 가능성을 우려하고 있다. 실제로 1989년 계약기간을 1년에서 2년으로 연장했을 때 계약기간동안 제한되는 상승분을 미리 인상해 연간 23.7%나 전셋값이 폭등한 바 있다. 또 수급 안정을 위해서는 민간 임대주택의 원활한 공급이 필수적인데 임대료를 제한하면 공급이 위축되고 중장기적으로 가격상승 요인이 된다는 것이다. 경제협력개발기구 OECD 평균 공공임대주택 비율은 11.5%인데 우리나라는 4.8%에 불과할 정도로 민간의 역할이 크다. ◇ 정치권 폭등은 없다..대안 없는 반대 안돼 아울러 임대인이 주택 수선과 개보수 등을 게을리해 임대주택 품질이 떨어질 수 있고 가격규제를 회피하기 위해 편법과 이면계약 등이 성행할 우려가 있다는 게 국토부의 입장이다. 하지만 민주당은 1989년 당시는 정부의 사전 대비가 부족한 상태에서 보증금 중 우선변제액 확대 등이 함께 시행돼 부작용이 컸다는 주장이다. 제도 시행에 앞서 전월세 상승은 불가피한 측면이 있지만 폭등 까지 가지는 않을 것으로 보고 있다. 2001년 계약갱신 청구기간을 5년으로 하는 상가건물 임대차보호법 제정 당시에도 임대료 급등 우려가 있었으나 실제로 85% 가량은 보증금이 오르지 않았다는 사례도 있다. 박준선 의원실 관계자는 사적인 경제영역에 국가가 개입하는 건 바람직하지 않지만 지금은 비상상황이라는 점을 감안해야 한다 면서 대안 없는 비판은 옳지 않다. 이번 국회에서 통과시키지 않으면 가을 전세대란에 대비할 수 없기 때문에 여야 모두 적극적으로 논의할 것 이라고 말했다.,https://news.naver.com/main/read.nhn?mode=LSD&mid=shm&sid1=260&oid=018&aid=0002451699,284
261057,2011.06.13. 오후 3:57,부동산,매일경제,쌍용건설 싱가포르에서 친환경인증,쌍용건설은 지난해에 이어 2년 연속으로 싱가포르 건설청 BCA 이 부여하는 친환경 인증인 BCA 그린마크 가운데 최상위 등급인 플래티넘 인증을 받았다고 13일 밝혔다. 쌍용건설은 올해 1월 수주해 시공 중인 싱가포르 W 호텔의 부띠끄센터 키사이드 아일 Quayside Isle 로 3번째 플래티넘 인증을 획득하는 데 성공했다. 지난 2005년 싱가포르 정부가 제정한 BCA 그린마크는 미국의 리드 LEED 영국의 브리암 BREEAM 과 함께 세계 3대 친환경 인증으로 인정받고 있다. 에너지와 자원절감을 위한 설계는 물론 완공 후 관리비 쾌적성 혁신성까지 평가 대상이 된다. 쌍용건설이 설계와 시공을 동시 진행하는 디자인 빌드 방식으로 단독 수주한키사이드 아일은 2012년 4월 완공 예정이다. 햇빛을 받는 건물 전면에 열전도율이 낮은 이중 특수유리를 사용해 24℃의 실내온도를 유지하기 위한 냉방 전력량이 일반 건물의 55%에 불과하다. 또 옥상 곳곳에 태양전지판을 부착하고 화장실 등 공용구역에 모션센서를 설치했다. 에너지 절감 설계를 적용한 결과 절약되는 전력은 연간 137만㎾h에 달한다. 이는 한달 평균 300㎾h의 전력을 사용하는 5인 가구를 기준으로 4천550가구가 한달간 사용할 수 있는 전력과 맞먹는다. 공사 현장에는 빗물을 재활용하는 정수 시스템을 설치 화장실을 청소하고 공사용 차량의 바퀴를 씻는 한편 분진을 제거하는 용도로 사용해 올림픽 규격 수영장 4개를 채울 수 있는 9천㎥의 물을 절약하고 있다. 또 옥상 정원의 인조목재 데크 등에는 친환경 인증 Green Label 을 받은 자재를쓰고 건물 구조에는 재생골재로 만든 그린 콘크리트를 100% 사용해 소나무 약 27만그루를 심는 것과 같은 747t의 이산화탄소 배출저감 효과가 기대된다. 쌍용건설 황인강 상무 해외건축부문 담당 는 국제적으로 인정받는 친환경 인증실적을 바탕으로 국내외 친환경건축 분야에서 입지를 강화해 나가겠다 고 말했다. 쌍용건설은 앞서 2007년 5월 싱가포르 오션 프런트 콘도미니엄으로 주거건물 최초의 그린마크 플래티넘 인증을 받았고 2010년 5월에는 W 호텔로 아시아 최초의 호텔부문 플래티넘 인증을 받은 바 있다. 매경닷컴 연기홍기자 r start 화보 손연재 체조갈라쇼 과감한 몸짓 연기 남해안벨트 日기업 생산기지로 베일벗은 SM7 후속 그랜저·K7과 싸울 무기는 북한 미모의 女승무원 화제 임상규 전 농림부 장관 자살… 건설현장 식당 비리 연류 비키니 대회 탈락女 충격으로 졸도 리듬체조 요정 손연재 봄처녀 향기가 폴폴 r end ⓒ 매일경제 mk.co.kr 무단전재 및 재배포 금지 MBA도 모바일로 공부한다.,https://news.naver.com/main/read.nhn?mode=LSD&mid=shm&sid1=260&oid=009&aid=0002483445,284
261058,2011.06.13. 오후 3:57,부동산,이데일리,분양가상한제 폐지해야 거래↑·가격↓,분양가상한제의 합리적 개선을 위한 정책토론회 개최 건설업계 정치적 논리로 존속..반드시 폐지해야 이데일리 이태호 기자 분양가상한제를 폐지해야 위축된 부동산거래가 살아나고 중장기적으로 가격도 안정될 것이란 주장이 제기됐다. 분양가상한제란 분양가격을 원가에 연동해 책정하는 제도다. 분양가격의 상승 억제와 투명성 확보 등을 목적으로 도입했으며 지난 2007년 9월부터 전국의 모든 민간 공공아파트에 적용되고 있다. 대한건설협회·한국주택협회·대한주택건설협회는 13일 여의도화재보험협회에서 분양가상한제의 합리적 개선을 위한 정책토론회 를 개최하고 주택거래 활성화를 위해선 반드시 분양가상한제를 폐지해야 한다고 주장했다. 권주안 주택산업연구원 연구위원은 분양가상한제 개선방안 이란 제목의 주제발표에서 분양가상한제가 폐지될 경우 단기적으로는 분양가격과 기존주택 가격을 상승시킬 수 있지만 장기적으로는 공급확대를 통한 주택가격 안정을 도모할 가능성이 크다 고 말했다. 권 연구위원은 모의실험을 통해 분석한 결과 분양가상한제를 폐지했을 경우 공급이 늘어 서울 주택가격은 11분기 후 11% 정도 가격이 하락하고 수도권은 12분기 후 5% 정도 하락하는 것으로 나왔다고 설명했다. 또 정창무 서울대 건설환경공학부 교수는 분양가상한제의 현실과 정책과제 주제발표에서 분양가상한제는 주택공급 위축을 초래함으로써 향후 주택수급 불균형을 야기해 서민 주거안정에 악영향을 미칠 것 이라고 말했다. 그는 이어 부동산시장이 공급자 우위에서 수요자 우위로 재편된 시장 여건상 분양가상한제 폐지를 더 이상 늦출 이유가 없다 고 강조했다. 건설업계는 올 들어 네 차례에 걸친 부동산활성화 대책을 발표에도 불구하고 주택거래가 급감하고 있어 실효성 있는 대책 마련을 요구하고 있다. 3대 건설협회는 이날 공동성명을 통해 분양가상한제는 그동안 정부에서도 수차례 폐지를 발표했지만 정치적 이해관계 때문에 폐지가 무산됐다 고 지적하고 주택시장의 정상화를 위해서는 반드시 해결이 필요하다 고 말했다. 한편 민간택지 분양가상한제 폐지는 올해 3·22대책에 포함됐지만 4월 임시국회 상정이 무산되면서 이달 임시국회로 넘어온 상태다.,https://news.naver.com/main/read.nhn?mode=LSD&mid=shm&sid1=260&oid=018&aid=0002451694,284
261059,2011.06.13. 오후 3:50,부동산,연합뉴스,여자 종중원 소집통지 않은 총회 결의 무효,수원 연합뉴스 강창구 기자 수원지법 민사합의10부 유남근 부장판사 는 13일 특정 성씨 종파의 종중 대표가 여자 종중원 등 12명을 상대로 제기한 소유권이전등기 소송에서 원고의 소를 각하했다. 재판부는 판결문에서 성년 여자도 종중원이기 때문에 여자 종중원에게 소집통지하지 않은 종중 총회에서의 결의는 효력이 없다 며 따라서 소제기를 추인한 종중 총회 결의는 무효이고 해당 사건에 대한 소 訴 또한 부적합해 기각한다 고 밝혔다. 종중대표 A씨는 지난해 5월 자신이 매수한 위토 位土 묘에서 지내는 제사의 비용을 마련하기 위하여 경작하던 논밭 4천800여㎡를 명의신탁한 여자 종중원 등에게 소유권이전등기 절차를 이행하라며 소송을 제기한 뒤 같은해 10월 종중총회를 열어 소제기를 추인 결의했으나 피고들은 총회가 무효라며 반발해왔다.,https://news.naver.com/main/read.nhn?mode=LSD&mid=shm&sid1=260&oid=001&aid=0005110363,284
261060,2011.06.13. 오후 3:49,부동산,아시아경제,한라건설 교하신도시 한라비발디 플러스 6월 분양,교하신도시 한라비발디 플러스 조감도 아시아경제 정선은 기자 한라건설 은 경기 파주 교하신도시 A22블록에 한라비발디 플러스 아파트 823가구를 6월말께 분양한다. 지하 2층 지상 25층 10개동으로 전용면적 기준 59㎡ 72가구 84㎡ 385가구 101㎡ 220가구 130㎡ 146가구로 구성된다. 올 초 제2자유로가 개통되면서 자가용으로 서울 진입이 20분 이내다. 일산신도시를 거치지 않고 서울 도심을 직접 연결하는 간선급행버스도 운행된다. 2009년 복선 전철화된 경의선과 문발나들목도 인접해 있다. 특히 단지 안에 약 1500㎡의 잔디광장과 1000㎡ 규모의 전나무 삼림욕장이 들어설 예정이다. 이밖에 왕벚나무 이팝나무 청단풍 느티나무 등 4가지 테마가 있는 약 2㎞의 산책로도 조성된다. 견본주택은 6월말께 뉴코아아울렛 사거리 인근에 개관한다.,https://news.naver.com/main/read.nhn?mode=LSD&mid=shm&sid1=260&oid=277&aid=0002622346,284
261061,2011.06.13. 오후 3:47,부동산,머니투데이,분양가상한제 폐지하면 수도권 집값 5% 하락,머니투데이 송지유 기자 분양가상한제 합리적 개선 정책토론회 실수요 위축·전세난 유발…악순환 구조 분양가상한제가 주택매매 실수요를 위축해 전세난을 유발하는 악순환 구조의 주요인이라는 주장이 제기됐다. 분양가상한제를 폐지할 경우 3년 뒤 수도권 집값이 5% 하락할 것이라는 분석도 나왔다. 대한건설협회 한국주택협회 대한주택건설협회가 13일 서울 영등포구 여의도동 한국화재보험협회빌딩 대강당에서 공동 개최한 분양가상한제의 합리적 개선을 위한 정책토론회 에서 정창무 서울대 교수와 권주안 주택산업연구원 선임연구위원은 각각 주제발표를 통해 이 같이 주장했다. 정 교수는 분양가상한제의 현실과 정책과제 라는 주제발표에서 분양가상한제가 집값의 정상적 상승을 막아 실수요를 위축하고 이 때문에 전세난이 발생하는 악순환 구조가 고착되고 있다 고 지적했다. 현재 부동산 시장 상황에선 분양가상한제의 실효성이 없다는 의견도 내놨다. 정 교수는 주택보급률이 100%를 넘어선데다 저출산·고령화시대로 접어들면서 부동산 시장이 수요자 우위로 재편돼 분양가상한제 실효성이 없어졌다 며 지금처럼 집값이 떨어지고 거래가 침체된 상황이라면 상한제를 유지할 당위성이 더더욱 없다 고 강조했다. 이어 분양가상한제는 시장경제원리에 어긋나는 규제여서 미국 영국 일본 싱가포르 등 해외 다른 국가에서는 찾아볼 수 없는 제도 라며 분양가상한제 도입 이후 민간주택 공급량이 급감하는 등 부작용이 심화되고 있는 만큼 제도 존폐 여부를 검토해봐야 한다 고 덧붙였다. 권 연구위원은 분양가상한제 개선방안 이라는 주제발표에서 분양가상한제가 폐지되면 단기적으로는 분양가와 기존 집값이 오를 수 있지만 장기적으로 주택 공급이 늘어 집값이 떨어질 것 이라고 주장했다. 분양가상한제를 없애면 서울 집값은 2년9개월 이후 11% 수도권 집값은 3년 이후 5% 정도 하락할 것이라는 것이다. 그는 분양가상한제 전면 폐지가 어렵다면 택지나 건축비 등을 보완해 원가반영률을 높여야 한다 며 공공택지 선납대금 기간이자 현실화 기본형건축비 층수세분화 분양가심사위원회 제도 개선 등 제도를 개선해야 한다 고 지적했다.,https://news.naver.com/main/read.nhn?mode=LSD&mid=shm&sid1=260&oid=008&aid=0002554381,284
261062,2011.06.13. 오후 3:46,부동산,머니투데이,건산연 하반기 건설·부동산 경기전망 세미나,머니투데이 이군호 기자 재 한국건설산업연구원 원장 김흥수 은 오는 20일 오후2시 서울 논현동 건설회관 2층 중회의실에서 2011년 하반기 건설·부동산 경기전망 세미나 를 개최한다. 이번 세미나에서는 건산연 이홍일 연구위원이 2011년 하반기 건설경기 전망 허윤경 연구위원이 2011 하반기 주택·부동산 경기전망 및 정책과제 에 대해 각각 주제발표를 한다. 주제 발표에 이어 손재영 건국대 교수 사회로 종합토론이 실시된다.,https://news.naver.com/main/read.nhn?mode=LSD&mid=shm&sid1=260&oid=008&aid=0002554380,284
261063,2011.06.13. 오후 3:41,부동산,연합뉴스,게시판 하반기 건설·부동산 전망 세미나,한국건설산업연구원 원장 김흥수 은 20일 오후 2시 서울 논현동 건설회관 중회의실에서 2011년 하반기 건설·부동산 경기 전망 세미나를 연다. 이날 세미나에는 국토해양부 이문기 건설경제과장과 이상호 GS건설경제연구소장 천길주 현대건설 전무 등이 토론자로 참석할 예정이다.,https://news.naver.com/main/read.nhn?mode=LSD&mid=shm&sid1=260&oid=001&aid=0005110335,284
261064,2011.06.13. 오후 3:30,부동산,매일경제,수서 역세권 2014년께 교통중심지로 부상,서울 강남의 수서 역세권 이 향후 대규모 교통 중심지로 개발된다. 지하철 3호선과 분당선 환승역인 수서역에는 오는 2014년 수서 평택 고속철도가 들어설 예정이다. 조현용 한국철도시설공단 이사장은 13일 수도권 고속철도가 수서역 일대에 들어서는 만큼 한 곳에서 모든 것을 해결할 수 있도록 개발하겠다 고 말했다. 조 이사장은 이날 기자들과 만나 수서역은 그린벨트 지역만 약 43만㎡인데 공단이 직접 개발을 주관할 것 이라며 그린벨트 해제를 전제로 한 달 전에 용역을 준 상태이며 7월 말이나 8월 초에 보고서가 나올 것 이라고 했다. 그는 호텔과 백화점 컨벤션센터 등 역에 내리면 모든 것을 다할 수 있는 표본을 만들 것 이라며 역세권 개발은 일본이 대표적인데 수서역도 그 정도로 해보자는 생각으로 임하고 있다 고 말했다. 이어 그곳을 개발한다니까 사업자들이 참여하려 야단 이라며 개발 용도가 나오면 광고를 통해 사업자 신청을 받을 것이며 전체가 안 되면 그린벨트가 풀린 주변 지역부터라도 빨리하려 한다 고 덧붙였다. 조 이사장은 지금 청량리역세권 같은 경우 인허가가 나지 않아 분양을 받아놓고서도 제3자에게 넘기는 등 한 발짝도 못 나아가고 있다 며 수서역의 경우 공단이 주관하기 때문에 신뢰성이 있어 그런 문제는 없을 것 이라고 강조했다. 광명역세권 개발의 경우 2005년 시작됐지만 경기 악화로 인한 건설사의 어려움과 분양 저조로 제대로 진행되지 않고 있다. 그는 현재 진행 중인 경기 광주 여주 구간과 수서 광주 여주 원주 원주 강릉이 연결되고 설계 중인 이천 수안보까지 연결이 완료되면 충주 시민까지 수서로 바로 갈 수 있다 며 위례신도시와 분당.송파.강동 등 500만 600만명이 수서역 주변에 있기 때문에 개발에 호재로 작용할 것 이라고 설명했다. 민석기 기자 r start 화보 손연재 체조갈라쇼 과감한 몸짓 연기 남해안벨트 日기업 생산기지로 베일벗은 SM7 후속 그랜저·K7과 싸울 무기는 북한 미모의 女승무원 화제 임상규 전 농림부 장관 자살… 건설현장 식당 비리 연류 비키니 대회 탈락女 충격으로 졸도 리듬체조 요정 손연재 봄처녀 향기가 폴폴 r end ⓒ 매일경제 mk.co.kr 무단전재 및 재배포 금지 MBA도 모바일로 공부한다.,https://news.naver.com/main/read.nhn?mode=LSD&mid=shm&sid1=260&oid=009&aid=0002483416,284
261065,2011.06.13. 오후 3:25,부동산,뉴시스,부산 이어 대전 분양시장도 활활,서울 뉴시스 김형섭 기자 부산에 이어 대전 분양시장도 청약열기로 뜨겁다. 세종시와 과학벨트라는 굵직한 호재가 겹친 덕분이다. 신규 분양이 호성적을 거두는 것은 물론 적체돼 있던 미분양 물량도 속속 팔리고 있다. 13일 금융결제원에 따르면 한화건설이 대전 유성구 지족동에서 분양한 대전노은4지구 한화꿈에그린 아파트 1765가구 는 10개 주택형중 7개가 1순위에서 1개 주택형은 2순위에서 마감됐다. 2순위까지 3421명이 신청한 이 아파트는 85㎡ 2개형이 남았지만 이미 청약자가 모집가구수를 넘겨 사실상 2순위에서 마감된 상태다. 이에 앞서 GS건설이 지난달 대전 중구 대흥동에 공급한 대전 센트럴자이 도 783가구 모집에 4164명이 신청 5.32대 1의 높은 경쟁률을 기록했다. 전용 143㎡에서 5가구가 미달됐지만 나머지 10개 주택형은 최고 27.31대 1까지 경쟁률이 치솟으며 순위내 마감에 성공했다. 미분양도 줄고 있다. 지난해말 2205가구에 달하던 대전 지역 미분양은 매월 감소세를 이어가며 4월말 1530가구까지 감소했다. 풍림산업이 2008년말 대전 대덕구 석봉동에 분양했던 금강 엑슬루 타워 의 경우 4월말까지만 해도 716가구가 미분양으로 남아 있었다. 하지만 지난달 18일 모델하우스를 다시 열고 한 달도 안돼 200여가구를 팔았다. 과학벨트가 대전 주택시장의 도화선이 된 셈이다. 이태한 금강엑슬루타워 분양소장은 하루에 10통도 안되던 문의 전화가 과학벨트 입지선정 이후 지금은 50 100통씩 들어온다 며 계약자들의 80%가 대전 거주자로 지역내 실수요가 살아나 향후 전망도 밝다 고 말했다. 대전내 신규 아파트 공급이 부족했던 점도 원인으로 분석된다. 국토해양부에 따르면 대전 지역 공동주택 분양 승인 기준 물량은 2008년 1만6640가구에서 2009년 1만1854가구로 줄어든데 이어 지난해에는 4114가구로 급감했다. 김경수 노은지구한화꿈에그린 분양소장은 예전에는 미분양이 생기면 동호수 골라서 사겠다는 분위기였는데 2년 정도 아파트 공급이 부족하다 보니 최근에는 수요자들이 보다 빨리 움직이는 경향이 생겼다 고 말했다.,https://news.naver.com/main/read.nhn?mode=LSD&mid=shm&sid1=260&oid=003&aid=0003907103,284
261066,2011.06.13. 오후 3:19,부동산,아시아경제,하반기 수도권 오피스텔 7000실 분양 풍성,서울 및 수도권 하반기 분양 예정 오피스텔 목록 출처 리얼투데이 아시아경제 정선은 기자 하반기 서울 및 수도권에서 오피스텔 물량이 쏟아져 나와 눈길을 끈다. 13일 부동산 리서치 전문업체 리얼투데이에 따르면 올 하반기 수도권에서 분양될 오피스텔 물량을 조사한 결과 13곳에서 총 7042실이 분양한다. 지역별로는 서울이 5곳에서 2220실 경기는 4곳에서 1205실이다. 인천은 4곳에서 3617실로 가장 많은 물량이 나온다. 아파트 시장이 침체의 골이 깊은 가운데 소형 오피스텔의 인기는 뜨거운 모양새다. 전세난 아파트 가격 하락추세로 오피스텔이 틈새상품으로 떠오른 이유에서다. 오피스텔은 지난해부터 전용 85㎡ 이하 바닥난방 허용 욕실면적 5㎡ 제한 폐지 욕조설치 가능 등 건축규제가 풀려 준주택으로 인정돼 왔다. 특히 주거용 오피스텔에 대해 주택 임대사업 등록을 허용하고 세금 혜택을 주는 방안도 추진되고 있어 오피스텔 몸값은 더 높아질 전망이다. 양지영 리얼투데이 팀장은 오피스텔 여러 채를 분양 받아 임대사업을 하려는 투자자들이 느는 등 투자가치가 더욱 높아질 것이다 고 내다봤다. 다음은 하반기 분양예정 오피스텔에 대한 소개다. ◇서울 송파구 문정동 가든파이브 활성화단지 1 2블록 송파 푸르지오 시티 대우건설 지하 5층 지상 15층 1개동 총 1249실 규모로 6월에 분양한다. 1 2층엔 판매시설과 오피스 2층 를 포함한다. 공급면적 48 102㎡로 소형으로 구성된다. 단지 남측에 코엑스몰의 6배 이상 규모의 가든파이브가 입점한다. 북측은 문정동 법조타운이 조성돼 동부지법 동부지검 등이 이전될 예정이다. 1.5베이 유니트를 도입해 공간의 가변성과 쾌적성이 확보된다. 분양가는 3.3㎡당 1100만 1200만원선이다. 용산구 문배동 24 4 일대 용산 큐브 QV SK D D 지하 2층 지상 20층 1개동으로 공급면적 28㎡ 오피스텔 165실로 구성된다. 지상 2층까지는 근린상가가 위치하고 3 13층은 오피스텔 14 20층은 원룸형 도시형생활주택이다. 지하철 4·6호선 삼각지역과 1호선 남영역이 걸어서 10분 거리다. 대형마트와 백화점 등 용산역 상권이 이용가능하다. 평균 분양가는 1억4950만원 선이다. ◇경기 성남 분당구 정자동 16 2 일대 정자역 2차 푸르지오시티 대우건설 지하 4층 지상 20층 1개동 규모로 총 361실이 나온다. 공급면적 71 87㎡ 소형으로 구성된다. 분당선 정자역이 걸어서 3 4분 거리다. 경부고속도로와 분당 수서간 도시고속화도로가 인접해서 서울 강남권 및 경기 남부지역 이동이 용이하다. 킨스타워 SK C C NHN 네이버 등 업무시설과 IT기업체가 있어 배후 임대수요가 풍부한 편이다. ◇인천 남동구 구월동 극동스타클래스 극동건설 515실로 구성되며 8월 분양예정이다. 인천지하철 1호선 인천시청역이 걸어서 8분 거리다. 인천시청역은 2014년 개통 예정인 2호선도 지난다. 롯데백화점 구월점 신세계백화점 인천점 CGV 인천점 인접하다.,https://news.naver.com/main/read.nhn?mode=LSD&mid=shm&sid1=260&oid=277&aid=0002622327,284
261067,2011.06.13. 오후 3:09,부동산,아시아경제,조현용 이사장 78월께 수서역 개발 가닥.. 부분 개발도 고려,조현용 철도시설공단 이사장. 아시아경제 황준호 기자 조현용 철도시설공단 이사장이 최근 발생한 선로 장애에 대해 국민적인 송구스러움을 나타냈다. 오는 7 8월께 수서역세권 개발계획 수립 용역에 대한 결과가 나오는 대로 개발 작업에 본격 착수할 뜻을 밝혔다. 조현용 철도시설공단 이사장은 13일 국토해양부 기자단과 만나 선로 장애로 인해 국민적인 심려를 끼쳐드려 죄송하다 며 KTX 경부선 2단계 개통 이후 7개월이 지났지만 우리의 기술력이 부족해 원인을 분석하기 위해 오는 7월29일까지 용역을 준 상태 라고 밝혔다. 조 이사장은 이어 그 전에 외부전문가로 객관적 규명을 위한 작업을 오늘부터 들어간다 며 철도건설 책임자로서 면목이 없으나 따가운 질책을 약으로 여기고 안전한 철도를 위해 혼신을 다하겠다 고 설명했다. 또한 조 이사장은 수서역 일대 역세권 개발을 본격 추진할 뜻을 피력했다. 조 이사장은 광명 KTX역사 개발의 경우 2005년 시작했으나 금융위기 등으로 경제 침체가 이어지면서 분양 실적이 저조하고 건설사들도 어려워져 흐지부지된 상태 라고 운을 뗐다. 대신 수서역은 그린벨트 지역만 13만평으로 공단이 직접 나서려 하고 있다 며 그린벨트 해제를 전제로 한 달 전에 용역을 준 상태 라고 강조했다. 위례신도시 분당 송파 강동 강남일부 등 500만 600만명이 수서역 주변에 있다. 또 경기 광주 여주 수서 광주 여주 원주 원주 강릉 등이 연결되고 있으며 현재 설계중인 이천 수안보까지 연결되면 강원도와 충청도가 수서까지 바로 올 수 있게 된다. 여기에 호텔 백화점 컨벤션센터 등을 설치해 역에서 모든 업무를 다할 수 있게 개발하려니 주변에 관심이 지대하다는 게 조 이사장의 설명이다. 조 이사장은 공단은 지분을 16.7%까지 소유할 수 있다 며 7월말 8월초께 용역보고서가 나올 예정이나 전체 개발이 안되면 그린벨트가 풀린 주변지역부터라도 빨리 하려 한다 고 답했다. 이외에도 조 이사장은 수서와 호남고속철을 2014년 개통하기 위해 그해 2월부터 10개월간의 시운전 기간이 필요하며 공단이 차량 구입에 나설 것으로 예상했다. 이를 위해 연내 혹은 내년초까지 현대로템이든 외국산이든 결정을 해야할 것으로 전망했다. 또 국산 고속철 선로 기술 확보를 위해 올 하반기 궤도와 신호제품을 검증할 수 있는 14 15km 규모 시험선의 착공을 할 수 있을 것으로 관측했다.,https://news.naver.com/main/read.nhn?mode=LSD&mid=shm&sid1=260&oid=277&aid=0002622319,284
261068,2011.06.13. 오후 3:00,부동산,아시아경제,있을건 다 있는 ‘컨벤션센터’ 인근 집값도 올린다,아시아경제 배경환 기자 대형 컨벤션센터의 주변 집값은 다른 곳과 비교해 월등히 높은 편이다. 지하철과 버스 등 대중교통은 물론 사통팔달의 교통망이 갖춰진 이유에서다. 인근에 위치한 대형 상업시설과 업무·문화시설이 같이 개발되는 점도 시세를 꾸준히 자극한다. 높은 생활 편의성이 집값을 견인하고 있는 셈이다. 대표적인 곳이 서울 강남 코엑스 경기 일산 킨텍스 부산 해운대 벡스코 등이다. 코엑스가 위치한 서울 삼성동 일대는 우리나라 최고가 아파트인 ‘삼성동 아이파크’가 위치했다. 수십억원대 고급빌라와 단독주택이 위치해 있는 등 강남 지역에서도 높은 집값을 자랑한다. 킨텍스가 위치한 경기도 고양시 대화동 일대도 마찬가지다. 국민은행 시세 기준으로 아파트는 3.3㎡당 평균 1096만원이다. 인근 주엽동 3.3㎡당 1088만원 이나 일산동 3.3㎡당 896만원 과 비교해 최대 200만원이 높다. 부산에서도 벡스코가 위치한 곳은 다른 지역보다 집값이 높게 형성됐다. 벡스코가 위치한 해운대 우동일대는 해운대에서 가장 높은 3.3㎡당 884만원을 기록하고 있다. 부산의 부촌으로 불리는 해운대구 아파트의 평균 시세 3.3㎡당 753만원 보다 100만원 이상 높다. 시장 전문가는 “대형 컨벤션시설은 외국 바이어를 비롯해 다양한 산업에 종사하는 비즈니스맨들이 주로 모이는 장소로 호텔과 업무 문화 상업 등이 갖춰줘야 경쟁력을 확보할 수 있다”며 “이러한 인프라들이 주변 아파트의 편의성을 높이기 때문에 인근 주거지역 가치도 덩달아 올라가는 것”이라고 분석했다. 올해 역시 대형 컨벤션센터 인근에 분양하는 아파트를 찾아볼 수 있다. 서울과 인천 등 수도권은 물론 지방에서도 호재를 안고 있는 물량이 포진됐다. 특히 수도권에서는 인천 송도국제도시를 비롯해 서울역 김포공항 일대에서 대형 업무·상업·문화시설이 들어선다. ◇서울역 국제교류단지 인근 서울역사 북부지역 5만5800㎡에는 40층 규모로 컨벤션센터가 건립된다. 이곳에는 호텔과 판매시설 업무시설 쇼핑문화시설 등이 조성된다. 북쪽에는 150ｍ 높이의 ‘랜드마크 타워’가 건설돼 오피스 용도로 사용될 전망이다. 또한 국제회의장을 이용하는 외국인들의 숙식과 문화체험관광을 책임질 360실 규모의 ‘특2급호텔’과 백화점 아트플라자 등 문화·편의시설도 예정됐다. 이 일대 용산구 동자동에는 동부건설이 ‘센트레빌 아스테리움 서울’ 주상복합 아파트를 분양 중이다. 지하 9 지상 35층 3개동 총 278가구 규모다. 서울역 맞은편에 위치해 지하철 1·4호선과 인천공항철도 KTX 이용이 편리하다. 올림픽대로와 강변북로를 통한 서울 시내·외 이동도 쉽다. 사업지 주변에는 남산과 용산공원을 잇는 남산 그린웨이 사업 추진된다. 이로써 남산 용산민족공원 한강으로 이어지는 서울 최대의 녹지공간이 탄생한다. ◇김포공항 인근 대형 컨벤션센터와 영화관 쇼핑시설이 자리잡고 있는 김포공항 일대도 관심을 끌고 있다. 국제선 청사 앞 19만5000㎡의 주차장 부지에 복합상업 문화시설 ‘롯데몰 김포스카이파크’가 준공을 앞두고 있다. 이곳에는 호텔과 전시관 백화점 테마공원 등이 들어선다. 김포공항 일대 인천 계양구 귤현동에서는 ‘계양 센트레빌 2차’가 분양을 앞두고 있다. 김포공항과 지하철로 한 정거장 거리다. 전용면적 84 145㎡ 규모로 총 710가구가 일반에 분양된다. 1차 아파트와 합칠 경우 1425가구의 대단지가 조성된다. 단지내 자전거 전용도로를 비롯해 산책로 등 대단위 편의시설도 예정됐다. ◇인천 송도국제도시 컨벤시아 인근 현재 송도국제도시에는 지하 1 지상 4층 연면적 5만4000㎡ 규모인 컨벤시아가 지난 2008년 완공돼 운영 중이다. 인근에는 65층의 동북아시아트레이드타워도 조성된다. 또한 롯데그룹은 1조원을 투자해 2014년까지 백화점 마트 멀티플렉스 아이스링크 등이 들어서는 ‘송도 롯데쇼핑타운’을 개발하기로 했다. 송도국제도시에는 포스코건설이 ‘송도 더샵 그린스퀘어’를 분양하고 있다. 지하 1 지상 42층 12개동 규모로 전용면적 64 125㎡ 총 1516가구다. 인천 지하철 1호선 지식정보단지역을 이용할 수 있고 제2경인고속도로 및 제3경인고속화도로 등을 인접했다. 미추홀공원 및 호수공원이 가까워 생활환경도 쾌적하다. 교육시설로는 송도국제학교 해송초 해송중 해송고 및 지구내 개교 예정인 초·중·고등학교가 있다. ◇경상북도 경주시·전라북도 익산시 지방에서는 경상북도 경주시와 전라북도 익산시가 눈에 띈다. 한국수력원자력 주 는 경주시 신평동 보문관광단지에 컨벤션 관련 대규모 시설을 준비 중이다. 4만3364㎡ 대지에 3500석 규모의 대회의실 국제 회의시장 등이 마련된다. 이 일대 용강동 용황도시개발지구에서는 KCC건설이 ‘경주 용황 KCC 스위첸’ 480가구를 분양한다. 경주에서 4년만에 신규 분양하는 물량으로 실수요자들의 관심이 높다. 전라북도 익산역이 위치한 중앙동과 송학동 평화동 일대 18만5000㎡대지에는 주상복합 건물 등 대형 컨벤션센터가 건립된다. 2015년 개발이 완료되면 주상복합시설은 물론 상업 및 숙박 문화 전시공간이 한 곳에 자리잡는다. 올 하반기에 제일건설은 익산시 모현동 배산지구 4블록에 ‘제일 오투그란데’ 753가구를 공급한다. 76 101㎡ 규모로 익산역과 익산고속버스 터미널이 가깝다. 모현초 고현초 제일고 원광여고 등이 인접해 교육환경도 우수하다.,https://news.naver.com/main/read.nhn?mode=LSD&mid=shm&sid1=260&oid=277&aid=0002622311,284
261069,2011.06.13. 오후 2:46,부동산,파이낸셜뉴스,서울시 재개발 주민분담금 공개 의무화,앞으로 서울 시내 재개발·재건축 사업구역의 주민은 자신이 내야 하는 분담금을 조합설립 때부터 알 수 있게 된다. 서울시는 재개발·재건축 사업정보를 알리는 ‘클린업시스템 홈페이지 cleanup.seoul.go.kr ’를 통해 예상 사업비와 주민 분담금 추정액을 조합설립 단계부터 공개하는 것을 의무화하기로 했다고 13일 밝혔다. 추진위원회와 조합에서 정비계획 기초정보와 토지·주택 주변시세 등을 입력하면 53개 사업비 항목 분양수입 개인별 분담금이 자동으로 산출된다. 이때 정비사업 수입과 지출을 예상해서 얻은 사업수익에서 개별 조합원의 자산비율에 따라 분담금이 나눠지도록 구성됐다. 분양률은 100%를 가정한다. 조합원들은 클린업시스템 홈페이지에서 회원가입을 하고 해당 재개발·재건축 정비구역의 추진위원장이나 조합장의 승인을 받아 분담금 프로그램을 이용하면 된다. 예를 들어 토지 183㎡ 건물 245㎡의 3억원 규모 단독주택을 가진 조합원 A씨는 전체 분양수입 8270억원 전체 사업비 3160억원으로 가정할때 6억3000만원 상당의 117㎡를 분양받기 위해서는 8300만원의 개별분담금을 내야 한다. 이에 따라 개별 조합원은 사업초기인 조합설립 단계부터 본인이 부담해야 할 분담금이 어느 정도 인지를 미리 예측하고 재개발 여부를 직접 결정할 수 있게 된다. 계약 확정과 변동사항이 발생하면 수정도 가능하다. 다만 최종 분담금은 관리처분계획이 수립돼야 정확하게 알 수 있다. 이번 방침에 따라 정비사업의 투명성이 높아지고 사업 기간이 단축될 뿐만 아니라 사업비도 절감될 수 있을 것으로 기대된다. 서울시는 현재 조합 설립이 진행 중인 고덕 1 2 1 2 2 지구와 공공관리 시범지구인 성수·한남지구부터 분담금을 공개하고 점차 대상 지역을 확대하기로 했다. 현재 부동산 가격자료 구축이 완료된 423개 구역 가운데 조합설립 예정인 69개 구역과 아직 추진위가 구성되지 않은 254개 구역은 사용을 의무화할 방침이다. 임계호 서울시 주거정비기획관은 “사업비와 분담금 추정 프로그램이 도입됨에 따라 재개발·재건축사업이 한층 투명하고 효율적으로 이뤄질 것으로 기대된다”고 말했다.,https://news.naver.com/main/read.nhn?mode=LSD&mid=shm&sid1=260&oid=014&aid=0002455519,284
261070,2011.06.13. 오후 2:45,부동산,세계일보,한강신도시의 중심 1498세대 친환경 대단지 한강신도시 반도 유보라 2차,전세탈출의 절호의 기회 김포한강로 개통 7월초 으로 여의도 20분대 생활권 계약금 1200만 1300만원 중도금30% 무이자 30% 이자후불제 파격적인 분양 조건 일부 잔여세대 선착순 동호수 지정 계약 세계닷컴 경기도 김포시 한강신도시 Aa 09블록에 분양 중인 반도유보라 2차는 침체된 수도권 주택경기불황에서도 3순위 청약접수에서 4.17 1의 최고 청약경쟁률을 기록하며 높은 계약률을 보이고 있는 반도유보라 2차가 59㎡ B타입과 D타입 일부잔여세대 및 부적격 당첨세대에 한하여 선착순 동 호 지정 계약을 실시한다고 밝혔다. 특히 반도건설 한강신도시 반도유보라 2차에서 선보인 59㎡ 구 24형 에서 처음 선보인 특화평면은 금번 동시오픈한 3개사중 가장 높은 호응을 얻으며 약5만명 이상의 관람객이 다녀갔을 정도이다. 이 같은 인기요인으로는 설계특화 입지 가격 등 핵심요인이 실수요자들의 관심을 끈 것으로 분석된다. 이번 선착순 분양 중인 59㎡ B타입과 D타입의 경우 전망과 개방감을 극대화한 설계배치로 거실에서 한강이 내려다보이며 침실에서는 모담산 조망이 가능하다는 점에서 반도유보라 2차 중에서도 최고의 조망권을 갖춘 세대로 꼽히고 있다. 게다가 남향중심의 배치로 사계절 내내 자연채광을 누릴 수 있다는 점도 장점으로 꼽힌다. 반도유보라 2차는 주변에 한강생태공원과 모담산이 있고 일부 가구에서 한강 조망이 가능하다. 중심상업지구와 가깝고 단지 안에 초등학교·고등학교가 들어선다. 교통의 편리함도 또 다른 장점으로 꼽힌다. 오는 7월초 올림픽대로와 연장되는 김포한강로 개통예정과 단지 인근의 신도시IC 가칭 를 통하면 20분대 여의도 생활권이 가능해진다. 그동안 김포의 고질적 문제로 손꼽히던 서울 접근성이 탁월한 것으로 서울 전세수요자 및 직장인들의 높은 관심을 끌것으로 생각된다. 반도건설 한강신도시 반도유보라2차는 2억원 초반의 합리적인 분양가로 계약금 1천만원 발코니확장 계약금 1백만원을 조건으로 계약을 진행하고 있으며 중도금 30% 무이자 및 30% 이자후불제를 지원하여 초기부담을 크게 낮추었다. 일부 잔여세대는 모델하우스에서 확인할 수 있고 선호하는 동호수를 선택할수 있다. 모델하우스은 김포고촌에 위치하고 있으며 입주는 2013년 12월이다. 분양문의 1599 2900 ※본 콘텐츠는 기업 제공 자료로 세계닷컴의견과 다를수 있습니다. Segye.com Segye.com 인기뉴스 한국女 토막살인 살인 아니다 日판결에… 자살 이등병 다리에 피멍 고참들이 온종일… 함바 비리 연루 임상규 순천대 총장 자살 만취女가 당신에게 스마트폰을 건넨다면… 털 때문에 이별까지…여름이면 고민하는 여성들 ⓒ 세계일보 Segye.com 무단 전재 및 재배포 금지 금융전문뉴스 세계파이낸스 모바일로 만나는 세계닷컴 세계닷컴은 한국온라인신문협회 www.kona.or.kr 의 디지털뉴스이용규칙에 따른 저작권을 행사합니다.,https://news.naver.com/main/read.nhn?mode=LSD&mid=shm&sid1=260&oid=022&aid=0002274447,284
261071,2011.06.13. 오후 2:39,부동산,동아일보,부산 장전동 지역 오피스텔 분양의 단비 내린다 현대성우오스타 6월 분양,동아닷컴 극심한 오피스텔 공급 가뭄을 겪던 부산 온천장역 역세권에 모처럼 새 오피스텔 분양의 단비가 내린다. 성우종합건설은 부산 금정구 장전동 지하철 1호선 온천장역 인근에 현대성우오스타 오피스텔을 6월 분양 예정이다. 온천장역 현대성우오스타는 지하 2층 지상 22층 1개동 규모다. 여기에 전용면적 기준 50 52㎡ 324실 53㎡ 2실의 오피스텔이 들어설 예정이다. 요즘 몸값이 치솟고 있는 소형 아파트 대체 주거공간으로 수요자들의 인기가 높은 소형 오피스텔만으로 구성된 게 특징이다. 이 오피스텔이 위치한 온천장역 일대는 부산에서도 입지여건이 뛰어나기로 정평이 나있는 곳이다. 온천장역이 걸어서 3분 거리다.,https://news.naver.com/main/read.nhn?mode=LSD&mid=shm&sid1=260&oid=020&aid=0002250711,284
261072,2011.06.13. 오후 2:38,부동산,연합뉴스,분양소식 인천 청라 딜라이트타워 2차,서울 연합뉴스 강건택 기자 광원건설은 인천 청라지구에서 딜라이트 타워 2차 오피스텔 265실을 분양 중이라고 13일 밝혔다. 지하 2층 지상 13층 1개동에 공급면적 58 60㎡ 40실 64 67㎡ 162실 69 77㎡ 40실 83 89㎡ 23실 등으로 이뤄져 있다. 청라지구에 서울대와 카이스트 연구소 GM대우 주행시험장 인천첨단산업단지 국제금융센터 등이 조성되면 오피스텔 임대 수요가 크게 늘어날 것으로 회사 측은 전망했다. 3.3㎡당 분양가가 450만원대로 주변 오피스텔에 비해 저렴하고 계약금 10% 중도금 40% 무이자 조건으로 계약할 수 있다. 입주는 오는 2013년 5월 예정이다.,https://news.naver.com/main/read.nhn?mode=LSD&mid=shm&sid1=260&oid=001&aid=0005110108,284
261073,2011.06.13. 오후 2:36,부동산,헤럴드경제,광교신도시에서 명품 상가오피스텔 분양 받는법,☞ 경기대 도보 3분 경기대역 도보2분 거리의 초역세권 ☞ 전매 무제한 1가구 2주택 미적용 ☞ 광교 신도시 최저 분양가 ☞ 오피스텔 600만원대 상가 2 000만원대 ☞ 선착순 호수 지정 계약 ☞ 고품격 풀옵션 미래 가치 상승과 프리미엄 기대 ☞ 소액투자 가능 투자 대비 임대수익 안정적 ☞ 전세가 높아 환금성 유리 ☞ 부동산 투자 전문가들이 말하는 최고의 상업지역 ☞ 광교 테크노밸리 바로옆에 위치 ☞ 동수원 IC 최단거리 약 100m ☞ 주 풍산건설 책임준공 국제신탁 자금관리 2011년 새해 부동산 시장에서 사람들에게 가장 뜨거운 관심을 받고 있는 지역은 어디일까 모든 부동산 전문가들은 한목소리로 광교 신도시를 1순위로 지목하고 있다. 그 동안 논란을 거듭해온 경기도청 수원지방법원 수원지방검찰청 이전이 확정되면서 118 218㎡ 약35 760평 규모의 행정타운과 65 858㎡ 약19 922평 법조타운이 조성되고 신분당선 연장선의 실시계획승인으로 1월에 착공이 들어가면서 지하철 개통으로 인한 역세권 호재까지 반영되며 상업시설이 살아나고 임대 수요 또한 폭발적으로 늘어날 것이라는 것이 전문가들의 공통된 의견이다. 광교신도시는 경기도 수원시 영통구 이의동 원천동 하동과 팔달구 우만동 장안구 하광교동 상광교동 및 용인시 수지구 상현동 일원 등 2개의 시에 걸쳐서 산업단지와 상업 주거 행정이 어우러져 개발되는 자족 신도시이다. 도시 중심성을 확보할 수 있는 도시공간구조 형성 및 친환경적 도시환경 조성으로 수원시와 용인시 서북부 지역의 발전 도모를 목적으로 하고 있으며 총 면적은 1130만 1699㎥ 약341만8000평 이며 강남 분당 판교를 잇는 경부축 연결 선상에 위치하고 있다. 광교신도시는 영동고속도로 경부고속도로 용인서울고속도로 북수원 상현IC간 도로 흥덕 하동간 도로 동수원 성북IC간 도로 교차지점에 입지하고 있으며 지구내의 동수원 나들목 광교 나들목 신대 나들목의 이용으로 사통팔달 동서남북 어디든지 신속하게 갈 수 있다. 현재 용인서울간고속도로 이용하면 강남까지 30분정도 소요되며 2015년에는 정자역에서 광교신도시에 이르는 신분당선이 개통돼 강남까지 30분이면 도달이 가능하게 되며 지하철 버스를 통해 외부 대중교통을 최대 60%까지 분담하게 된다. 또한 광교신도시의 교육기관은 신설될 학교를 포함해 초등학교 9곳 중학교 6곳. 고등학교 8곳이며 특히 서울대학교 융합과학기술대학원 아주대학교 경기대학교 경희대학교 합동신학대학원대학교등 대학교 5곳도 입지하게 된다. 더불어 경기과학고 서울국제학교 성남 성균관대학교 경희대학교 국제캠퍼스 등 의 학교들도 인근지역에 위치하고 있으며 광교신도시 주변에 아주대병원 빈센트 병원 등 800병상 이상의 대형병원이 입지하고 있으며 추후 동백연세대 의료원과 을지병원 등이 추가로 입지할 예정이다. 녹지율은 국내 신도시 최고 수치인 41 7% 주택용지비율은 18.8% 자족용지비율은 27%이며 20만평 2 043 858㎥ 넓이의 원천 신대호수를 포함하고 있다. TOD Transit Oriented Developement 압축도시 지향으로 인구밀도는 69 ha로 국내 신도시 중 최저이며 주택은 아파트 23 227세대 연립주택 2 149세대 주상복합 5 624세대로 총 31 000세대가 공급된다. 특히 광교테크노밸리는 26만 9404㎡ 약81 495평 의 대규모 부지로 경기도에서 1990년대 후반부터 추진한 사업단지로 총 사업비만 5728억원이상 투입됐다. 2001년부터 운영중인 경기중소기업지원센터를 필두로 2006년에 개원한 나노소자특화팹센터 2007년에 완공된 경기바이오센터와 경기R D센터를 비롯해 차세대융합기술연구원 중소기업지원센터 등 5개 기관과 기업 224개 업체가 입주해 있고 주변으로는 첨단바이오특화단지 경기도청을 포함한 광교행정타운 법조타운과 같은 대형 산업 및 업무시설이 조성되고 있다. 이곳에 풍산건설이 책임준공하고 국제신탁이 자금관리 하는 이스턴타워 오피스텔과 상가를 지하4층 지상10층 규모로 공사진행중이며 분양을 시작했다. 이스턴타워 오피스텔.상가는 경기대와 경기대역 광교테크노 밸리를 연결하는 트라이앵글 삼각축 의 중심축에 위치하고 있으며 광교테크노밸리에 입주한 224개 기업체의 약 4천여명의 상주인원과 제약 첨단바이오 특화단지 조성으로 향후 상주인원은 1만2천여명 일이용객 1만여명 교육연구연인원 7만여명의 이상의 대규모 상권이 유입되면서 2만여 가구에 달하는 배후세대와 경기대학교 약2만여명 아주대학교 약1만2천여명 경희대학교 서울대학교 융합 기술대학원 아주대병원 합동신학대학원대학교 등의 교육시설이 밀집돼 있고 비즈니스파크 및 R D단지등이 가까워 소형 오피스텔을 찾는 직장인 연구원 신혼부부 대학생 등의 풍부한 임대수요가 기대된다. 부동산 전문가들은 광교는 명품신도시 이미지로 현재 중대형 아파트가 주류를 이루고 있고 소형평형 아파트의 공급률이 낮고 오피스텔 용지 광교 6% 분당 9% 판교 8% 일산 8% 부족으로 오피스텔 공급이 턱 없이 부족해 위의 상주인원들의 수용이 한정될 수밖에 없으므로 광교신도시의 완공 후 중소형 오피스텔은 물론 산가도 품귀현상이 바로 나타날 것으로 예상되다 보니 광교신도시의 이스턴타워 오피스텔 상가를 최고의 투자처로 손꼽을수 있다고 말하고 있다. 이스턴타워 오피스텔 상가는 현재 지하 토목공사가 완료 단계로 공정률 20%이상 진행중이고 분양가에서도 거품을 모두 빼고 광교신도시에서 사상 최초의 최저 분양가를 책정하였다. 많은 투자자들이 앞다퉈 이스턴타워 오피스텔 상가 신축 현장을 찾고 있으므로 수익형 부동산에 관심을 갖는분들이나 안정된 투자처를 찾는분 미래가치를 생각하는분 첫투자 하시는 분들은 하루 빨리 방문하는 것이 좋으며 방문전 신청금 입금하시고 호수지정을 받고 방문 상담하시는 것이 유리하다.,https://news.naver.com/main/read.nhn?mode=LSD&mid=shm&sid1=260&oid=016&aid=0000386525,284
261074,2011.06.13. 오후 2:33,부동산,뉴시스,포스코건설 23일부터 부산 더샵 센텀포레 분양,부산 뉴시스 하경민 기자 포스코건설 사장 정동화 은 오는 23일 부산 해운대구 우동 글로리콘도 뒤에 더샵 센텀포레 의 견본주택 모델하우스 를 개장하고 본격적인 분양에 들어간다고 13일 밝혔다. 총 1006가구가 들어설 예정인 더샵 센텀포레는 지하 4층 지상 최고 27층 12개 동에 총 전용면적 59 154㎡의 다양한 평형으로 구성된다. 전용면적 85㎡ 이하의 중소형 평형이 746가구로 전체 공급량의 74.2%를 차지한다. 총 공급 물량 중 일반 분양은 705가구다. 일반분양 물량을 전용면적으로 나눠 살펴보면 59㎡ 82가구 84㎡ 432가구 99㎡ 42가구 128㎡ 120가구 154㎡ 29가구 등이다. 분양가는 공급면적 기준 3.3㎡당 평균 1000만원 이하로 공급될 예정이다. 포스코건설은 오는 29일부터 내달 1일까지 1순위 청약을 받고 당첨자는 7월7일 발표할 예정이다. 계약은 7월12 14일까지 진행할 계획이다. 포스코건설 관계자는 부산도시철도 2호선 민락역이 단지 바로 앞에 있는 초역세권 아파트로 센텀시티 내 롯데백화점과 신세계센텀시티 홈플러스가 걸어서 10분 거리에 있을 뿐 아니라 인근에 벡스코와 부산시립미술관 APCE나루공원 등 문화 시설도 풍부하고 단지 앞 생태하천인 수영강이 흐르고 뒤편에 친환경 녹지인 백산이 자리잡고 있다 고 말했다. 또 반경 2㎞이내 초등학교 1곳 중학교 3곳 고등학교 6곳이 자리잡고 있다 고 덧붙였다.,https://news.naver.com/main/read.nhn?mode=LSD&mid=shm&sid1=260&oid=003&aid=0003906892,284
261075,2011.06.13. 오후 2:33,부동산,이데일리,재건축 주민분담금 사전공개 의무화TV,이데일리 이윤정 기자 앞으로 재개발·재건축 조합원들은 자신이 내야하는 분담금을 미리 알 수 있게 됩니다. 이에 따라 주민들이 본인의 분담금을 예측하고 사업참여 여부를 결정할 수 있어 묻지마 식 사업추진이 불가능해질 것으로 기대됩니다. 이지현 기자가 보도합니다. 울시는 공공관리제 의 일환으로 재개발·재건축 사업비 및 분담금 추정 프로그램 을 본격 운영하고 앞으로는 정비사업 조합설립 때부터 사업비와 주민 분담금 공개를 의무화하기로 했다고 13일 밝혔습니다. 이에 따라 앞으로는 조합 설립 시 추진위원회나 조합이 예측한 개략적인 사업비와 추정분담금 내역이 클린업 시스템 홈페이지를 통해 공개됩니다. 사업비 및 분담금 추정프로그램 내역은 조합설립과 사업시행인가 관리처분인가를 위한 동의서를 제출받을 때 반드시 제공돼야 하고 조합설립 이후부터는 계약확정 및 변동사항이 발생할 때 수정이 가능하도록 했습니다. 이용방법은 추진위원회나 조합에서 정비계획 등 해당구역의 기초정보와 토지·주택 등의 주변시세를 클린업 시스템 홈페이지에 입력하면 법령 및 고시문 등 기준과 실제 관리처분계획서를 분석한 통계에 따라 53개의 사업비 항목과 분양수입이 자동으로 계산됩니다. 또 토지 등 소유자의 종전재산 평가액에 따라 개인별 분담금이 자동산출됩니다. 분담금 내역을 공개·확정할 때에는 공공관리자인 구청장의 확인을 거쳐 공개하도록 해 산출의 객관성을 높였습니다. 다만 이것은 예측 분담금으로 개인별 최종 분담금은 사업단계에서 관리처분계획이 수립돼야 정확하게 알 수 있습니다. 이데일리 이지현입니다.,https://news.naver.com/main/read.nhn?mode=LSD&mid=shm&sid1=260&oid=018&aid=0002451613,284
261076,2011.06.13. 오후 2:31,부동산,동아일보,검단 현대 힐스테이트 4차 내집마련 프리미엄 혜택,동아닷컴 중도금 전액 무이자 계약금 정액제 발코니 무상확장 일부 인천 지하철 2호선 백석역 예정 100여m 인접 초역세권단지 DTI 규제 제외단지 최근 현대건설은 인천 검단신도시 내 분양한 ‘검단 힐스테이트 4차’의 계약조건을 일부 변경했다. 당초 분양가의 10%였던 계약금을 정액제로 바꿔 107㎡형의 경우 2500만원 115㎡ 및 127㎡형은 3000만원을 내면 계약이 가능하다. 수요자들의 초기 자금부담을 최소화했으며 중도금 또한 60% 전액 무이자 조건이다. 인천 검단에서 힐스테이트의 브랜드타운을 형성하고 있어 브랜드파워 효과로 랜드마크 단지로 손꼽히고 있다. 현대건설이 인천 검단신도시의 관문인 당하지구에 짓는 ‘검단 힐스테이트 4차’는 검단신도시의 중심지에 위치해 있어 향후 발전 가능성이 높은 편이다. 특히 중앙대 캠퍼스가 검단신도시 2지구에 들어설 예정으로 중앙대 인천캠퍼스 면적은 66만㎡ 규모이다. 이 곳에는 대학캠퍼스와 함께 1000병상 크기의 대학병원도 들어설 계획으로 유동인구 증가로 안정적인 수요층이 확보될 것으로 기대된다. 중앙대 인천캠퍼스 예정부지에서 5㎞쯤 떨어져 있는 검단 힐스테이트 4차는 지하 2층∼지상 15층 10개동 규모에 전용면적 △107㎡ 288세대 △115㎡ 210세대 △127㎡ 90세대 등 총 588세대로 구성됐다. 2014년 개통예정인 인천 지하철 2호선 백석역 가칭 에서 불과 100여 미터 거리인 ‘초역세권’ 단지로 인천국제공항철도 김포공항 서울역 구간이 개통되면서 백석역에서 출발하여 검암역 환승시 서울역까지 30분이면 도착할 수 있는 등 인천공항철도 개통의 최대수혜 단지로서의 프리미엄 이외에도 제2외곽순환도로 검단 I.C 예정 및 공항고속도로 올림픽대로 등의 진출입이 용이한 사통팔달 도로망을 갖추고 있다.,https://news.naver.com/main/read.nhn?mode=LSD&mid=shm&sid1=260&oid=020&aid=0002250707,284
261077,2011.06.13. 오후 2:31,부동산,동아일보,대구 엠월드 6월 30일 그랜드오픈 확정,동아닷컴 자동차와 관련된 모든 것을 한 건물에서 해결할 수 있는 ‘원스톱 자동차 전문 복합단지’ 엠월드가 오는 6월 30일 오픈한다. 대구광역시 서구 이현동 자동차검사장 바로 앞에 완공된 지하2층 지상6층 연면적 104 849㎡ 규모의 자동차 복합 프레스티지 상가 ‘엠월드’는 국내 최대 규모의 자동차 쇼핑몰로 현재까지 국내 중고차 복합시장을 선두해 온 서울오토갤러리보다 5 6배 앞서는 규모를 자랑한다. 대구 달서구 본리동 서구 이현동 모터스로드 등 기존 수입차 매장 수입차 정비센터 자동차검사소가 밀집한 자동차 유통 핵심입지에 위치해 있다. 더불어 경부 중부내륙 88고속도로 중앙고속도로 등을 이용해 전국 어디서나 접근이 용이하다는 입지적인 장점도 갖췄다. ‘엠월드’가 들어서는 서대구 공단 일대는 도시형 첨단산업단지로 재개발되고 패션 문화기능을 강화한 특화상업지구로 개발될 예정에 있어 향후 배후 수요가 많다. 특수 수익형 부동산 상품으로서의 장점도 돋보인다. ‘엠월드’는 국내외 신차 및 중고차 매매에서 차량정비 튜닝은 물론 차량 검사 등록 업무 등 체계적이고 전산화된 원스톱 관리시스템을 통해 고품격 자동차 전문 쇼핑 공간으로 조성된다. 수입차를 비롯 소비자가 원하는 국내외 차량 전부를 유통시킬 계획이며 국내 최초로 서비스 검색시스템인 ‘키오스크 시스템’을 갖췄다. 키오스크 시스템은 은행의 ATM 지하철 발권기 관공서 증명서발급 등에서만 볼 수 있었던 시스템으로 자동차시장에서는 국내 최초로 도입됐다. 고객들은 엠월드 1층 로비라운지와 전층 매장입구에 갖춰진 키오스크를 통해 원하는 차량의 정보와 위치를 손쉽게 검색할 수 있다. MD구성도 뛰어나다. 엠월드는 지하 2층에 자동차 정비센터 자동차 부품대리점 자동차 성능 검사소 남성사우나가 들어선다. 지하 1층부터 지상 5층에는 국산 및 수입신차 및 중고차를 전시한다. 금융 및 보험사 등의 제반시설도 함께 들어선다. 지상 6층은 튜닝 카오디오 카인테리어 스크린골프 푸드코드 및 근린생활시설이 들어설 예정이다. 전문가들은 “중고차유통시장이 한 해 14조 5천억원임을 감안하면 자동차시장 환경의 혁신적인 시스템이 필요하다”면서 “국내 최대 자동차백화점인 엠월드는 자동차시장의 새로운 변화를 주도할 것”이라고 내다봤다. . 엠월드는 기존 상사들이 속속 입점 중이다. 3월부터 영업중인 일부 상사는 입점 후 매출 200%를 기록하고 있다. 고객상담센터 1566 2111 본 자료는 해당기관에서 제공한 보도 자료입니다.,https://news.naver.com/main/read.nhn?mode=LSD&mid=shm&sid1=260&oid=020&aid=0002250706,284
261078,2011.06.13. 오후 2:23,부동산,세계일보,분양의 단비 내린다 부산 장전동 현대 성우오스타 오피스텔 6월 분양 예정,온천장역 현대성우오스타 326실 6월 분양…온천장역 초역세권의 소형오피스텔 공급 세계닷컴 극심한 오피스텔 공급 가뭄을 겪던 부산 온천장역 역세권에 모처럼 새 오피스텔 분양의 단비가 내린다. 성우종합건설은 부산 금정구 장전동 지하철 1호선 온천장역 인근에 현대성우오스타 오피스텔을 6월 분양 예정이다. 온천장역 현대성우오스타는 지하 2층 지상 22층 1개동 규모다. 여기에 전용면적 기준 50 52㎡ 324실 53㎡ 2실의 오피스텔이 들어설 예정이다. 요즘 몸값이 치솟고 있는 소형 아파트 대체 주거공간으로 수요자들의 인기가 높은 소형 오피스텔만으로 구성된 게 특징이다. 이 오피스텔이 위치한 온천장역 일대는 부산에서도 입지여건이 뛰어나기로 정평이 나있는 곳이다. 온천장역이 걸어서 3분 거리다. 주변에 홈플러스 CGV영화관 등 다양한 생활 편의시설이 들어서 있다. 건물 안에는 피트니스센터 갖춰지고 하늘공원이 조성된다. 내부는 수납공간이 풍부해 주거생활이 편리할 것으로 보인다. 분양가는 3.3㎡당 590만원 대에 책정될 가능성이 크다. 한 채 당 8900만원 부가세 별도 8층 50㎡ 기준 정도인 셈이다. 이는 현재 주변시세와 비교했을 때도 상당히 저렴한 수준이라는게 업체 관계자의 설명이다. 주변 공실률 0%의 배후 임대수요 탄탄 온천장역 현대성우오스타가 실수요자와 투자자들의 관심을 끄는 데는 몇 가지 이유가 있다. 무엇보다 희소가치가 높다. 온천장역 주변은 2006년 SK허브스카이 814실 입주 이후 지금까지 오피스텔 공급이 거의 없었다. 배후 임대수요가 탄탄하다는 점도 구미를 당긴다. 온천장역 현대성우오스타는 오피스텔 임대수요가 많은 대학가 부산대학교 역세권 온천장역 에 위치해 있다. 인근 온천장 상업지구 근무자라는 수요층도 배후에 두고 있다. 최근 부산에 1 2인 가구가 급증하고 있다는 점도 온천장역 현대성우오스타의 인기 이유다. 최근 소형 주택 전셋값과 매매가가 치솟자 인근 오피스텔로 눈을 돌리는 수요자가 늘고 있다. 장전동 온천장역 일대 오피스텔의 공실률이 낮은 이유가 바로 여기에 있다. 임대수익률 일대 앞지를 듯 그렇다면 온천장역 현대성우오스타 오피스텔의 수익률은 어느 정도일까. 분양 업체는 이 오피스텔 50㎡ 분양가 8900만원선 부가세 별도 의 임대 수익률을 연 9.95% 선에 달할 것으로 기대하고 있다. 이는 금융기관에서 4450만원 연 6% 을 빌려 이 오피스텔을 분양받은 뒤 보증금 500만원 월세 55만원에 임대를 줬을 경우다. 현재 온천장역 주변의 5년 차 오피스텔의 임대 수익률이 평균 7 8%선인 점을 감안하면 새 오피스텔인 온천장역 현대성우오스타는 그 이상의 임대수익을 챙길 수 있을 것이라는 게 업체 측의 설명이다. 실제로 2006년 10월에 입주한 온천장역 인근 S 오피스텔 43 49㎡의 경우 매매가 1억500만 1억2500만원으로 임대시세는 월 임대료 55 60만원 선이다. 한 부동산 전문가는 “부산 지역은 전국에서도 유난히 오피스텔 열기가 뜨겁지만 공급은 부족한 편”이라며 “이번이 블루칩 오피스텔을 선점할 절호의 찬스”라고 말했다. 분양문의 051 555 9889 ※본 콘텐츠는 기업 제공 자료로 세계닷컴의견과 다를수 있습니다. Segye.com Segye.com 인기뉴스 한국女 토막살인 살인 아니다 日판결에… 자살 이등병 다리에 피멍 고참들이 온종일… 함바 비리 연루 임상규 순천대 총장 자살 만취한 여성이 스마트폰을 건네준다면… 털 때문에 이별까지…여름이면 고민하는 여성들 ⓒ 세계일보 Segye.com 무단 전재 및 재배포 금지 금융전문뉴스 세계파이낸스 모바일로 만나는 세계닷컴 세계닷컴은 한국온라인신문협회 www.kona.or.kr 의 디지털뉴스이용규칙에 따른 저작권을 행사합니다.,https://news.naver.com/main/read.nhn?mode=LSD&mid=shm&sid1=260&oid=022&aid=0002274439,284
261079,2011.06.13. 오후 2:11,부동산,매일경제,호텔 객실 팝니다…구미에서 임대형 호텔 분양,호텔 객실 사세요 오피스텔 원룸 상가 도시형생활주택 등에서 호텔객실까지 임대형 수익형부동산의 영역이 무한확장중이다. 수년전부터 유행하던 호텔 객실 분양이 이젠 지방에도 상륙했다. 주 대호앤노마다는 24일부터 구미시 원평동 일대에 들어서는 레지던스호텔 호텔 도미인 구미 를 분양한다. 호텔 도미인 구미 는 1480㎡ 용지에 지하 3층 지상 20층 352실 규모다. 객실은 40㎡ 256실 43㎡ 64실 46㎡ 30실 50㎡ 2실 등 총 352개로 분양가는 3.3㎡당 700만원 수준이다. 개인이 호텔 객실을 분양받지만 관리는 전문위탁업체에서 체계적으로 도맡는다. 객실 운영에 따른 수익을 배분받는 식이다. 일반 상가나 오피스텔과 달리 공실에 따른 부담이 적은 편이다. 현재 수도권 주요 레지던스 호텔의 평균 객실 가동률은 84%에 달한다. 지방인 점을 감안해도 대표적 산업단지로서 배후수요가 충분해 짭짤한 수익을 낼 수 있다는게 업체측 설명이다. 하지만 레지던스호텔은 숙박업 분류를 둘러싸고 관광호텔과 논란을 벌이면서 현재 장기숙박 외에 단기숙박자들은 받을 수 없다. 그만큼 객실가동률이 떨어질 수도 있다. 이때문에 일반 관광객들 겨냥한 레지던스호텔보다는 기업체 수요 등이 많은 입지가 유리하다는 업계 설명이다. 이남수 신한은행 부동산팀장은 객실 관리를 전문업체에서 하기 때문에 공신력있는 대형업체인지 확인할 필요가 있다 며 시장이 크지 않아 향후 매각할때 어려움을 겪을 수도 있기 때문에 투자시 예상수익률에 너무 현혹돼선 안된다 고 지적했다. 임성현 기자 r start 화보 손연재 체조갈라쇼 과감한 몸짓 연기 남해안벨트 日기업 생산기지로 범10대그룹 매출 산업비중 3년새 28%→31%로 북한 미모의 女승무원 화제 임상규 전 농림부 장관 자살… 건설현장 식당 비리 연류 비키니 대회 탈락女 충격으로 졸도 알렉스 11일 허리 디스크 수술…‘활동 차질 없나 ’ r end ⓒ 매일경제 mk.co.kr 무단전재 및 재배포 금지 MBA도 모바일로 공부한다.,https://news.naver.com/main/read.nhn?mode=LSD&mid=shm&sid1=260&oid=009&aid=0002483309,284
261080,2011.06.13. 오후 2:10,부동산,이데일리,재건축 분담금 이렇게 산정된다,서울시 재개발·재건축 분담금 추정 프로그램 조합추진위 단계부터 분담금 내역 예측 가능해져 이데일리 이진철 기자 서울시가 13일부터 본격적 운영하는 재개발·재건축의 사업비 및 분담금 추정 프로그램 은 사업초기에 조합원들이 대략적인 본인 분담금을 예측할 수 있다는데 의미가 있다. 사업비의 경우 기존에는 철거비 신축비 그밖의 사업비용 3가지로만 분류해 두루뭉술하게 제공됐기 때문에 관리처분시 분담금 규모를 두고 조합원간 갈등이 빚어지고 사업이 지연되는 사례가 많았다. 서울시의 이번 추정 프로그램은 사업비 내역을 조사측량비 설계비 공사비 보상비 관리비 외주용역비 각종분담금 공과금 기타 경비로 구분하고 이를 다시 53개 항목으로 세분화해 구체화했다. 이에 따라 분담금을 두고 조원들간 갈등과 분쟁의 소지를 최소화해 재개발·재건축 사업기간 단축은 물론 사업비도 절감시키는 효과가 가능할 것으로 기대된다. ◇ 재개발·재건축 분담금 사전공개 의무화 서울시는 재개발·재건축 사업비 및 분담금 추정프로그램 을 현재 조합설립을 준비중인 추진위원회 단계구역부터 중점적으로 관리하면서 대상을 관리처분인가 이전 구역까지 확대해 나갈 계획이다. 현재 부동산 가격자료 구축이 완료된 서울시내 423개 재개발·재건축구역 중 구역지정과 추진위원회 구성이 모두 완료돼 조합설립 예정인 구역은 69곳이다. 또 구역지정이 되지 않았거나 추진위원회가 미구성인 구역은 254곳이다. 아직 조합이 설립되지 않은 이들 구역 모두가 향후 사업비 및 분담금 추정 프로그램 의 사용이 의무화된다. 서울시내에서 현재까지 사업비 및 분담금 추정 프로그램 이 구축된 구역은 8곳이다. 이중 이날 현재 클린업시스템 홈페이지에 들어가 조합원들이 자산의 분담금을 파악할 수 있도록 프로그램 구축이 완료된 구역은 조합설립이 진행중인 고덕1 2 1 2 2지구 3곳이다. 서울시는 이미 조합이 설립된 100개 구역도 적극적으로 프로그램 활용을 독려해 분담금의 변화내용을 미리 조합원들에게 알려줘 불필요한 갈등을 막을 수 있도록 할 예정이다. 정비계획과 부동산가격자료 등은 공공관리자가 추진위원회나 조합에 제공하며 최신 자료제공을 위해 서울시는 해당 자료를 계속 업데이트할 계획이다. ◇ 기초정보 입력하면 분담금 자동계산 사업비 및 분담금 추정프로그램 은 토지 등 소유자의 종전 자산 평가액은 토지는 개별공시지가 주택은 주택공시가격을 활용해 관리처분이전 사업초기에 개략적 분담금을 추정할 수 있다. 특히 전문평가기관에 의뢰해 국·공유지 무허가 건축물 등 공시가격이 없는 부동산의 가격자료를 주변 부동산의 공시가격을 고려해 산정했다. 공시가격과 실제 감정평가가격과의 차이를 줄이기 위해 구역별 보정률을 해당 구역에 제공했다. 서울시가 프로그램을 활용한 사업비 및 분담금 추정예시에 따르면 고덕2 1구역의 경우 전체 분양수입 조합원 일반분양 수입금 은 총 8269억원 전체사업비 공사비 등 사업비용 는 3161억원 조합원 A씨의 부동산 추정가격은 3억원 단독주택 토지 183㎡ 건물 245㎡ 전체 토지 등 소유자 부동산추정가격은 2799억원이다. 조합원 A씨가 분양가격이 6억3200만원인 117㎡를 배정받는다고 가정할 때 분담금을 계산하면 전체 사업수익은 전체 분양수입에서 사업비를 뺀 5108억원 8269억원 3161억원 A씨의 자산비율은 A씨의 부동산추정가격을 전체 조합원 부동산 추정가격으로 나눈 0.107% 3억원 2799억원 이다. A씨의 분담금은 조합원 분양가 6억3200만원에서 자산가치 5억4700만원 사업수익 5108억원XA씨의 자산비율 0.107% 을 뺀 8500만원이 된다. ◇ 묻지마 식 사업추진 불가능 사업비 및 분담금 추정프로그램 내역은 조합설립 사업시행인가 관리처분인가를 위한 동의서를 받을 때 반드시 제공해야 한다. 다만 조합설립 이후부터는 계약확정 및 변동사항이 발생할 때 수정이 가능하도록 했다. 이에 따라 개인 조합원은 사업 초기인 조합설립 단계 에서부터 본인이 부담해야 할 분담금이 어느 정도인지를 예측하고 재개발·재건축 여부를 결정할 수 있게 된다. 공개된 사업비와 분담금을 각 정비사업 구역의 주민들이 확인하기 위해선 클린업시스템 홈페이지 hp cleanup.seoul.go.kr 에서 회원가입을 하고 해당 정비구역의 추진위원장이나 조합장의 승인을 받아 이용하면 된다. 서울시는 조합원이 프로그램을 이용할 때는 반드시 본인이 직접 분담금 내역과 유의사항을 확인해야 한다 면서 이는 프로그램 활용시 발생할 수 있는 오해와 악용을 방지하고 주민 스스로가 합리적으로 사업 참여 여부를 결정하기 위해 반드시 필요한 절차 라고 설명했다. 조합추진위측이 분담금 내역을 확정할 때에는 공공관리자인 구청장의 확인을 거쳐 공개토록해 산출의 공정성을 높였다. 개인별 분담금 내역에서는 각 타입 평형 별로 분담금 규모가 제시된다. 따라서 조합원들이 자신의 능력을 고려하지 않고 우선 대형평형을 선호하는 문제도 상당부분 해소될 것으로 기대된다. 김승원 서울시 공공관리과장은 조합설립시 추진위원회가 예측한 개략적인 사업비와 추정분담금 내역을 미리 알 수 있어 조합원들이 사업을 계속 추진할지 아니면 사업을 접고 휴먼타운 등 다른 대안을 선택할 지를 결정할 수 있다 면서 더이상 묻지마식 사업추진이 불가능해질 것 이라고 말했다.,https://news.naver.com/main/read.nhn?mode=LSD&mid=shm&sid1=260&oid=018&aid=0002451588,284
261081,2011.06.13. 오후 2:09,부동산,세계일보,동백의 프리미엄을 누려라 용인 新동백 ‘롯데캐슬 에코’,세계닷컴 전세값 급등으로 용인 분양시장 수혜 용인 부동산 시장에 훈풍이 불고 있다. 급매물들은 자취를 감춘 지가 이미 오래다. 전세값이 급등하자 세입자들이 중소형 아파트 중심으로 매수에 나서면서 호가가 오르고 있다. 시장이 조금씩 살아나자 분양 시장도 활기를 되찾고 있는 분위기다. 특히 수도권 남부 부동산 시장의 전세가 상승이 매섭다. 용인지역으로 대표되는 수도권 남부 전세시장은 용인 서울 고속도로 개통과 신분당선 개통 예정 등 매머드급 교통호재로 강남 접근 성이 개선되면서 전세수요자의 최고 인기지역으로 부상하고 있다. 용인 중소형 아파트 희소가치 높아 용인 지역내에서는 중대형과 중소형의 집값 희비가 엇갈리고 있다. 중소형은 오르고 대형아파트의 가격이 떨어지면서 30평형대와 50평형대 전셋값이 비슷한 경우까지 발생했다. 중대형 아파트들의 급매물이 급증하면서 단위 면적당 가격에서 중대형이 중소형 보다 낮은 가격 역전 현상까지 나타나고 있다. 이는 지난 2007년말 분양가상한제를 피하기 위해 건설사들이 밀어내기식 분양했던 대형 평형 아파트들의 미분양들이 적체되어 있어 중소형 아파트의 희소가치가 부각됐기 때문이다. 중대형 비중이 다른 지역에 비해 높은 데도 불구하고 분양 물량 역시 대형 평형에 치중해 있다. 용인 동백지구 부동산 중개업소 대표는 “용인에 미분양이 많은 것은 사실이지만 대부분이 대형”이라면서 “중소형은 찾는 사람은 많은데 매물은 부족하다 보니 가격도 강세다. 매매나 전세를 막론하고 30평형대는 매물이 없다 보니 분양권은 프리미엄까지 붙고 있는 실정이다”고 설명했다. 이에 따라 용인의 중소형 아파트가 희소가치 부각으로 소비자들에게 각광받고 있다. 선착순 분양중인 “신동백 롯데캐슬 에코”는 계약금 5% 정액제와 중도금 대출 40% 은 이자후불제를 적용함으로 초기 납입 부담을 줄였다. 2013년 6월 입주 예정인 “신동백 롯데캐슬 에코”는 투자의 블루칩으로 실수요자와 투자수요 모두 관심을 가져볼 만한 상품이기에 수요자들이 대거 몰려 모델하우스가 혼잡하므로 미리 전화로 예약 후 청약금 입금하고 방문하는 것이 유리하다. 또한 선착순 수의계약이므로 로열층을 계약하려면 서둘러 방문하시는 것이 좋다. 입금계좌 366501 01 093414 국민은행 예금주 롯데건설㈜ 신청금 500만원 미계약시 전액 환불 홈페이지 blog.naver.com avenue7680 분양문의 031 712 5679 ※본 콘텐츠는 기업 제공 자료로 세계닷컴의견과 다를수 있습니다. Segye.com Segye.com 인기뉴스 한국女 토막살인 살인 아니다 日판결에… 자살 이등병 다리에 피멍 고참들이 온종일… 함바 비리 연루 임상규 순천대 총장 자살 만취한 여성이 스마트폰을 건네준다면… 털 때문에 이별까지…여름이면 고민하는 여성들 ⓒ 세계일보 Segye.com 무단 전재 및 재배포 금지 금융전문뉴스 세계파이낸스 모바일로 만나는 세계닷컴 세계닷컴은 한국온라인신문협회 www.kona.or.kr 의 디지털뉴스이용규칙에 따른 저작권을 행사합니다.,https://news.naver.com/main/read.nhn?mode=LSD&mid=shm&sid1=260&oid=022&aid=0002274431,284
261082,2011.06.13. 오후 2:06,부동산,머니투데이,GS건설 강남 청담자이 16가구 일반분양,머니투데이 송지유 기자 청약통장없어도 신청가능…오는 10월 입주예정 ↑서울 강남구 청담동 청담자이 전경ⓒGS건설 GS건설이 서울 강남구 청담동 청담한양아파트를 재건축한 청담자이 사진 16가구를 일반분양한다. 이 단지는 지상 35층 5개동 총 708가구 규모로 지난 2009년 1대 1 재건축 사업방식으로 임대물량 16가구를 제외한 전 가구를 조합원에 분양했다. 이번에 공급되는 16가구는 당초 임대주택으로 건립한 물량으로 임대주택건설 의무제가 폐지돼 일반분양으로 전환한 것이다. 전용면적별 가구수는 49㎡ 4가구 89㎡ 12가구 등이다. 청약금 500만원만 있으면 청약통장이 없어도 누구나 신청할 수 있다. 계약금 10% 중도금 10% 납입뒤 나머지는 입주 때 잔금으로 내면 된다. 입주는 오는 10월이다. 청약접수는 오는 20∼22일 청담자이 홈페이지 www.cd xi.co.kr 에서 실시한다.,https://news.naver.com/main/read.nhn?mode=LSD&mid=shm&sid1=260&oid=008&aid=0002554288,284
261083,2011.06.13. 오후 2:04,부동산,머니투데이,LH 이달 19개지구 31개블록서 상가 140개 공급,머니투데이 이군호 기자 한국토지주택공사 LH 는 이달 중 전국 19개 지구 31개 블록에서 총 140개 상가를 공급한다고 13일 밝혔다. 공개경쟁 입찰로 분양되는 LH 단지내상가는 대규모 택지개발지구에 위치해 고정상권 형성이 가능하며 평균 100가구당 1개 점포에 불과해 대표적인 수익형 부동산으로 꼽힌다. 이번 신규 공급 상가는 수원 호매실 등 수도권 대형 택지지구가 많고 입찰예정가격도 상대적으로 저렴해 인기를 끌 것으로 예상되고 있다. 세부적으로 수원 호매실 인천 서창 세종시 첫마을 등 6개 지구 10개 블록에서 95개 상가가 신규 공급되고 성남 판교 서울 상암 등 13개 지구 21개 블록에서 45개 상가가 재공급된다. 34개 점포가 공급되는 수원 호매실은 공공임대 단지지만 3000여가구에 달하는 대규모 단지로 가구대비 상가면적이 0.478이어서 상가 희소성이 높다. 인천 서창2지구는 소비력이 높은 공공분양단지고 배후단지가 1196가구와 938가구로 크다. 다만 가구수대비 상가면적이 1.467로 가장 높고 단지내 상가지만 전용률이 60%대로 낮다. 세종시 첫마을 2개 블록에서는 23개 점포가 주인을 기다리고 있다. 최근 세종시 첫마을 아파트가 성공리에 분양됐지만 입찰예정가격이 수도권과 비슷하게 높다. 이와 함께 재공급되는 단지내상가는 △서울상암2 1 1단지 2개 △파주금촌 1단지 1개 △남양주가운 4단지 1개 △하남풍산 2단지 1개 △성남판교 10개 △인천동산 2블록 4개 △부천여월 △ 5개 △정읍농소 2개 △정읍신태인 2개 △군산창성 6개 △포항환호 1블록 5개 △구미도량3 2개 △문산당동 2지구 3단지 4개 등이다. 성남 판교 서울 상암2 1 등 수도권 재공급 물량이 관심을 모을 것으로 보인다. 재분양 물량은 곧바로 입점할 수 있어 자금회수 기간이 짧다. 분양공고 및 입찰결과 등의 자세한 사항은 LH 홈페이지 hp www.lh.or.kr 에서 확인 가능하며 LH 대표전화 1600 7100 로 문의하면 된다.,https://news.naver.com/main/read.nhn?mode=LSD&mid=shm&sid1=260&oid=008&aid=0002554282,284
261084,2011.06.13. 오후 1:59,부동산,매일경제,부산 더샵 센텀포레 23일 모델하우스 오픈,포스코건설은 오는 23일 부산 더샵 센텀포레 의 모델하우스를 오픈하고 본격 분양에 나선다. 부산 더샵 센텀포레 는 지하 4층 지상 최고 27층 12개동 총 1 006가구 규모의 대단지로 전용면적 59 154m²의 다양한 평형으로 구성된다. 이 중 전용면적 85m2 이하의 중소형 평형이 746가구로 전체 공급량의 74.2%를 차지한다. 더샵 센텀포레 의 총 1 006가구 공급 물량 중 일반 분양은 705가구이다. 일반 분양 물량을 전용면적으로 나눠 살펴보면 p59m² 82가구 p84m² 432가구 p99m² 42가구 p128m² 120가구 p154m² 29가구 등이다. 분양가는 공급면적 기준 3.3m2당 평균 1 000만원 이하로 공급될 예정이다. 29일 1순위 청약을 시작으로 7월 1일까지 청약을 받으며 당첨자발표는 7월 7일 계약기간은 7월 12일부터 14일까지이다. 더샵 센텀포레 는 올 초 닥터아파트의 올해 가장 관심을 갖는 광역시 분양 물량 1순위에 이름을 올리며 가장 인기 있는 단지로 꼽히는 등 전국적으로 관심이 집중되고 있는 단지이다. 더샵 센텀포레 는 부산지하철 2호선 민락역이 단지 바로 앞에 위치해 있다. 또한 부산의 최고 주거지역인 센텀권역으로 센텀시티 내 롯데백화점과 신세계센텀시티 홈플러스가 도보로 10분 거리에 있으며 인근에 BEXCO와 부산시립미술관 APCE나루공원 등 문화 시설도 풍부하다. 생활인프라 시설만큼이나 단지 인근 환경도 우수하다. 더샵 센텀포레 단지 앞에는 생태하천인 수영강이 흐르고 단지 뒤편에는 친환경 녹지인 백산이 자리잡고 있는 등 전형적인 배산임수 입지로 쾌적한 주거환경을 자랑하고 있다. 반경 2km이내 초등학교 1개소 중학교 3개소 고등학교 6개소가 인접하며 특히 도보 10분 거리에 초등학교가 위치하고 있다. 안전한 등하굣길을 위한 통학버스도 운행할 계획이다. 매경닷컴 연기홍기자 r start 화보 손연재 체조갈라쇼 과감한 몸짓 연기 남해안벨트 日기업 생산기지로 범10대그룹 매출 산업비중 3년새 28%→31%로 북한 미모의 女승무원 화제 임상규 전 농림부 장관 자살… 건설현장 식당 비리 연류 비키니 대회 탈락女 충격으로 졸도 알렉스 11일 허리 디스크 수술…‘활동 차질 없나 ’ r end ⓒ 매일경제 mk.co.kr 무단전재 및 재배포 금지 MBA도 모바일로 공부한다.,https://news.naver.com/main/read.nhn?mode=LSD&mid=shm&sid1=260&oid=009&aid=0002483298,284
261085,2011.06.13. 오후 1:48,부동산,세계일보,한강이 한 눈에…김포 한강신도시 ‘한라비발디’,세계닷컴 ☞ 중도금 무이자 계약금 5% ☞ 생태공원 18만 바로 앞 위치 ☞ 한강 조망권 ☞ 여의도 19분 쾌속 교통망 김포 한강로 직접 연결 ☞ 녹지율 53% 지방 분양시장의 분양열기가 수도권 시장에도 전해지고 있다. 지난 4월중순 문을 연 ‘한강신도시 한라비발디’ 견본주택에는 많은 인파가 다녀가면서 수도권 분양시장에도 훈풍이 불고 있다. 한라건설에 따르면 김포한강신도시에 분양하는 ‘한강신도시 한라비발디’는 견본주택 개관 첫날 7500명 주말에 약 2만여 명이 다녀가 3일 동안 약 2만 8천 여명이 견본주택을 다녀갔다. 견본주택 앞에는 개관 전부터 방문객들로 인해 줄이 길게 늘어서는 진풍경이 펼쳐졌고 견본주택 안에도 분양상담을 받으려는 방문객들로 내내 인산인해를 이뤘다. 한라건설 관계자는 “김포한강신도시는 7월에 김포한강로가 개통되면 서울 접근성이 좋아지며 특히 운양용화사IC가 택지내에서 가장 근거리에 위치해 서울로 이동이 수월하다”고 말했다. 또 “한강신도시 한라비발디 분양가는 3.3㎡ 당 1060만원으로 타 지역보다 저렴한 분양가로 한강과 조류생태공원 등을 조망할 수 있다는 것이 가장 큰 장점”이라고 덧붙였다. ‘한강신도시 한라비발디’는 지하2층 지상19층 12개 동 총857가구의 대단지로 전용면적 기준 105㎡형 513가구 106㎡형 284가구 126㎡형 60가구로 구성됐다. 분양가는 3.3㎡ 당 1060만원으로 계약금 5%씩 2회 분납 중도금 60% 전액 무이자가 적용된다. 전매는 계약 1년 후부터 가능하다. ‘한강신도시 한라비발디’ 견본주택은 김포시 고촌읍 신곡리에 위치해 있다. 선착순 특별 분양이므로 신청금 입금 후 방문하는 것이 유리하다. 동·호수 지정계좌 우리은행 1005 601 820602 예금주 한라건설 신청금 100만원 분양문의 031 984 9444 홈페이지 blog.naver.com stxkan1999 ※본 콘텐츠는 기업 제공 자료로 세계닷컴의견과 다를수 있습니다. Segye.com Segye.com 인기뉴스 한국女 토막살인 살인 아니다 日판결에… 자살 이등병 다리에 피멍 고참들이 온종일… 함바 비리 연루 임상규 순천대 총장 자살 만취한 여성이 스마트폰을 건네준다면… 털 때문에 이별까지…여름이면 고민하는 여성들 ⓒ 세계일보 Segye.com 무단 전재 및 재배포 금지 금융전문뉴스 세계파이낸스 모바일로 만나는 세계닷컴 세계닷컴은 한국온라인신문협회 www.kona.or.kr 의 디지털뉴스이용규칙에 따른 저작권을 행사합니다.,https://news.naver.com/main/read.nhn?mode=LSD&mid=shm&sid1=260&oid=022&aid=0002274415,284
261086,2011.06.13. 오후 1:45,부동산,헤럴드경제,10억 그 이상의 가치를 지닌 한라비발디,한강이 보인다 한라비발디 아파트 특별분양 ☞중도금 무이자 ☞계약금 5% ☞여의도 19분 쾌속 교통망 김포 한강로 직접 연결 ☞녹지율 53% ☞18만평의 생태공원을 내집 마당 안으로 ☞천만원대 한강변 아파트 ☞한강변 아파트 미래가치에 대한 투자 ☞한강 생활권의 최고의 가치 지방 분양시장의 분양열기가 수도권 시장에도 전해지고 있다. 4월 중순 문을 연 ‘한강신도시 한라비발디’ 견본주택에는 많은 인파가 다녀가면서 수도권 분양시장에도 훈풍이 불고 있다. 한라건설에 따르면 김포한강신도시에 분양하는 ‘한강신도시 한라비발디’는 견본주택 개관 첫날 7500명 주말에 약 2만여 명이 다녀가 3일 동안 약 2만 8천 여명이 견본주택을 다녀갔다. 견본주택 앞에는 개관 전부터 방문객들로 인해 줄이 길게 늘어서는 진풍경이 펼쳐졌고 견본주택 안에도 분양상담을 받으려는 방문객들로 내내 인산인해를 이뤘다. 한라건설 관계자는 “김포한강신도시는 8월에 김포한강로가 개통되면 서울 접근성이 좋아지며 특히 운양용화사IC가 택지내에서 가장 근거리에 위치해 서울로 이동이 수월하다”고 말했다. 또 “한강신도시 한라비발디 분양가는 3.3㎡ 당 1060만원으로 타 지역보다 저렴한 분양가로 한강과 조류생태공원 등을 조망할 수 있다는 것이 가장 큰 장점”이라고 덧붙였다. ‘한강신도시 한라비발디’는 지하2층 지상19층 12개 동 총857가구의 대단지로 전용면적 기준 105㎡형 513가구 106㎡형 284가구 126㎡형 60가구로 구성됐다. 분양가는 3.3㎡ 당 1060만원으로 계약금 5%씩 2회 분납 중도금 60% 전액 무이자가 적용된다. 전매는 계약 1년 후부터 가능하다. ‘한강신도시 한라비발디’ 견본주택은 김포시 고촌읍 신곡리에 위치해 있다. 선착순 특별 분양이므로 신청금 입금 후 방문하는 것이 유리하다.,https://news.naver.com/main/read.nhn?mode=LSD&mid=shm&sid1=260&oid=016&aid=0000386523,284
261087,2011.06.13. 오후 1:42,부동산,파이낸셜뉴스,포스코건설 부산서 더샵 센텀포레 29일부터 청약 시작,포스코건설은 오는 29일부터 부산 민락동에서 분양하는 더샵 센텀포레 청약을 받는다고 13일 밝혔다. 더샵 센텀포레는 수영구 민락동 353 9번지 일대 민락1구역을 재개발해 선보이는 대단지로 지하4층 지상 27층 12개 동에 전용면적 59∼154㎡ 1006가구로 구성됐다. 이 중 전용면적 59㎡ 82가구 84㎡ 432가구 99㎡ 42가구 128㎡ 120가구 154㎡ 29 가구 등 705가구가 일반에 분양된다. 분양가는 공급면적 기준 3.3당 평균 1000만원 이하로 책정됐다. 오는 29일 1순위 청약을 시작으로 7월1일까지 청약을 받으며 당첨자 발표는 7월7일이다. 더샵 센텀포레는 전용면적 85㎡이하 중소형이 전체 가구의 74.2%인 746가구로 구성돼 실수요자들에게 특히 인기가 높을 전망이다. 부산지하철 2호선 민락역이 단지 바로앞에 있고 부산 최고의 주거지역으로 꼽히는 센텀권역에 위치해 생활환경이 편리하다. 견본주택은 오는 23일 해운대구 우동 글로리콘도 바로 뒤편에 설치된다.,https://news.naver.com/main/read.nhn?mode=LSD&mid=shm&sid1=260&oid=014&aid=0002455461,284
261088,2011.06.13. 오후 1:38,부동산,매일경제,LH단지내 상가 140개 동시 공급,이달 중 세종시 첫마을과 판교신도시 등 관심지역 아파트 상가가 대규모로 공급된다. 한국토지주택공사 LH 는 이달 21 28일 총 140개 LH 단지내 상가를 공급한다고 13일 밝혔다. 수원호매실 세종시 첫마을 등 6개지구에서 95개 상가가 신규 공급된다. 성남판교 서울상암 등 13개지구 45개 상가는 재공급된다. 신규공급 중 세종시 첫마을 물량이 관심을 끈다. A1 A2블록에서 전용면적 53.59 142.92㎡ 23개 점포가 공급된다. 입주는 올해 말로 예정됐다. 이번 공급물량은 입주민 커뮤니티센터 내에 위치해 수요층 확보가 쉽다. 인접 중심상권을 연결하는 간선급행버스 BRT 정거장이 인접해 수요계층을 확대할 수 있는 것도 장점이다. 1블록은 공공분양 895가구 2블록은 분양과 임대합쳐 901가구 배후세대를 두고 있다. 다만 3.3㎡당 공급가가 800만 1000만원 선으로 수도권 주요 택지지구 못지않은 수준인 점은 부담이다. 수도권에서는 수원 호매실 B6블럭 물량이 주목받는다. 1318가구 대단지를 배후수료로 두고 있고 지구내 근린상권과 떨어져 있어 입주민 대상 독점상권 확보가 용이하다. 재공급되는 단지내 상가들도 많다. 특히 성남 판교신도시와 서울 상암 등 관심지역 물건들이 많다. 성남 판교 물량은 전용 29.03 99.10㎡으로 구성됐다. LH가 공급하는 판교내 마지막 단지 상가 물량인만큼 판교의 전망을 밝게 보지만 아직 투자대상을 확보하지 못한 투자자의 경우 눈여겨볼 만 하다. 최초 유찰된 뒤 재공급에 나서는 만큼 예정가격대가 크게 낮아졌다. 점포 1개당 평균시세가 최초 3억3800여만원에서 2억5700여만원으로 24% 가량 내렸다. 다만 유찰된 전례가 있다는 말은 층수나 위치 등 입지 측면에서 상대적인 가치가 낮을 수 있다는 의미이므로 입찰 참여전 충분한 사전 조사가 필요하다. 분양공고 입찰에 관련한 자세한 사항은 LH 홈페이지 hp www.lh.or.kr 를 참조하면 된다. 이명진 기자 r start 화보 손연재 체조갈라쇼 과감한 몸짓 연기 남해안벨트 日기업 생산기지로 범10대그룹 매출 산업비중 3년새 28%→31%로 북한 미모의 女승무원 화제 임상규 전 농림부 장관 자살… 건설현장 식당 비리 연류 비키니 대회 탈락女 충격으로 졸도 알렉스 11일 허리 디스크 수술…‘활동 차질 없나 ’ r end ⓒ 매일경제 mk.co.kr 무단전재 및 재배포 금지 MBA도 모바일로 공부한다.,https://news.naver.com/main/read.nhn?mode=LSD&mid=shm&sid1=260&oid=009&aid=0002483289,284
261089,2011.06.13. 오후 1:37,부동산,이데일리,쌍용건설 싱가포르 W호텔 친환경건축 인증,이데일리 이지현 기자 쌍용건설은 싱가포르에서 시공 중인 W호텔 명품 부띠끄 센터 키사이드 아일 Quayside Isle 이 싱가포르 건설청으로부터 BCA 그린마크 최상위 등급인 플래티넘 인증을 받았다고 13일 밝혔다. 이 건축물은 쌍용건설이 지난 1월 설계와 시공을 동시에 진행하는 디자인 빌드 방식으로 단독 수주한 것이다. 햇빛을 받는 건물 전면에 열전도율이 낮은 이중 특수유리를 사용함으로써 냉방 전력을 일반 건물의 55%까지 줄인 것이 특징이다. 옥상 주요 부분에는 태양전지판을 부착하고 화장실 계단 등 공용구역에 모션센서를 설치하는 등 에너지 절감 설계를 적용해 연간 약 137만kwh를 절감토록 했다. 이는 우리나라에서 1가구 5인 기준 가 한달 평균 300kwh를 사용하는 것을 감안했을 때 약 4550가구가 1개월 동안 사용할 수 있는 전력량이다. 이 외에도 쌍용건설은 현장에 빗물 정수 시스템을 설치해 받아둔 빗물을 화장실 세척과 공사 용수 공사용 차량의 세륜수 분진 제거용 살수 등으로 활용 중이다. 황인강 쌍용건설 상무 해외건축부문 담당 는 이미 오션 프론트 콘도미니엄 2007년 5월 주거부문 과 W호텔 2010년 5월 호텔부문 을 통해 그린마크 최상위 등급 인증을 받은 바 있다 며 앞으로도 국내외 그린컨스트럭션 분야에 입지를 강화해 나갈 것 이라고 말했다. 한편 BCA 그린마크는 싱가포르 정부가 시행 중인 친환경 건축인증제로 미국의 리드 LEED 영국의 브리암 BREEAM 과 함께 세계 3대 친환경 인증 제도로 꼽히고 있다.,https://news.naver.com/main/read.nhn?mode=LSD&mid=shm&sid1=260&oid=018&aid=0002451568,284
261090,2011.06.13. 오후 1:30,부동산,연합뉴스,정창무 교수 분양가상한제 실효성 잃었다,주건협 등 분양가상한제 토론회 공동개최 서울 연합뉴스 이유진 기자 대한건설협회와 한국주택협회 대한주택건설협회는 13일 오후 1시30분 한국화재보험협회빌딩 1층 강당에서 분양가상한제의 합리적 개선을 위한 정책토론회 를 공동 개최했다. 이날 행사에는 최삼규 대한건설협회 회장과 장광근 국회 국토해양위원장 이원재 국토해양부 주택정책과 등 건설업계 관계자 300여명이 참석했다. 분양가상한제의 현실과 정책 과제 를 주제로 발표에 나선 정창무 서울대학교 교수는 분양가상한제가 주택가격의 정상적인 상승을 막아 실수요를 위축시킴으로써 전세난을 유발하는 악순환 구조가 고착되고 있다 고 주장했다. 정 교수는 주택보급률이 100%를 넘고 저출산ㆍ고령화시대로 접어들면서 부동산시장이 수요자 우위로 재편돼 상한제의 실효성이 없어졌다 면서 특히 지금처럼 집값이 떨어지고 거래가 끊긴 상황에서는 더욱 그렇다 고 말했다. 또다른 발표자인 권주안 주택산업연구원 선임연구위원은 가설 검증을 통해 분양가상한제가 폐지되면 공급이 늘어나 서울의 집값은 11분기 후 11% 하락하고 수도권은 12분기 후 5% 떨어질 것 이라고 예상했다. 또 분양가상한제를 즉시 폐지하기 어렵다면 택지 및 건축비 등을 현실화해 원가반영률을 높이고 분양가심사위원회를 개선하는 등의 보완책이 필요하다고 말했다. 주제발표 이후 열린 토론회에는 한나라당 전여옥 의원 민주당 김희철 의원 서울대학교 최막중 교수 주거복지연대 남상오 사무총장 등이 참석해 분양가상한제의 필요성과 개선점 등을 두고 열띤 토론을 벌였다.,https://news.naver.com/main/read.nhn?mode=LSD&mid=shm&sid1=260&oid=001&aid=0005109860,284
261091,2011.06.13. 오후 1:29,부동산,세계일보,수원의 중심 광교신도시 오피스텔 이스턴타워,세계닷컴 ☞ 경기대 도보 3분 경기대역 도보2분 거리의 초역세권 ☞ 전매 무제한 1가구 2주택 미적용 ☞ 광교 신도시 최저 분양가 ☞ 오피스텔 600만원대 상가 2 000만원대 ☞ 선착순 호수 지정 계약 ☞ 고품격 풀옵션 미래 가치 상승과 프리미엄 기대 ☞ 소액투자 가능 투자 대비 임대수익 안정적 ☞ 전세가 높아 환금성 유리 ☞ 부동산 투자 전문가들이 말하는 최고의 상업지역 ☞ 광교 테크노밸리 바로옆에 위치 ☞ 동수원 IC 최단거리 약 100m ☞ 주 풍산건설 책임준공 국제신탁 자금관리 2011년 부동산 시장에서 사람들에게 가장 뜨거운 관심을 받고 있는 지역은 어디일까 모든 부동산 전문가들은 한목소리로 광교 신도시를 1순위로 지목하고 있다. 그 동안 논란을 거듭해온 경기도청 수원지방법원 수원지방검찰청 이전이 확정되면서 118 218㎡ 약35 760평 규모의 행정타운과 65 858㎡ 약19 922평 법조타운이 조성되고 신분당선 연장선의 실시계획승인으로 1월에 착공이 들어가면서 지하철 개통으로 인한 역세권 호재까지 반영되며 상업시설이 살아나고 임대 수요 또한 폭발적으로 늘어날 것이라는 것이 전문가들의 공통된 의견이다. 광교신도시는 경기도 수원시 영통구 이의동 원천동 하동과 팔달구 우만동 장안구 하광교동 상광교동 및 용인시 수지구 상현동 일원 등 2개의 시에 걸쳐서 산업단지와 상업 주거 행정이 어우러져 개발되는 자족 신도시이다. 도시 중심성을 확보할 수 있는 도시공간구조 형성 및 친환경적 도시환경 조성으로 수원시와 용인시 서북부 지역의 발전 도모를 목적으로 하고 있으며 총 면적은 1130만 1699㎥ 약341만8000평 이며 강남 분당 판교를 잇는 경부축 연결 선상에 위치하고 있다. 광교신도시는 영동고속도로 경부고속도로 용인서울고속도로 북수원 상현IC간 도로 흥덕 하동간 도로 동수원 성북IC간 도로 교차지점에 입지하고 있으며 지구내의 동수원 나들목 광교 나들목 신대 나들목의 이용으로 사통팔달 동서남북 어디든지 신속하게 갈 수 있다. 현재 용인서울간고속도로 이용하면 강남까지 30분정도 소요되며 2015년에는 정자역에서 광교신도시에 이르는 신분당선이 개통돼 강남까지 30분이면 도달이 가능하게 되며 지하철 버스를 통해 외부 대중교통을 최대 60%까지 분담하게 된다. 또한 광교신도시의 교육기관은 신설될 학교를 포함해 초등학교 9곳 중학교 6곳. 고등학교 8곳이며 특히 서울대학교 융합과학기술대학원 아주대학교 경기대학교 경희대학교 합동신학대학원대학교등 대학교 5곳도 입지하게 된다. 더불어 경기과학고 서울국제학교 성남 성균관대학교 경희대학교 국제캠퍼스 등 의 학교들도 인근지역에 위치하고 있으며 광교신도시 주변에 아주대병원 빈센트 병원 등 800병상 이상의 대형병원이 입지하고 있으며 추후 동백연세대 의료원과 을지병원 등이 추가로 입지할 예정이다. 녹지율은 국내 신도시 최고 수치인 41 7% 주택용지비율은 18.8% 자족용지비율은 27%이며 20만평 2 043 858㎥ 넓이의 원천 신대호수를 포함하고 있다. TOD Transit Oriented Developement 압축도시 지향으로 인구밀도는 69 ha로 국내 신도시 중 최저이며 주택은 아파트 23 227세대 연립주택 2 149세대 주상복합 5 624세대로 총 31 000세대가 공급된다. 특히 광교테크노밸리는 26만 9404㎡ 약81 495평 의 대규모 부지로 경기도에서 1990년대 후반부터 추진한 사업단지로 총 사업비만 5728억원이상 투입됐다. 2001년부터 운영중인 경기중소기업지원센터를 필두로 2006년에 개원한 나노소자특화팹센터 2007년에 완공된 경기바이오센터와 경기R D센터를 비롯해 차세대융합기술연구원 중소기업지원센터 등 5개 기관과 기업 224개 업체가 입주해 있고 주변으로는 첨단바이오특화단지 경기도청을 포함한 광교행정타운 법조타운과 같은 대형 산업 및 업무시설이 조성되고 있다. 이곳에 풍산건설이 책임준공하고 국제신탁이 자금관리 하는 이스턴타워 오피스텔과 상가를 지하4층 지상10층 규모로 공사진행중이며 분양을 시작했다. 이스턴타워 오피스텔. 상가는 경기대와 경기대역 광교테크노밸리를 연결하는 트라이앵글 삼각축 의 중심축에 위치하고 있으며 광교테크노밸리에 입주한 224개 기업체의 약 4천여명의 상주인원과 제약 첨단바이오 특화단지 조성으로 향후 상주인원은 1만2천여명 일이용객 1만여명 교육연구연인원 7만여명의 이상의 대규모 상권이 유입되면서 2만여 가구에 달하는 배후세대와 경기대학교 약2만여명 아주대학교 약1만2천여명 경희대학교 서울대학교 융합 기술대학원 아주대병원 합동신학대학원대학교 등의 교육시설이 밀집돼 있고 비즈니스파크 및 R D단지등이 가까워 소형 오피스텔을 찾는 직장인 연구원 신혼부부 대학생 등의 풍부한 임대수요가 기대된다. 부동산 전문가들은 광교는 명품신도시 이미지로 현재 중대형 아파트가 주류를 이루고 있고 소형평형 아파트의 공급률이 낮고 오피스텔 용지 광교 6% 분당 9% 판교 8% 일산 8% 부족으로 오피스텔 공급이 턱 없이 부족해 위의 상주인원들의 수용이 한정될 수밖에 없으므로 광교신도시의 완공 후 중소형 오피스텔은 물론 산가도 품귀현상이 바로 나타날 것으로 예상되다 보니 광교신도시의 이스턴타워 오피스텔 상가를 최고의 투자처로 손꼽을수 있다고 말하고 있다. 이스턴타워 오피스텔 상가는 현재 지하 토목공사가 완료 단계로 공정률 20%이상 진행중이고 분양가에서도 거품을 모두 빼고 광교신도시에서 사상 최초의 최저 분양가를 책정하였다. 많은 투자자들이 앞다퉈 이스턴타워 오피스텔 상가 신축 현장을 찾고 있으므로 수익형 부동산에 관심을 갖는분들이나 안정된 투자처를 찾는분 미래가치를 생각하는분 첫투자 하시는 분들은 하루 빨리 방문하는 것이 좋으며 방문전 신청금 입금하시고 호수지정을 받고 방문 상담하시는 것이 유리하다. ◈ 신청금 계좌 수협은행 205 13 0053 76 ◈ 예 금 주 국제신탁㈜ ◈ 신 청 금 100만원 ◈ 문의 전화 031 264 4500 ※본 콘텐츠는 기업 제공 자료로 세계닷컴의견과 다를수 있습니다. Segye.com Segye.com 인기뉴스 한국女 토막살인 살인 아니다 日판결에… 자살 이등병 다리에 피멍 고참들이 온종일… 함바 비리 연루 임상규 순천대 총장 자살 만취한 여성이 스마트폰을 건네준다면… 털 때문에 이별까지…여름이면 고민하는 여성들 ⓒ 세계일보 Segye.com 무단 전재 및 재배포 금지 금융전문뉴스 세계파이낸스 모바일로 만나는 세계닷컴 세계닷컴은 한국온라인신문협회 www.kona.or.kr 의 디지털뉴스이용규칙에 따른 저작권을 행사합니다.,https://news.naver.com/main/read.nhn?mode=LSD&mid=shm&sid1=260&oid=022&aid=0002274400,284
261092,2011.06.13. 오후 1:27,부동산,아시아경제,분양가 상한제 없애면 3년 후 수도권 집값 5% 하락,아시아경제 조철현 기자 분양가 상한제가 폐지되면 3년 후 수도권 집값이 5% 정도 떨어질 것이라는 주장이 나왔다. 대한건설협회·한국주택협회·대한주택건설협회가 13일 서울 여의도동 한국화재보험협회빌딩 대강당에서 공동 개최한 분양가 상한제의 합리적 개선을 위한 정책토론회 에서 권주안 주택산업연구원 선임연구위원은 주제 발표를 통해 단기적으로는 상한제 폐지로 분양가격과 기존 주택 가격이 오를 수 있다 며 하지만 장기적으로 주택 공급이 늘어나면 집값이 떨어질 것 이라고 말했다. 권 연구위원은 이어 분양가 상한제를 없애면 서울 집값은 2년 9개월 이후 11% 수도권 집값은 3년 후 5% 정도 하락할 것 이라고 덧붙였다. 분양가 상한제 폐지가 장기적으로 주택 공급을 늘려 집값 하락에 도움을 줄 것이라는 설명이다. 그는 또 원칙적으로 분양가 상한제를 폐지해야 한다 며 당장 전면적인 폐지가 어렵다면 택지나 건축비 등을 보완해 원가 반영율을 높이는 한편 공공택지 선납대금 기간이자 현실화 기본형 건축비 층수 세분화 분양가심사위원회 제도의 개선 등이 이뤄져야 한다 고 강조했다. 서울대학교 정창무 교수 건설환경공학부 도 주제 발표에서 분양가 상한제는 집값의 정상적 상승 저해→실수요 위축→전세난 유발 로 이어지는 악순환 구조를 고착시키고 있다 며 특히 지금처럼 집값이 하락하고 거래가 침체된 상황에서는 실효성 없는 제도 라고 말했다. 그는 이어 분양가 상한제는 주택 공급을 위축시켜 서민 주거 안정에 악영향을 미칠 것 이라며 분양가 상한제 폐지를 더 이상 늦출 필요가 없다 고 강조했다.,https://news.naver.com/main/read.nhn?mode=LSD&mid=shm&sid1=260&oid=277&aid=0002622251,284
261093,2011.06.13. 오후 1:21,부동산,헤럴드경제,부평역 더블 역세권 신일오피스텔 특별이벤트 분양,☞ 계약금 5% 약 500만원 만 내시면 입주때 까지 들어가는 돈이 없다. ☞ 중도금 전액 무이자 ☞ 풀옵션 특별 제공 ☞ 1가구 2주택 무관 ☞ 서울 7호선 부평구청역과 인천 지하철 1호선 환승역세권·서울 1호선 부평역 신일건업이 인천 부평구 부평역과 부평 구청역 2분거리에 오피스텔 ‘신일 유스테이션’을 분양 중이다. 지난번 문을 연 신일 유스테이션 견본주택은 개관 3일 동안 1만 명이 넘는 관람객이 찾아 청약돌풍을 예고했다. 최근 3년 동안 주변지역에 신규오피스텔이 없었다는 측면에서 수익률에 대한 투자자들의 기대가 컸던 것으로 보인다고 회사측은 밝혔다. 신일 유스테이션은 지하 7층∼지상 20층 규모의 주상복합 오피스텔로 64.46㎡ 19형 108실 마감 70.61㎡ 21형 224실 82.85㎡ 25형 18실 103.31㎡ 31형 32실 등으로 총 382실로 구성됐다. 분양가와 계약조건도 우수하다. 분양가는 3.3㎡당 400만원 대로 저렴하며 중도금 무이자 혜택 무제한 전매제한 풀옵션 무상제공 등 혜택이 소액투자자들의 관심을 끌 것으로 보인다. 소형오피스텔이지만 20층 규모의 랜드마크적 외관 고급커뮤니티와 풀옵션 및 세련된 마감자재를 활용한 점도 눈에 띈다. 인천지하철 1호선과 환승될 예정인 7호선 부평구청역이 2012년 개통 예정으로 오피스텔 완공과 함께 도보 5분에 바로 이용가능한 더블 역세권 으로 강남까지 50분대면 이동할 수 있게 된다. 근처에 공단이 있어 공실이 거의 없는 안정적인 임대수요를 제공한다오후 4 30 2011 06 08. 북측에 GM대우 자동차공단 1만2000여명 부평공단 2만356명 이 있고 남측으로는 부평시장 상권이 자리한다. 또한 바로옆에는 부평구청이 위치해 있어 공실 걱정은 없을 듯 하다. 신일 유스테이션 관계자는 “싼 분양가와 최근 주변지역에 신규오피스텔이 없었다는 점에 수요자들이 매력을 느낄 것으로 판단된다”고 말했다. 견본주택은 롯데마트 삼산점과 삼산체육관 인근에 위치해 있다. ◈ 신청금 100만원을 입금하시고 방문하시면 호수 지정에 유리하다. ◈ 신청계좌 국민은행 392001 04 162963 ◈ 예금주 u3000신일건업 정 계약시에는 자금관리 신탁사로 입금합니다.,https://news.naver.com/main/read.nhn?mode=LSD&mid=shm&sid1=260&oid=016&aid=0000386521,284
261094,2011.06.13. 오후 1:18,부동산,머니투데이,쌍용건설 싱가포르 키사이드 아일 친환경 인증 획득,머니투데이 전병윤 기자 ↑W호텔 명품 부띠끄센터 키사이드 아일 Quayside Isle 조감도. 쌍용건설이 싱가포르에서 시공 중인 W호텔 W Singapore Sentosa Cove 명품 부띠끄센터인 키사이드 아일 Quayside Isle 이 싱가포르 건설청으로부터 BCA 그린마크 Green Mark 최상위 등급인 플래티넘 인증을 받았다고 13일 밝혔다. BCA 그린마크는 싱가포르 정부가 건축 관련 세계 최고 권위의 친환경 인증을 목표로 2005년 제정했으며 현재 중국·인도·말레이시아·베트남·캄보디아 등 아시아와 중동의 사우디아라비아에 수출된 제도다. 미국의 리드 LEED 영국의 브리암 BREEAM 과 함께 세계 3대 친환경 인증으로 인정받고 있다. 쌍용건설이 2011년 1월 설계와 시공을 동시에 진행하는 디자인 앤 빌드 Design Build 방식으로 단독 수주한 키사이드 아일은 햇빛을 받는 건물 전면에 열전도율이 낮은 이중 특수유리를 사용해 실내 온도 24도를 유지하기 위한 냉방 전력량을 일반 건물의 55% 수준으로 줄였다. 또한 옥상 주요 부분에 태양 전지판을 부착하는 등 연간 약 137만킬로와트 kwh 를 절감하도록 설계했다. 우리나라에서 1가구 5인 기준 가 1개월 평균 300킬로와트를 사용하는 점을 감안하면 약 4550가구가 1개월 동안 사용할 수 있는 전력량이다. 공사 현장서 빗물 정수 시스템을 설치해 화장실 세척 공사 용수 분진 제거용 살수 등에 활용해 수영장 4개에 해당하는 약 9000㎥의 물을 절감했다. 이 외에도 옥상 가든에 친환경 인증을 받은 자재를 쓰고 건물 구조에 재생골재로 만든 그린 콘크리트를 100% 사용 소나무 약 27만 그루를 심는 것과 같은 747톤의 이산화탄소 배출저감 효과가 기대된다고 쌍용건설은 설명했다. 쌍용건설 황인강 해외건축부문 담당 상무는 그린마크 제도 도입 후 싱가포르에서 쌍용건설이 시공하는 건축물 총 3건이 각 분야에서 모두 최상위 등급을 인증 받았다 고 말했다. 한편 싱가포르 건설청이 부여하는 BCA 그린마크는 플래티넘 골드 플러스 골드 일반 등 4개 등급으로 나눠 인증을 수여하고 있다. 에너지 효율 지수 등을 종합적으로 평가해 최상위 등급인 플래티넘 Platinum 은 90점 이상 골드 플러스 Gold Plus 는 85점 이상 골드 Gold 는 75점 이상 일반 Certified 은 50점 이상을 받아야 한다.,https://news.naver.com/main/read.nhn?mode=LSD&mid=shm&sid1=260&oid=008&aid=0002554231,284
261095,2011.06.13. 오후 1:15,부동산,파이낸셜뉴스,금호건설 화성시 신천리 마을에서 봉사활동,금호건설은 자사 임직원들로 구성된 아름다운 어울림 자원봉사단이 지난 3일과 9∼10일에 경기도 화성시 송산면 신천리 마을에 봉사활동을 다녀왔다고 13일 밝혔다. 신천리 마을은 150여 명의 70가구 주민들이 거주하고 쌀과 송산포도가 특산품인 지역으로 금호건설은 올해 4월 이 마을과 자매결연을 맺은 바 있다. 자매결연식 이후 본격적인 포도 농사철이 시작되면서 금호건설 자원봉사단은 이달에 두 번에 걸쳐 포도순 따기 작업 및 모내기 등의 농번기철 마을일손을 도왔다. 금호건설은 포도 수확기인 오는 10월까지 기옥 사장을 포함한 임직원들이 매달 마을을 방문 일손 돕기와 농산물 구매 마을 보수 공사지원 등의 다양한 봉사활동을 진행할 예정이다. 한편 금호건설은 사랑의 집짓기를 비롯해 아름다운 벽화 만들기 사랑의 연탄 나르기 등의 다양한 사회공헌 활동을 매년 1000회 이상 지속 실시하고 있다.,https://news.naver.com/main/read.nhn?mode=LSD&mid=shm&sid1=260&oid=014&aid=0002455443,284
261096,2011.06.13. 오후 1:13,부동산,매일경제,역시 수익형 오피스텔은 동탄,소형 오피스텔이나 도시형 생활주택 소형 아파트 등 수익형 부동산에 대한 투자자들의 관심이 몰리는 가운데 주 에스원디엔씨는 경기도 화성 동탄신도시 택지지구 내 삼성반도체 정문 인근에 ‘동탄 에스원스마트빌’ 소형 오피스텔과 도시형 생활주택 소형 아파트 154실을 신규 분양한다. ‘동탄 에스원스마트빌’은 지하3층 지상12층 규모로 주 두손건설이 시공을 맡았고 대한주택보증에서 분양보증과 자금관리를 맡았다. 1층은 상가 5실로 구성됐고 2층 3층은 55㎡ 60㎡ 소형 오피스텔 28실과 4층 12층은 29㎡ 30㎡ 도시형 생활주택 소형 아파트 126실이 들어서는데 전세대 발코니 확장형으로 실면적 5.5㎡가 서비스로 제공된다. 오피스텔 분양 관계자는 “동탄신도시는 삼성전자 화성공장 등이 있어 수도권 신도시 중 자족성이 가장 높은 곳”이라며 “12만 명 이상으로 예상되는 삼성전자 관련 유동인구가 잠재고객이라는 점을 감안하면 상권가치가 탁월할 것”이라고 기대했다. 동탄신도시는 현재 건설이 추진 중인 수도권 급행전철 GTX가 계획대로 지어지면 이곳에서 서울 강남까지 18분 만에 도착이 가능하게 돼 교통여건이 크게 개선될 전망이다. 상가 전체가 테라스형으로 조성될 근린상업시설은 삼성반도체 버스정거장 앞 편의점 부동산 약국 제과점 은행 분식점 등을 유망 업종으로 들었다. 홈페이지 hp sonesmartvill.com 분양문의 1661 8903 자료제공 동탄 에스원스마트빌 ⓒ 매일경제 mk.co.kr 무단전재 및 재배포 금지 MBA도 모바일로 공부한다.,https://news.naver.com/main/read.nhn?mode=LSD&mid=shm&sid1=260&oid=009&aid=0002483264,284
261097,2011.06.13. 오후 1:05,부동산,매일경제,종잣돈 3천 밀리오레를 잡아라,노후는 길어지고 있고 정년은 짧아지는 현실에서 노후 대책을 소홀히 했을 경우 자신은 물론 자녀들에게도 짐이 될 수 있다. 그러다 보니 안정된 노후를 위한 수익형 부동산의 비중이 높아지고 있다. 상가는 대표적인 수익형 부동산으로 꾸준한 임대수익과 향후 가치증가란 두 마리 토끼를 잡을 수 있다. 지하철 역세권 전국상권에 위치한 상가는 일정한 투자수익률이 보장되는 곳이다. 그러나 안전한 상가투자를 고려하고 있다면 짓고 있는 상가보다는 이미 검증된 전문 상가를 찾는 것이 좋다는 부동산 PB들이 조언이다. 투자자는 임차인을 구하려고 노력할 필요도 없고 임대수익을 보장해 주는 곳이라면 투자가치는 충분하다. 얼마전 동대문 패션의 신화를 창조한 동대문 밀리오레 가 13년만에 개별호수를 등기분양 하고 있어 화제다. 동대문 밀리오레는 지하철 동대문역사문화공원역 2 4 5호선 동대문역 1 4호선 역세 권과 40여개의 버스노선이 지나며 동대문과 청계천을 하나로 잇는 동선의 중심에 위치한다. 동대문 시장상권은 세계 최대 규모의 의류 패션 상권이자 서울 패션사업의 중심지로 현재 밀리오레 두타 APM 등 37개의 대규모 패션 도소매 상가 3만5천 개의 점포에 하루 유동인구가 60만 명에 이르고 연간 280만 명의 해외관광객이 방문하고 있으며 하루 평균 매출만 무려 400억 원에 이르고 있다. 서울시는 1조원 규모 개발계획 발표로 도심 재창조 프로젝트의 핵심 사업 동대문운동장 공원화 사업이 2012년 완공 예정인 동대문 디자인 플라자 파크를 서울의 랜드마크로 만들어 동대문 시장의 현재 연 매출 10조 원에서 15조 원으로 높이고 일일 유동인구 60만 명에서 75만 명으로 외국인 관광객은 현재 연 280만 명에서 300만 명의 경제 효과를 바라보고 있고 추가로 국립의료원 기동대 한양공고 등의 부지에 호텔 컨벤션센터의 조성 계획도 수립했다. 동대문 개발 프로젝트의 수혜 지역으로 떠오르는 곳이 바로 동대문 상권 중심에 위치한 밀리오레이다. 동대문은 청계천 복원 성공이후 동대문 상권 매출이 2 3배 이상 올라간 것으로 비춰 봤을 때 동대문 운동장 사업이 완료 되면 상권일대 시세 월세 권리금이 상승 할 것으로 예상된다. 회사 관계자는 “밀리오레는 현재 공실 없이 임대가 맞춰져 있으며 실투자금 3 4천만 원대 투자로 등기 이전이 가능하며 은행 이자의 3 4배의 임대 수익이 보장되기에 조기 마감이 예상된다” 며 안정된 임대 수익을 원한다면 서두르는 것이 좋다고 밝혔다. 신청접수 순서에 따라 개별호수가 지정되는 등기분양 방식이다. 접수문의 02 2118 8611 자료제공 동대문 밀리오레 ⓒ 매일경제 mk.co.kr 무단전재 및 재배포 금지 MBA도 모바일로 공부한다.,https://news.naver.com/main/read.nhn?mode=LSD&mid=shm&sid1=260&oid=009&aid=0002483261,284
261098,2011.06.13. 오후 1:05,부동산,헤럴드경제,수원 광교신도시 소형오피스텔 무조건 잡아라,☞ 경기대 도보 3분 경기대역 도보2분 거리의 초역세권 ☞ 전매 무제한 1가구 2주택 미적용 ☞ 광교 신도시 최저 분양가 ☞ 오피스텔 600만원대 상가 2 000만원대 ☞ 선착순 호수 지정 계약 ☞ 고품격 풀옵션 미래 가치 상승과 프리미엄 기대 ☞ 소액투자 가능 투자 대비 임대수익 안정적 ☞ 전세가 높아 환금성 유리 ☞ 부동산 투자 전문가들이 말하는 최고의 상업지역 ☞ 광교 테크노밸리 바로옆에 위치 ☞ 동수원 IC 최단거리 약 100m ☞ 주 풍산건설 책임준공 국제신탁 자금관리 2011년 새해 부동산 시장에서 사람들에게 가장 뜨거운 관심을 받고 있는 지역은 어디일까 모든 부동산 전문가들은 한목소리로 광교 신도시를 1순위로 지목하고 있다. 그 동안 논란을 거듭해온 경기도청 수원지방법원 수원지방검찰청 이전이 확정되면서 118 218㎡ 약35 760평 규모의 행정타운과 65 858㎡ 약19 922평 법조타운이 조성되고 신분당선 연장선의 실시계획승인으로 1월에 착공이 들어가면서 지하철 개통으로 인한 역세권 호재까지 반영되며 상업시설이 살아나고 임대 수요 또한 폭발적으로 늘어날 것이라는 것이 전문가들의 공통된 의견이다. 광교신도시는 경기도 수원시 영통구 이의동 원천동 하동과 팔달구 우만동 장안구 하광교동 상광교동 및 용인시 수지구 상현동 일원 등 2개의 시에 걸쳐서 산업단지와 상업 주거 행정이 어우러져 개발되는 자족 신도시이다. 도시 중심성을 확보할 수 있는 도시공간구조 형성 및 친환경적 도시환경 조성으로 수원시와 용인시 서북부 지역의 발전 도모를 목적으로 하고 있으며 총 면적은 1130만 1699㎥ 약341만8000평 이며 강남 분당 판교를 잇는 경부축 연결 선상에 위치하고 있다. 광교신도시는 영동고속도로 경부고속도로 용인서울고속도로 북수원 상현IC간 도로 흥덕 하동간 도로 동수원 성북IC간 도로 교차지점에 입지하고 있으며 지구내의 동수원 나들목 광교 나들목 신대 나들목의 이용으로 사통팔달 동서남북 어디든지 신속하게 갈 수 있다. 현재 용인서울간고속도로 이용하면 강남까지 30분정도 소요되며 2015년에는 정자역에서 광교신도시에 이르는 신분당선이 개통돼 강남까지 30분이면 도달이 가능하게 되며 지하철 버스를 통해 외부 대중교통을 최대 60%까지 분담하게 된다. 또한 광교신도시의 교육기관은 신설될 학교를 포함해 초등학교 9곳 중학교 6곳. 고등학교 8곳이며 특히 서울대학교 융합과학기술대학원 아주대학교 경기대학교 경희대학교 합동신학대학원대학교등 대학교 5곳도 입지하게 된다. 더불어 경기과학고 서울국제학교 성남 성균관대학교 경희대학교 국제캠퍼스 등 의 학교들도 인근지역에 위치하고 있으며 광교신도시 주변에 아주대병원 빈센트 병원 등 800병상 이상의 대형병원이 입지하고 있으며 추후 동백연세대 의료원과 을지병원 등이 추가로 입지할 예정이다. 녹지율은 국내 신도시 최고 수치인 41 7% 주택용지비율은 18.8% 자족용지비율은 27%이며 20만평 2 043 858㎥ 넓이의 원천 신대호수를 포함하고 있다. TOD Transit Oriented Developement 압축도시 지향으로 인구밀도는 69 ha로 국내 신도시 중 최저이며 주택은 아파트 23 227세대 연립주택 2 149세대 주상복합 5 624세대로 총 31 000세대가 공급된다. 특히 광교테크노밸리는 26만 9404㎡ 약81 495평 의 대규모 부지로 경기도에서 1990년대 후반부터 추진한 사업단지로 총 사업비만 5728억원이상 투입됐다. 2001년부터 운영중인 경기중소기업지원센터를 필두로 2006년에 개원한 나노소자특화팹센터 2007년에 완공된 경기바이오센터와 경기R D센터를 비롯해 차세대융합기술연구원 중소기업지원센터 등 5개 기관과 기업 224개 업체가 입주해 있고 주변으로는 첨단바이오특화단지 경기도청을 포함한 광교행정타운 법조타운과 같은 대형 산업 및 업무시설이 조성되고 있다. 이곳에 풍산건설이 책임준공하고 국제신탁이 자금관리 하는 이스턴타워 오피스텔과 상가를 지하4층 지상10층 규모로 공사진행중이며 분양을 시작했다. 이스턴타워 오피스텔.상가는 경기대와 경기대역 광교테크노 밸리를 연결하는 트라이앵글 삼각축 의 중심축에 위치하고 있으며 광교테크노밸리에 입주한 224개 기업체의 약 4천여명의 상주인원과 제약 첨단바이오 특화단지 조성으로 향후 상주인원은 1만2천여명 일이용객 1만여명 교육연구연인원 7만여명의 이상의 대규모 상권이 유입되면서 2만여 가구에 달하는 배후세대와 경기대학교 약2만여명 아주대학교 약1만2천여명 경희대학교 서울대학교 융합 기술대학원 아주대병원 합동신학대학원대학교 등의 교육시설이 밀집돼 있고 비즈니스파크 및 R D단지등이 가까워 소형 오피스텔을 찾는 직장인 연구원 신혼부부 대학생 등의 풍부한 임대수요가 기대된다. 부동산 전문가들은 광교는 명품신도시 이미지로 현재 중대형 아파트가 주류를 이루고 있고 소형평형 아파트의 공급률이 낮고 오피스텔 용지 광교 6% 분당 9% 판교 8% 일산 8% 부족으로 오피스텔 공급이 턱 없이 부족해 위의 상주인원들의 수용이 한정될 수밖에 없으므로 광교신도시의 완공 후 중소형 오피스텔은 물론 산가도 품귀현상이 바로 나타날 것으로 예상되다 보니 광교신도시의 이스턴타워 오피스텔 상가를 최고의 투자처로 손꼽을수 있다고 말하고 있다. 이스턴타워 오피스텔 상가는 현재 지하 토목공사가 완료 단계로 공정률 20%이상 진행중이고 분양가에서도 거품을 모두 빼고 광교신도시에서 사상 최초의 최저 분양가를 책정하였다. 많은 투자자들이 앞다퉈 이스턴타워 오피스텔 상가 신축 현장을 찾고 있으므로 수익형 부동산에 관심을 갖는분들이나 안정된 투자처를 찾는분 미래가치를 생각하는분 첫투자 하시는 분들은 하루 빨리 방문하는 것이 좋으며 방문전 신청금 입금하시고 호수지정을 받고 방문 상담하시는 것이 유리하다.,https://news.naver.com/main/read.nhn?mode=LSD&mid=shm&sid1=260&oid=016&aid=0000386519,284
261099,2011.06.13. 오후 12:53,부동산,한국경제TV,마장동 한전 물류센터 부지 개발 본격화,서울 마장동 한국전력 물류센터 부지에 업무와 판매시설 주상복합건물 등이 들어섭니다. 서울 성동구는 한국전력공사와 마장동 한전 물류센터 부지 개발계획을 공동으로 수립하는 내용의 양해각서를 체결했습니다. 이번 사업은 마장역 역세권을 활성화 시키고 도심기능 회복으로 지역경제를 발전시킬 것으로 전망됩니다. 고재득 성동구청장은 도심에 있었지만 비효율적으로 활용되고 있는 한전 부지가 본격적으로 개발되면서 지역 발전에 큰 계기가 되길 기대한다 고 설명했습니다.,https://news.naver.com/main/read.nhn?mode=LSD&mid=shm&sid1=260&oid=004&aid=0002081814,284
261100,2011.06.13. 오후 12:52,부동산,파이낸셜뉴스,동탄신도시 삼성반도체 배후 최대수혜 오피스텔은,최근 퇴직을하고 여윳돈으로 투자를 생각하고 있는 수지사는 이씨는 50세 선뜻 투자에 나서기가 쉽지 않다고 말했다. 많은 상품을 보던중에 어떤투자를 할지 막막했기 때문이다. 아파트나 상가를 보던 중 수익이 높지 않은 것을 알고 오피스텔로 관심을 돌릴려는 찬라 동탄신도시를 우연히 방문하게된 이씨는 삼성이라는 풍부한 배후수요가 있는 통탄신도시를 좋은 방향으로 검토 중이라고 밝혔다. 이씨의 경우 처럼 수익형 부동산에 여윳돈을 투자하는 사람들이 늘고 있다. 최근 전세값상승 아파트시장 침체된 탓에 일정한 임대료를 얻을수있는 오피스텔이 새투자처로 떠오르고있다. 이처럼 투자에 집중이 되는 지역이 있는데 바로 통탄신도시 오피스텔이다. 삼성반도체와 수많은 협력업체들이 들어와 있는 동탄은 직장인들이 거주할 소형 오피스텔이나 주택들이 턱없이 부족한 실정이다. 현재 동탄 일대로 투입될 인원들을 더 생각해보면 바로 지금이 동탄 오피스텔 투자에 적기라고 볼 수 있다. 그중에서도 삼성 반도체 후문쪽에 소액 투자가 가능한 s1스마트빌이 선착순 분양에 돌입하였다. 소액이기 때문에 약간의 여유자금이 있는 젊은층이나 실제 근무를하는 회사원들이 적은 금액으로 생활도 가능하며 노후생활 대비하시는 분들에게도 최소 평단가가 630만원부터 책정되어 은행의 금리보다 높고 안정된 수익을 보실 수 있어 부동산 투자로서 메리트가 충분히 있다고 본다. 이처럼 비교적 저렴하면서도 투자자와 임차인 모두에게 매력적인 조건을 갖춘 동탄에 s1스마트빌이다. 홈페이지 hp sonesmartvill.com 대표번호 1661 8903 오늘의 핫뉴스 방송국서 괴한 나타나 여기자의 코를.. 수입차 딜러·렌터카 ‘검은 커넥션’ “눈이 다 터졌다”황구 학대 시청자 ‘경악’ 스마트폰 공인인증서 사용자 “짜증 폭발” “내 딸 아니야” 주장하던 이만의 前 장관 결국.. 본 자료는 해당 업체에서 제공한 보도 자료입니다.,https://news.naver.com/main/read.nhn?mode=LSD&mid=shm&sid1=260&oid=014&aid=0002455430,284
261101,2011.06.13. 오후 12:42,부동산,매일경제,종자돈 3천만 원 있다면 동대문 밀리오레 잡아라,“가난하게 살 사람은 돈이 생겼을 경우 어디에 돈을 쓸까 생각하지만 부자로 살 사람은 어디에 투자를 할 것인가를 생각한다” 종자돈이 모이기까지는 많은 시간이 걸린다. 단순 무식하게 열심히 투자만 한다고 돈을 벌던 시대는 지났으며 이제는 흐름과 방향을 잘 파악해야만 한다. 저금리 시대에 수익형 부동산의 비중이 높아지고 있다. 상황이 이렇게 되자 최근 경기 회복에 대한 기대감으로 고정적인 수익을 얻을 수 있는 상가가 투자 상품으로 부상 하고 있다. 그중에서 주목받는 곳이 서울시가 1조 원의 사업비를 들여 동대문 운동장의 공원화 2012년 말 등 동대문 시장을 세계적인 패션 관광명소로 개발한다고 발표함 서울시 홈페이지 참조 에 따라 동대문 시장의 붐을 예측하는 창업자들과 투자자들의 관심이 몰리고 있다. 얼마전 동대문 패션의 신화를 창조한 동대문 밀리오레 가 13년 만에 개별호수를 등기분양 하고 있어 화제다. 동대문 밀리오레는 지하철 동대문역사문화공원역 2 4 5호선 동대문역 1 4호선 역세상권과 40여 개의 버스노선이 지나며 동대문과 청계천을 하나로 잇는 동선의 중심에 위치한다. 동대문 시장상권은 세계 최대 규모의 의류 패션 상권이자 서울 패션사업의 중심지로 현재 밀리오레 두타 APM 등 37개의 대규모 패션 도소매 상가 3만5천 개의 점포에 하루 유동인구가 60만 명에 이르고 연간 280만 명의 해외관광객이 방문하고 있으며 하루 평균 매출만 무려 400억 원에 이르고 있다. 서울시는 1조 원 규모 개발계획 발표로 도심 재창조 프로젝트 의 핵심 사업 동대문운동장 공원화 사업이 2012년 완공 예정인 동대문 디자인 플라자 파크를 서울의 랜드마크로 만들어 동대문 시장의 현재 연 매출 10조 원에서 15조 원으로 높이고 일일 유동인구 60만 명에서 75만 명으로 외국인 관광객은 현재 연 280만 명에서 300만 명의 경제 효과를 바라보고 있고 추가로 국립의료원 기동대 한양공고 등의 부지에 호텔 컨벤션센터의 조성 계획도 수립했다. 동대문 개발 프로젝트의 수혜 지역으로 떠오르는 곳이 바로 동대문 상권 중심에 위치한 밀리오레 이다. 동대문은 청계천 복원 성공이후 동대문 상권 매출이 2 3배 이상 올라간 것으로 비춰 봤을 때 동대문 운동장 사업이 완료 되면 상권일대 시세 월세 권리금이 상승 할 것으로 예상된다. 회사 관계자는 “밀리오레는 현재 공실 없이 임대가 맞춰져 있으며 실투자금 3 4천만 원대 투자로 등기 이전이 가능하며 은행 이자의 3 4배의 임대 수익이 보장되기에 조기 마감이 예상 된다” 며 안정된 임대 수익을 원한다면 서두르는 것이 좋다고 밝혔다. 신청접수 순서에 따라 개별호수가 지정되는 등기분양 방식이다. 접수문의 02 2118 8611 자료제공 동대문 밀리오레 ⓒ 매일경제 mk.co.kr 무단전재 및 재배포 금지 MBA도 모바일로 공부한다.,https://news.naver.com/main/read.nhn?mode=LSD&mid=shm&sid1=260&oid=009&aid=0002483255,284
261102,2011.06.13. 오후 12:42,부동산,매일경제,경기대 앞 하숙대란 600만 원대 역세권 오피스텔이 해답,부동산 전문가들은 2011년 부동산 시장에서 가장 뜨거운 관심을 받는 지역으로 광교 신도시를 지목했다. 논란을 거듭해온 경기도청 수원지방법원 수원지방검찰청 이전이 확정되면서 118 218㎡ 약35 760평 규모의 행정타운과 65 858㎡ 약19 922평 법조타운이 조성되고 신분당선 연장선의 실시계획승인으로 1월에 착공이 들어가면서 지하철 개통으로 인한 역세권 호재까지 반영되면 상업시설이 살아나고 임대 수요 또한 폭발적으로 늘어날 것이라는 것이 전문가들의 공통된 의견이다. 이곳에 풍산건설이 책임준공하고 국제신탁이 자금 관리하는 ‘이스턴타워’ 오피스텔이 지하4층 지상10층 규모로 분양 중이다. 이스턴타워 오피스텔은 경기대와 경기대역 광교테크노밸리를 연결하는 트라이앵글 삼각축 의 중심축에 위치하고 있으며 현재 광교 테크노밸리에 224개 기업체의 약 4천여 명의 상주인원이 있고 향후 제약 첨단바이오 특화단지 조성으로 상주인원은 1만2천여 명 일 이용객 1만여 명 교육연구원 인원 7만여 의 이상의 대규모 상권이 유입될 것으로 보인다. 2만여 가구에 달하는 배후세대와 경기대 약2만여 명 아주대 약1만2천여 명 경희대 서울대융합기술대학원 아주대병원 합동신학대학원대학교 등의 교육시설이 밀집돼 있고 비즈니스파크 및 R D단지 등이 가까워 소형오피스텔을 찾는 직장인 연구원 신혼부부 대학생 등의 풍부한 임대수요를 기대해 볼 수 있다. ‘이스턴타워’ 오피스텔은 최적의 교통환경도 갖췄다. 경기대역과 도보1분 거리이며 현재 용인 서울 고속도로 이용하면 강남까지 30분 정도 소요된다. 2015년에는 정자역에서 광교신도시에 이르는 신분당선이 개통돼 강남까지 30분이면 도달이 가능하게 되며 지하철 버스를 통해 외부 대중교통을 최대 60%까지 분담하게 된다. 이스턴타워 오피스텔은 현재 지하 토목공사가 완료 단계로 공정률 15%이상 진행 중이고 분양가에서도 거품을 모두 빼 광교신도시에서도 저렴한 분양가를 책정했다. 안정적인 투자로 부동산 투자를 고려하는 중이라면 하루 빨리 방문하는 것이 좋으며 신청금 입금 후 방문 상담 받아야 원하시는 호수로 선점이 가능하다. 분양문의 031 252 5700 자료제공 이스턴타워 ⓒ 매일경제 mk.co.kr 무단전재 및 재배포 금지 MBA도 모바일로 공부한다.,https://news.naver.com/main/read.nhn?mode=LSD&mid=shm&sid1=260&oid=009&aid=0002483254,284
261103,2011.06.13. 오후 12:42,부동산,파이낸셜뉴스,동탄신도시 최저 분양가 오피스텔은,주 에스원디엔씨는 화성 동탄신도시 택지개발지구내에 삼성반도체 정문 앞 소형 오피스텔과 도시형생활주택 아파트 “에스원스마트빌“을 분양 할 예정이다. 지하3층 지상12층 건물로 지상1층은 근린상업시설 삼성반도체 버스정거장 앞 편의점 부동산 제과점 은행 분식점 약국 입점예정 지상2층 지상3층은 55㎡ 60㎡ 의 소형 오피스텔 지상4층 지상12층은 동탄신도시 1호 도시형생활주택 소형 아파트 으로 구성된다. 오피스텔 분양가는 3.3㎡당 600만원대로 동탄신도시 최저 분양가를 자랑하고 저렴한 비용으로 임대사업을 계획하는 은퇴자들의 관심과 기대가 집중되고 있다. 특히 동탄신도시 1호 도시형생활주택으로 소형 아파트가 부족한 동탄신도시로서는 이슈가 될거같고 게다가 정부에서 시행하는 세제들이 모두 소형으로 몰리기 때문에 유리한 조건이다. 회사 측은 분양가가 동탄신도시에서 가장 낮은 수준 이라며 동탄신도시 내 소형 오피스텔 공급이 턱없이 부족한 상황이어서 투자자를 비롯한 수요자들에게 인기가 높을 것 이라고 말했다. 참고로 동탄신도시내는 엘드로자벨 유진마젤란 지웰에스테이트 석진파아란 서해그랑블 동양파라곤 삼성쉐르빌등이 있으나 대부분이66㎡ 132㎡ 구 20 40평 이다 임대사업자로써 투자금액 대비 수익률을 고려한다면 소형을 2 3채 분양 받는 것이 중 대형을 분양 받는것 보다 수익률 면에서 유리하다고 지적한다. 동탄신도시는 삼성전자 화성공장 5월17일 이건희회장 26조투자 발표 등이 자리잡고 있어 수도권 신도시 중에서 자족성이 가장 높은 곳이라는 평가를 받고 있다. 상가는 전체가 테라스형으로 조성된다. 특히 12만명 이상으로 예상되는 삼성전자 관련 유동인구가 잠재 고객이라는 점을 감안하면 상권 가치가 탁월한 것으로 평가된다. 더구나 삼성전자는 서울 본사 인력 중 상당수 인력을 동탄 등 지방 사업장으로 분산시킬 계획이어서 동탄신도시의 자족성이 더욱 높아질 것으로 예상된다. 최근 투자자들이 동탄신도시를 다시 주목하는 것도 이런 이유에서다. 동탄신도시는 또 수도권 급행전철인 GTX 건설 추진으로 더욱 관심을 끌고 있다. 계획대로 추진될 경우 동탄에서 서울 강남까지 38㎞ 구간을 단 18분 만에 주파할 수 있게 돼 교통 여건이 획기적으로 개선된다. 익현 관계자는 GTX가 건설될 경우 접근성이 다소 떨어진다는 동탄의 약점이 사라지게 된다 며 오피스텔 등의 수요가 크게 늘면서 투자가치도 덩달아 높아질 것으로 기대된다 고 말했다. 홈페이지 hp sonesmartvill.com 대표번호 1661 8903 오늘의 핫뉴스 방송국서 괴한 나타나 여기자의 코를.. 수입차 딜러·렌터카 ‘검은 커넥션’ “눈이 다 터졌다”황구 학대 시청자 ‘경악’ 스마트폰 공인인증서 사용자 “짜증 폭발” “내 딸 아니야” 주장하던 이만의 前 장관 결국.. 본 자료는 해당 업체에서 제공한 보도 자료입니다.,https://news.naver.com/main/read.nhn?mode=LSD&mid=shm&sid1=260&oid=014&aid=0002455424,284
261104,2011.06.13. 오후 12:32,부동산,세계일보,소형 부동산 불패신화…오피스텔 및 도시형생활주택 ‘비즈트위트’ 분양,문영건설 수익형 부동산 비즈트위트 선착순 분양 세계닷컴 서울시 구로구 구로동 신도림역 1·2호선 환승역 과 대림역 2호선 더블 역세권에 위치한 문영비즈트위트 오피스텔 및 도시형생활주택을 선착순 분양중이다. 비즈트위트 는 1인 2인 세대를 겨냥한 초소형 오피스텔과 도시형 생활주택으로 지하3층 지상19층 분양 면적 기준 32.55㎡ 46.37㎡ 총 436세대로 구성됐으며 여타 도시형 생활주택과 차별되는 주민공동시설을 별도로 마련해 입주민 편의시설을 최대한 제공했다. 고급 마감재 사용과 시스템 에어컨 빌트인 시스템 TV 비데를 무상으로 제공하고 세대별 구분등기 각종 세제혜택이 주어진다. 계약금은 10% 중도금 60% 무이자대출 잔금 30%로 입주 시 까지 추가부담 없이 투자가 가능하다. 주택임대사업을 계획하는 투자자는 수도권 3주택만 구입하면 임대사업을 할 수 있어 적은 투자금액으로도 안정적인 수익을 얻을 수 있다. 신도림역과 대림역 구로역 주변은 홈플러스 테크노마트 이마트 애경백화점 등 대형 편의시설이 입점 영업 중이다. 신도림역과 연결되는 약 40만㎡ 규모의 디큐브시티 내 디큐브백화점 쉐라톤호텔 뮤지컬 전용극장 콘서트홀 오피스사무 동 주상복합아파트 등 올해 8월 27일 오픈 예정으로 신도림역을 기준으로 일대 변혁이 예상된다. 또한 목동 이대병원 고대 구로병원 등 대형의료 시설도 인접해 있어 투자에 좋은 조건을 충족하고 있다. 디지털 단지 등 IT 밸리 종사자 약 23만 명과 강남지역 출·퇴근자 사업지 인근 직장인 등 상주인구와 유동인구를 동시에 아우르고 풍부한 임대수요를 바탕으로 공실이 없다는 것이 큰 장점이다. 실투자금은 3000만원대로 전매가 자유롭다. 2012년 12월 입주 예정이다. 신청방법은 선착순 호수지정 신청금 100만원 이며 신청금은 미계약시 전액환불된다. 입급계좌는 우리은행 1005 601 836687이며 예금주는 주 문영종합개발이다. 분양문의 02 2111 6620 ※본 콘텐츠는 기업 제공 자료로 세계닷컴의견과 다를수 있습니다. Segye.com Segye.com 인기뉴스 한국女 토막살인 살인 아니다 日판결에… 자살 이등병 다리에 피멍 고참들이 온종일… 함바 비리 연루 임상규 순천대 총장 자살 만취한 여성이 스마트폰을 건네준다면… 털 때문에 이별까지…여름이면 고민하는 여성들 ⓒ 세계일보 Segye.com 무단 전재 및 재배포 금지 금융전문뉴스 세계파이낸스 모바일로 만나는 세계닷컴 세계닷컴은 한국온라인신문협회 www.kona.or.kr 의 디지털뉴스이용규칙에 따른 저작권을 행사합니다.,https://news.naver.com/main/read.nhn?mode=LSD&mid=shm&sid1=260&oid=022&aid=0002274382,284
261105,2011.06.13. 오후 12:32,부동산,세계일보,서울강남 20분 거리 수원 장안 STX 칸 아파트 분양,세계닷컴 STX건설은 수원 장안브랜드타운 7 500여 세대의 맨 앞자리에 위치한 STX칸 아파트 947가구를 분양 중이다. 수원시 장안구 이목동에 위치한 이 아파트는 과천 의왕간 고속화도로를 이용할 때 서울 양재까지의 거리가 18km에 불과하여 서울 접근성이 우수하다. 또한 국철 1호선 성균관대역 신분당선 환승 예정인 화서역이 가깝고 영동고속도로 북수원IC와 경수산업도로도 인접해 있다. 생활환경도 빼놓을 수 없는 장점이다. 홈플러스 롯데마트 CGV 등 정자 천천지구의 생활인프라 이용이 편리하며 경기과학고 수성고 등 교육환경도 우수하다. 단지 내에는 다목적 실내 체육관 고품격 휘트니스 센터 GX룸 최신식 실내 골프연습장 등을 비롯 북카페 키즈카페 실버클럽 등 입주민을 커뮤니티 시설로 가득 채워진다. 인근 시세보다 저렴한 분양가에 중도금의 50%를 무이자로 지원해주며 계약금은 5%이다. 견본주택은 수원종합운동장 사거리에 위치해 있으며 현재 성황리에 동호수 지정계약 중이다. 문의 031 246 2200 ※본 콘텐츠는 기업 제공 자료로 세계닷컴의견과 다를수 있습니다. Segye.com Segye.com 인기뉴스 한국女 토막살인 살인 아니다 日판결에… 자살 이등병 다리에 피멍 고참들이 온종일… 함바 비리 연루 임상규 순천대 총장 자살 만취한 여성이 스마트폰을 건네준다면… 털 때문에 이별까지…여름이면 고민하는 여성들 ⓒ 세계일보 Segye.com 무단 전재 및 재배포 금지 금융전문뉴스 세계파이낸스 모바일로 만나는 세계닷컴 세계닷컴은 한국온라인신문협회 www.kona.or.kr 의 디지털뉴스이용규칙에 따른 저작권을 행사합니다.,https://news.naver.com/main/read.nhn?mode=LSD&mid=shm&sid1=260&oid=022&aid=0002274381,284
261106,2011.06.13. 오후 12:29,부동산,매일경제,동탄신도시 턱없이 부족한 소형 오피스텔…. 그 해결책은,주 에스원디엔씨는 화성 동탄신도시 택지개발지구 내에 삼성반도체 정문 앞 소형 오피스텔과 도시형생활주택 아파트 에스원스마트빌 을 분양할 예정이다. 지하3층 지상12층 건물로 지상1층은 근린상업시설 삼성반도체 버스정거장 앞 편의점 부동산 제과점 은행 분식점 약국 입점예정 지상2층 지상3층은 55㎡ 60㎡ 의 소형 오피스텔 지상4층 지상12층은 도시형 생활주택 소형 아파트 으로 구성된다. 오피스텔 분양가는 3.3㎡당 600만 원대로 저렴한 분양가를 자랑한다. 저렴한 비용으로 임대사업을 계획하는 은퇴자들의 관심이 집중된다. 동탄신도시 1호 도시형 생활주택으로 소형 아파트가 부족한 동탄신도시로써는 이슈가 될 것을 예상한다. 정부에서 시행하는 세제들이 모두 소형으로 몰리기 때문에 유리한 조건이다. 회사 측은 분양가가 동탄신도시에서 가장 낮은 수준 이라며 동탄신도시 내 소형 오피스텔 공급이 턱없이 부족한 상황이어서 투자자를 비롯한 수요자들에게 인기가 높을 것 이라고 말했다. 동탄신도시 내에는 엘드로자벨 유진마젤란 지웰에스테이트 석진파아란 서해그랑블 동양파라곤 삼성쉐르빌 등이 있으나 대부분이66㎡ 132㎡ 20 40평 이다. 임대사업자로서 투자금액 대비 수익률을 고려한다면 소형을 2 3채 분양 받는 것이 중대형을 분양 받는것 보다 수익률 면에서 유리하다 볼 수 있다. 동탄신도시는 삼성전자 화성공장 5월17일 이건희 회장 26조 투자 발표 등이 자리잡고 있다. 상가는 전체가 테라스형으로 조성된다. 12만 명 이상으로 예상되는 삼성전자 관련 유동인구가 잠재 고객이라는 점을 감안하면 상권 가치가 탁월하다. 삼성전자는 서울 본사 인력 중 상당수 인력을 동탄 등 지방 사업장으로 분산시킬 계획이어서 동탄신도시의 자족성이 더욱 높아질 것으로 예상된다. 최근 투자자들이 동탄신도시를 다시 주목하는 것도 이런 이유에서다. 동탄신도시는 수도권 급행전철인 GTX 건설 추진으로 더욱 관심을 끌고 있다. 계획대로 추진될 경우 동탄에서 서울 강남까지 38㎞ 구간을 단 18분 만에 주파할 수 있게 돼 교통 여건이 개선된다. 관계자는 GTX가 건설될 경우 접근성이 다소 떨어진다는 동탄의 약점이 사라지게 된다 며 오피스텔 등의 수요가 크게 늘면서 투자가치도 덩달아 높아질 것으로 기대된다 고 말했다. 홈페이지 hp sonesmartvill.com 문의 1661 8903 자료제공 에스원스마트빌 ⓒ 매일경제 mk.co.kr 무단전재 및 재배포 금지 MBA도 모바일로 공부한다.,https://news.naver.com/main/read.nhn?mode=LSD&mid=shm&sid1=260&oid=009&aid=0002483253,284
261107,2011.06.13. 오후 12:08,부동산,한국경제TV,부산 더샵 센텀포레 23일 707가구 분양,포스코건설은 오는 23일 부산 더샵 센텀포레 의 견본주택을 오픈하고 본격 분양에 나선다고 밝혔습니다. 부산 더샵 센텀포레 는 지상 최고 27층 12개동 총 1 006가구 규모의 대단지로 일반분양 물량은 707가구입니다. 전용면적 59 154m² 가운데 85m² 이하 중소형 평형이 746가구로 전체 공급량의 74.2%를 차지합니다. 분양가는 공급면적 기준 3.3m²당 평균 1 000만원 이하로 공급되며 29일 1순위 청약을 시작으로 7월 1일까지 청약을 받습니다. 견본주택은 해운대구 우동 글로리 콘도 바로 뒷편에 위치하고 있습니다. 부산 더샵 센텀포레 는 부산지하철 2호선 민락역이 단지 바로 앞에 위치해 있고 부산 최고 주거지역인 센텀시티와 가깝습니다.,https://news.naver.com/main/read.nhn?mode=LSD&mid=shm&sid1=260&oid=004&aid=0002081805,284
261108,2011.06.13. 오후 12:08,부동산,한국경제TV,싱가포르 키사이드 아일 친환경 최고인증 획득,쌍용건설은 싱가포르에서 시공중인 W 호텔내 명품 부띠끄 센터 키사이드 아일 이 싱가포르 건설청으로부터 BCA 그린마크 최상위 등급인 플래티넘 인증을 받았다고 밝혔습니다. BCA 그린마크는 싱가포르 정부가 건축 관련 세계 최고 권위의 친환경 인증을 목표로 2005년 제정한 이래 현재는 중국 인도 말레이시아 베트남 캄보디아 등 아시아와 중동의 사우디아라비아까지 수출돼 시행중인 제도입니다. 키사이드 아일 은 이중 특수유리를 사용해 실내 온도 24℃를 유지하기 위한 냉방 전력량이 일반 건물의 약 55%에 불과한 것이 특징입니다. 또 옥상의 태양전지판을 통해 연간 약 137만kwh를 절감하고 재생골재로 만든 그린 콘크리트를 사용해 이산화탄소 배출저감 효과를 보이고 있습니다. 한편 쌍용건설은 2007년 5월 싱가포르 오션 프론트 콘도미니엄이 주거건물 최초로 그린마크 플래티넘 인증을 받았으며 2010년 5월에는 아시아 최초로 호텔부문에서 W 호텔이 플래티넘 인증을 받은 바 있습니다.,https://news.naver.com/main/read.nhn?mode=LSD&mid=shm&sid1=260&oid=004&aid=0002081804,284
261109,2011.06.13. 오후 12:05,부동산,헤럴드경제,“월세 받아 가세요” 10년동안 임대료 대기업에서 지급.,선임대후분양으로 “치솟는 물가 불안한 연금 한번에 해결했어요” 가정주부 이모씨 49세 는 남편 월급이외에 소형매장 3개를 뉴코아에 임대주고 매달 300만원 가량의 임대수익을 올리고 있다. 내집마련과 함께 소액의 수익상가를 먼저 사둔 것이 남들과 차별화된 재테크 전략이라고 말한다. 월급만으로 물가상승 자녀교육비 급증과 노후대책을 동시에 감당하기는 불가능하다는 것이다 베이비붐 세대의 대규모 은퇴와 보금자리주택 등 정부의 적극적인 임대주택 공급으로 점차 주택가격은 하락할 전망이지만 빨라지는 정년과 평균수명연장 등은 노후생계를 위협하므로 생계유지수입원 확보에 빨간불이 들어왔다. 이런 사회분위기에 맞게 ‘선임대후분양’에 확정수익율 보장까지 되는 임대수익의 2중3중 안정장치가 되어있는 부천터미널 ‘소풍’은 분양특수를 맞고 있다. 등기이전받고 10년동안 뉴코아에서 월세받고 초기 3년간 총 18% 확정수익 또 받고.. ‘소풍’은 신도시의 탁월한 입지와 이랜드 그룹 뉴코아 킴스클럽이 10년 임대의 장기 계약조건으로 입점 임대계약기간 2009.9 2019.9 함으로써 10년동안 공실 및 건물관리 염려 없이 대기업으로부터 안정적으로 월세를 받을 수 있다. 실투자금 7천만원대 매장을 분양받으면 기다릴 필요없이 등기이전 후 바로 보증금과 익월 최저 85만원 120만원의 임대수익이 지급되며 무엇보다 초기 3년간 최저 18%수익보장이 되어 초기 투자리스크가 전혀 없다는 것이 강점이다. 롯데백화점 본점 약 7.8배의 대규모 유통센터로 알려진 이곳은 현재 부천종합터미널과 11개관의 프리머스영화관 컨벤션웨딩홀 스포츠 센터가 단일건물 내 입점하여 집객파워 및 매출 시너지가 무엇인지 보여주고 있다. 이중 1층부터 5층까지 도심형 최대 프리미엄 아울렛인 뉴코아와 킴스클럽이 입점한 매장을 등기분양 한다. 이랜드가 선점한 이곳은 교통의 요지이며 지하철1호선과 2012년 개통예정인 7호선 상동역의 더블역세권형성으로 상권성장 잠재력과 시세차익이 기대되는 곳이다. 또한 현재 완공 후 영업중인 것을 분양 받으므로 투자 후 바로 수익이 발생하고 소유권 이전 받기 전까지 분양대금을 한국자산신탁에서 안전하게 관리 해준다는 것이 투자자들이 선호하는 큰 이유중에 하나다.,https://news.naver.com/main/read.nhn?mode=LSD&mid=shm&sid1=260&oid=016&aid=0000386513,284
261110,2011.06.13. 오전 11:52,부동산,동아일보,견본주택에 들어온 가온호수공원,동아닷컴 견본주택에 가온호수공원이 들어왔다. 롯데건설이 지난 6월 10일 교하신도시 운정지구 롯데캐슬 견본주택을 오픈해 실수요자들의 관심이 높은 가운데 견본주택 1층 내 단지 모형과 더불어 단지 바로 앞에 위치해 있는 가온호수공원 모형을 설치해 눈길을 끌고 있다. 견본주택 오픈 첫 주말 동안 3만여명의 고객들이 몰려 교하신도시 운정지구 롯데캐슬의 인기를 실감케 했으며 견본주택 내 설치된 각 주택형 유닛에 대한 관심도 뜨거웠다. 교하신도시 운정지구 롯데캐슬은 전용 59A㎡는 전면 4BAY로 일조권 및 조망권을 최대한 확보하고 드레스룸 및 부부욕실에 샤워부스를 설계해 편의성을 높였다. 전용 84A㎡ 101A㎡ 113A㎡는 전 후면에 발코니를 배치해 맞통풍이 가능하며 보관이 불편한 청소기 교자상 장난감 등 부피가 큰 물품을 수납할 수 있는 넉넉한 팬트리 Pantry 가 주방에 설치해 수납공간을 특화했다. 단지 내 조경도 뛰어나다. 단지의 절반을 테마공원으로 조성하기 때문이다. 자낙나무숲길 메타세콰이어길 단풍나무길 억새밭길 등 숲과 나무 사이로 1.1Km의 테마산책로와 약 700m에 달하는 자전거 도로가 조성되며 편백나무 동산 숲속놀이터 미디어폴의 빛과 바닥분수의 물줄기가 오케스트라의 음악에 맞춰 춤을 추는 빛의 광장도 들어설 예정이다. 커뮤니티 시설도 잘 갖춰진다. 영 유아 및 부모들을 위한 캐슬 맘 키즈 카페가 조성된다. 키즈 카페에서는 실내 테마놀이터 파티룸 동화구연실이 꾸며질 예정이며 맘스카페에서는 아이를 보며 육아 정보를 교류할 수 있고 소규모 강좌도 가능하도록 공간을 구성할 계획이다. 또한 돌잔치 가족모임 등 다양한 행사를 열 수 있는 연회장과 외부 손님과 친척 방문 시 사용할 수 있는 게스트하우스 등도 제공된다. 피트니스클럽에는 20여종의 운동시설과 GX룸이 갖춰진다. 이 밖에 탁구장 사우나시설 웰빙테라피룸도 갖출 예정이다. 실내골프 클럽은 일반타석 16타석 스크린골프장 2개소 퍼팅그린 공간을 갖춘다. 이 외에도 도서관 독서실 100여석 도 조성한다. 단지 인근 생활 편의 시설도 뛰어나다. 통일동산 헤이리 예술마을 영어마을 첼시 프리미엄아울렛 등이 인근에 위치해 있다. 단지 바로 뒷 편에 교하가람행복센터가 2012년 상반기 중에 완공될 예정이다.,https://news.naver.com/main/read.nhn?mode=LSD&mid=shm&sid1=260&oid=020&aid=0002250681,284
261111,2011.06.13. 오전 11:50,부동산,아시아경제,쌍용건설 ‘W호텔 부띠끄 센터’ 친환경 최상위 인증,싱가포르 W호텔 부띠끄 키사이드 아일 조감도 쌍용건설 아시아경제 배경환 기자 쌍용건설이 싱가포르에서 시공 중인 W호텔의 부띠끄 센터 ‘키사이드 아일 Quayside Isle ’이 BCA 그린마크 최상위 등급을 받았다. BCA 그린마크는 싱가포르 정부가 세계 최고 권위의 친환경 인증을 목표로 2005년 제정한 인증제도다. 현재 중국 인도 말레이시아 베트남 캄보디아 등 아시아와 중동의 사우디아라비아까지 수출됐다. 특히 미국의 리드 LEED 영국의 브리암 BREEAM 과 함께 세계 3대 친환경 인증으로 알려졌다. 쌍용건설이 단독 수주해 설계와 시공을 진행하는 W호텔의 부띠끄 센터 ‘키사이드 아일’은 햇빛을 받는 건물 전면에 열전도율이 낮은 이중 특수유리를 사용했다. 이를 통해 실내 온도 24℃를 유지하기 위한 냉방 전력량이 일반 건물의 약 55%에 불과하다. 옥상 주요 부분에는 태양 전지판을 부착하고 화장실 계단 등 공용구역에 모션센서를 설치했다. 연간 약 137만kwh 우리나라에서 1가구 5인 기준 가 1달 평균 300kwh를 사용하는 것을 감안하면 4550가구의 1달 사용량을 절약하는 셈이다. 현장에서는 올림픽 규격 수영장 4개에 해당하는 약 9000㎥의 물을 절감하고 있다. 우수를 재활용하는 빗물 정수 시스템을 설치한 것이다. 이는 화장실 세척 공사 용수 공사용 차량의 세륜수 분진 제거용 살수 등에 활용된다. 이밖에 옥상 가든의 인조 목재 데크 등에는 친환경 인증을 받은 자재를 사용하고 있다. 건물 구조에는 재생골재로 만든 그린 콘크리트를 100% 사용해 소나무 약 27만 그루를 심는 것과 같은 747t의 이산화탄소 배출저감 효과도 올리고 있다. 황인강 쌍용건설 상무는 “그린마크 제도 도입 후 싱가포르에서 쌍용건설이 시공하거나 또는 시공 중인 건축물 총 3건이 각 분야에서 모두 최상위 등급을 인증 받았다”며 “국제적인 권위가 있는 친환경 인증 실적을 바탕으로 국내외 그린컨스트럭션 분야에 입지를 강화해 나갈 것”이라고 말했다.,https://news.naver.com/main/read.nhn?mode=LSD&mid=shm&sid1=260&oid=277&aid=0002622205,284
261112,2011.06.13. 오전 11:48,부동산,동아일보,뜨거운 부산 부동산 시장 부산 명륜 아이파크 견본주택에 구름인파 몰렸다,동아닷컴 견본주택 오픈 첫 주말동안 2만 5천여명 몰려 전용면적 62 151㎡ 1041가구 일반분양 현대산업개발이 부산시 동래구 명륜동 190번지 일대에 들어설 부산 명륜 아이파크 견본주택을 6월 10일 오픈하고 본격적인 분양에 나섰다. 부산 명륜 아이파크 견본주택은 부산지하철 3호선 거제역 인근에 위치해 있으며 10일 오픈 첫 날에만 평일임에도 6천여명이 방문했고 오픈 첫 주말 동안 2만 5천여명이 다녀갔다. 주말 동안 예비 청약자들이 한꺼번에 몰리면서 모델하우스 인근은 큰 혼잡을 빚었다. 명륜 아이파크는 최근 부산의 청약 열기 뿐만 아니라 아이파크 브랜드 파워 부산 전통의 주거지역 이라는 입지까지 더해져 높은 청약경쟁률을 보일 전망이다. 실제로 부산은 전국에서도 청약열기가 가장 높고 작년 가을부터 1순위 마감 단지가 등장하는 등 현재까지 청약불패 행진이 이어지고 있다. 이 단지는 명륜3구역 재개발아파트로 지하3층에서 지상 28층 20개동의 총 1409세대 규모로 이 중 1041가구를 일반분양한다. 주택형은 전용면적 24 151㎡ 총 1 409가구로 전용면적 62 151㎡ 1 041가구가 일반분양된다. 전체 분양 가구 가운데 60% 이상이 중소형으로 이뤄져 있고 재개발 단지임에도 일반분양 비율이 74%로 높고 다양한 라이프스타일을 고려해 14가지 Type의 주택형을 공급 실수요자들의 선택의 폭을 넓혔다.,https://news.naver.com/main/read.nhn?mode=LSD&mid=shm&sid1=260&oid=020&aid=0002250679,284
261113,2011.06.13. 오전 11:46,부동산,헤럴드경제,한강변에가장 가까운 아파트 마지막기회,서울 올림픽대로가 연장 한라비발디 단지 앞으로 ... ♣서울 올림픽 대로가 연장 “한라비발디” 단지 앞으로 다음달 김포한강로 개통 IC 바로인접 여의도 20분 강남 40분 조류 생태공원 맨 앞 자리 ♣인근 강 산 공원을 끼고 있는 자연친화적 아파트 ♣계약금 5% 전세대 중도금 전액 무이자 한강과 맞닿은 한강신도시. 오는 2013년 조성이 완료되는 한강신도시는 서울에서 서쪽으로 약 12km내 거리에 자리한다 수도권 2기 신도시에 길이 열린다. 한강과 한강의 물줄기를 끌어들여 수변도시로 개발된다. 한강신도시는 김포시 장기동 운양동 양촌면 일대에 조성된 곳으로 이름에서도 유추할 수 있듯이 한강이 메인이 되는 도시다. 특히 한강 하류를 활용한 생태공원과 친환경 수로로 주목을 받고 있는 도시이기도 하다. 때문에 ‘한국의 베니스’로 불리기도 한다. 이곳 한강신도시는 크게 3개의 콘셉트로 개발된다. 한강변에 가장 가까운 곳에 생태환경지구가 조성된다. 생태환경지구는 생태체험. 학습공간이 도입되고 문화예술의 거리 아트빌리지 등 문화도시에 필요한 기반시설이 갖춰질 예정이다. 생태환경지구 남쪽으로는 문화교류지구와 서쪽으로는 중심상업지구가 있는 복합업무지구가 들어선다. 전문가들은 한강신도시에서 주거환경과 올림픽대로를 통한 강남접근성 등을 따져볼 때 생태환경지구의 주거가치가 상대적으로 클 것이라는 평가다. 한강신도시 “한라비발디”는 지하 2층 지상 19층 12개동으로 총 857가구의 대단지로 구성되 있으며 105m2 구 39평 형 대로 잔여세대를 분양하고 있다. 타지역보다 저렴한 분양가로 한강신도시 내에서 가장 금싸라기 땅에 들어선다. 한강신도시 대부분의 아파트는 중도금 이자 후불제로 진행하나 “한라비발디” 계약조건으로는 계약금 5% 2회분납 하면 중도금 60%전액 무이자로 추가 금액 부담이 전혀 없다 서둘러야 선호하는 동호수를 지정할수 있다. 또 전매제한이 없어 투자자들이 몰리는 추세이다. 현재 견본주택을 통해 신청접수를 받고 있으며 신청금 100만원을 우리은행 1005 601 820602 예금주 한라건설 주 입금하면 누구나 한강신도시 한라비발디의 주인이 될수 있다.,https://news.naver.com/main/read.nhn?mode=LSD&mid=shm&sid1=260&oid=016&aid=0000386507,284
261114,2011.06.13. 오전 11:46,부동산,헤럴드POP,포스코건설 부산 더샵 센텀포레 23일 모델하우스 오픈,포스코건설 사장 정동화 이 오는 23일 부산 ‘더샵 센텀포레’의 모델하우스를 오픈하고 본격 분양에 나선다. 부산 ‘더샵 센텀포레’는 지하 4층 지상 최고 27층 12개동 총 1 006가구 규모의 대단지로 전용면적 59 154m²의 다양한 평형으로 구성된다. 이 중 전용면적 85m2 이하의 중소형 평형이 746가구로 전체 공급량의 74.2%를 차지한다. ‘더샵 센텀포레’의 총 1 006가구 공급 물량 중 일반 분양은 705가구이다. 일반 분양 물량을 전용면적으로 나눠 살펴보면 p59m² 82가구 p84m² 432가구 p99m² 42가구 p128m² 120가구 p154m² 29가구 등이다. 분양가는 공급면적 기준 3.3m2당 평균 1 000만원 이하로 공급될 예정이다. 29일 1순위 청약을 시작으로 7월 1일까지 청약을 받으며 당첨자발표는 7월 7일 계약기간은 7월 12일부터 14일까지이다. ‘더샵 센텀포레’는 올 초 닥터아파트의 ‘올해 가장 관심을 갖는 광역시 분양 물량’ 1순위에 이름을 올리며 가장 인기 있는 단지로 꼽히는 등 전국적으로 관심이 집중되고 있는 단지이다. ‘더샵 센텀포레’는 부산지하철 2호선 민락역이 단지 바로 앞에 위치해 있다. 또한 부산의 최고 주거지역인 센텀권역으로 센텀시티 내 롯데백화점과 신세계센텀시티 홈플러스가 도보로 10분 거리에 있으며 인근에 BEXCO와 부산시립미술관 APCE나루공원 등 문화 시설도 풍부하다. 생활인프라 시설만큼이나 단지 인근 환경도 우수하다. 더샵 센텀포레 단지 앞에는 생태하천인 수영강이 흐르고 단지 뒤편에는 친환경 녹지인 백산이 자리잡고 있는 등 전형적인 배산임수 입지로 쾌적한 주거환경을 자랑하고 있다. 반경 2km이내 초등학교 1개소 중학교 3개소 고등학교 6개소가 인접하며 특히 도보 10분 거리에 초등학교가 위치하고 있다. 안전한 등하굣길을 위한 통학버스도 운행할 계획이다. 모델하우스는 해운대구 우동의 글로리 콘도 바로 뒤편에 설치된다.,https://news.naver.com/main/read.nhn?mode=LSD&mid=shm&sid1=260&oid=112&aid=0002202549,284
261115,2011.06.13. 오전 11:43,부동산,매일경제,‘범어숲 화성파크드림S’ 초기 계약율 76% 달성,화성산업은 범어숲 화성파크드림S 초기 계약율을 76% 달성했다고 밝혔다. 범어동의 우수한 입지환경과 저작권등록 新평면을 통한 공간의 효율성과 기능성을 확대 자연스러우면서도 격조 높은 세련된 인테리어 디자인 등 수요자 중심의 제품 트랜드를 반영함으로써 얻은 결과로 평가했다. 견본주택 오픈 첫 날에 1만 여명이 몰려 오피스텔은 99실 공급에 총 5천 4백여 건이 접수되어 평균경쟁율 54.5 1 최고 경쟁률 71 1이라는 기록을 세우며 초기계약율 100% 달성이라는 성과를 나타냈다. 또한 아파트는 전체평균 1.78 1의 청약 경쟁율을 나타내면서 전용142㎡ 펜트하우스 는 1순위 전용85㎡ 이하와 125㎡ 는 3순위로 청약을 마감하였다. 한편 일부 미계약된 동호수에 대해서는 선착순으로 동호수를 지정하여 분양받을 수 있으며 발코니확장 무상과 대출금 분양가의 60% 에 대한 무이자 지원 혜택도 제공하고 있다. 매경닷컴 뉴스센터 ⓒ 매일경제 mk.co.kr 무단전재 및 재배포 금지 MBA도 모바일로 공부한다.,https://news.naver.com/main/read.nhn?mode=LSD&mid=shm&sid1=260&oid=009&aid=0002483232,284
261116,2011.06.13. 오전 11:37,부동산,아시아경제,2014년까지 18종 부동산 정보 하나로 통합,아시아경제 박충훈 기자 토지대장 지적도 등기부등본 등 18종의 부동산 정보를 담은 공적장부가 2014년까지 하나로 통합된다. 건축 인허가 토지 분할 등을 일괄 처리할 수 있어 민원서비스 개선은 물론 지자체 등 행정부서의 중복업무 해소와 비용 절감이 가능할 전망이다. 국토해양부는 이와 관련 13일 국회 헌정기념관에서 부동산 행정정보 일원화를 위한 정책토론회 를 개최한다. 부동산 공적장부는 단계적으로 통합된다. 내년까지 토지대장·임야대장·대지권등록부·공유지연명부·지적도·임야도·경계점좌표등록부·건축물대장 등 11종의 부동산서류가 통합된다. 이어 2013년까지 개별공시지가확인서·개별주택가격확인서·공동주택가격확인서·토지이용계획확인서 등이 합쳐진다. 2014년에는 토지등기부등본·건물등기부등본·집합건물등기부등본 등의 통합이 진행된다. 이로 인해 부동산과 관련된 대부분의 정보를 하나의 종합공부 에서 볼 수 있게 된다. 부동산 정보는 그동안 국토부 대법원의 2개 부처 5개 법령으로 분산 관리돼 업무 중복은 물론 구비서류 중복 제출 등 민간에도 불편을 가져왔다. 국토부에서 파악한 바로는 연간 1억100만건의 부동산 관련서류 제출과 1000억원 이상 납부비용이 낭비됐다. 중복업무 579만건에 이르며 중복정보처리건수도 8826만건에 이른다. 주제발표자인 호서대학교 이종원 교수는 14종의 부동산 정보만 일원화해도 2013년부터 5년간 2조2434억원의 정보화 편익이 발생한다 고 말했다. 또 이진기 숙명여대 교수는 별도의 독립법률을 제정하기보단 현재 입법 추진 중인 지적재조사에 관한 특별법 에 근거규정을 마련해야 한다 고 분석했다. 한편 이날 토론자로는 서명교 국토해양부 국토정보정책관과 황종성 서울시 정보화기획단장 이명성 SK텔레콤 부사장 강동석 국가정보화지원단장이 참석한다. 주최자인 최구식 한나라당 의원은 부동산 행정의 선진화를 위해선 정부주도의 정보화에서 민·관 협업의 방향으로 진화해야한다 며 민·관·학 등 관계기관이 참여한 토론회의 개최 배경을 설명했다. 이명성 SK텔레콤 부사장은 사전 조찬모임에서 부동산 기반의 스마트 시티 건설을 위해서도 복합민원을 한번으로 줄일 수 있다면 산업의 효율성 제고를 위한 경쟁력이 될 것 이라고 말했다.,https://news.naver.com/main/read.nhn?mode=LSD&mid=shm&sid1=260&oid=277&aid=0002622199,284
261117,2011.06.13. 오전 11:36,부동산,세계일보,부평 부천역 신일 소형오피스텔 선착순 분양,세계닷컴 ☞ 계약금 5% 약 500만원 만 내시면 입주때까지 들어가는 돈 ‘無’ ☞ 중도금 전액 무이자 ☞ 풀옵션 특별 제공 ☞ 1가구 2주택 무관 ☞ 서울 7호선 부평구청역과 인천 지하철 1호선 환승역세권 · 서울 1호선 부평역 신일건업이 인천 부평구 부평역과 부평 구청역 2분거리에 오피스텔 ‘신일 유스테이션’을 분양 중이다. 지난번 문을 연 신일 유스테이션 견본주택은 개관 3일 동안 1만 명이 넘는 관람객이 찾아 청약돌풍을 예고했다. 최근 3년 동안 주변지역에 신규오피스텔이 없었다는 측면에서 수익률에 대한 투자자들의 기대가 컸던 것으로 보인다고 회사측은 밝혔다. 신일 유스테이션은 지하 7층∼지상 20층 규모의 주상복합 오피스텔로 64.46㎡ 19형 108실 마감 70.61㎡ 21형 224실 82.85㎡ 25형 18실 103.31㎡ 31형 32실 등으로 총 382실로 구성됐다. 분양가와 계약조건도 우수하다. 분양가는 3.3㎡당 400만원 대로 저렴하며 중도금 무이자 혜택 무제한 전매제한 풀옵션 무상제공 등 혜택이 소액투자자들의 관심을 끌 것으로 보인다. 소형오피스텔이지만 20층 규모의 랜드마크적 외관 고급커뮤니티와 풀옵션 및 세련된 마감자재를 활용한 점도 눈에 띈다. 인천지하철 1호선과 환승될 예정인 7호선 부평구청역이 2012년 개통 예정으로 오피스텔 완공과 함께 도보 5분에 바로 이용가능한 더블 역세권 으로 강남까지 50분대면 이동할 수 있게 된다. 근처에 공단이 있어 공실이 거의 없는 안정적인 임대수요를 제공한다오후 4 30 2011 06 08. 북측에 GM대우 자동차공단 1만2000여명 부평공단 2만356명 이 있고 남측으로는 부평시장 상권이 자리한다. 또한 바로옆에는 부평구청이 위치해 있어 공실 걱정은 없을 듯 하다. 신일 유스테이션 관계자는 “싼 분양가와 최근 주변지역에 신규오피스텔이 없었다는 점에 수요자들이 매력을 느낄 것으로 판단된다”고 말했다. 견본주택은 롯데마트 삼산점과 삼산체육관 인근에 위치해 있다. ◈ 신청금 100만원을 입금하시고 방문하시면 호수 지정에 유리 ◈ 신청계좌 국민은행 392001 04 162963 ◈ 예금주 신일건업 정 계약시에는 자금관리 신탁사로 입금 ◈ 홈페이지 hp blog.naver.com eco2800 ◈ 분양문의 032 439 4600 ※본 콘텐츠는 기업 제공 자료로 세계닷컴의견과 다를수 있습니다. Segye.com Segye.com 인기뉴스 자살 이등병 다리에 피멍 고참들이 온종일… 함바 비리 연루 임상규 순천대 총장 자살 정부 한국女 토막살인 살인 아냐 日판결에… 만취한 여성이 스마트폰을 건네준다면… 털 때문에 이별까지…여름이면 고민하는 여성들 나가수 또 편집 논란…BMK 노래 1절 싹둑 왜 동물농장 황구 학대사건에 시청자들 경악 ⓒ 세계일보 Segye.com 무단 전재 및 재배포 금지 금융전문뉴스 세계파이낸스 모바일로 만나는 세계닷컴 세계닷컴은 한국온라인신문협회 www.kona.or.kr 의 디지털뉴스이용규칙에 따른 저작권을 행사합니다.,https://news.naver.com/main/read.nhn?mode=LSD&mid=shm&sid1=260&oid=022&aid=0002274368,284
261118,2011.06.13. 오전 11:36,부동산,서울경제,서울 재개발·재건축 사업비 사전 공개 의무화,클린업시스템 홈페이지서 추정 주민분담금도 공개 앞으로 서울에서 재개발ㆍ재건축 사업을 할 때 조합원들에게 사업비와 주민분담금을 사전에 공개해야 한다. 13일 서울시는 정비사업 조합설립 때부터 사업비와 주민 분담금 공개를 의무화하고 이를 정착시키기 위해 재개발ㆍ재건축 사업비 및 분담금 추정 프로그램을 운영한다고 13일 발표했다. 그동안 추진위원회가 사업비와 분담금 내역을 제대로 알리지 않고 조합 설립 동의서를 받은 뒤 철거 및 착공 직전 시점인 관리처분 단계에서 주민들에게 알려 분쟁이 빈번했다. 추진위원회나 조합은 앞으로 서울시가 제공한 사업비 및 분담금 추정 프로그램 을 통해 예측한 사업비와 개인별 추정 분담금 내역을 클린업시스템 홈페이지 cleanup.seoul.go.kr 를 통해 공개해야 한다. 사업비 및 분담금 추정 프로그램은 재개발 구역 기초정보와 토지ㆍ주택 등 기초정보를 입력하면 개인별 분담금을 자동으로 계산해준다. 사업비 및 분담금 추정 내역은 조합설립 사업시행인가 관리처분인가를 위해 동의서를 징구할 때 반드시 제공해야 하며 조합 설립 이후부터는 계약확정 및 변동사항이 발생할 때 수정할 수 있도록 했다. 조합원들은 클린업 시스템에 가입한 뒤 추진위원장 조합장 의 승인을 받아 개인별 부담금 추정액을 확인할 수 있다. 서울시는 사업비 및 분담금 추정 프로그램도입을 통해 ▦정비사업의 투명성 제고 ▦사업기간 단축 ▦사업비 절감 등의 효과를 거둘 것으로 기대했다. 서울시는 현재 조합 설립을 추진 중인 고덕1 2 1 2 2구역과 공공관리 시범지구인 성수 한남지구 등부터 중점적으로 관리하면서 대상을 관리처분인가 이전 구역까지 확대해나갈 계획이다. 또 구역지정이 되지 않았거나 추진위원회가 구성되지 않은 254개 구역은 사업비 및 분담금 사전 공개를 의무화하고 조합 설립 예정인 69개 구역과 조합이 설립된 100개 구역에 대해서도 사업비 및 분담금 추정 프로그램을 활용할 것을 적극 독려할 방침이다.,https://news.naver.com/main/read.nhn?mode=LSD&mid=shm&sid1=260&oid=011&aid=0002159446,284
261119,2011.06.13. 오전 11:31,부동산,파이낸셜뉴스,건교평 강원 덕치리마을서 농번기 일손돕기 지원사업,한국건설교통기술평가원은 지난 10일 1사1촌 결연마을인 강원 홍천군 덕치리마을에서 농번기 일손돕기와 마을쉼터 조성 지원사업을 벌였다고 13일 밝혔다. 이날 행사에는 건교평 신혜경 원장과 임직원들이 참가해 인삼꽃따기 콩심기 풀뽑기 등의 일손돕기와 마을 주민들의 쉼터 조성을 위해 평상을 직접 제작 설치하는 봉사활동을 펼쳤다. 건교평은 연 4회 이상 1사1촌 자매결연마을 방문 및 지원을 통해 농촌지역 경제활성화 사업을 후원하고 있으며 올 하반기에는 예년과 같이 덕치리 마을에서 재배한 농산물을 전직원에게 판매하는 농산물직거래 사업을 추진할 방침이다. 건교평 신혜경 원장은 “1사1촌은 도시와 농촌의 교류활성화와 농촌경제 활성화를 위해 시작됐지만 저렴하고 품질좋은 산지 농산물을 직접 구매할 수 있고 바쁜 일상에서 벗어나 자연과 벗삼아 봉사활동도 할 수 있다는 점에서 우리도 큰 혜택을 받는 것”이라고 말했다.,https://news.naver.com/main/read.nhn?mode=LSD&mid=shm&sid1=260&oid=014&aid=0002455387,284
261120,2011.06.13. 오전 11:31,부동산,헤럴드POP,연간 전기에너지 약 50% 절감 친환경 건축물은,쌍용건설 회장 김석준 이 최근 싱가포르에서 시공중인 W 호텔 W Singapore Sentosa Cove 명품 부띠끄 센터 ‘키사이드 아일 Quayside Isle ’이 싱가포르 건설청 BCA Building Construction Authority 으로부터 BCA 그린마크 Green Mark 최상위 등급인 플래티넘 인증을 받았다. BCA 그린마크는 싱가포르 정부가 건축 관련 세계 최고 권위의 친환경 인증을 목표로 2005년 제정한 이래 현재는 중국 인도 말레이시아 베트남 캄보디아 등 아시아와 중동의 사우디아라비아까지 수출돼 시행중인 제도이다. 미국의 리드 LEED 영국의 브리암 BREEAM 과 함께 세계 3대 친환경 인증으로 권위를 인정받고 있는 이 제도는 에너지 자원 절감을 위한 설계는 물론 완공 후 관리비 쾌적성 혁신성까지 평가할 정도로 까다로운 기준을 가지고 있다. 쌍용건설이 올 1월 설계와 시공을 동시에 진행하는 디자인 빌드 Design Build 방식으로 단독 수주한 W 호텔 부띠끄 센터 ‘키사이드 아일 Quayside Isle ’은 햇빛을 받는 건물 전면에 열전도율이 낮은 이중 특수유리 Double glazed low E glass 를 사용함으로써 실내 온도 24℃를 유지하기 위한 냉방 전력량이 일반 건물의 약 55%에 불과한 것이 특징이다. 또한 옥상 주요 부분에는 태양 전지판 Solar Panel 을 부착하고 화장실 계단 등 공용구역에 모션센서를 설치하는 등 에너지 절감 설계를 적용해 연간 약 137만kwh 를 절감할 수 있다. 이는 우리나라에서1가구 5인 기준 가 1달 평균 300kwh 를 사용하는 것과 비교했을 때 약 4550가구가 1달 동안 사용할 수 있는 전력량과 같다. 현장에서는 우수를 재활용하는 빗물 정수 시스템을 설치해 화장실 세척 공사 용수 공사용 차량의 세륜수 분진 제거용 살수 등에 활용함으로써 올림픽 규격 수영장 4개에 해당하는 약 9000㎥의 물을 절감하고 있다. 이 외에도 옥상 가든의 인조 목재 데크 등에는 친환경 인증 Green Label 을 받은 자재를 쓰고 건물 구조에는 재생골재로 만든 그린 콘크리트를 100% 사용해 소나무 약 27만 그루를 심는 것과 같은 747톤의 이산화탄소 CO2 배출저감 효과가 기대된다. 쌍용건설 황인강 상무 해외건축부문 담당 는 “그린마크 제도 도입 후 싱가포르에서 쌍용건설이 시공하거나 또는 시공 중인 건축물은 각 분야에서 모두 최상위 등급을 인증 받았다”며 “국제적인 권위가 있는 친환경 인증 실적을 바탕으로 국내외 그린컨스트럭션 분야에 입지를 강화해 나갈 것”이라고 말했다. 한편 쌍용건설은 2007년 5월 싱가포르 오션 프론트 콘도미니엄 The Oceanfront Seontosa Cove 이 주거건물 최초로 그린마크 플래티넘 인증을 받았으며 2010년 5월에는 아시아 최초로 호텔부문에서 W 호텔 W Singapore Sentosa Cove 이 플래티넘 인증을 받은 바 있다. 강주남 기자 nk3507 namkang heraldm.com 플래티넘 인증 싱가포르 건설청이 부여하는 ‘BCA 그린마크’는 플래티넘 골드 플러스 골드 일반 등 4개 등급으로 나눠 인증을 수여하고 있다.에너지 효율 지수 등을 종합적으로 평가하여 최상위 등급인 플래티넘 Platinum 은 90점 이상을 획득해야 하며 골드 플러스 Gold Plus 85점 이상 골드 Gold 는 75점 이상 일반 Certified 은 50점 이상을 받아야 한다.,https://news.naver.com/main/read.nhn?mode=LSD&mid=shm&sid1=260&oid=112&aid=0002202539,284
261121,2011.06.13. 오전 11:30,부동산,머니투데이,대기업에서 월세받고 초기 3년간 확정수익 또 받고,머니투데이 선임대후분양으로 “치솟는 물가 불안한 연금 한번에 해결했어요” 가정주부 이모씨 49세 는 남편 월급이외에 소형매장 3개를 뉴코아에 임대주고 매달 300만원 가량의 임대수익을 올리고 있다. 내집마련과 함께 소액의 수익상가를 먼저 사둔 것이 남들과 차별화된 재테크 전략이라고 말한다. 월급만으로 물가상승 자녀교육비 급증과 노후대책을 동시에 감당하기는 불가능하다는 것이다. 베이비붐 세대의 대규모 은퇴와 보금자리주택 등 정부의 적극적인 임대주택 공급으로 점차 주택가격은 하락할 전망이지만 빨라지는 정년과 평균수명연장 등은 노후생계를 위협하므로 생계유지수입원 확보에 빨간불이 들어왔다. 이런 사회분위기에 맞게 ‘선임대후분양’에 확정수익율 보장까지 되는 임대수익의 2중3중 안정장치가 되어있는 부천터미널 ‘소풍’은 분양특수를 맞고 있다. 등기이전받고 10년동안 뉴코아에서 월세받고 초기 3년간 총 18% 확정수익 또 받고.. ‘소풍’은 신도시의 탁월한 입지와 이랜드 그룹 뉴코아 킴스클럽이 10년 임대의 장기 계약조건으로 입점 임대계약기간 2009.9 2019.9 함으로써 10년동안 공실 및 건물관리 염려 없이 대기업으로부터 안정적으로 월세를 받을 수 있다. 실투자금 7천만원대 매장을 분양받으면 기다릴 필요없이 등기이전 후 바로 보증금과 익월 최저 85만원 120만원의 임대수익이 지급되며 무엇보다 초기 3년간 최저 18%수익보장이 되어 초기 투자리스크가 전혀 없다는 것이 강점이다. 롯데백화점 본점 약 7.8배의 대규모 유통센터로 알려진 이곳은 현재 부천종합터미널과 11개관의 프리머스영화관 컨벤션웨딩홀 스포츠 센터가 단일건물 내 입점하여 집객파워 및 매출 시너지가 무엇인지 보여주고 있다. 이중 1층부터 5층 까지 도심형 최대 프리미엄 아울렛인 뉴코아와 킴스클럽이 입점한 매장을 등기분양 한다. 이랜드가 선점한 이곳은 교통의 요지이며 지하철1호선과 2012년 개통예정인 7호선 상동역의 더블역세권형성으로 상권성장 잠재력과 시세차익이 기대되는 곳이다. 또한 현재 완공 후 영업중인 것을 분양 받으므로 투자 후 바로 수익이 발생하고 소유권 이전 받기 전까지 분양대금을 한국자산신탁에서 안전하게 관리 해준다는 것이 투자자들이 선호하는 큰 이유중에 하나다. 분양문의 1588 4937 신청접수 방법 신청금 100만원 신청계좌 하나은행 100 910026 09904 예금주 한국자산신탁회사 ※ 본 자료는 해당 업체에서 제공한 비즈니스정보입니다.,https://news.naver.com/main/read.nhn?mode=LSD&mid=shm&sid1=260&oid=008&aid=0002554122,284
261122,2011.06.13. 오전 11:27,부동산,서울경제,LH 이달 140개 상가 공급,수원 호매실·세종시 첫마을 등 한국토지주택공사 LH 는 이달 중으로 전국 19개 사업지구 31개 블록에서 총 140개의 상가를 공급한다고 13일 밝혔다. LH에 따르면 수원 호매실 인천 서창 행정중심복합도시 첫마을 등 6개 지구 10개 블록에서 95개 상가를 신규 공급하며 성남 판교 서울 상암 등 13개 지구 21개 블록에서 45개 상가를 재공급한다. 이 가운데 상가 투자자들에게 가장 관심이 높은 지역은 행정중심복합도시 첫마을과 성남 판교다. 특히 성남 판교에서 재공급되는 상가는 총 10개 점포로 판교의 마지막 LH 단지 내 상가 물량이다. 공개경쟁입찰로 분양되는 LH 상가는 주로 택지개발사업지구 등 대규모 단지 내에 위치해 기존 도심과 차별되는 고정상권 형성이 가능하며 평균 100가구당 1개 점포에 불과해 부동산 시장의 대표적 수익상품으로 손꼽힌다. 분양공고 및 입찰결과 등은 LH 홈페이지 hp www.lh.or.kr 에서 확인할 수 있으며 기타 세부사항은 LH 대표 문의전화 1600 7100 로 하면 된다.,https://news.naver.com/main/read.nhn?mode=LSD&mid=shm&sid1=260&oid=011&aid=0002159440,284
261123,2011.06.13. 오전 11:26,부동산,파이낸셜뉴스,명동전망대신용등급 D 예상업체 관심,삼부토건의 회생철회 기대와 4차 구조조정이 임박한 가운데 명동 사채시장 분위기는 비교적 안정적이다. 13일 기업정보제공업체 중앙인터빌 www.interbill.co.kr 에 따르면 명동사채시장에서 이번 4차구조조정에 대해 신용등급 C 해당업체 보다는 신용등급 D 예상업체에 대한 관심이 높다. 과거 A사의 경우처럼 워크아웃 신청 후 기업회생으로 추락하는 경우를 제외하고는 워크아웃 실질심사를 통과한 기업은 대부분 정상화의 길로 가는 경우가 많다고 생각하기 때문이다. 중앙인터빌 기업분석팀 백재용 과장은 “ 최근 4차구조조정에 대한 관련 기업들의 크나큰 관심으로 문의가 끊이질 않는다”면서 “이번 4차구조조정 규모가 생각보다 크지는 않을 것이라는 전망 속에 지속적으로 이슈가 됐던 그룹계열인 B건설사 C건설사는 이번 구조조정에서 제외 될거라는 전망이 나오고 있다”고 전했다.,https://news.naver.com/main/read.nhn?mode=LSD&mid=shm&sid1=260&oid=014&aid=0002455382,284
261124,2011.06.13. 오전 11:16,부동산,머니투데이,될 성 싶은 오피스텔은 입지부터 알아본다,머니투데이 전예진 기자 머니위크 오피스텔 투자의 정석 지난해에 이어 올해 부동산시장은 오피스텔 천하 다. 부동산114에 따르면 현재 수도권에서 분양 중인 오피스텔은 약 4300여실 앞으로 분양 예정인 물량도 8000여실이나 된다. 오피스텔 홍수 속에서 투자에 실패할 확률이 적은 상품을 고르려면 어떤 점을 살펴봐야할까. 청약대박 오피스텔 살펴보니…입지가 최대 관건 지난달 판교신도시에서 분양한 2곳의 오피스텔에 8800명이 몰렸다. 평균 경쟁률은 18대1. 일부 소형평형은 경쟁률이 최고 90대1까지 치솟기도 했다. 인기 요인은 입지다. 두 오피스텔 모두 판교 중심상업지구에 위치해 임대수요가 풍부하고 강남 접근성이 좋기 때문이다. 박상언 유엔알컨설팅 대표는 오피스텔 투자에서 가장 중요하게 따져봐야할 것은 입지 라며 입지가 좋으면 임대나 매매 수요가 많아 공실의 위험이 적고 오피스텔을 처분해야 할 사정이 생겼을 경우에도 매매가 쉬워 시세차익도 노릴 수 있다 고 말했다. 서울에서는 강남 여의도 용산 등 서울 주요업무지구 일대의 오피스텔이 좋은 입지로 꼽힌다. 강남 여의도는 전통적인 오피스텔 인기지역으로 업무시설이 밀집돼 있고 지하철 버스 등 교통이 편리하다. 신흥 부촌으로 불리는 용산은 용산국제업무지구 국제컨벤션센터 용산민족공원 조성 등 풍부한 개발호재에다가 철도 지하철 항공 등 사통팔달 교통이 장점이다. 실제 이들 지역에 분양된 오피스텔은 높은 청약률을 기록하며 흥행불패를 이어가고 있다. 지난해 6월 서초구 서초동에 분양한 리가스퀘어 가 평균 경쟁률 14대1로 인기를 끌었고 이어 강남역 서희 스타힐스 강남역 1차 아이파크 도 각각 5.3대1과 32.7대1의 높은 경쟁률을 기록했다. 올 들어선 강남역 2차 아이파크 가 90실 모집에 총 5109명이 신청해 평균 56.7대1의 경쟁률을 기록했다. 1000가구 이상의 대단지 오피스텔로 눈길을 끈 송파 한화 오벨리스크 도 1292실 모집에 1만494명이 몰리면서 평균 8.12대1의 경쟁률을 보였다. 용산은 지난해 동부건설이 서울역 인근에 분양한 센트레빌 아스테리움 용산 오피스텔은 42.4대1의 경쟁률을 보였다. 흥행불패 지역 오피스텔 투자해볼까 이달에는 서울 최고의 입지에서 오피스텔이 대거 분양된다. 대형건설사와 도시형생활주택 전문업체가 공급하는 물량이 대부분으로 브랜드 인지도와 상품의 질이 높아 안정적인 투자처로 인기를 끌 전망이다. 강남에서는 대우건설이 송파구 문정동 가든파이브 활성화단지 1 2블록에 24 52㎡형의 소형 오피스텔 송파 푸르지오시티 1249실을 분양한다. 문정동은 위례신도시 장지지구 세곡지구로 이어지는 강남 신주거벨트의 중심지로 코엑스몰의 6.2배인 약 279만㎡ 규모의 대형 유통단지인 가든파이브가 들어서 있다. 북쪽으로는 문정동 법조타운이 조성돼 동부지법 동부지검이 이전할 예정이다. 법조타운 내 미래형 업무용지는 앞으로 신소재 로봇 등의 미래형 업무단지로 개발된다. 오피스텔 최초로 신재생에너지를 도입한 자연친화형 건물로 지어지는 것이 특징이다. 상업시설과 오피스텔 공용부는 신재생에너지인 지열발전과 태양광발전을 활용하고 에너지 성능지표를 고려한 친환경 설계로 관리비를 절감할 수 있다. 1000가구가 넘는 대규모 오피스텔 인만큼 아파트처럼 커뮤니티시설도 들어선다. 사우나와 헬스장 골프연습장 등의 스포츠시설과 게스트룸 등의 편의시설이 갖춰질 예정이다. 용산에서는 문배동에 SK D D가 용산 큐브 를 분양한다. 용산구 문배동 24 4번지 일대에 지하 2층 지상 20층 1개동으로 건립되며 전용면적 13 17㎡의 도시형생활주택 99가구 오피스텔 165실로 구성된다. 사업지 주변은 편리한 교통으로 임대수요가 풍부해 소액투자자와 1인 가구 수요자에게 관심을 끌 것으로 예상된다. SK D D 관계자는 각종 개발 호재로 각광받고 있는 용산에서 1억원대에 투자할 수 있는 상품 이라며 고급 주상복합 밀집지역인 용산 문배복합업무지구 용산국제업무단지와 가까워 앞으로 개발 후광효과에 따른 프리미엄을 기대할 수 있다 고 설명했다. 트리플 역세권으로 지하철 1호선 남영역과 4·6호선 삼각지역 6호선 효창공원역을 걸어서 이용할 수 있다. 편의시설은 용산구 문화센터 및 용산 아크로타워 CJ 나인파크 갤러리아 롯데백화점 아이파크몰 용산전자상가 국립중앙박물관 전쟁기념관 세종문화회관 등이 가깝다. 이 오피스텔은 소형주택을 효율적으로 활용하기 위한 특화 설계가 눈에 띈다. 전 세대 천정고가 3.2m 층고 3.7m 로 일반 오피스텔보다 0.7m 높아 공간감과 개방감을 극대화했다. 높아진 천정고에는 실용적인 공간 활용을 위해 수납공간이 마련됐다. 전용률도 60%로 평균 오피스텔의 전용률보다 10% 이상 높다. 전용률이 높으면 실제 사용할 수 있는 면적이 넓어져 임대 수요자의 선호도가 높아 임대 수익률 상승 효과를 기대할 수 있다. 여의도 인근에는 영등포구 영등포동 8가에 포스코 그룹사인 포스코 A C 가 도시형생활주택 영등포 메이준2011 을 공급한다. 지하 2층 지상 19층 1동에 전용 12.15 12.23㎡ 도시형생활주택 80가구 전용 14.21 17.23㎡ 오피스텔 106실 등 총 186실로 구성됐다. 오피스텔이 위치한 영등포동 8가 지역은 지하철 2·9호선 당산역 지하철 5호선 영등포시장역과 가까워 교통이 편리하다. 맞은편에 롯데마트가 있고 신세계백화점 이마트 타임스퀘어 영등포구청 서울성모병원 등 각종 편의시설과 쇼핑시설이 풍부하다. 특히 이곳은 여의도 금융타운 방송타운 영등포 쇼핑 문화업무 종사자들의 임대수요가 풍부하다. 앞으로 영등포 뉴타운 개발과 함께 2013년 KnK디지털타워 2012년 여의도국제금융센터가 완공되면 임대수요가 증가할 것으로 예상된다.,https://news.naver.com/main/read.nhn?mode=LSD&mid=shm&sid1=260&oid=008&aid=0002554109,284
261125,2011.06.13. 오전 11:16,부동산,이데일리,재개발·재건축 조합원 분담금 미리 알 수 있다,서울시 정비사업 주민 분담금 사전공개 의무화 사업비 및 분담금 추정 프로그램 본격 운영 이데일리 이진철 기자 앞으로 재개발·재건축 조합원들은 자신이 내야하는 분담금을 미리 알 수 있게 된다. 이에 따라 주민들이 본인의 분담금을 예측하고 사업참여 여부를 결정할 수 있어 묻지마 식 사업추진이 불가능해질 것으로 기대된다. 서울시는 공공관리제 의 일환으로 재개발·재건축 사업비 및 분담금 추정 프로그램 을 본격 운영하고 앞으로는 정비사업 조합설립 때부터 사업비와 주민 분담금 공개를 의무화하기로 했다고 13일 밝혔다. 이에 따라 앞으로는 조합 설립시 추진위원회나 조합이 예측한 개략적인 사업비와 추정분담금 내역이 클린업시스템 홈페이지 hp cleanup.seoul.go.kr 를 통해 공개된다. 사업비 및 분담금 추정프로그램 내역은 조합설립 사업시행인가 관리처분인가를 위한 동의서 징구시 반드시 제공해야 한다. 조합설립 이후부터는 계약확정 및 변동사항이 발생할 때 수정이 가능하도록 했다. 이용방법은 추진위원회나 조합에서 정비계획 등 해당구역의 기초정보와 토지·주택 등의 주변시세를 입력하면 법령 및 고시문 등 기준과 실제 관리처분계획서를 분석한 통계에 따라 53개의 사업비 항목과 분양수입이 자동으로 계산된다. 또 토지 등 소유자의 종전재산 평가액에 따라 개인별 분담금이 자동 산출된다. 프로그램에 입력하는 53개 항목은 해당구역의 실정에 맞게 추진위나 조합에서 조정할 수 있도록 했다. 분담금 내역을 공개·확정할 때에는 공공관리자인 구청장의 확인을 거쳐 공개하도록 해 산출의 객관성을 높였다. 다만 조합설립 단계에서 예측되는 분담금은 최종 분담금은 아니며 개인별 최종 분담금은 사업단계에서 관리처분계획이 수립돼야 정확하게 알 수 있다. 서울시는 사업초기에 사업비와 개별 분담금을 정확하게 산정하는 것은 어렵지만 개략적으로나마 본인 분담금을 예측할 수 있다는데 의미가 있다 고 밝혔다. 공개된 사업비와 분담금을 각 정비사업 구역의 주민들이 확인하기 위해서는 클린업시스템 홈페이지에서 회원가입을 하고 해당 정비구역의 추진위원장이나 조합장의 승인을 받아 이용하면 된다. 서울시는 사업비 및 분담금 추정프로그램 을 현재 조합설립을 진행 중인 고덕1 2 1 2 2지구 추진위원회와 공공관리 시범지구인 성수·한남지구 등 조합설립을 준비중인 추진위원회 단계구역부터 중점적으로 관리하면서 대상을 관리처분인가 이전 구역까지 확대해 나간다는 계획이다. 임계호 서울시 주거정비기획관은 정비사업의 전 과정을 시민에게 공개하는 클린업시스템에 이어 사업비 및 분담금 추정프로그램이 본격 운영돼 서울의 재개발·재건축이 한층 투명하고 효율적으로 이뤄지게 됐다 고 말했다.,https://news.naver.com/main/read.nhn?mode=LSD&mid=shm&sid1=260&oid=018&aid=0002451518,284
261126,2011.06.13. 오전 11:15,부동산,이데일리,동양메이저 동양매직 합병..지주사 기반 마련상보,동양그룹 제조부문 계열사 구조조정 이데일리 이진철 기자 동양그룹이 제조부문 주력계열사인 동양메이저 001520 의 체질개선을 위해 또다른 계열사인 동양매직과 합병을 통한 구조조정에 나서기로 했다. 동양그룹은 13일 이사회 결의를 통해 동양메이저가 동양매직을 흡수합병하기로 결정했다고 밝혔다. 합병법인은 오는 7월27일 주주총회 등 관련 절차를 거쳐 9월1일 공식 출범할 예정이다. 동양메이저와 동양매직의 합병비율은 1대 2.5692708이다. 동양그룹은 새롭게 출범할 합병법인의 새로운 사명을 그룹의 모기업이라는 상징성과 핵심사업의 성격을 담으면서 향후 지주회사로 전환을 대비하는 의미를 담아 주주총회 이전에 결정할 계획이다. 동양메이저는 건설자재 건설 섬유사업부문으로 구성돼 있으며 동양매직은 렌탈과 생활가전 사업부문이 있다. 합병법인은 동양메이저 섬유부문이 보유하고 있는 기능성 섬유관련 원천기술을 응용해 수처리사업 관련 필터의 생산 및 개발에 적극 나설 예정이다. 또 동양메이저 건설부문의 시공실적 네트워크 시공능력의 활용 및 공유를 통해 플랜트 부문의 경쟁력도 강화한다는 계획이다. 동양그룹은 올해 동양메이저와 동양매직의 합병법인 출범시켜 오는 2015년 매출 2조8465억원 영업이익 2168억원을 달성하고 부채비율은 100%대로 낮추겠다는 목표를 세웠다. 특히 내년 사업지주회사의 기반을 마련해 2013년에는 사업지주회사로의 지배구조를 완성한다는 계획이다. 동양그룹 관계자는 지난해부터 동양생명 지분 및 유휴자산 매각 유상증자를 비롯한 자본조정 등으로 강도 높은 재무구조 개선에 나서고 있다 면서 동양메이저가 재무구조 건실화 및 사업구조 개편 등을 통해 사업지주회사 기반을 확보해 나갈 수 있게 됐다는 점에 의미가 있다 고 말했다.,https://news.naver.com/main/read.nhn?mode=LSD&mid=shm&sid1=260&oid=018&aid=0002451517,284
261127,2011.06.13. 오전 11:15,부동산,머니투데이,묻지마式 재개발·재건축사업 제동,머니투데이 전예진 기자 서울시 재개발·재건축 주민 분담금 공개 의무화 앞으로 서울시내 재개발·재건축 추진 사업장의 경우 조합 설립시 사업비와 추정분담금 내역이 의무적으로 공개된다. 이에 따라 묻지마 식 개발사업에 제동이 걸릴 것으로 보인다. 서울시는 재개발·재건축의 사업비 및 분담금 추정 프로그램 을 본격 운영하고 조합설립시 개략적 비용을 의무적으로 공개토록 했다고 13일 밝혔다. 그동안 추진위원회는 사업비와 분담금을 알리지 않고 조합설립 동의서를 받아 주민들은 철거와 착공 직전인 관리처분 인가단계에서 분담금 내역을 알게 됐다. 하지만 이제 조합설립 사업시행인가 관리처분인가를 위한 동의서를 걷을 때 사업비와 분담금 내역을 반드시 제공해야 한다. 임계호 서울시 주택본부 주거정비기획관은 사업비와 개별 분담금을 정확하게 산정하는 것은 어렵지만 조합원이 사업 초기부터 개략적인 분담금을 예측하고 재개발 여부를 결정할 수 있게 된다 며 정비사업의 투명성 제고 사업기간 단축 사업비 절감 등의 3대 효과를 거둘 것 이라고 설명했다. 이번 프로그램을 통해 기존 철거비 신축비 기타 사업비용 3가지로 분류됐던 사업비 내역이 구체화된다. 조사측량비 설계비 공사비 보상비 관리비 외주용역비 각종분담금 공과금 기타경비로 구분되고 이는 다시 53개 항목으로 세분화된다. 개인별 분담금 내역에서는 각 평형별로 분담금 규모가 제시된다. 추진위원회나 조합에서 해당구역의 기초정보와 토지·주택의 주변시세를 입력하면 실제 관리처분계획서를 분석한 통계에 따라 53개의 사업비 항목과 분양수입이 자동으로 계산된다. 개인별 분담금은 토지등소유자의 종전재산 평가액에 따라 자동 산출된다. 53개 항목은 해당구역의 실정에 맞게 추진위나 조합에서 조정할 수 있다. 시는 이 프로그램을 현재 조합설립을 진행 중인 고덕1 2 1 2 2지구 추진위원회와 공공관리 시범지구인 성수 한남지구 등에 적용하고 관리처분인가 이전 구역까지 확대해 나갈 계획이다. 현재 부동산 가격자료 구축이 완료된 423개 구역 중 조합설립 예정인 69개 구역과 추진위원회가 아직 구성되지 않은 254개 구역은 앞으로 사용을 의무화하고 이미 조합이 설립된 100개 구역도 적극적으로 활용을 독려할 계획이다.,https://news.naver.com/main/read.nhn?mode=LSD&mid=shm&sid1=260&oid=008&aid=0002554107,284
261128,2011.06.13. 오전 11:15,부동산,아시아경제,서울 재개발·재건축 조합원 분담금 미리 안다,서울 재개발.재건축 주민분담금 측정 프로그램 산출방법. 자료 서울시 아시아경제 정선은 기자 앞으로 서울 재개발·재건축 사업이 조합설립 때부터 사업비와 주민분담금 공개가 의무화된다. 서울시는 공공관리제의 하나로 개발한 재개발·재건축 사업비 및 분담금 추정프로그램 을 6월13일부터 본격적으로 운영한다. 추진위원회나 조합이 개략적으로나마 조합설립 때부터 사업비와 추정분담금을 예측하는데 도움이 되도록 하기 위한 취지다. 추진위와 조합에서 정비계획 기초정보와 토지·주택 주변시세 등을 입력하면 53개의 사업비 항목 분양수입 개인별 분담금이 자동 산출된다. 이 때 정비사업 수입과 지출을 예상해서 얻은 사업수익에서 개별 조합원의 자산비율에 따라 분담금이 나눠지도록 구성됐다. 분양률은 100%를 가정한다. 예를 들어 토지 183㎡ 건물 245㎡의 3억원 규모 단독주택을 가진 조합원 A씨는 전체 분양수입 8270억원 전체 사업비 3160억원일 때 6억3000만원 상당의 117㎡를 분양받을 경우 개별 분담금이 8300만원 수준이다. 이에 따라 개별 조합원은 사업초기인 조합설립 단계부터 본인이 부담해야 할 분담금이 어느 정도 인지를 미리 예측하고 재개발 여부를 직접 결정할 수 있게 된다. 조합설립 이후 계약확정과 변동사항이 발생하면 수정도 가능하다. 다만 최종 분담금은 관리처분계획이 수립돼야 정확하게 알 수 있다. 조합원들은 클린업시스템 홈페이지 hp cleanup.seoul.go.kr 에서 회원가입을 하고 해당 재개발·재건축 정비구역의 추진위원장이나 조합장의 승인을 받아 분담금 프로그램을 이용하면 된다. 그동안 주민분담금은 추진위가 주민들에게 사업비와 분담금 내역에 대해 제대로 알리지 않고 조합설립 동의서를 받아와 주민들이 철거 및 착공 직전 시점인 관리처분 인가 단계에 와서야 주민분담 내역을 알게 돼 분쟁의 원인으로 지적돼 왔다. 이번 프로그램은 현재 조합설립을 진행 중인 고덕1 2 1 2 2지구 추진위와 공공관리 시범지구인 성수·한남지구 등 추진위 단계 구역부터 실시되며 관리처분인가 이전 구역까지 확대될 예정이다. 임계호 서울시 주거정비기획관은 정비사업의 전 과정을 시민에게 공개하는 클린업시스템에 이어 사업비 및 분담금 추정프로그램이 본격 운영돼 서울의 재개발·재건축이 한층 투명하고 효율적으로 이뤄지게 됐다 고 말했다.,https://news.naver.com/main/read.nhn?mode=LSD&mid=shm&sid1=260&oid=277&aid=0002622159,284
261129,2011.06.13. 오전 11:12,부동산,디지털타임스,SK건설 성북구 삼선 SK VIEW 분양,SK건설은 13일 중소형 아파트 위주로 구성된 서울 성북구 삼선동 삼선 SK VIEW 뷰 238세대를 일반 분양한다. 삼선 SK VIEW는 지하3층 지상15층 7개동 규모로 전체 430가구로 구성됐으며 이중 238가구가 일반분양 대상이다. 특히 이번 일반분양 237가구 중 91%에 해당되는 217가구가 전용면적 85㎡ 이하의 중ㆍ소형아파트로 구성돼 있다. 단지는 지하철 4호선 한성대입구역에서 500 600m 떨어진 역세권에 위치했으며 삼선초등학교를 비롯해 경동고ㆍ한성여중고ㆍ한성대ㆍ고려대 등 학교가 밀집해 있다. 내부에는 에너지 절약형 공기필터링 시스템인 열교환형 세대환기시스템과 실별 온도조절 시스템 중앙정수 시스템 홈 네트워크 시스템 등이 구축돼있다. 한편 견본주택은 서울 강남구 개포동 SK건설 주택문화관 구룡역 3번 출구 에 마련됐으며 오는 24일 오픈 예정이다. 입주는 2012년 5월 예정이다.,https://news.naver.com/main/read.nhn?mode=LSD&mid=shm&sid1=260&oid=029&aid=0002068624,284
261130,2011.06.13. 오전 11:12,부동산,디지털타임스,LH 전국 140개 상가 공급,한국토지주택공사 LH 는 6월 서울 상암 수원 호매실 등 전국 19개 사업지구 31개 블록에서 총 140개의 상가를 공급한다고 13일 밝혔다. 구체적으로 살펴보면 수원호매실ㆍ인천서창ㆍ행정중심복합도시 첫마을 등 6개 지구 10개 블록에서 95개 상가가 신규 공급되며 성남판교ㆍ서울상암 등 13개 지구 21개 블록에서 45개 상가를 재공급 한다. 공개경쟁입찰로 분양되며 분양공고 및 입찰결과 등은 LH 홈페이지 www.lh.or.kr 에서 확인 가능하다.,https://news.naver.com/main/read.nhn?mode=LSD&mid=shm&sid1=260&oid=029&aid=0002068622,284
261131,2011.06.13. 오전 11:11,부동산,헤럴드경제,부동산정보 18종 하나로 묶인다,오는 2014년까지 토지대장과 지적도 등기부등본 등 총 18종의 국가 부동산 정보가 하나로 통합된다. 그럴 경우 건축 인허가와 토지 지목변경 및 분할 등의 일괄 민원처리가 가능해져 향후 5년간 2조2000억원 이상의 편익이 발생할 것으로 기대된다. 13일 국토해양부는 ‘부동산 행정정보 일원화’차원에서 내년 말까지 1단계로 토지대장ㆍ임야대장ㆍ대지권등록부ㆍ공유지연명부ㆍ지적도ㆍ임야도ㆍ경계점좌표등록부ㆍ건축물대장 등 11종의 부동산 관련 공적장부를 하나로 통합키로 했다. 이어 2013년까지 개별공시지가확인서ㆍ개별주택가격확인서ㆍ공동주택가격확인서ㆍ토지이용계획확인서 등이 합쳐진다. 최종적으로 2014년까지 토지등기부등본ㆍ건물등기부등본ㆍ집합건물등기부등본 등을 총망라한 18종의 국가 부동산 정보 통합 작업이 완성된다. 부동산 정보는 그동안 국토부 대법원 등 2개 부처 5개 법령으로 분산 관리돼 구비서류 중복 제출 등에 따른 민원인의 불편은 물론 시간ㆍ비용 낭비 등의 문제점을 야기해왔다. 특히 연간 1억100만건의 부동산 관련서류 제출과 1000억원 이상의 납부비용이 낭비되고 행정시스템 분리로 중복업무 579만건 중복정보처리건수는 8826만건에 달했다. 국토부는 당장 오는 2013년까지 14종의 부동산 정보만 일원화해도 향후 5년간 2조 2434억원의 정보화 편익이 발생할 것으로 기대하고 있다. 국토부 관계자는 “부동산 정보 일원화를 통해 스마트한 정부서비스 토지와 건물의 합치된 법적개념 확립 미래공간정보산업 활성화를 가능하게 하는 선순환 구조를 마련하겠다”고 말했다.,https://news.naver.com/main/read.nhn?mode=LSD&mid=shm&sid1=260&oid=016&aid=0000386441,284
261132,2011.06.13. 오전 11:08,부동산,아시아경제,기자수첩LH의구멍난 투명경영,아시아경제 진희정 기자 LH 한국토지주택공사 의 투명경영시스템에 구멍이 뚫렸다.LH는 옛 주택공사와 토지공사의 통합조직으로 지난 2009년 10월 일 공식출범해 올해로 만 2년째를 맞고 있다. LH는 보금자리주택건설을 비롯해 임대주택건설 주거복지 업무 국토가치창출 업무 등 민생과 직결된 기관이다.현재 LH는 118조원에 이르는 부채를 줄이기 위해 비상경영을 실시중이다. 이런 상황에서 최근 인천지방검찰청은 충남 당진 석문국가산업단지 조성 사업과 관련해 LH본사 B감사 사무실을 압수수색 5만원권 다발 등 2600여 만원의 뭉칫돈을 발견했다. B감사는 압수된 돈이 자신의 마이너스 대출 통장에서 인출한 4000만원 중 일부라고 주장하고 있다. 건설업체나 뇌물수수와는 무관하다는 것이다. 그러나 검찰은 비리 의혹을 제기하며 조만간 B감사를 소환할 방침이다. 문제의 심각성은 내부의 비리를 감시해야 할 감사가 뇌물수수혐의와 연루됐다는데 있다. 여기에 이달말 경영정상화방안 발표를 앞두고 있는 LH로서는 자칫 7월 혹은 그 이후로 연기할 수도 있어 더욱 파장이 심각하다. LH 내부도 구조조정과정에서 이같은 문제가 발생하자 당혹감속에 허탈한 표정을 감추지 못하고 있다. 그동안 이지송 사장은 깨끗하고 투명한 경영에 앞장서 공기업 선진화의 성공모델로 거듭나겠다 고 밝혀 왔기에 그 충격은 클 수밖에 없다.LH는 6월말 경영정상화 방안과 관련 태스크포스 TF 팀을 구성해 현장위주의 조직운영과 투명성을 대폭 강화한 이지송식 인사시스템 구축에 여념이 없는 상황이다. 또한 전 직원 57%인 3750명을 현장 배치하는 조직개편을 완료한 데 이어 정부 손실보전과 지원방안도 확정되면서 경영정상화에 대한 기대감을 높이고 있다. 따라서 투명경영시스템이 흔들리면서 LH의 경영정상화 의지 구조조정 노력이 국민들로부터 크게 의구심을 사게 됐다. 이번 일이 뇌물수수로 드러날 경우 LH 경영정상화에 타격이 불가피하다. LH는 구호뿐인 윤리 경영이라는 지적을 피하기 위해서라도 보다 내실 있는 혁신이 요구된다.,https://news.naver.com/main/read.nhn?mode=LSD&mid=shm&sid1=260&oid=277&aid=0002622150,284
261133,2011.06.13. 오전 11:07,부동산,파이낸셜뉴스,“대기업에서 월세 받으니 남편보다 든든해요”,“대기업에서 월세 받으니 남편보다 든든해요” 선임대후분양으로 “치솟는 물가 불안한 연금 한번에 해결했어요” 가정주부 이모씨 49세 는 남편 월급이외에 소형매장 3개를 뉴코아에 임대주고 매달 300만원 가량의 임대수익을 올리고 있다. 내집마련과 함께 소액의 수익상가를 먼저 사둔 것이 남들과 차별화된 재테크 전략이라고 말한다. 월급만으로 물가상승 자녀교육비 급증과 노후대책을 동시에 감당하기는 불가능하다는 것이다 베이비붐 세대의 대규모 은퇴와 보금자리주택 등 정부의 적극적인 임대주택 공급으로 점차 주택가격은 하락할 전망이지만 빨라지는 정년과 평균수명연장 등은 노후생계를 위협하므로 생계유지수입원 확보에 빨간불이 들어왔다. 이런 사회분위기에 맞게 ‘선임대후분양’에 확정수익율 보장까지 되는 임대수익의 2중3중 안정장치가 되어있는 부천터미널 ‘소풍’은 분양특수를 맞고 있다. 등기이전받고 10년동안 뉴코아에서 월세받고 초기 3년간 총 18% 확정수익 또 받고.. ‘소풍’은 신도시의 탁월한 입지와 이랜드 그룹 뉴코아 킴스클럽이 10년 임대의 장기 계약조건으로 입점 임대계약기간 2009.9 2019.9 함으로써 10년동안 공실 및 건물관리 염려 없이 대기업으로부터 안정적으로 월세를 받을 수 있다. 실투자금 7천만원대 매장을 분양받으면 기다릴 필요없이 등기이전 후 바로 보증금과 익월 최저 85만원 120만원의 임대수익이 지급되며 무엇보다 초기 3년간 최저 18%수익보장이 되어 초기 투자리스크가 전혀 없다는 것이 강점이다. 롯데백화점 본점 약 7.8배의 대규모 유통센터로 알려진 이곳은 현재 부천종합터미널과 11개관의 프리머스영화관 컨벤션웨딩홀 스포츠 센터가 단일건물 내 입점하여 집객파워 및 매출 시너지가 무엇인지 보여주고 있다. 이중 1층부터 5층 까지 도심형 최대 프리미엄 아울렛인 뉴코아와 킴스클럽이 입점한 매장을 등기분양 한다. 이랜드가 선점한 이곳은 교통의 요지이며 지하철1호선과 2012년 개통예정인 7호선 상동역의 더블역세권형성으로 상권성장 잠재력과 시세차익이 기대되는 곳이다. 또한 현재 완공 후 영업중인 것을 분양 받으므로 투자 후 바로 수익이 발생하고 소유권 이전 받기 전까지 분양대금을 한국자산신탁에서 안전하게 관리 해준다는 것이 투자자들이 선호하는 큰 이유중에 하나다. 분양문의 1588 4723 신청접수 방법 신청금 100만원 신청계좌 하나은행 100 910026 09904 예금주 한국자산신탁회사 본 자료는 해당 업체에서 제공한 보도 자료입니다. ☞ First Class경제신문 파이낸셜뉴스 구독신청하기 오늘의 핫뉴스 방송국서 괴한 나타나 여기자의 코를.. 수입차 딜러·렌터카 ‘검은 커넥션’ “눈이 다 터졌다”황구 학대 시청자 ‘경악’ 스마트폰 공인인증서 사용자 “짜증 폭발” “내 딸 아니야” 주장하던 이만의 前 장관 결국.. 본 자료는 해당 업체에서 제공한 보도 자료입니다.,https://news.naver.com/main/read.nhn?mode=LSD&mid=shm&sid1=260&oid=014&aid=0002455363,284
261134,2011.06.13. 오전 11:06,부동산,헤럴드경제,‘똑똑한 중소형’ 봇물…지방분양 열기는 계속된다,가변벽체·3베이 등 적용 부산 명륜아이파크 등 실수요자 관심끌기 성공 부산과 충청권을 중심으로 한 ‘지방발 發 분양열기’가 계속되고 있는 가운데 지난주 말 ‘똘똘한’ 중소형 신규 분양상품이 대거 쏟아져 소비자들의 눈길을 사로잡았다. 판상형구조에 주류를 이루던 3베이가 타워형까지 확산되는가 하면 수요자 맞춤 공간구성이 가능한 가변형벽체도 소형평형까지 적극 활용되고 있다. 13일 건설업계에 따르면 전주말 문을 연 현대산업개발의 부산 ‘명륜아이파크’ 모델하우스에는 주말동안 2만 2000여명의 인파가 몰렸다. 동래구 명륜 3구역을 재개발한 ‘명륜 아이파크 총 1409가구 ’는 전체 분양 가구 가운데 60% 이상이 중소형으로 이뤄져 있다. 재개발 단지임에도 일반분양 1041가구 비율이 74%로 높은 것도 수요자를 불러모은 유인으로 작용했다. 소형평형인 전용 62㎡형의 경우 3베이 구조에 방 3개로 구성됐으며 안방전용 드레스룸과 화장실까지 갖추고 있다. 84㎡형은 타워형까지 전면남향의 3베이 설계가 적용됐다. 회사 관계자는 “타워형도 3베이가 채택되면서 높은 개방감 및 채광 통풍 등을 확보할 수 있게 됐다”고 설명했다. 충남 천안도 체질 개선한 중소형아파트를 중심으로 조심스레 분양기지개를 켜는 모양새다. 천안 일대는 미분양적체로 지난 3년동안 신규공급이 없었다. 대림산업이 천안 북부 중심권인 서북구 두정동에서 공급하는 ‘천안 두정 2차 e편한세상’의 경우 10일 모델하우스를 오픈한 이래 1만 5000여명의 방문객이 다녀갔다. 이 단지는 전체 848가구 모두 중소형 72㎡ 84㎡ 으로 구성됐다. 내방객 수 대비 상담비율이 높아 구매의지가 뚜렷한 30 40대 예비청약자가 많았다. 길승진 현지 분양소장은 “평균 분양가가 3.3㎡ 당 770만원 확장포함 으로 3년전 공급된 미분양아파트 할인가격과 비슷해 가격에 대한 저항감이 낮다”며 “사업지가 위치한 서북구는 중소형 미분양 물량이 거의 없어 실수요자의 방문이 꾸준히 이어지고 있다”고 말했다. 지난주말 실수요자를 정조준한 ‘똘똘한’ 중소형아파트가 대거 나오면서 지방분양시장이 또 한차례 달아올랐다. 현대산업개발이 부산에서 공급하는 ‘명륜아이파크’ 모델하우스에는 주말에만 2만 2000여명의 내방객이 몰렸다. 이 아파트는 통상 주방 옆에 위치했던 세탁실을 안방 발코니 앞에 배치해 눈길을 끌었다. 세척과 건조를 위해 세탁물을 이리저리 옮기는 동선을 간소화하기 위해서다. 방과 방 방과 거실 사이에 가변형벽체를 넣어 생활패턴에 맞는 공간구성이 가능하도록 한 점도 특징이다. 업계 한 관계자는 “지방분양열기를 이어가기 위한 건설사들의 노력이 이어지면서 중소형 평형의 경쟁력이 날로 향상되고 있다”고 말했다.,https://news.naver.com/main/read.nhn?mode=LSD&mid=shm&sid1=260&oid=016&aid=0000386434,284
261135,2011.06.13. 오전 11:06,부동산,헤럴드경제,불황 이기는 인서울 단지 줄줄이 분양 눈길,청담자이 등 이달중 공급 부동산 시장 침체 및 보금자리주택 공급 등의 여파로 이른바 인서울 In Seoul 내 신규분양 물량이 급감하는 가운데 이달 모처럼서울 곳곳에서 알짜 분양 물량이 공급돼 실수요자들의 관심을 모으고 있다. 13일 건설업계에 따르면 GS건설은 강남구 청담동에 위치한 한양아파트를 재건축한 청담자이의 청약을 오는 20일부터 진행한다. 한강변에 인접해 있고 7호선 청담역을 도보로 이용할 수 있다. 가격 부담이 비교적 적은 중소형 평형인데다 경기고 휘문고 등 ‘강남 최고의 명문학군’까지 갖춰 강남진입을 계획하는 실수요층의 관심이 높을 것으로 보인다. GS건설 관계자는 “공급 물량이 20가구 미만이라 청약통장 없이 누구나 청약이 가능하고 인근에 임대 수요도 풍부해 임대 투자용으로도 고려해 볼 만하다”고 설명했다. 이어 SK건설도 강남구 역삼동의 ‘개나리 5차 아파트’를 재건축한 아파트를 이달말 분양할 예정이다. 지하철 2호선과 분당선 환승역인 선릉역을 걸어서 5분이면 갈 수 있다. 강북권에서도 실수요자들이 눈길을 사로잡을 알짜 블루칩 단지가 선을 보인다. GS건설은 서울 마포구의 한강밤섬자이의 모델하우스를 17일께 오픈해 분양에 나설 예정이다. 2009년 4월 도정법 도시 및 주거환경정비법 개정에 따라 임대분에서 일반분양분으로 전환된 물량으로 분양가를 3년전 일반 분양당시 수준에 맞춰 가격 메리트가 있다는 것이 회사측의 설명이다.,https://news.naver.com/main/read.nhn?mode=LSD&mid=shm&sid1=260&oid=016&aid=0000386432,284
261136,2011.06.13. 오전 11:06,부동산,헤럴드경제,대형사 평균연봉 6000만원 훌쩍,중소형사 구조조정과 대조 건설인력 ‘빈익빈 부익부’ 심화 포스코건설 올해 30% 인상 해외플랜트 수주등 큰 영향 대림산업·SK건설 뒤 이어 국내 건설 경기의 침체 여파로 중소 건설사의 구조조정과 대형 건설사들의 사업 구조 개편으로 건설 인력의 이동이 활발해지고 있다. 특히 타 업종에 비해 맨파워 인적역량 의 영향력이 큰 건설업종 특성상 대형 건설사들은 고액 연봉 조건 등을 제시하며 우수 인재 영입에 적극적으로 나서고 있다. 하지만 국내 주택 시장의 침체 등으로 중소형사들이 대거 구조조정에 들어간 가운데 주요 대형사들이 싹쓸이 인재 영입에 나서면서 건설업종 내 ‘빈익빈 부익부’ 현상이 보다 심화될 것이란 우려를 낳고 있다. 13일 본지가 시공능력평가 상위 10개 대형건설사들이 제출한 사업보고서를 토대로 직원들의 평균 임금을 조사한 결과 지난 1분기 가장 높은 급여를 받은 회사는 포스코건설로 나타났다. 계약직을 포함해 총 직원수가 3551에 달한 포스코건설은 1분기에만 1인당 평균 2000만원의 급여를 받았다. 포스코건설은 지난해 1분기에는 1인당 평균 1457만원을 받았고 연간으로는 5400만원을 받았다. 지난해 동기 대비 상승폭이 30%에 가까운 수준인 것. 특히 포스코건설은 지난해 1년 평균 연봉이 10대 대형건설사 가운데 9위에 불과했지만 단번에 1위로 올라서 주목을 받고 있다. 이어 중동지역에서 플랜트 업종에 강세를 보이는 대림산업과 SK건설 GS건설이 나란히 상위에 올랐다. 두 번째로 급여가 높은 건설사는 대림산업 건설사업부였다. 계약직을 포함해 3627명이 근무하는 대림산업 건설사업부는 1분기 직원 1인당 평균 1950만원을 받았다. 지난해 1분기에는 1800만원이었으며 지난해 연간으로는 1인당 평균 6992만원을 받았다. 대림산업에 이어 3위는 SK건설이었다. SK건설은 지난 1분기 1인당 평균 1924만원을 받았다. 지난해 1분기 1661만원에 비해 15% 가량 높아진 수준이다. GS건설과 대우건설은 지난 1분기 1인당 평균 급여가 1900만원이었다. GS건설은 지난해 연간 기준으로는 7000만원 대우건설은평균 6600만원이었다. 래미안 브랜드의 삼성물산 건설부문은 정규직 기준 1분기 1인 평균 급여가 1825만원으로 5위에 올랐다. 시공능력평가 1위인 현대건설은 1분기 1인당 평균 급여가 1800만원이었다. 지난해 동기 1인 평균 1660만원에 비해서는 상승했지만 상승폭이 10%를 채 넘지 못했다. 이밖에 두산건설이 1분기 1인 평균 급여가 1608만원 롯데건설은 1580만원이었으며 10대 대형사 가운데 1분기 1인 평균 급여가 가장 낮은 회사는 현대산업개발로 평균 1430만원이었다. 한 대형사의 관계자는 “주로 해외 현장 근무로 추가 수당이 주어지는 토목ㆍ플랜트사업 부문의 급여가 높은 편으로 대형 건설사가운데서도 해외 사업의 비중이 높은 건설사의 평균 연봉이 높다”고 말했다. 한편 건설업종의 특성 탓에 직원 구성에 있어 남성과 여성의 성비 비율 편차가 극심한 것으로 나타났다. 여성 직원의 비율이 전체의 10%는 물론 5%에도 미달되는 곳이 대부분이다. 실제 현대건설의 경우 3978명의 직원 가운데 여성은 255명이었고 대림산업 건설사업부는 총 2975명 직원 가운데 여성은 107명에 불과했다.,https://news.naver.com/main/read.nhn?mode=LSD&mid=shm&sid1=260&oid=016&aid=0000386430,284
261137,2011.06.13. 오전 11:06,부동산,헤럴드경제,이달 알짜 단지내상가 쏟아진다,LH 19개지구 140점포 공급 시장향배 바로미터 관심 이달 중 전국적으로 140개의 LH 한국토지주택공사 단지내 상가가 신규 공급될 예정이어서 올 하반기 상가 시장의 향배를 알아볼 수 있는 좋은 기회가 될 것으로 보인다. 13일 LH는 이달 중 수원호매실 인천서창 행정중심복합도시 첫마을 등 6개지구 10개 블록에서 95개 상가를 신규공급한다고 밝혔다. 또한 성남판교와 서울상암 등 13개지구 21개 블록에서는 45개 상가를 재공급한다. 공개경쟁입찰로 분양되는 LH 상가는 주로 택지개발사업지구등 대규모 단지 내에 위치하여 기존도심과 차별되는 고정상권 형성이 가능하며 평균 100가구당 1개 점포에 불과해 부동산 시장의 대표적 수익상품으로 손꼽힌다. 특히 이번 신규 공급분에서는 수원 호매실을 비롯해 수도권 내 비교적 대형 단지들이 많아 독점력 높은 상가들이 많고 내정가 규모도 저렴한 곳이 많아 입찰 결과가 주목된다. 수원 호매실 B 6블럭은 공공임대 단지이지만 1318 가구의 대규모 단지로 호매실 지구 내 근린상권과 다소 거리가 있어 독점력이 높다. 세대대비 상가면적도 0.478 수준으로 상가의 희소성이 뛰어나 투자자들의 관심이 높을 것으로 예상된다. 인천 서창2 11블럭의 경우 배후 소비세력의 소비수준이 비교적 높은 공공분양단지라는 점과 938가구 정도의 배후단지가 확보돼 있다. 다만 세대수 대비 상가면적이 1.467로 이번 공급되는 물량 중 가장 높고 단지내 상가이지만 전용률이 60%대로 낮다는 점에 유의해야 한다. 행정중심 복합도시 첫마을 2개 블록에서는 약 23개 점포가 주인을 기다리고 있다. 특히 A2블럭은 공공분양과 공공임대이 배후세대로 확보돼 있어 다양한 소비세력으로 자리매김할 것으로 예상된다. 그러나 내정가가 수도권 주요 택지지구 못지 않게 높아 입찰 결과가 주목된다. 이번 6월 LH 단지내 상가 공급물량은 신규공급분에 비해 재공급되는 단지들이 많다. 특히 수도권 지역에서는 성남 판교와 서울 상암2 1 물량을 눈여겨 볼 만하다. 특히 재분양 물량은 신규 공급에 비해 입점시기가 빨라 자금회수기간이 짧다. 그러나 첫 분양시 주인을 찾지 못했다는 점을 감안해 철저한 주변 상권 조사를 통한 가격 타당성을 맞추려는 노력이 필요하다. 또한 현재 입점 중인 곳에서 일부 재입찰이 이뤄질 경우 LH에서 현 입점자들의 공용부분 무단점유나 상가 업종 및 용도 변경 등에 대해 책임을 지지 않기 때문에 주의해야 한다. 선종필 상가뉴스레이다 대표는 “6월 LH 단지내 상가 공급 물량은 대체적으로 단지 규모가 크고 독점성도 높은 단지들이 많아 투자자들의 관심도가 높을 것으로 기대된다”며 “특히 이번 LH 단지내 상가 공급 결과는 올 하반기 상가 시장의 기상도를 알아볼 수 있는 척도가 될 것으로 보여 귀추가 주목된다” 고 말했다.,https://news.naver.com/main/read.nhn?mode=LSD&mid=shm&sid1=260&oid=016&aid=0000386429,284
261138,2011.06.13. 오전 11:05,부동산,연합뉴스,베트남 우리나라 도시개발법 벤치마킹,베트남 대표단 방한 13일 국토부 방문 서울 연합뉴스 서미숙 기자 우리나라의 도시개발법이 베트남으로 수출될 전망이다. 국토해양부는 베트남 건설부 도시개발법 제정 추진단 8명이 우리나라 도시개발정책과 법령을 벤치마킹하기 위해 국토부를 방문했다고 13일 밝혔다. 베트남은 현재 대우건설 하노이 서서호 GS건설 호찌민 냐베 포스코건설 하노이 북앙카인 등 국내 건설사들이 대규모 신도시 개발과 주택사업을 진행중이지만 도시개발법이 없어 신속한 사업 추진이 어렵다는 지적이 많았다. 베트남 건설부는 이에 따라 자국의 신도시 개발사업을 위해 도시개발법을 제정하기로 하고 우리나라의 도시개발법을 도입 대상으로 삼았다. 이번에 방한한 베트남 대표단은 이날 국토부에서 우리나라의 도시계획 및 도시개발법제에 관한 강의를 듣고 LH 현장도 직접 돌아봤다. 국토부는 베트남 대표단을 위해 국토계획법과 도시개발법을 영문으로 번역해줄 것을 법제처에 요청하기로 했다. 국토부의 한 관계자는 베트남 대표단이 우리나라의 도시개발법에 큰 관심을 보이고 있다 며 베트남이 우리나라 도시개발법 정책과 법제를 채택한다면 국내 건설사가 추진하고 있는 베트남 신도시 개발이 탄력을 받게 될 것 이라고 말했다.,https://news.naver.com/main/read.nhn?mode=LSD&mid=shm&sid1=260&oid=001&aid=0005109541,284
261139,2011.06.13. 오전 11:04,부동산,매일경제,대기업에서 월세 받으니 남편보다 든든해요,선임대후분양으로 “치솟는 물가 불안한 연금 한번에 해결했어요” 가정주부 이모씨 49세 는 남편 월급 이외에 소형매장 3개를 뉴코아에 임대주고 매달 300만 원 가량의 임대수익을 올리고 있다. 내 집 마련과 함께 소액의 수익상가를 먼저 사둔 것이 남들과 차별화된 재테크 전략이라고 말한다. 월급만으로 물가상승 자녀교육비 급증과 노후대책을 동시에 감당하기는 불가능하다는 것이다. 베이비붐 세대의 대규모 은퇴와 보금자리주택 등 정부의 적극적인 임대주택 공급으로 점차 주택가격은 하락할 전망이지만 빨라지는 정년과 평균수명연장 등은 노후생계를 위협하므로 생계유지수입원 확보에 빨간불이 들어왔다. 이런 상황에서 선임대후분양에 수익률 보장까지 되는 임대수익의 2중·3중 안정장치가 돼있는 부천터미널 소풍은 성업을 이루고있다. 등기 이전 받고 10년동안 뉴코아에서 월세 받아…. 소풍은 신도시의 탁월한 입지와 이랜드 그룹 뉴코아 킴스클럽이 10년 임대의 장기 계약조건으로 입점 임대계약기간 2009.9 2019.9 함으로써 10년동안 공실 및 건물관리 염려 없이 대기업으로부터 안정적으로 월세를 받을 수 있다. 실투자금 7천만 원대 매장을 분양 받으면 기다릴 필요 없이 등기 이전 후 바로 보증금과 익월 최저 85만 원 120만 원의 임대수익이 지급된다. 롯데백화점 본점 약 7.8배의 대규모 유통센터로 알려진 이곳은 현재 부천종합터미널과 11개관의 프리머스영화관 컨벤션웨딩홀 스포츠 센터가 단일건물 내 입점해 집객파워 및 매출 시너지가 무엇인지 보여주고 있다. 이중 1층부터 5층 까지 도심형 최대 프리미엄 아울렛인 뉴코아와 킴스클럽이 입점한 매장을 등기분양 한다. 이랜드가 선점한 이곳은 교통의 요지이며 지하철1호선과 2012년 개통예정인 7호선 상동역의 더블 역세권 형성으로 상권성장 잠재력과 시세차익이 기대되는 곳이다. 현재 완공 후 영업중인 것을 분양 받으므로 투자 후 바로 수익이 발생하고 소유권 이전 받기 전까지 분양대금을 한국자산신탁에서 안전하게 관리 해준다는 것이 투자자들이 선호하는 큰 이유중에 하나다. 분양문의 1588 4937 위 내용은 매경닷컴의 편집방향과 무관하며 해당업체에서 제공한 보도자료입니다. ⓒ 매일경제 mk.co.kr 무단전재 및 재배포 금지 MBA도 모바일로 공부한다.,https://news.naver.com/main/read.nhn?mode=LSD&mid=shm&sid1=260&oid=009&aid=0002483199,284
261140,2011.06.13. 오전 11:02,부동산,머니투데이,18개 부동산 장부 2014년까지 하나로 통합,머니투데이 박동희 MTN기자 2014년까지 토지대장과 지적도 등기부등본 등 18개 부동산 관련 공적장부가 하나로 통합됩니다. 국토해양부는 우선 내년까지 토지대장과 임야대장 대지권등록부과 지적도 건축물대장 등 자주 쓰이는 11개 장부를 하나의 서류로 통합하기로 했습니다. 국토부는 부동산 장부가 하나로 통합되면 서류 발급 비용이 줄고 행정 효율도 높아질 것 이라고 밝혔습니다. 한해 발급되는 부동산 관련 서류는 약 1억100만 건으로 발급 비용은 천억 원이 넘는 것으로 집계됐습니다.,https://news.naver.com/main/read.nhn?mode=LSD&mid=shm&sid1=260&oid=008&aid=0002554087,284
261141,2011.06.13. 오전 11:02,부동산,머니투데이,LH본사 압수수색...임원 서랍에 5만원권 수북,머니투데이 조정현 MTN기자 인천지검 특수부는 산업단지 개발 과정에서 한국토지주택공사 LH의 한 임원이 건설업체로부터 금품을 받은 정황을 잡고 수사 중이라고 밝혔습니다. 검찰은 최근 경기도 분당의 LH 본사를 압수수색해 이 임원의 사무실 책상 서랍 안에서 5만 원권 다발 등 2 600여만 원의 뭉칫돈을 발견하고 관련 서류를 확보했습니다. 검찰 LH의 충남 석문 국가산업단지 개발 과정에서 건설업체의 불법 로비자금을 수수한 혐의로 수사하고 있습니다.,https://news.naver.com/main/read.nhn?mode=LSD&mid=shm&sid1=260&oid=008&aid=0002554086,284
261142,2011.06.13. 오전 11:00,부동산,아시아경제,지난해 해운업 외화가득액 2년만에 300억달러 회복,아시아경제 조민서 기자 지난해 우리나라 해운산업의 외화가득액이 2년만에 300억 달러대를 회복했다. 국토해양부는 2010년 해운산업의 외화가득액 한국은행 통계기준 이 302억7000만달러를 달성했다고 13일 발표했다. 외화가득액은 해외로 지급된 금액을 제외하고 국내에 남긴 금액을 말한다. 외화가득액이 300억 달러대를 회복한 것은 2008년 이후 2년만이다. 당시 금융위기 이후 해운선사의 경영난 심화로 감소했던 외화가득액이 지난해 경기회복으로 다시 늘어났다는 분석이다. 2009년 231억6000만달러에 비해서는 31% 증가했다. 이에 따라 해운산업은 국내 서비스 총 수출액의 40% 내외를 차지하면서 반도체·핸드폰 등 주요 제조업과 함께 가장 많이 달러를 벌어들이는 서비스 산업으로 자리매김하게 됐다. 외화가득액에 국내수입까지 포함한 국적선사의 매출액은 지난해 331억9000만달러로 집계됐다. 이 역시 금융위기로 2008년 469억7000만달러를 기록하다 2009년 244억2000만달러로 줄었지만 최근 경기회복으로 다시 증가추세다. 국토부 관계자는 지난해 해운산업의 회복세를 보였지만 긴장을 늦출 수 없는 상황 이며 올들어 해운시황은 선박공급 과잉 유가급등 원자재값 급등과 기상이변에 따른 물동량 감소 등의 영향으로 침체조짐을 보이고 있기 때문 이라고 말했다. 이와 관련해 해운업계는 경영 여건악화에 대비해 감속운항 연료 수급지 최적화 노후선박 해체 등 원가절감과 수급조절을 위한 자구노력을 기울이고 있다. 정부에서도 안정적인 선박금융 지원을 통해 업계가 최근의 해운시장 침체를 극복할 수 있도록 선박펀드와 관련한 규제를 적극 완화할 방침이다.,https://news.naver.com/main/read.nhn?mode=LSD&mid=shm&sid1=260&oid=277&aid=0002622125,284
261143,2011.06.13. 오전 11:00,부동산,아시아경제,2011년 도선 수습생 필기시험 오는 30일 실시,아시아경제 조민서 기자 2011년도 도선 수습생 필기시험이 오는 30일 부산 한국해양수산연수원에서 실시된다. 국토해양부는 올해는 부산·평택 각 4명 울산 2명 여수·목포항에 각 1명씩 12명을 선발할 예정이라고 13일 발표했다. 지난 1일부터 10일까지 10일 동안 국토해양부 및 11개 지방해양항만청에서 원서를 접수한 결과 118명이 응시해 9.8대 1의 경쟁률을 보였다. 도선사가 되기 위해서는 총톤수 6000톤 이상 선박의 선장으로 5년 이상 승선경력을 보유해야 응시할 수 있다. 올해 필기시험은 지난 5월 새롭게 이전한 한국해양수산연수원 부산시 영도구 해양로 367 에서 실시한다. 필기시험 합격자 발표는 7월5일에 면접시험은 7월19일 국토부에서 실시한다. 최종합격자 12명은 7월20일에 발표된다. 도선수습생 전형시험 합격자는 6개월간 200회 이상 도선실무수습을 거쳐 내년 초에 실시되는 도선사시험에 최종합격하면 도선사 면허를 받고 항만별로 배치된다. 도선사는 전국 주요항만에서 항만에 입·출항하는 대형선박을 부두에 안전하게 접안할 수 있도록 인도하는 선박 운항의 최고 전문가다.,https://news.naver.com/main/read.nhn?mode=LSD&mid=shm&sid1=260&oid=277&aid=0002622122,284
261144,2011.06.13. 오전 10:54,부동산,이데일리,동양메이저 동양매직과 합병결정,이데일리 이진철 기자 동양그룹은 이사회 결의를 통해 동양메이저 001520 와 동양매직을 합병키로 결정했다고 13일 밝혔다.,https://news.naver.com/main/read.nhn?mode=LSD&mid=shm&sid1=260&oid=018&aid=0002451483,284
261145,2011.06.13. 오전 10:50,부동산,한국경제TV,청담자이 20일 인터넷 청약 개시,GS건설은 오는 20일부터 22일까지 청담 자이에 대한 인터넷 청약을 접수한다고 밝혔습니다. 청담한양 아파트를 재건축한 청담자이는 지상 최고 35층 5개동 총 708가구로 이뤄져 있습니다. 이번 분양물량은 전용 49㎡ 4가구 89㎡ 12가구 등 16가구로 주택법 적용을 받지 않아 청약금 500만원만 있으면 청약통장없이 누구나 청약이 가능합니다. 청담자이 홈페이지 www.cd xi.co.kr 에서 청약접수를 받으며 24일 오후 2시 이후 홈페이지에서 당첨자를 확인할 수 있습니다. GS건설 관계자는 전세시세만도 분양가의 50%를 넘고 인근에 임대 수요도 풍부해 임대 투자용으로도 고려해 볼 만하다 고 설명했습니다. 청담자이는 한강변에 위치해 올림픽대로와 인접해 있고 경기고와 휘문고 등 명문학군으로 높은 관심을 받고 있습니다.,https://news.naver.com/main/read.nhn?mode=LSD&mid=shm&sid1=260&oid=004&aid=0002081769,284
261146,2011.06.13. 오전 10:48,부동산,한국경제TV,2014년까지 18종 부동산 정보 통합,오는 2014년부터 토지대장과 등기부등본 등 18종의 부동산 관련 공적 장부가 하나로 통합됩니다. 정부는 내년까지 토지대장 등 11종의 부동산 서류를 하나로 통합하고 2014년까지 나머지 서류를 단계적으로 통합할 계획입니다. 부동산 공적장부가 하나로 통합되면 민원인들의 비용 절감과 지자체의 행정효율이 높아질 것으로 국토부는 기대했습니다.,https://news.naver.com/main/read.nhn?mode=LSD&mid=shm&sid1=260&oid=004&aid=0002081751,284
261147,2011.06.13. 오전 10:47,부동산,경향신문,6월 ‘그린 프리미엄’이 가장 기대되는 단지 어디,교하신도시 운정지구 롯데캐슬 단지 절반이 조경시설 단지 바로 앞에는 가온호수공원이 위치 올해 6월에는 알짜 분양 물량이 속속 분양하는 가운데 그린 프리미엄이 가장 기대되는 단지가 분양에 나서 실수요자들의 관심이 쏠리고 있다. 롯데건설이 지난 6월 10일 견본주택을 오픈하고 본격 분양에 나선 교하신도시 운정지구 롯데캐슬이 주인공. 이 단지는 가온호수공원 조망이 가능하고 단지 내 절반이 조경시설로 조성되는 친환경 아파트다. 이 달 분양되는 다른 아파트와 비교해도 우위에 서는 친환경 단지로 그린 프리미엄이 가장 기대되는 단지로 꼽힌다. 그린 프리미엄 단지는 ‘웰빙’을 선호하는 주거 트렌드에 맞춰 각광받고 있는 추세다. 이에 따라 최근 건설사들은 조경 시설에 굉장한 관심을 쏟고 있는 것이 사실이다. 또한 아파트 입주 후 몇 년이 지나도 조망권과 조경 시설이 뛰어난 단지들은 생활 환경이 쾌적하기 때문에 수요자들의 인기가 높고 환금성도 높아 투자메리트도 있다. 실제로 조망권 단지와 비조망권 단지의 시세 차이는 상당하다. 국민은행 부동산에 따르면 일산호수공원 조망 단지인 주엽동 강선마을 19단지 우성 아파트는 평당가 1735만원 비조망 단지인 14단지 두산 아파트는 평당가 1146만원으로 시세 차가 상당하다. 부동산 전문가들은 “그린 프리미엄을 기대할 수 있는 단지들이 속속 등장하고 있다”면서 “특히 인근에 산이나 강 호수 등이 위치해 있다면 조망권 프리미엄도 함께 누릴 수 있어 1석 2조의 효과를 기대해볼 수 있을 것”이라고 말했다. 교하신도시 운정지구 롯데캐슬은 가온호수공원으로 270도 둘러싸여 있다. 단지 내 조경도 뛰어나다. 자낙나무숲길 메타세콰이어길 단풍나무길 억새밭길 등 숲과 나무 사이로 1.1Km의 테마산책로와 약 700m에 달하는 자전거 도로를 조성하며 편백나무 동산 숲속놀이터 미디어폴의 빛과 바닥분수의 물줄기가 오케스트라의 음악에 맞춰 춤을 추는 빛의 광장도 조성할 예정이다. 단지 인근 생활 편의 시설도 뛰어나다. 통일동산 헤이리 예술마을 영어마을 첼시 프리미엄아울렛 등이 인근에 위치해 있다. 단지 바로 뒷 편에 교하가람행복센터가 2012년 상반기 중에 완공될 예정이다. 교하가람행복센터에는 공공청사 및 청소년·노인 복지시설 및 헬스장 수영장이 포함된 체육시설 공연장 전시장 등으로 구성된다. 교통도 편리하다. 경의선 운정역과 가깝고 제2자유로 김포 관산간 도로 개통으로 서울 접근성이 뛰어나다. 견본주택은 지하철3호선 마두역 4번 출구 인근 뉴코아 사거리에 위치해 있다. 교하신도시 운정지구 롯데캐슬은 지하 1층 지상 18 30층 20개동 규모로 전용면적 59A㎡ 130가구 59B㎡ 48가구 84A㎡ 650가구 84B㎡ 217가구 101A㎡ 195가구 101B㎡ 21가구 113A㎡ 231가구 113B㎡ 120가구 113C㎡ 120가구 126A㎡ 75가구 126B㎡ 73가구 등 총 1880가구로 구성된다. 청약은 6월 14일 특별공급 15일 1순위 16일 2순위 17일 3순위 접수가 진행될 예정이다. 분양문의 031 908 1880 본 자료는 해당 업체에서 제공한 보도 자료입니다. 경향신문 ‘오늘의 핫뉴스’ 박근혜의 ‘한마디’와 노무현의 ‘한마디’ 서러운 알바 여대생… 내가 사람이긴 한 건가 무라카미 하루키 “일본의 지옥문 열렸다” “겁많은 여학생이지만 너무 화나고 견딜수없어” 직장인이 부모님께 드리는 용돈… 평균 얼마 취업 면접때 ‘딱 걸리는 거짓말’… 1위는 공식 SNS 계정 경향 트위터 미투데이 페이스북 세상과 경향의 소통 Khross ⓒ 경향신문 경향닷컴 www.khan.co.kr 무단전재 및 재배포 금지 〈경향닷컴은 한국온라인신문협회 www.kona.or.kr 의 디지털뉴스이용규칙에 따른 저작권을 행사합니다.,https://news.naver.com/main/read.nhn?mode=LSD&mid=shm&sid1=260&oid=032&aid=0002141551,284
261148,2011.06.13. 오전 10:39,부동산,아시아경제,계약률 높은 단지의 세가지 성공 법칙,아시아경제 문소정 기자 분양성패와 직결되는 것은 청약률 일까 계약률 일까 정답은 계약률 이다. 청약률이 아무리 높아도 계약률이 낮으면 그 단지는 분양에 실패한 것이다. 한 건설업계 관계자는 100대 1의 청약경쟁률이 나왔다고 해도 당첨자가 계약을 하지 않으면 말짱 도루묵이다 며 물론 청약경쟁률로 수요자들이 어느정도의 관심을 가지고 있느냐를 알수는 있지만 청약경쟁률이 계약률로 이어진다는 보장이 없기 때문에 계약률이 나와봐야 진정한 분양성패를 알 수 있다 고 전했다. 최근 부동산 침체 속에서도 분양한 후 짧은기간 안에 높은 계약률을 기록한 단지들이 속속 나오면서 눈길을 끌고 있다. 분양 관계자들은 이들의 공통분모로 중소형 입지여건 저렴한 분양가 특화된 평면 등을 들었다. 특히 중소형 은 계약률을 높이는 가장 강력한 무기로 꼽았다. 부동산 시장의 트렌드가 투자 중심에서 실거주 로 바뀌면서 수요자들의 관심도 중대형 에서 중소형 으로 옮아갔기 때문이다. 실례로 계약 약 1개월만에 95%의 계약률을 기록한 양산신도시 우미린 과 양산 반도유보라 2차 는 모두 중소형 평형으로 설계됐다. 양산 우미린 은 분양물량 720가구 모두 전용면적 59㎡로 반도유보라 2차 631가구는 63㎡ 379가구 84㎡ 252가구로 구성됐다. 우미건설 관계자는 분양 가구가 모두 중소형으로 구성돼 청약전부터 수요자들의 관심이 높았다 며 이외에도 저렴한 분양가 뛰어난 입지 등이 높은 계약률의 견인차 역할을 한 것으로 분석된다 고 전했다. 양산신도시 우미린 의 3.3㎡당 평균 분양가는 749만원으로 주변 시세보다 최대 30만원 정도 저렴하다. 쌍용건설이 부산에 내놓은 금정산2차 쌍용예가 도 공급한 지 한달이 채 지나지 않았지만 현재 계약률 94%를 기록하고 있다. 이 아파트도 역시 모두 중소형 면적 76 86㎡ 으로 만들어진다. 3.3㎡당 분양가도 800만원 후반대 900만원 초반대로 인근 아파트보다 100만원 가량 싸다. 중소형 면적인데도 불구하고 4베이를 도입한 점도 계약률을 높였다. 양산 반도유보라 2차 도 4베이를 적용했다. 대구에 화성산업이 선보인 범어숲 화성파크 드림S 오피스텔은 계약 이틀만에 99실 모두 계약을 끝냈다. 공급면적 57 97㎡로 구성된 범어숲 화성파크 드림S 은 12개 타입으로 평면을 다양화해 소비자의 선택을 확대한 것이 계약률 100%를 이끌어 낸 가장 주효한 원인이라고 회사 관계자는 설명했다. 대전 센트럴자이 는 대전시청 인근 구도심에서 분양하는데다 인·허가 등의 문제로 분양시점이 늦어져 청약자들을 제대로 모을 수 없을 것이라는 당초 우려와는 달리 수요자들이 몰리면서 공식 계약 마지막 날인 5월31일 93%의 계약률을 보였다. 과학벨트 호재 가 큰 영향을 미친 것이다. 이에 더해 분양 물량 80%가 중소형 평형이라는 점도 한몫했다. 하지만 전문가들은 계약률 도 100% 믿지는 말라고 조언한다. 조민이 부동산1번지 팀장은 분명 청약률 보다 계약률 이 분양성패를 가르는 요소긴 하지만 계약률은 각 건설사가 관리하기 때문에 정확한 수치를 파악하기 어렵다 며 직접 분양받을 단지 현장을 방문해 입지여건을 살펴보고 중개업소를 분양가 등을 문의하는 게 가장 정확하다 고 말했다.,https://news.naver.com/main/read.nhn?mode=LSD&mid=shm&sid1=260&oid=277&aid=0002622093,284
261149,2011.06.13. 오전 10:38,부동산,아시아경제,첫입주 앞둔 김포한강신도시 가 보니...,우남 퍼스트빌 단지내 풍경. 아시아경제 박충훈 기자 막 아스팔트 포장을 끝낸 도로가 미지근한 온기를 뿜는다. 완공된 아파트 단지 안에는 입주환경을 살피려는 방문객이 건물 코너를 돌때마다 삼삼오오 모여있다. 이달 중순 첫입주를 앞둔 김포한강신도시 아파트의 정경이다. 주인공인 우남퍼스트빌과 쌍용예가를 찾아가봤다. 17일 입주를 앞둔 우남퍼스트빌은 1202가구의 대단지로 전용면적 131 250㎡의 중대형 위주로 구성됐다. 최근 우남퍼스트빌과 장기지구를 연결하는 도로가 9일 완공돼 한결 오가기 편리해졌다. 단지내 공동시설은 수준급이다. 성큰 sunken 방식의 주민 공동시설에는 스크린 골프장과 문고 소극장 등이 들어선다. 우남 관계자는 입주자들의 목소리를 최대한 반영한 것이 특징 이라고 말한다. 입주민 요구로 만들었다는 5m 높이의 인공 폭포를 비롯해 수초가 심어진 작은 시내가 있다. 시원해보이지만 수초나 용수관리는 번거로울듯하다. 우레탄소재로 코팅된 농구장과 산책로도 눈에 띄었다. 단지 안쪽에 위치한 507동의 최상층과 중층을 살펴봤다. 얕은 산을 등지고 있고 인근 아파트 시공 현장과 떨어져 있어 주로 장년층에게 인기인 동이다. 최상층의 경우 천정높이가 높아 격조있다. 출입구 수납장과 드레스룸 플로어는 최근 아파트 트렌드를 반영해 깊숙하고 넉넉하게 준비해놓았다. 아일랜드 식탁으로 꾸며진 주방에는 대리석 무늬의 인조석재를 사용해 고급스런 분위기를 더했다. 조망은 아직까지 주변 공사가 진행 중이라 큰 기대를 않는 게 좋다. 일부 단지의 경우 멀리 검단까지 한눈에 시원하게 보이지만 아래에는 황토색 공사장이 보인다. 집을 둘러보는 도중 가끔 쿵쿵 하는 인근 공사장 굉음이 들려 신경이 거슬렸다. 이달말 입주 예정인 쌍용예가 1472가구는 교통여건이 좋다. 48번 국도를 타고 가면 가장 먼저 눈에 띄는 단지로 7월중 김포한강로가 개통하면 강남까지 40분거리다. 인근 부동산에서 내세우는 쌍용예가의 최장점도 교통이다. 올림픽 대로에서 김포한강신도시까지 10분거리다. 쌍용예가는 전가구가 전용면적 84㎡ 단일평형으로 구성됐다. 인근 부동산에 물어보니 타입별로는 입구쪽에 방 두개와 안방이 있는 K형이 무난한 구조로 가장 인기며 C형 A형도 인기다. 전세매물가는 1억 1억2000만원대다. 현재 이곳은 조경 공사 등 마무리 작업이 막바지에 이르렀다. 내부에 어린이집 등 보육시설을 갖추고 있으며 잔디정원 색깔정원 물의 정원 등 휴게공간 구성도 탄탄하다. 4호 주제공원이 바로 길건너 있어 입주민이 이용하기 편하다. 장기지구에서 광역버스9004번을 타고 당산역까지 가는데 정확히 1시간이 소요됐다. 이정도 시간이라면 조금 일찍 출근하는 것을 전제로 대중교통을 이용해도 큰 지장이 없을 듯하다. 국토부에서 검토 중인 9호선 연장방안이 통과된다면 교통여건은 더 크게 개선될 것으로 보인다. 우남퍼스트빌 단지내 인공폭포. 기반 시설의 경우 당분간 장기지역을 이용해야 한다. 교육시설로는 장기고교 김포고교 장기중학교 등이 위치하고 있다. 입주일이 얼마 남지 않은 현재 인근 부동산 업자에 의하면 영등포구 강서구 주민이 이곳을 많이 찾는다. 일산 목동 등지의 노후 아파트에 살다가 새로 지은 아파트로 이사오려는 이들도 꽤 있다고 한다. 인근 장기동에서 왔다는 한 주부는 이웃 엄마들과 함께 이곳을 찾았다 며 장기지역에서 멀지 않아 관심이 매우 높은 편 이라고 말했다. 김포한강신도시는 초기 물량의 저렴한 전셋값이 특징으로 매물보단 전세가 인상 부담에 지친 수도권 실수요자들에게 큰 도움이 될 것으로 보인다.,https://news.naver.com/main/read.nhn?mode=LSD&mid=shm&sid1=260&oid=277&aid=0002622091,284
261150,2011.06.13. 오전 10:38,부동산,아시아경제,‘길’을 찾으면 ‘내집마련’이 보인다,아시아경제 배경환 기자 교통노선 개통은 부동산 시장에서 우선 순위로 꼽는 호재다. 주거 편의성이 낮아 저평가됐던 지역을 한순간에 투자처로 바꿔 놓는다. 이로 인해 해당 지역 매매시장과 전세시장은 수차례 시세 변동을 겪는다. 분양시장에서도 성공 열쇠로 통한다. 이동이 편리해짐에 따라 수요층을 확보할 수 있는 사정거리가 늘어난다. 건설사 입장에서도 사업장 인근 교통시설은 필수 요소다. 계약률과 입주율을 높이는 것은 물론 미분양까지 해소할 수 있는 무기인 셈이다. ◇길 찾으면 ‘돈’이 보인다 도로와 철도 등 새로운 교통수단이 발생하면 일대 부동산 시장은 들썩인다. 규모와 노선에 따른 상승분이 시장에 그대로 반영되기도 한다. 대표적인 예가 지하철 9호선이다. 지난 2009년 7월 개통한 9호선은 주변 역세권 단지의 아파트 매매값을 1년만에 5.23% 끌어올렸다. 같은 기간 인천을 제외한 수도권이 0.15% 하락한 것과 대조적이다. 지방도 마찬가지다. 지난해 12월 부산과 거제를 잇는 거가대교 개통은 부산발 부동산 훈풍을 자극했다. 조민이 부동산1번지 팀장은 “새로운 교통노선이 뚫리는 것은 인근 시장 분위기를 반전시킬 수 있는 대표적인 호재”라고 평했다. 하지만 계속 오를 것이라는 막연한 기대감은 금물이다. 조 팀장은 “신 노선 발표로 발생하는 부동산 상승분은 대부분이 발표시점에 집중되기 때문에 이미 개통시기가 지난 지역은 가능성을 확인해 실수요자 입장에서 판단해야한다”고 조언했다. 올해 수도권에서 가장 눈에 띄는 교통호재는 9호선 이후 마지막 남은 황금노선이라 불리는 분당선과 신분당선 그리고 7호선 연장선이다. 한강을 사이에 두고 자유로 맞은편에 조성되는 김포판 자유로 ‘김포한강로’도 관심을 끌고 있다. 인천 서해와 한강을 잇는 아라뱃길도 10월 개통된다. 지방에서도 찾아볼 수 있다. 부산 사상과 김해 삼계를 연결하는 부산 김해 경전철이 지난 1일 개통된데 이어 익산과 여수를 잇는 전라선 복선전철도 9월말 공개된다. 내년 개통을 앞두고 교통망 호재를 앞세운 물량들이 수요자 몰이에 나서고 있다. ◇‘새길’ 프리미엄 혜택은 어디 분당선 연장선 수원 동서 및 서울 북부로의 교통망 개선이 실현된다. 그동안 선릉역에서 보정역까지 개통됐던 분당선 연장선이 추가돼 수원에서 분당 강남 왕십리를 관통하는 황금노선이 완성된다. 왕십리 선릉 죽전 기흥구간은 올해 개통하고 기흥 방죽 구간은 2012년 방죽 수원구간은 2013년 열린다. 직접적인 수혜를 입는 곳은 성동구 행당동과 강남구 역삼동 그리고 용인시 기흥구 영덕동 일대다. 각 지역에서 포스코건설과 SK건설 그리고 동부건설이 총 968가구를 내놓는다. 신분당선 강남과 판교 분당을 잇는 신분당선 1단계가 9월 개통된다. 강남에서 정자까지 16분이면 도달 가능하다. 2016년에 개통되는 2단계는 정자에서 광교신도시까지 이어진다. 2단계가 개통되면 수도권 남부에서 강남권 이동이 용이해진다. 신분당선 1단계 개통시 가장 큰 수혜를 입는 지역은 정자역이다. 올해 신분당선역이 개통되면 1단계 환승구간이 된다. 혜택이 집중되는 성남시에서 대우건설과 KCC건설이 각각 361가구 256가구를 분양한다. 두 곳 상반기 분양으로 84㎡이하 소형물량이다. 7호선 연장선 내년 12월 서울 온수역과 부평구청역을 잇는 지하철 7호선 연장선 개통으로 경인전철 이용객은 분산된다. 부평과 부천 중·상동 신도시의 교통이 개선될 전망이다. 연장구간 노선 이용으로 환승없이 한번에 서울 강남지역을 오갈 수 있다. 금호건설은 부천 원미구 중동에서 572가구를 분양하고 있다. 7월에는 삼성물산과 풍림산업이 부평구 부평동에서 1381가구를 내놓는다. 김포한강로 김포한강신도시는 올림픽대로에서 김포한강신도시까지 이어지는 김포한강로개통을 앞두고 기대감이 높다. 올림픽대로와 연결로 수요층 확대가 예상된다. 현재 분양 중이 물량도 많다. 한라건설과 계룡건설 등이 약 1500여가를 분양하고 있다. 경인아라뱃길 오는 10월 경인아라뱃길 개통으로 인천 서구와 계양구 일대가 수혜를 입는다. 물류비 절감 및 고용창출 등 경제적 효과 외에 지역 주민에게는 쾌적한 주거환경을 제공한다. 수변문화공간과 40㎞에 이르는 자전거 도로도 들어선다. 특히 계양구에서는 동부건설과 한양건설이 각각 710가구와 367가구를 분양한다. 두 곳 모두 소형에서 중대형까지 면적별로 다양하게 구성됐다.,https://news.naver.com/main/read.nhn?mode=LSD&mid=shm&sid1=260&oid=277&aid=0002622090,284
261151,2011.06.13. 오전 10:38,부동산,세계일보,문영건설 수익형 부동산 비즈트위트 선착순 분양,소형 부동산 불패신화…오피스텔 및 도시형생활주택 ‘비즈트위트’ 분양 세계닷컴 서울시 구로구 구로동 신도림역 1·2호선 환승역 과 대림역 2호선 더블 역세권에 위치한 문영비즈트위트 오피스텔 및 도시형생활주택을 선착순 분양중이다. 비즈트위트 는 1인 2인 세대를 겨냥한 초소형 오피스텔과 도시형 생활주택으로 지하3층 지상19층 분양 면적 기준 32.55㎡ 46.37㎡ 총 436세대로 구성됐으며 여타 도시형 생활주택과 차별되는 주민공동시설을 별도로 마련해 입주민 편의시설을 최대한 제공했다. 고급 마감재 사용과 시스템 에어컨 빌트인 시스템 TV 비데를 무상으로 제공하고 세대별 구분등기 각종 세제혜택이 주어진다. 계약금은 10% 중도금 60% 무이자대출 잔금 30%로 입주 시 까지 추가부담 없이 투자가 가능하다. 주택임대사업을 계획하는 투자자는 수도권 3주택만 구입하면 임대사업을 할 수 있어 적은 투자금액으로도 안정적인 수익을 얻을 수 있다. 신도림역과 대림역 구로역 주변은 홈플러스 테크노마트 이마트 애경백화점 등 대형 편의시설이 입점 영업 중이다. 신도림역과 연결되는 약 40만㎡ 규모의 디큐브시티 내 디큐브백화점 쉐라톤호텔 뮤지컬 전용극장 콘서트홀 오피스사무 동 주상복합아파트 등 올해 8월 27일 오픈 예정으로 신도림역을 기준으로 일대 변혁이 예상된다. 또한 목동 이대병원 고대 구로병원 등 대형의료 시설도 인접해 있어 투자에 좋은 조건을 충족하고 있다. 디지털 단지 등 IT 밸리 종사자 약 23만 명과 강남지역 출·퇴근자 사업지 인근 직장인 등 상주인구와 유동인구를 동시에 아우르고 풍부한 임대수요를 바탕으로 공실이 없다는 것이 큰 장점이다. 실투자금은 3000만원대로 전매가 자유롭다. 2012년 12월 입주 예정이다. 신청방법은 선착순 호수지정 신청금 100만원 이며 신청금은 미계약시 전액환불된다. 입급계좌는 우리은행 1005 601 836687이며 예금주는 주 문영종합개발이다. 분양문의 02 2111 6620 ※본 콘텐츠는 기업 제공 자료로 세계닷컴의견과 다를수 있습니다. Segye.com Segye.com 인기뉴스 자살 이등병 다리에 피멍 고참들이 온종일… 함바 비리 연루 임상규 순천대 총장 자살 스타크래프트 세대 다시 여기 로 속속 복귀 털 때문에 이별까지…여름이면 고민하는 여성들 정부 한국女 토막살인 살인 아냐 日판결에… 신기생뎐 귀신 등장에 시청자 당황…갑자기 납량특집 됐나 SBS 런닝맨 스태프가 시민 밀치고 씨XX ⓒ 세계일보 Segye.com 무단 전재 및 재배포 금지 금융전문뉴스 세계파이낸스 모바일로 만나는 세계닷컴 세계닷컴은 한국온라인신문협회 www.kona.or.kr 의 디지털뉴스이용규칙에 따른 저작권을 행사합니다.,https://news.naver.com/main/read.nhn?mode=LSD&mid=shm&sid1=260&oid=022&aid=0002274333,284
261152,2011.06.13. 오전 10:36,부동산,헤럴드POP,전국 상위 20% 아파트 가격 3년전 대비 2000만원 떨어졌다.,전국 상위 20%의 한채당 아파트 평균 가격은 2007년말 6억7691만원에서 2011년 현재 6억5364만원으로 2327만원 하락한 것으로 나타났다. 13일 부동산114 www.r114.co.kr 가 2011년 6월 현재까지 전국에 분포한 아파트 1만5958개 단지 내 681만317세대의 매매가격을 분석한 결과 전국 아파트 한채당 평균 매매가격은 상승 하였으나 상위 20%의 아파트 평균 가격은 2007년말대비 하락한 것으로 조사됐다. 전국의 한채당 평균 아파트 매매가격은 2007년 말 2억5871만원에서 2011년 2079만원 상승한 2억7951만원의 기록한 것으로 조사됐다. 가격 구간별로 보면 전국 상위 20%의 한채당 아파트 평균 가격은 2007년말 6억7691만원에서 2011년 현재 6억5364만원으로 2327만원 하락한 것으로 나타났다. 하지만 상위 20%의 아파트를 제외하고는 평균 가격은 상승했다. 상위 △20%초과 40%이하는 2805만원 △상위 40%초과 60%이하 3809만원 △상위 60%초과 80%이하 3760만원 △상위 80%초과 100%이하 1830만원 상승했다. 2008년 부터 입주한 아파트의 대형화와 기존 아파트에 비해 높은 분양가격이 아파트 가격 상승의 원인으로 작용한 것으로 풀이되고 있다. 2008년 부터 입주한 아파트의 경우 132㎡이상 규모의 경우 전체 입주물량 중 33.9% 비중을 차지하여 2008년 이전 입주한 아파트의 11.8%에 비해 약 3배 가량높았다. 하지만 99㎡미만 규모의 경우 2008년 이전 입주아파트의 경우 전체 아파트에서 50%의 비중을 차지하였으나 2008년 부터 입주한 아파트는 11.3%에 불과했다. 가격 수준에서도 2008년 부터 입주한 아파트의 분양가는 한채당 평균 3억6948만원 이었다. 그에 반해 2007년 말 한채당 아파트 매매가격은 2억5872만원이었다. 또한 2008년 이전 입주아파트의 2011년 현재 한채당 평균매매가격은 3억3587만원으로 2008년 이후 입주아파트의 분양가가 기존 아파트 매매가격에 비해 높은 수준을 보였다. 신규 입주아파트는 규모의 대형화와 높은 분양가 수준 외에도 지방의 아파트의 가격 상승도 전체 아파트 가격 수준 상승의 원인으로 풀이되고 있다. 부동산114 관계자는 “최근 수도권 수요자들의 매수 회피는 아파트 가격 상승에 대한 낮은 기대감과 함께 전체 아파트 가격 수준의 상승으로 인한 자금 부담도 작용하고 있다”며 “2008년 부터 입주한 신규 아파트는 중대형 아파트 비중과 분양가 수준이 높아 수요자들이 아파트 구매에 소극적인 움직임을 보인 원인이 됐다”고 설명했다.,https://news.naver.com/main/read.nhn?mode=LSD&mid=shm&sid1=260&oid=112&aid=0002202494,284
261153,2011.06.13. 오전 10:33,부동산,세계일보,세무·회계·경영 성인교육의 선두주자 아이파 경영 아카데미,세계닷컴 대한민국 성인의 평생교육은 사회 경제적 구조상 피할 수 없는 흐름 재직자의 자기계발을 위한 세무사 아카데미 응시자 대비 높은 1차 합격률 자랑 노동부 직장인 환급 내일배움카드 적용으로 보다 합리적인 가격 수강 가능 4년 연속 핵심직무능력향상과정 단기직무능력향상과정 우수훈련기관 선정 경영교육시장 석권한 코베이그룹 계열사 특화된 교육으로 글로벌 전문가 양성 최근 은퇴 후 생활을 묻는 질문에서 1천 여명의 한국인 중 55%가 ‘은퇴 경제적 어려움’이라는 인식을 갖고 있다는 결과를 보인 적이 있다. 우리나라 중·장년층이 은퇴 이후 노후준비에 취약하다는 말도 된다. 이런 우울한 생각을 떨쳐 버리고자 하는 사람들 중에는 일찌감치 은퇴 후 생활에 대비한 자기계발에 열중하는 이들도 적지 않다. 그 중에서도 세무 회계 경영 분야는 나이가 들어서도 전문직 유지가 가능하다는 데서 많은 사람들이 관심을 기울이고 있는 분야다. 노후를 준비한다는 차원에서 시작한 자기계발은 물론 현재 업무에서 좀더 빠른 승진과 이직 시에도 세무 회계 경영분야가 도움이 된다는 점은 지속적으로 호응을 얻는 이유가 되고 있다. 아이파 경영 아카데미는 이런 사회 트렌드를 반영한 고객 중심 맞춤형 강좌를 개설해 좋은 평가를 얻고 있는 교육업체다. 특히 아이파경영아카데미 관계자는 “대한민국 성인의 평생교육은 사회 경제적 구조상 피할 수 없는 흐름이다”라면서 “이직이나 인사고과 노후 대비 등을 위해 자기계발을 하려는 성인들에게 평생 도움이 되는 ‘평생교육’을 하는 것이 지향하는 바”라고 강조했다. 경영분야 인재양성을 통한 기업가치 창출과 국가경쟁력 제고를 위해 2005년 설립된 아이파경영아카데미는 각 분야 권위 있는 전문 교수진과 국내 최대규모 시설을 기반으로 고객 감동을 실현하기 위해 한 걸음 한 걸음을 더 내디뎌 가고 있는 있는 중이다. 아이파 경영 아카데미의 직장인 및 성인을 대상으로 하는 경영교육 중에서도 ‘재직자의 자기계발을 위한 세무사 아카데미’ www.aifacta.co.kr 가 인기가 있다. 이 과정은 직장인을 대상으로 특화된 세무사시험 대비 종합교육프로그램이다. 직장인들의 자기개발 욕구충족과 더불어 미래를 보장할 수 있는 전문자격증을 목표로 할 수 있어 많은 직장인들의 호응을 받고 있는 이 강좌는 지난 2010년 세무사 1차 시험에 응시한 인원 대비 40% 이상의 합격률을 달성해 화제가 된 바 있다. 또한 재직자라면 노동부 직장인 환급 과정을 통해 수강료의 40 80%까지 환급 받을 수 있어 보다 합리적 비용으로 수강이 가능하다. 열심히 배우고 가르치더라도 현장이나 실무에서 사용되지 못하는 지식은 무용지물이다. 하지만 아이파 경영 아카데미에서는 ‘실무형 자격증 교육전문 전산재경교육센터’ www.aifaedu.co.kr 를 운영해 재경관리사 전산회계 전산세무 등의 자격시험에 조기 합격하는데 필요한 지원을 아끼지 않는다. 이 강좌는 내일배움카드제 계좌제 를 이용해 구직자들도 들을 수 있어 세무 회계분야 실무자로 취업할 수 있는 기회를 넓혀주고 있다. 더욱이 아이파의 전산재경교육센터는 아이파 인프라를 활용한 우수 교육프로그램 개발 및 시설 시스템으로 기존의 영세한 전산재경 교육기관의 한계를 극복하여 호평을 받고 있다. 게다가 ‘기업실무교육센터’ www.aifabiz.co.kr 를 통해 경영 회계 세무분야에서 100여 개가 넘는 강좌가 개설돼 있다는 점은 고객들의 선택의 폭을 확대했다는 데서 주목을 받고 있는 부분이다. 더불어 50여명 강사진을 현직 회계사 세무사로 구성해 교육수준을 높이고 실무능력과 수강생들의 만족도를 높이는데 주력했다. 찾아오는 수강생 만이 아닌 고용노동부와 한국산업인력공단이 무료로 지원하는 중소기업 수강자들을 위한 강좌도 ‘중소기업무료직무센터’ biz2011.aifabiz.co.kr 를 통해 진행하고 있어 국가가 인정하는 교육기관으로써도 손색이 없다. 실제로 중소기업에 근무하는 관련 업무 담당자들 중 2000여명이 이 과정을 듣고 실무에 투입되거나 활용하는 사례가 늘어나면서 4년 연속 핵심직무능력향상과정과 단기직무능력향상과정에서 우수훈련기관으로 선정되는 기염을 토하기도 했다. 또한 아이파 경영 아카데미에서는 오프라인 강의와 함께 e 아이파 온라인 사이트를 통해 회계 세무 경영 및 직장인 토익까지 동영상으로 수강할 수 있어 시간이나 장소에 상관없이 자기계발에 집중할 수 있다. 오프라인 캠퍼스는 교대역에 위치한 본원을 중심으로 종로 충정로 등 서울 주요 핵심 지역에 위치해 바쁜 직장인들의 효율적인 시간활용에도 심혈을 기울였다. 한편 아이파경영 아카데미는 성인교육시장의 블로칩으로 각광받고 있는 코베이 KORBEI 교육그룹의 주요 계열사 중의 하나다. 코베이 KORBEI 교육그룹은 지난 1998년 ㈜한국증권금융연구소를 시작으로 창립 10여년 만에 ㈜아이파경영아카데미 ㈜국제금융회계아카데미 AIFA ㈜한국경영교육원 주 이패스코리아 ㈜우리경영아카데미 등 각 교육분야별 Leading Company로 구성되어 계열사 상호간의 시너지를 바탕으로 성인교육시장을 이끌고 있다. 아이파경영아카데미는 경영 회계 세무분야의 자체 경쟁력과 더불어 코베이 교육그룹의 교육인프라를 활용한 Win Win 전략을 기반으로 국내 최고의 성인교육기관으로 독보적인 위치를 확립하는데 오랜 시간이 걸리지 않을 것으로 기대를 모으고 있다. 미디어팀 media segye.com Segye.com 인기뉴스 자살 이등병 다리에 피멍 고참들이 온종일… 함바 비리 연루 임상규 순천대 총장 자살 만취한 여성이 스마트폰을 건네준다면… 털 때문에 이별까지…여름이면 고민하는 여성들 정부 한국女 토막살인 살인 아냐 日판결에… 신기생뎐 귀신 등장에 시청자 당황…갑자기 납량특집 됐나 SBS 런닝맨 스태프가 시민 밀치고 씨XX ⓒ 세계일보 Segye.com 무단 전재 및 재배포 금지 금융전문뉴스 세계파이낸스 모바일로 만나는 세계닷컴 세계닷컴은 한국온라인신문협회 www.kona.or.kr 의 디지털뉴스이용규칙에 따른 저작권을 행사합니다.,https://news.naver.com/main/read.nhn?mode=LSD&mid=shm&sid1=260&oid=022&aid=0002274327,284
261154,2011.06.13. 오전 10:27,부동산,연합뉴스,분양소식 SK건설 삼선SK뷰 237가구,서울 연합뉴스 이유진 기자 SK건설은 서울 삼선동 삼선 SK뷰 VIEW 를 분양한다고 13일 밝혔다. 지상 15층 7개동 430가구 가운데 237가구가 일반 분양된다. 입주 예정 시기는 2015년 5월이다. 일반 분양분은 전용면적 59㎡ 88가구 84㎡ 228가구 116㎡ 58가구 118㎡ 3가구 122㎡ 48가구 179㎡ 1가구 복층 195㎡ 4가구 복층 로 실수요자 선호도가 높은 중소형이 70% 이상이다. 분양가는 84㎡ 기준으로 3.3㎡당 1천400만원 선에서 결정될 전망이다. 지하철 4호선 한성대입구역에 가까운 역세권이고 내부순환로 동소문로 등 간선도로망을 통해 도심에 쉽게 접근할 수 있다고 SK건설은 전했다. 삼선초 경동고 한성여중고 등 교육시설과 삼선시장 동대문쇼핑타운 롯데백화점 서울대병원 고려대병원 등 편의시설이 많고 성북천 낙산공원 창경궁 서울성곽길 등이 가까워 주거환경이 쾌적하다. 중앙광장을 중심으로 채광과 통풍을 고려해 건물을 배치하고 지하에만 주차시설이 있으며 에너지 절약형 공기 필터링 실별 온도 조절 중앙 정수 홈 네트워크 등의 시스템을 갖췄다. 견본주택은 서울 개포동 SK건설 주택문화관 구룡역 3번 출구 에서 24일 개관한다.,https://news.naver.com/main/read.nhn?mode=LSD&mid=shm&sid1=260&oid=001&aid=0005109435,284
261155,2011.06.13. 오전 10:26,부동산,매일경제,대우건설 모바일 IR 사이트 오픈,대우건설이 투자자에게 정확한 정보를 리얼타임으로 제공하기 위해 모바일 IR 사이트를 오픈하였다. 대우건설은 건설업계 최초로 모바일 IR 사이트를 구축함으로써 스마트폰의 특징인 현장성과 즉시성을 살려 투자자가 언제 어디서나 대우건설 IR 정보를 쉽게 확인하고 문의할 수 있도록 하였다. 또한 대우건설은 업체 탐방 메뉴를 신설하여 실시간으로 방문신청 IR커뮤니티 자료실을 이용할 수 있도록 하는 등 빠르고 효율적인 서비스 제공이 가능토록 하였으며 메인 페이지에 사용자가 주로 사용하는 서비스를 중심으로 노출하여 사용자가 원하는 서비스에 쉽고 빠르게 접근하도록 하였다. 대우건설은 해외 투자자의 사용 편의성 증대를 위해 영문 IR사이트도 대폭 정비하였다. 수주 영상 홍보 동영상 IR 커뮤니티 신설 등 영문 콘텐츠를 보강하고 시스템 안정성을 강화하여 해외 투자자의 접근성을 대폭 강화하였다. 대우건설은 금번 모바일 IR 사이트 오픈을 통해 시장과의 소통을 지속적으로 강화해나가면서 주주가치 제고 노력에도 더욱 주력할 방침이다. 매경닷컴 조은영 기자 ⓒ 매일경제 mk.co.kr 무단전재 및 재배포 금지 MBA도 모바일로 공부한다.,https://news.naver.com/main/read.nhn?mode=LSD&mid=shm&sid1=260&oid=009&aid=0002483155,284
261156,2011.06.13. 오전 10:25,부동산,매일경제,한국토지주택공사 6월 전국에서 상가 140개 분양,LH가 6월 전국 19개 사업지구 31개 블록에서 총 140개의 상가를 공급한다. 수원호매실 인천서창 행정중심복합도시 첫마을 등 6개지구 10개 블록에서 95개 상가가 신규공급되며 성남판교 서울상암 등 13개지구 21개 블록에서 45개 상가를 재공급한다. 공개경쟁입찰로 분양되는 LH 상가는 주로 택지개발사업지구등 대규모 단지 내에 위치하여 기존도심과 차별되는 고정상권 형성이 가능하며 평균 100가구당 1개 점포에 불과해 부동산 시장의 대표적 수익상품으로 손꼽힌다. 분양공고 및 입찰결과 등은 LH 홈페이지 hp www.lh.or.kr 에서 확인 가능하며 기타 세부 문의사항은 LH 대표문의전화 1600 7100 로 하면 된다. 매경닷컴 조은영 기자 ⓒ 매일경제 mk.co.kr 무단전재 및 재배포 금지 MBA도 모바일로 공부한다.,https://news.naver.com/main/read.nhn?mode=LSD&mid=shm&sid1=260&oid=009&aid=0002483149,284
261157,2011.06.13. 오전 10:19,부동산,아시아경제,SK건설 중소형아파트 삼선 SK뷰VIEW 분양,아시아경제 조민서 기자 SK건설은 실속형 중소형아파트로 구성된 서울 성북구 삼선동의 삼선 SK 뷰 VIEW 를 분양한다고 13일 밝혔다. 삼선 SK 뷰는 지하3층 지상15층 7개동 규모로 전체 430가구로 구성됐다. 이중 237가구가 일반분양 대상이다. 특히 일반분양 전체 가구의 91%가 최근 인기를 끌고있는 전용면적 85㎡ 이하의 중소형으로 구성됐다. 총 430가구는 전용면적 59㎡ 88가구 84㎡ 228가구 116㎡ 58가구 118㎡ 복층 3가구 122㎡ 48가구 179㎡ 복층 1가구 195㎡ 복층 4가구 등으로 구성됐다. 430가구 중 중소형 비중은 73%다. 광화문·종로·동대문 등 도심과 동북부지역을 연결하는 교통요지에 입지한 것이 특징이다. 지하철 4호선 한성대입구역에서 500 600m 떨어진 역세권에 위치한데다 버스 등 편리한 대중교통 내부순환로와 동소문로 등 촘촘한 간선도로망과 연결돼있다. 단지와 인접한 삼선초교를 비롯해 경동고·한성여중고·한성대·고려대 등 학교가 밀집해 있다. 도심생태공원으로 조성되는 성북천과 낙산공원·창경궁·서울성곽길 등 쾌적한 자연환경과 유적을 가까이서 즐길 수 있다. 또 삼선 SK 뷰는 중앙광장을 중심으로 채광과 통풍을 고려해 건물을 배치하고 지상에 차가 없는 아파트로 지하에만 주차시설을 설계해 주거 쾌적성을 높였다. 경사도가 큰 인근 단지와 달리 삼선 SK VIEW는 평지에 건설해 탁 트인 시야를 확보했다. 이밖에도 에너지 절약형 공기필터링 시스템인 열교환형 세대환기시스템과 실별 온도조절 시스템 중앙정수 시스템 홈 네트워크 시스템 등이 구축돼있다. 견본주택은 서울 강남구 개포동의 SK건설 주택문화관 구룡역 3번 출구 에 마련됐고 오는 24일 개관예정이다. 입주는 2012년 5월이다.,https://news.naver.com/main/read.nhn?mode=LSD&mid=shm&sid1=260&oid=277&aid=0002622059,284
261158,2011.06.13. 오전 10:15,부동산,매일경제,SK건설 강북 중소형아파트 삼선 SK VIEW 분양,SK건설은 13일 강북 교통요지의 역세권 중소형아파트인 삼선 SK VIEW 뷰 를 분양한다고 밝혔다. 서울 성북구 삼선동에 위치한 삼선 SK VIEW는 지하3층 지상15층 7개동 규모로 전체 430가구로 구성됐다. 이중 237가구가 일반분양 대상이며 일반분양 전체 가구의 91%가 최근 인기를 끌고있는 전용면적 85㎡ 이하의 중소형아파트라는 점이 특징이다. 총 430가구는 전용면적 59㎡ 88가구 84㎡ 228가구 116㎡ 58가구 118㎡ 복층 3가구 122㎡ 48가구 179㎡ 복층 1가구 195㎡ 복층 4가구 등으로 구성됐다. 430가구 중 중소형 비중은 73%다. 삼선 SK VIEW는 광화문·종로·동대문 등 도심과 동북부 지역을 연결하는 교통요지에 입지한 것이 최대 강점으로 꼽힌다. 지하철 4호선 한성대입구역에서 500 600m 떨어진 역세권에 위치한 데다 삼선초교를 비롯해 경동고·한성여중고·한성대·고려대 등 학교가 근처 밀집해 있다. 견본주택은 서울 강남구 개포동의 SK건설 주택문화관 구룡역 3번 출구 에 마련됐으며 오는 24일 오픈된다. 입주는 2012년 5월 예정이다. 정나래 기자 r start 화보 손연재 체조갈라쇼 과감한 몸짓 연기 남해안벨트 日기업 생산기지로 범10대그룹 매출 산업비중 3년새 28%→31%로 북한 미모의 女승무원 화제 지하철 김밥소녀 이아인사랑 CEO로 데뷔 정형돈 너를 위해 열창 후 임재범에 시건방 보고 있나 알렉스 11일 허리 디스크 수술…‘활동 차질 없나 ’ r end ⓒ 매일경제 mk.co.kr 무단전재 및 재배포 금지 MBA도 모바일로 공부한다.,https://news.naver.com/main/read.nhn?mode=LSD&mid=shm&sid1=260&oid=009&aid=0002483129,284
261159,2011.06.13. 오전 10:13,부동산,아시아경제,이지송 LH사장의 분노 허리 띠 졸라맬 판국에 뇌물수수라니...,아시아경제 박충훈 기자 고위임원이 뇌물수수 혐의를 받고 있는 LH 한국토지주택공사 의 이지송 사장이 이번 사건으로 격노한 것으로 알려졌다. LH 관계자는 이 사장이 이번 일로 2년동안 쌓아온 공든탑이 무너진 심정이라고 하셨다 며 사건 자체의 진위 여부도 문제지만 그동안 노력했던 청정 행정에 대한 이미지가 추락할까 걱정이 크다 고 말했다. B씨는 지난 해 LH가 통합출범하며 현 직책에 내정돼 중요한 업무를 담당했다. MB 정권의 코드인사 논란으로 한때 화제가 되기도 했던 인물이다. B씨는 13일 정상출근했으나 현재 외부와의 연락을 차단한 채 사무실에서 두문불출하고 있다. 한편 인천지검 특수부 윤희식 부장검사 는 LH 임원 B씨가 건설업체로부터 금품을 받은 혐의를 포착하고 지난 7일 LH 본사의 B씨 사무실을 전격 압수수색했다. 검찰은 책상 서랍 속에서 5만원권 다발로 약 2500만원과 미화 1000달러 등 2600만원 상당의 현금을 발견했다. 검찰은 LH가 조성 중인 충남 당진의 석문국가사업단지 사업과 관련해 B씨가 두 곳의 건설업체로부터 수억대 뇌물을 받은 혐의가 있는 것으로 보고 조사중이다. B씨는 서랍 안에 있던 현금은 마이너스통장에서 4000여만원을 인출해 일부를 쓰고 보관해온 것 이라며 건설업체에게 돈을 받은 적이 없다 고 주장하고 있다.,https://news.naver.com/main/read.nhn?mode=LSD&mid=shm&sid1=260&oid=277&aid=0002622043,284
261160,2011.06.13. 오전 10:06,부동산,매일경제,판교등 LH 19개사업지구 상가 공급,LH는 6월 전국 19개 사업지구 31개 블록에서 총 140개의 상가를 공급한다고 밝혔다. 수원호매실 인천서창 행정중심복합도시 첫마을 등 6개지구 10개 블록에서 95개 상가가 신규공급되며 성남판교 서울상암 등 13개지구 21개 블록에서 45개 상가를 재공급한다. 공개경쟁입찰로 분양되는 LH 상가는 주로 택지개발사업지구등 대규모 단지 내에 위치하여 기존도심과 차별되는 고정상권형성이 가능하며 평균 100가구당 1개 점포에 불과해 부동산 시장의 대표적 수익상품으로 손꼽힌다. 분양공고 및 입찰결과 등은 LH 홈페이지 hp www.lh.or.kr 에서 확인 가능하며 기타 세부 문의사항은 LH 대표문의전화 1600 7100 로 하면 된다. 단지별특징 수원호매실은 수원 인천 전철 봉담역을 건설중이며 신분당선 호매실역이 2019년 개통 예정인 신개발지로 주위에 발달된 상권이 없고 대단위 단지내 상가로서 전망이 밝은편이다. 인천서창2지구는 주택규모가 소형부터 대형까지 있으며 세대수가 큰 단지로서 대형은 입주시 즉시 전매가 가능하므로 공인중개사 입점이 가능하고 바로 앞에 초 중학교가 위치하여 상권 활성화가 기대되는 단지다. 행정중심복합도시 첫마을은 기존 일반단지 내 상가와는 달리 커뮤니티 공간과 공존하고 인접 중심상권과 연계한 간선급행버스체계 BRT 가로변을 따라 1층에 연속 배치되어 입주민 뿐만 아니라 기타 유동인구 흡수력이 좋으며 지구 내 점포주택이 없어 투자 가치가 높고 안정적인 상권형성이 기대된다. 경남 양산가촌은 양산시청에서 남서측으로 4km에 위치하며 지하철 2호선 양산역 대로1 9호선 양산구포간고속도로 물금IC 등을 이용하여 부산 및 주변지역으로 접근이 용이할 뿐아니라 양산물금 신도시 서측에 인접해있다. 성남판교는 판교의 마지막 LH 상가 분양 물량으로 대단지로 고정고객 확보가 용이한 단지다. 매경닷컴 연기홍기자 ⓒ 매일경제 mk.co.kr 무단전재 및 재배포 금지 MBA도 모바일로 공부한다.,https://news.naver.com/main/read.nhn?mode=LSD&mid=shm&sid1=260&oid=009&aid=0002483119,284
261161,2011.06.13. 오전 10:05,부동산,매일경제,청약 통장 없이 청약금 500만원으로 강남 아파트 마련해 볼까,청약통장 없이 계약금 500만원으로 서울 강남의 신규 아파트를 잡을 수 있는 기회가 생겼다. GS건설은 이달 20일부터 22일까지 사흘간 서울시 강남구 청담동에 위치한 청담 자이에 대한 청약접수를 받는다고 12일 밝혔다. 청담자이는 GS건설이 지난 2004년 이후 7년만에 강남구에서 선보이는 단지이다. 강남구 청담동 134 20번지에 위치한 청담한양아파트 재건축 아파트로 지난 2009년 1대1 재건축으로 전 가구가 조합원들에게 분양되어 올해 10월 입주를 앞두고 있다. 이번 분양 물량은 2009년 ‘임대주택 건설 의무제’ 폐지에 따라 임대에서 분양 물량으로 전환된 전용면적 49㎡ 4가구 89㎡ 12가구 등 총 16가구다. 주택법 적용을 받지 않아 청약금 500만원만 있으면 청약통장없이 누구나 청약이 가능하다. 청담자이 홈페이지 www.cd xi.co.kr 에서 청약접수를 받으며 추첨을 통해 당첨자가 결정된다. 당첨자는 24일 오후 2시 이후 홈페이지에서 직접 확인 가능하고 계약시 분양금의 10%를 내고 중도금 분양금의 10% 납입 후 10월 입주 때 잔금을 내면 된다. 청담자이는 지하2층 지상35층 5개동 총 708가구로 대부분이 조합원 물량이어서 입주율이 90%를 넘을 것으로 보인다. 특히 한강변에 위치해 올림픽대로와 인접해 있고7호선 청담역을 걸어서 이용 가능해 편리한 교통 프리미엄을 누릴 수 있다. 또한 경기고 휘문고 등 ‘강남 최고의 명문학군’을 갖춰 강남진입을 계획하는 실수요층에게 많은 관심을 받고 있으며 소형평형은 임대상품으로도 높은 인기를 모을 것으로 기대된다. 발코니 확장과 시스템 에어컨를 무료로 제공하는 혜택도 준다. GS건설 관계자는 “분양물량은 실수요자들에게 인기가 높은 중소형인데다가 분양가도 조합원 물량 거래 가격 수준보다 조금 낮게 결정했다”며 “전세시세만도 분양가의 50%를 넘고 인근에 임대 수요도 풍부해 임대 투자용으로도 고려해 볼 만하다”고 설명했다. 매경닷컴 조은영 기자 ⓒ 매일경제 mk.co.kr 무단전재 및 재배포 금지 MBA도 모바일로 공부한다.,https://news.naver.com/main/read.nhn?mode=LSD&mid=shm&sid1=260&oid=009&aid=0002483114,284
261162,2011.06.13. 오전 10:04,부동산,매일경제,주민 73% “부동산침체로 소비심리 뚝”,부동산경기 침체와 전월세가 상승이 가계의 씀씀이에도 심각한 타격을 주고 있는 것으로 나타났다. 주택소유자는 집값이 안 오르고 팔리지가 않아 무주택자는 전세·월세가격이 뛰어서 선뜻 지갑을 열지 못하고 있다는 얘기다. 대한상공회의소가 수도권에 거주하는 성인남녀 1 015명을 대상으로 실시한 ‘부동산시장에 대한 국민인식 조사’ 결과 응답자의 41.3%는 최근 부동산경기 침체와 전·월세가격 상승으로 ‘소비심리가 위축됐다’고 답했으며 ‘실제로 지출을 줄였다’는 응답도 32.3%에 달했다. 특히 무주택자의 경우 ‘지출을 줄였다’는 응답비율 42.8% 이 ‘소비심리가 위축됐다’ 31.2% 는 응답보다 많아 전·월세가 상승으로 일상생활에 큰 불편을 겪는 것으로 드러났다. 연령대별로는 ‘지출감소’란 응답이 20대는 10.2%에 불과한 반면 40대와 30대에서 각각 44.7% 43.3%로 높게 나타났다. 이에 대해 대한상의는 “최근 수도권 부동산시장은 매매거래는 부진한 가운데 전세수요만 늘어 집주인과 세입자 모두에게 고통”이라면서 “부동산경기가 정상화되지 않는 한 경제력이 취약한 무주택서민과 경제활동의 주력계층인 30 40대의 어려움이 가중돼 내수회복에도 악영향을 미칠 것”이라고 우려했다. 수도권 주민들이 집 문제로 겪는 가장 큰 고민 역시 ‘전·월세가 상승으로 인한 보증금 인상과 원치 않는 이사’ 55.6% 로 나타났으며 이어 ‘거래 부진으로 인한 주택매도 차질’ 20% ‘대출상환 부담증가나 대출곤란’ 16.3% ‘부동산경기 침체로 수입감소’ 4.6% 순이었다. 이렇듯 전세가격이 상승하는 이유로 응답자 절반 이상은 ‘전세공급 부족’ 50.8% 을 꼽았고 다음으로 ‘전세 선호경향’ 26.2% ‘집주인 욕심’ 15.6% 을 지적했다. 상의는 “전·월세가격 상승을 인위적으로 억제하는 이른바 전·월세 상한제도가 추진되고 있지만 공급이 부족한 상황에서 자칫 부작용을 키울 수 있다”면서 “전세난 해소를 위해서는 실수요가 많은 투룸이나 20 30평대 주택공급에 주력하는 것이 바람직하다”고 주장했다. 또 ‘집값이 상승할 경우 주택구입을 하겠는가’라는 물음에 37.5%의 응답자가 ‘그렇다’고 답해 집값 상승에 대한 기대감이 주택거래활성화에 긍정적인 작용을 할 것임을 시사했다. ‘‘아니다’ 62.5% 구매에 나서게 만들 집값 상승 폭으로는 ‘물가상승률인 3% 내외’가 58.5%로 가장 많았고 ‘물가상승률과 예금이자율을 합한 7% 정도’ 18.7% ‘시세차익을 얻을 수 있는 10% 내외’ 13.1% 가 뒤를 이었다. 최근의 부동산경기 침체에 대한 우려의 목소리도 나왔는데 수도권 주민 68.6%는 ‘부동산경기 침체로 주택거래 부진 전세난 유발 등 부정적 영향이 크다’고 답했고 ‘자칫 침체정도가 악화되면 경제불황으로 이어질 가능성이 크다’는 의견도 54.3%나 됐다. ‘현재 의 부동산경기 침체상황에서도 경제불황 가능성이 크다’는 답변도 33.9%에 달했다. 부동산 정책의 최우선 목표로는 ‘주택수급 안정화’ 46.8% 를 가장 많이 꼽았고 ‘주택거래 활성화’ 25.1% ‘투기수요 차단’ 18% ‘주거만족도 제고’ 10.1% 를 차례로 지적했다. 부동산시장 활성화를 위한 정책과제로는 ‘세금 등 부동산관련부담의 완화’ 44.6% ‘주택금융 활성화’ 19.7% ‘교통망 확충 등 주거여건 개선’ 19.1% ‘재건축 재개발의 사업성 제고’ 16.6% 등을 많이 꼽았다. 한편 분양가상한제 폐지에 대해서도 ‘부동산 시장 활성화에 기여할 것’이라는 긍정적 반응 54.9% 이 ‘시기상조’ 라는 부정적 응답 45.1% 보다 많이 나왔으며 ‘시기상조’ 라고 응답한 경우에도 절반 정도 49.6% 는 ‘분양가상한제 폐지가 주택건설의 품질향상과 기술개발에 기여할 것’이라고 응답했다. 이현석 대한상의 조사본부장은 “정부의 연이은 대책에도 부동산시장이 좀처럼 살아나지 않고 있다”면서 “다주택자 규제완화 세입자가 살고 있는 집을 구매하는 경우 혜택제공 등의 추가 정책과 더불어 분양가상한제 폐지를 통해 건설사로 하여금 공급에 적극 나서게 해야 한다”고 강조했다. 매경닷컴 조은영 기자 ⓒ 매일경제 mk.co.kr 무단전재 및 재배포 금지 MBA도 모바일로 공부한다.,https://news.naver.com/main/read.nhn?mode=LSD&mid=shm&sid1=260&oid=009&aid=0002483113,284
261163,2011.06.13. 오전 10:04,부동산,파이낸셜뉴스,SK건설 성북구 삼성동에 ‘삼선 SK 뷰’ 분양,SK건설은 실속형 중소형아파트로 구성된 서울 성북구 삼선동에서 ‘삼선 SK 뷰’ 조감도 를 분양한다고 13일 밝혔다. ‘삼선 SK 뷰’는 지하 3층∼지상 15층 7개동 전체 430가구로 구성됐다. 전용면적 59㎡ 88가구 84㎡ 228가구 116㎡ 58가구 118㎡ 복층 3가구 122㎡ 48가구 179㎡ 복층 1가구 195㎡ 복층 4가구 등이다. 이 가운데 237가구가 일반분양 대상이며 전체 일반분양의 91%가 최근 인기를 끌고있는 전용면적 85㎡ 이하의 중소형아파트다. 입주는 오는 2012년 5월로 예정돼 있다. ‘삼선 SK뷰’는 광화문·종로·동대문 등 도심과 동북부지역을 연결하는 교통요지에 자리잡았다. 지하철 4호선 한성대입구역에서 500∼600m 떨어진 역세권에 위치했으며 내부순환로와 동소문로 등 촘촘한 간선도로망과 연결돼 있다. 단지와 인접한 삼선초등학교를 비롯해 경동고·한성여중고·한성대·고려대 등 학교가 주변에 밀집해 있으며 도심생태공원으로 조성되는 성북천과 낙산공원·창경궁·서울성곽길 등 쾌적한 자연환경을 즐길 수 있다. 삼선시장 동대문쇼핑타운 롯데백화점 서울대병원 고려대병원 등 생활편의시설도 편리하게 이용 가능하다. ‘삼선 SK 뷰’는 중앙광장을 중심으로 채광과 통풍을 고려해 건물을 배치하고 지상에 차가 없는 아파트로 지하에만 주차시설을 설계해 주거 쾌적성을 높였다. 24일 문을 여는 견본주택은 강남구 개포동 SK건설 주택문화관 분당선 구룡역 3번 출구 에 마련됐다.,https://news.naver.com/main/read.nhn?mode=LSD&mid=shm&sid1=260&oid=014&aid=0002455280,284
261164,2011.06.13. 오전 10:01,부동산,매일경제,부동산 분양시장 新 물 마케팅 주목,부동산 분양시장에 ‘새로운 물 마케팅’ 바람이 불고 있다. 전통적으로 일반인들에게 알려진 한강 바다 강 하천 호수 조망권이 분양시장에서 마케팅 각광을 받았다면 대수로 운하 등 신 新 조망권 마케팅이 분양시장에 새롭게 주목을 받고 있는 것이다. 먼저 한국의 베니스를 꿈꾸는 한강·청라신도시 대수로가 신 조망권 마케팅으로 주목을 받고 있다. 두 지역 모두 도심을 관통하는 수로가 조성된다는 점에서 공통점이 있다. 김포 한강신도시의 경우 크게 3곳에서 수로가 만들어지며 이 중 중심지역인 김포 대수로는 소형 유람선과 요트가 떠다닐 수 있도록 꾸며지며 인천 청라지구는 심곡천과 공촌천 등 자연하천 외에도 도시 중심부를 열십자 형태로 흐르는 인공수로가 조성될 계획이다. 이들 지역은 국내에서 최초로 시도되는 수로도시 건설로 수로에 인접한 상품들이 분양시장에서 관심의 대상으로 떠오르고 있다. 경인 아라뱃길 인근 분양현장에도 관심이 집중되고 있다. 한강과 서해바다를 연결하는 친환경 친수공간인 경인 아라뱃길 개통이 6월 현재 81%의 공정률을 보이고 있으며 10월경 개통을 목표로 하고 있다. 뱃길을 따라 주변이 친환경 문화·레저·관광 공간으로 개발돼 한강 못지않은 시민들의 휴식공간이 될 것으로 기대되고 있다. 경인 아라뱃길은 물길을 따라 자전거 및 인라인 스케이트 도로를 조성해 한강 자전거 도로와 연결되며 유람선을 타고 서해로도 나갈 수 있게 된다. 또 시천교 워터프론트 리버사이드파크 두물머리 생태공원 등의 수향 8경과 테마공원 다채로운 휴식공간도 꾸며져 한강 둔치 못지않은 공간으로 거듭날 전망이다. 경인아라뱃길은 물류비 절감 및 고용창출 등 경제적 효과뿐만 아니라 인근 지역을 친수공간으로 조성해 인천 서구와 계양구 일대가 수혜 지역으로 꼽히고 있다. 상가114 장경철 이사는 “이처럼 분양시장에 새로운 ‘물마케팅‘은 물이라는 친근한 소재를 활용해 타 분양상품과 차별화를 꾀하고 피로에 치친 현대인들에게 휴식과 여유를 느낄 수 있게 해줌으로서 차별화가 가능하다는 장점이 있다”며“하지만 입지·분양가격 면에서 주변 시세에 비해 높다면 투자가치는 떨어질 수밖에 없다”고 말했다. 매경닷컴 조은영 기자 ⓒ 매일경제 mk.co.kr 무단전재 및 재배포 금지 MBA도 모바일로 공부한다.,https://news.naver.com/main/read.nhn?mode=LSD&mid=shm&sid1=260&oid=009&aid=0002483110,284
261165,2011.06.13. 오전 10:00,부동산,한국경제,한경매물마당 서초동 매장겸 사옥 신축 건물 등 16건,월수익 2200만원 등촌동 역세권 대로변 코너 5층 건물 52억원 월수익 1800만원 교대 역세권 사옥 및 수익용 5층 건물 42억원 월순수익 580만원 인천 원당동 검단신도시 원룸 실투자금 5억2000만원 서울 서초동 빌딩 ＝역세권 대지 540㎡，연면적 6600㎡의 20층 규모 건물.보증금 20억원，월 1억6000만원，관리비 5000만원에 임대 중.350억원.011 729 0134 서울 강남역 기업 구조조정 사옥용 빌딩 ＝지하철역 도보 5분 거리 테헤란로 이면 일반상업지역 코너 대지 890㎡，연면적 9195㎡의 15층 건물.주차 40대 이상.내외관이 수려해 사옥용으로 적합.자금 사정상 급매.320억원.010 3667 3985 서울 신촌역 대로변 중심가 빌 딩＝대지 608㎡，연면적 2618㎡의 지하 2층 지상 9층 건물.보증금 43억원，월 1억6120만원，관리비 2490만원에 유명 프랜차이즈 도넛과 커피 매장 등으로 임대 중.연 수익률 10.3%.230억원.010 2068 2457 서울 청담동 투자수익용 빌딩 ＝갤러리아 백화점 명품거리 대지 815㎡，연면적 3572㎡의 8층 건물.보증금 15억원 월 1억5000만원에 임대 중.임대 수익용이나 명품 매장용으로 적합.230억원. 02 511 8875 충남 천안시 쌍용동 신축 상가주택 사진 ＝전철역 도보 7분 거리 중심상가지역 대지 496㎡，연면적 830㎡，1층 상가，원룸 19실로 신축 중인 주택.융자 5억7000만원 승계 시 실투자금 4억5000만원，연 수익률 11.7% 가능.건축주 직접 급매.14억9000만원.010 3737 8401 서울 서초동 매장 겸 사옥 ＝대단지 아파트 입구 대로변 코너 대지 660㎡，연면적 2000㎡의 5층 신축 건물.보증금 10억원，월 5000만원 관리비 별도 에 임대 중.주변에 전자센터，수입차 매장，병원，학원 등이 있다. 120억원.019 221 1402 서울 역삼역 사옥 겸 수익용 빌딩 ＝역삼역 도보 3분 거리 대지 530㎡，연면적 1920㎡의 전면이 넓은 지하 1층 지상 5층 건물.보증금 5억원，월 3510만원에 공실 없이 임대 중.사정상 인근 시세보다 낮은 88억원에 급매. 02 555 3060 서울 역삼동 사옥용 빌딩 ＝지하철역 도보 4분 거리 대지 654㎡，연면적 2000㎡의 6층 건물.보증금 4억원，월 3900만원에 임대 중.주변 상권이 활발해 사옥 및 임대 수익용으로 적합.주변시세 이하 급매.85억원. 02 540 5125 인천 검단신도시 수익용 원룸 사진 ＝원당동 대지 266㎡，연면적 450㎡，원룸 18실의 2011년 신축된 건물.융자 3억원，보증금 1억원，실투자금 5억2000만원에 월 이자 170만원 제외 월 수익 580만원.중앙대 캠퍼스，경인 운하 등 개발 호재가 있다. 9억2000만원.010 7196 8003 서울 강남역 빌딩 ＝강남역 도보 3분 거리 대지 393㎡，연면적 1356㎡의 6층 건물.보증금 4억5000만원，월 3030만원에 임대 중.유동인구가 많은 번화가로 주차 편리.110억원. 02 548 7230 서울 서초동 교대 역세권 투자용 빌딩 ＝환승 지하철역 도보 2분 거리 대지 712㎡，연면적 2128㎡의 6층 건물.보증금 4억원，월 3800만원에 임대 중.자주식 주차 16대.대지가 넓어 다용도로 활용 가능.급매.83억원. 02 534 8338 서울 서초동 중심상권 수익형 빌딩 ＝대지 570㎡，연면적 2152㎡의 7층 건물.보증금 5억원，월 3800만원 관리비 포함 에 임대 중.유동인구가 많은 고급 상권으로 주변 시세보다 낮은 69억원에 급매. 02 512 7257 서울 등촌동 대로변 빌딩 ＝지하철역 도보 3분 거리 40m 대로변 코너 대지 430㎡，연면적 800㎡의 지상 5층 건물.보증금 3억원，월 2200만원에 임대 중.관리비 실비 정산.사옥 · 학원 · 병원 · 임대용으로 적합.52억원. 02 563 9533 서울 서초동 역세권 사옥 및 수익용 빌딩 ＝지하철역 도보 1분 거리 대지 441㎡，연면적 1382㎡의 7층 건물.보증금 2억원，월 2200만원에 근생 및 사무실로 임대 중.주차공간이 넉넉해 사옥용으로도 적합.급매.45억원. 02 512 7182 서울 교대 역세권 수익용 빌딩 ＝대지 289㎡，연면적 761㎡의 5층 건물.보증금 2억5000만원，월 1800만원에 임대 중.주차 6대 가능.사옥 및 수익용으로 적합.42억원.017 282 6341 서울 양재동 대로변 신축부지 ＝지하철역 도보 4분 거리 대지 345㎡.신분당선 개통 시 더블 역세권이 된다.,https://news.naver.com/main/read.nhn?mode=LSD&mid=shm&sid1=260&oid=015&aid=0002478096,284
261166,2011.06.13. 오전 10:00,부동산,한국경제,한경매물마당 신사동 도산대로 이면 7층 건물 50억 등 20건,충남 천안시 두정동 수익형 원룸 월수익 2700만원 사당동 역세권 대로변 빌딩 60억원 월수익 320만원 안성 공도지구 웅진코웨이 대리점 임대 상가 5억3000만원 월수익 1450만원 구리시 돌다리사거리 종합시장 내 상가 18억원 서울 강남 대로변 구조조정 빌딩 ＝더블 역세권 대지 1300㎡，연면적 5200㎡의 10층 건물.보증금 18억원，월 4800만원，관리비 3000만원에 임대 중.구조조정을 위해 급매.250억원. 02 515 5055 서울 압구정동 빌딩 ＝압구정역 도보 3분 거리 대지 597㎡，연면적 1927㎡의 6층 건물.유명 병원과 학원이 밀집한 곳으로 임차 수요가 많고 주변 아파트 재건축과 한강변 개발 등 호재가 있다. 200억원. 02 512 7174 서울 강남구 역세권 빌딩 ＝지하철역 도보 2분 거리 대지 780㎡，연면적 3500㎡의 9층 건물.유동인구가 많은 오피스 밀집 지역으로 건물 신축 이후 현재까지 공실 없이 임대 중.임대수익은 보증금 9억원에 월 6800만원.기준 용적률보다 100% 높은 350% 적용받음.주변 시세 이하 급매.125억원. 02 3446 8100 서울 사당동 역세권 대로변 빌딩 ＝지하철역 도보 3분 거리 코너 대지 370㎡，연면적 840㎡의 건물.1층에 유명 브랜드 매장 등 7개 점포가 있고 건물 내 병원 등이 입점 중.임대수익은 보증금 3억원에 월 2700만원.60억원. 02 558 8528 서울 신사동 투자 및 임대수익용 빌딩 ＝도산대로 이면 대지 320㎡，연면적 1100㎡의 7층 건물.용적률 300% 적용받음.카페 및 음식점 밀집 지역으로 12m 도로에 접해 있고 내외관이 깨끗하다. 보증금 2억원，월 2000만원에 임대 중.급매.50억원. 02 512 8850 서울 서초동 사옥 및 수익용 빌딩 ＝대지 334㎡，연면적 1045㎡의 6층 건물.내외관이 깨끗하고 보증금 2억원，월 1510만원에 임대 중.급매.36억원. 02 533 9936 서울 양재대로 빌딩 ＝대지 315㎡，연면적 620㎡의 4층 신축 건물.보증금 1억원，월 1000만원에 임대 중.고속도로 이용이 편리하고 양재대로에 접해 있어 전시장 겸 사옥용으로 적합.신분당선 개통 호재가 있다. 급매.28억원. 02 565 8335 서울 목동 1층 은행상가 ＝8000여가구 상권 중심가 버스정류장 앞 주상복합건물의 1층 점포 727㎡.보증금 30억원，월 350만원에 은행으로 장기 임대 중.간주 임대료 부가가치세 임차인 부담 조건 등 재계약시 연 수익률 10% 가능.37억원. 02 588 3777 서울 사당역 역세권 사옥용 근린생활 빌딩 ＝사당역 도보 5분 거리 대지 330㎡，연면적 920㎡의 6층 건물.보증금 2억원，월 1200만원에 임대 중.주차 11대.임차 수요가 많은 상권으로 사옥 및 임대투자용으로 적합.급매.24억원. 02 532 1218 서울 도곡동 신축 부지 ＝아파트 밀집 지역으로 3종 일반주거지역 나대지 460㎡.아파트 입구 2차선 도로에 접해 있다. 다가구주택，빌라，사옥，임대투자용 건물 신축 부지로 적합.3.3㎡당 2500만원에 급매.35억원. 02 557 2244 서울 충무로 더블 역세권 상가 ＝충무로역과 을지로4가역이 걸어서 5분 걸리는 남산 센트럴자이 주상복합의 1층 점포 89㎡.보증금 1억원，월 330만원에 임대 중.투자용으로 적합.실투자금 7억4000만원. 02 2272 6791 경기 동탄신도시 편의점 상가 ＝한림대 종합병원，삼성전자 정문 앞 대로변 사거리 코너 상가의 1층 출입구 바로 옆 점포 93㎡.보증금 5000만원，월 350만원에 편의점으로 장기 임대 중.융자 2억7000만원 승계시 실투자금 3억5000만원.연 수익률 8.2%.6억7000만원. 031 262 4533 충남 천안시 성정동 수익형 신축 원룸 ＝롯데마트 맞은 편 삼성전자 등 산업단지 배후 주거지역 대지 447㎡，연면적 659㎡，상가와 풀옵션 원 · 투룸 20실의 4층 건물.융자 5억5000만원，보증금 3억8000만원，실투자금 5억원에 월 임대수익 785만원.노후 대비 임대수익용으로 적합. 041 564 8989 인천 검단신도시 수익형 원룸 충남 천안시 두정동 수익형 원룸 사진 ＝대지 387㎡，연면적 657㎡，원 · 투룸 19실의 4층 건물.융자 4억5000만원，보증금 4억3000만원，실투자금 5억9000만원에 월 임대수익 740만원.삼성전자 등 산업단지 배후 주거지역이어서 임차 수요가 많다. 현지에서 책임 관리. 041 522 4958 인천 검단신도시 수익형 원룸 사진 ＝대지 297㎡，연면적 496㎡，원 · 투룸 18실 규모 건물.융자 4억원，보증금 2억5000만원，실투자금 3억원에 월 임대수익 580만원.인천지하철 개통，중앙대 제3캠퍼스 설립 예정.현지에서 책임 관리.노후 대비 수익용으로 적합.급매.9억5000만원. 032 569 6402 인천 부평 투자수익용 빌딩 ＝전철역 도보 5분 거리 준주거지역 대지 403㎡，연면적 1252㎡의 6층 건물.원룸 19실，스리룸 10실을 보증금 8억원，월 300만원에 임대 중.융자 2억원 승계시 실투자금 7억7000만원.주변에 먹자골목과 공원이 있고 재개발지역 인근이다. 급매.17억7000만원.010 9469 9223 충남 천안시 신부동 신축 원룸 ＝천안나들목과 고속버스터미널 도보 10분 거리 신부동 843 대지 376㎡，연면적 654㎡，원 · 투룸 18실 규모로 신축 중인 4층 다가구주택.융자 3억원，보증금 4억4000만원，실투자금 4억9000만원에 월 임대수익 589만원.연 수익률 11.3%.시공사 직거래.12억3000만원.010 4002 0489 경기 구리시 돌다리사거리 임대수익용 상가 ＝구리전철역 도보 5분 거리 돌다리사거리 구리종합시장 내 지하 1층 지상 3층 쇼핑몰 건물의 지하 1층 전체 788㎡ 대지면적 366㎡ .주차 50대.보증금 1억원，월 1450만원에 임대 중.연 수익률 9%.지하층으로 직접 이어지는 통로도 갖췄다.,https://news.naver.com/main/read.nhn?mode=LSD&mid=shm&sid1=260&oid=015&aid=0002478095,284
261167,2011.06.13. 오전 9:56,부동산,노컷뉴스,SK건설 역세권 중소형 삼선 SK VIEW 분양,일반분양 91% 중소형…지하철4호선 한성대입구역 인근 CBS산업부 정재훈 기자 SK건설은 역세권 중소형 중심 단지인 서울 성북구 삼선동 삼선 SK VIEW 를 분양한다고 13일 밝혔다. 삼선 SK VIEW 는 지하 3층 지상 15층 7개동 규모로 전용면적 59 195㎡ 전체 430가구 중 237가구를 일반 분양한다. 일반분양분의 91%가 전용 85㎡ 이하의 중소형으로 구성됐다. 서울 도심과 동.북부 지역을 연결하는 교통요지이자 지하철 4호선 한성대입구역에서 500 600m 떨어진 역세권에 위치해있다. 또 삼선초등학교를 비롯해 경동고 한성여중·고 고려대 등 학교가 밀집해 있고 도심생태공원으로 조성되는 성북천과 낙산공원 창경궁 서울성곽길 등 자연환경과 유적을 가까이서 즐길 수 있다. 삼선시장 동대문쇼핑타운 롯데백화점 서울대병원 고려대병원 등 생활편의시설 이용도 편리하다. 삼선 SK VIEW 는 중앙광장을 중심으로 채광과 통풍을 고려해 건물을 배치하고 지하에만 주차시설을 설계해 지상에 차가 다니지 않는 쾌적한 주거공간으로 조성한다. 아울러 에너지 절약형 공기필터링 시스템인 열교환형 세대환기시스템과 실별 온도조절 시스템 중앙정수 시스템 홈네트워크 시스템 등이 구축돼있다. 견본주택은 오는 24일 서울 강남구 개포동의 SK건설 주택문화관 구룡역 3번 출구 에 개관하며 입주는 내년 5월 예정이다.,https://news.naver.com/main/read.nhn?mode=LSD&mid=shm&sid1=260&oid=079&aid=0002258996,284
261168,2011.06.13. 오전 9:55,부동산,세계일보,서남권 신성장 거점 도시로 거듭나는 ‘마곡지구’,서울의 “마지막 노른자위 개발지” “마지막 대단위 개발지”로 연상되는 마곡지구 세계닷컴 그동안 워터프런트 무산 및 부동산 경기 침체 등으로 미뤄져 왔던 아파트 건설공사 입찰을 실시한다는 발표에 따라 다시 한번 마곡지구가 주목을 받고 있다. 공사금액은 모두 1조3170억원으로 대형 건설사들의 입찰 참여와 함께 치열한 수주 경쟁이 예고된 마곡지구 개발사업은 강서구 마곡동과 가양동 일대 366만5336㎡에 2031년까지 총 1만1353가구의 아파트단지와 정보기술 IT 생명기술 BT 나노기술 NT 등 첨단기술을 연구 개발하는 마곡 R D 시티 로 개발하기로 하면서 블루칩 투자처로 자리잡을 것으로 보인다. 또한 2030 서울 도시기본계획 이 발표되면서 8개 광역연계거점으로 △마곡 △창동·상계 △망우 △문정·장지 △사당·남현 △대림·가리봉 △연신내·불광동 △천호·길동이 선정되면서 마곡은 서남부의 관문 역할을 담당할 것으로 기대를 모으고 있다. 이와 같은 장밋빛 청사진에 힘입어 블루칩 투자처로 알려진 마곡지구가 최고의 도시를 꿈꾸는 가운데 수익률도 높고 투자금 회수기간도 길지 않아 소액 투자자들을 비롯한 수익형 상품에 목마른 투자자들이 관심을 가지고 있는 틈새 투자처가 주목받고 있다. 과거 토지 투자의 천덕꾸러기로 알려졌던 하천 재조명 그간 “하천은 국유로 한다”라는 하천구역 법정주의에 따라 등기상 소유권에 관계없이 국유로 되었지만 하천공사 또는 홍수 그 밖의 자연현상으로 하천의 유로가 변경되어 하천구역에서 제외된 토지 즉 폐천부지가 발생한 경우에는 국토해양부령으로 정하는 바에 따라 폐천부지 등의 발생일부터 3년 이내에 이를 고시하기로 한 하천법 제84조에 의해 하천으로서의 역할을 하지 못한 하천 아닌 하천이 재해석되고 있는 것이다. 하천법 제85조에 따르면 폐천부지가 치수 및 하천환경보전 등의 목적으로 활용할 필요가 없거나 국유재산 또는 공유재산으로 둘 필요가 없을 경우에는 하천으로 편입되기 전의 당초의 토지소유자로서 그 토지에 대한 보상을 받지 아니하였거나 폐천부지 등을 교환 받지 아니한 자 1순위 하천관리청 등 공사를 시행한 자 2순위 국가하천의 유지 및 보수를 시행하는 시·도지사 3순위 순으로 양여하기로 되어 있기 때문이다. 양여의 사전적인 의미는 국가가 대가를 받지 않고 국유 잡종재산의 소유권을 국가 이외의 자에게 이전하는 것으로서 민법상의 증여에 해당한다. 이러한 법률 시행 속에 서남권 신성장 거점도시 서울시 마지막 대규모 택지개발지구로 알려진 지역이 폐천부지로 고시되어 향후 추이가 주목되고 있다. 지난 2009년 1월 30일 강서구 마곡동 일대 436필지 약 20만여평 688 538㎡ 규모의 하천이 폐천부지로 고시 서울지방국토관리청 제2009 11호 되었기 때문이다. ☎ 문의 1600 8380 ※본 콘텐츠는 기업 제공 자료로 세계닷컴의견과 다를수 있습니다. Segye.com Segye.com 인기뉴스 함바 비리 연루 임상규 순천대 총장 자살 자살 이등병 다리에 피멍 고참들이 온종일… 스타크래프트 세대 다시 여기 로 속속 복귀 털 때문에 이별까지…여름이면 고민하는 여성들 정부 한국女 토막살인 살인 아냐 日판결에… 이승엽 왜 이러나 …헛스윙 삼진에 의욕상실 심각 SBS 런닝맨 스태프가 시민 밀치고 씨XX ⓒ 세계일보 Segye.com 무단 전재 및 재배포 금지 금융전문뉴스 세계파이낸스 모바일로 만나는 세계닷컴 세계닷컴은 한국온라인신문협회 www.kona.or.kr 의 디지털뉴스이용규칙에 따른 저작권을 행사합니다.,https://news.naver.com/main/read.nhn?mode=LSD&mid=shm&sid1=260&oid=022&aid=0002274284,284
261169,2011.06.13. 오전 9:51,부동산,헤럴드POP,2014년까지 부동산 관련정보 하나로 통합된다.,오는 2014년까지 토지대장과 지적도 등기부등본 등 총 18종의 국가 부동산 정보가 하나로 통합된다. 그럴 경우 건축 인허가와 토지 지목변경 및 분할 등의 일괄 민원처리가 가능해져 향후 5년간 2조2000억원 이상의 편익이 발생할 것으로 기대된다. 13일 국토해양부는 ‘부동산 행정정보 일원화’차원에서 내년 말까지 1단계로 토지대장ㆍ임야대장ㆍ대지권등록부ㆍ공유지연명부ㆍ지적도ㆍ임야도ㆍ경계점좌표등록부ㆍ건축물대장 등 11종의 부동산 관련 공적장부를 하나로 통합키로 했다. 이어 2013년까지 개별공시지가확인서ㆍ개별주택가격확인서ㆍ공동주택가격확인서ㆍ토지이용계획확인서 등이 합쳐진다. 최종적으로 2014년까지 토지등기부등본ㆍ건물등기부등본ㆍ집합건물등기부등본 등을 총 망라한 18종의 국가 부동산 정보 통합 작업이 완성된다. 부동산 정보는 그동안 국토부 대법원 등 2개 부처 5개 법령으로 분산 관리돼 구비서류 중복 제출 등에 따른 민원인의 불편은 물론 시간ㆍ비용 낭비 등의 문제점을 야기해왔다. 특히 연간 1억100만건의 부동산 관련서류 제출과 1000억원 이상의 납부비용이 낭비되고 행정시스템 분리로 중복업무 579만건 중복정보처리건수는 8826만건에 달했다. 국토부는 당장 오는 2013년까지 14종의 부동산 정보만 일원화해도 향후 5년간 2조 2434억원의 정보화 편익이 발생할 것으로 기대하고 있다. 국토부 관계자는 “부동산 정보 일원화를 통해 스마트한 정부서비스 토지와 건물의 합치된 법적개념 확립 미래공간정보산업 활성화를 가능하게 하는 선순환 구조를 마련하겠다”고 말했다.,https://news.naver.com/main/read.nhn?mode=LSD&mid=shm&sid1=260&oid=112&aid=0002202428,284
261170,2011.06.13. 오전 9:48,부동산,뉴시스,LH 인천서 신규 26개 점포 분양…하반기 상가 분양 가늠자,인천 뉴시스 김재경 기자 올 하반기 상가시장의 향배를 가늠할 수 있는 LH 상가가 분양을 앞두고 있어 이목이 집중되고 있다. 13일 LH에 따르면 오는 21일부터 22일까지 전국 19개단지에서 신규 및 재분양 물건 총 140개 점포를 분양한다. 수도권에선 신규로 인천 서창2 수원 호매실 등 2개단지 5개 블록에서 60개 점포가 재분양은 인천 동산 부천 여월 등 8개단지 26개 점포가 공급된다. 특히 올 하반기 인천지역 상가시장의 향배를 가늠해 볼 수 있는 LH 상가 26개 점포가 공개 입찰을 통해 공급될 예정이어서 관심이 모아지고 있다. 이달 중 인천지역서 신규로 공급될 예정인 LH 단지 내 상가는 인천 서창2지구내 2개 블록에서 총 26개 점포다. 현재 1196가구의 대규모 단지로 구성되는 7BL 14개 점포 의 내정가는 9152만원에 2억4555만원 938가구로 구성되는 11BL은 9973만원에서 2억5138만원이다. 11BL과 7BL의 입주시기는 각각 2012년 3월과 6월이다. 한편 인천동산과 부천여월지구선 LH의 단지 내 상가 재분양도 진행된다. 863가구로 구성된 인천동산의 경우 2BL에서 미분양된 상가 4개 점포를 공급하며 부천여월지구에선 3개단지 1 3 4단지 에서 총 5개의 점포를 공급한다. 내정가는 최저 5400만원에서 최고 1억5000만원이다. 상가뉴스레이더 선종필 대표는 6월 LH 단지 내 상가 공급 물량은 대체적으로 단지 규모가 크고 독점성도 높은 단지들이 많아 투자자들의 관심도가 높을 것으로 기대된다 며 이번 LH 단지내 상가 공급 결과는 올 하반기 상가 시장의 기상도를 알아볼 수 있는 척도가 될 것으로 보여 그 귀추가 주목된다 고 말했다.,https://news.naver.com/main/read.nhn?mode=LSD&mid=shm&sid1=260&oid=003&aid=0003905982,284
261171,2011.06.13. 오전 9:40,부동산,아시아경제,계룡·금성백조가 통과한 건축심의 호반은 다시,아시아경제 이영철 기자 계속된 아파트 분양으로 주택시장이 살아나는 가운데 대전시가 한 건설업체에서 신청한 아파트 건설을 막아 배경에 관심이 쏠리고 있다. 지난 3월 도안신도시 공동주택 건설용지 2필지를 당첨 받은 호반건설이 올 하반기 분양을 위해 신청한 건축심의가 대전시로부터 ‘수정보완’ 요구를 받은 것이다. 13일 대전시 등에 따르면 지난 8일 시 건축심의위원회는 계룡건설에서 신청한 도안신도시 17 1블록 금성백조주택이 신청한 7블록 호반건설이 신청한 17 2 2블록에 대한 건축심의를 했다. 위원회는 계룡건설과 금성백조주택의 사업신청은 받아들였지만 호반건설의 2필지에 대해선 보완을 요구했다. 종교시설과 학교용지 문제로 민원이 발생할 가능성이 크다는 게 이유다. 호반건설은 2블록과 17 2블록에 전용면적 84㎡ 단일규모로 각각 971가구와 957가구 등 1928가구를 지을 예정이었지만 시의 이같은 요구로 가구수가 줄어들게 됐다. 반면 계룡건설과 금성백조주택은 하반기 분양에 힘을 받게 됐다. 계룡건설은 17 1블록에 전용면적 73㎡ 280가구 84㎡ 956가구 등 총 1236가구를 건설할 예정이다. 금성백조주택은 7블록에 전용면적 84㎡ 단일규모 1102가구를 짓는다.,https://news.naver.com/main/read.nhn?mode=LSD&mid=shm&sid1=260&oid=277&aid=0002621989,284
261172,2011.06.13. 오전 9:37,부동산,아시아경제,6월 LH 단지내상가 140개 쏟아진다,아시아경제 이은정 기자 오는 21일부터 28일까지 전국적으로 140개의 LH 단지내상가가 공급된다. 13일 상가투자정보 제공업체인 상가뉴스레이다에 따르면 오는 21 22일에 수원 호매실 인천 서창2 등 수도권에서만 2개 단지 5개 블록 에서 60개 점포가 나온다. 수원 호매실 B 6블록은 공공임대 단지이지만 1318가구의 대규모 단지로 호매실 지구 내 근린상권과 다소 거리가 있어 독점력이 높다. 가구대비 상가면적도 0.478㎡ 수준으로 상가의 희소성이 뛰어난 편이다. 인천 서창2 11블록도 소비세력의 소비수준이 비교적 높은 공공분양단지라는 점과 938가구의 배후단지 수가 확보돼 있다는 점이 장점이다. 하지만 세대수 대비 상가면적이 1.467㎡로 이번 공급되는 물량 중 가장 높고 단지내 상가이지만 전용률이 60%대로 상당히 낮다는 점은 단점이다. 이와함께 행정중심 복합도시 첫마을 강릉 포남 장흥 건산2 양산 가촌 등 4개단지서 35개의 신규점포가 분양된다. 단연 눈길을 끄는 곳은 23개 점포가 나오는 행정중심 복합도시 첫마을 2개 블록이다. 특히 A2블록은 공공분양과 공공임대가 배후세대로 확보돼 있어 다양한 소비세력으로 자리매김할 것으로 예상된다. 단 내정가가 2억6775만 6억5500만원으로 수도권 주요 택지지구 수준이란 점은 부담이다. 이밖에 성남 판교와 서울 상암2 1 부천 여월 단지 등 13개단지서 45개의 재공급 점포가 주인을 기다리고 있다. 재분양 점포는 신규 단지내 상가보다 입점시기가 다소 빨라 자금회수기간이 짧을 수 있다는 장점이 있다. 그러나 첫 분양시 주인을 찾지 못했다는 점에서 주변 상권 조사를 철저히 해야 한다. 또 현재 입점 중인 곳의 재입찰의 경우 LH에서 현 입점자들의 공용부분 무단점유나 상가 업종 및 용도 변경 등에 대해 책임을 지지 않으므로 주의할 필요가 있다. 선종필 상가뉴스레이다 대표는 6월 LH 단지내 상가 공급 물량 중 단지 규모가 크고 독점성이 높은 단지들이 많아 투자자들의 관심이 높을 것 이라며 이번 결과는 올 하반기 상가 시장의 기상도를 알아볼 수 있는 척도가 될 것 이라고 말했다.,https://news.naver.com/main/read.nhn?mode=LSD&mid=shm&sid1=260&oid=277&aid=0002621982,284
261173,2011.06.13. 오전 9:37,부동산,세계일보,부동산 경매 교육의 名家 ‘서울부동산칼리지’,세계닷컴 ◇ 나는 경매로 월세 2천만원 받는다 저자 유영수 아경북스 “요즘 전세가 너무 올라서 걱정이에요” “올해 집을 사는 게 좋을까요 ” 곧 전세기간이 만료되는 K씨 42 는 이번 기회에 집을 사는 게 좋을지 고민이다. 주변 사람들이나 부동산 전문가들에게 조언도 구해보지만 돌아오는 답은 모두 제각각이다. 하지만 분명한 것은 최근의 부동산시장은 과거와는 다른 양상을 보이고 있으며 부동산시장에 접근할 때는 결단력과 실행력이 가장 중요하다는 것이다. 여기 결단력과 실행력을 바탕으로 성공한 부동산 부자가 되도록 도와줄 도서 한 권을 소개한다. 부동산 경매의 달인 유영수 원장이 공개하는 ‘필살기’ 월급쟁이들에게 내집마련은 아직도 큰 과제다. 하지만 월급만으로는 내집마련은커녕 노후 준비조차 힘든 게 요즘의 현실이다. 이 같은 현실을 뛰어넘을 수 있는 투자 대안으로 떠오른 것이 바로 부동산 경매다. 하지만 저자인 서울부동산칼리지 cafe.daum.net seoulauctioncollege 유영수 원장은 “실상 경매 시장은 대박과 쪽박이 공존하는 전쟁터인 만큼 철저한 준비가 필요하다”고 조언한다. 이 책은 실전 경매의 모든 과정을 순차적으로 파노라마처럼 보여준다. 저자는 물건 찾기 현장 조사 인도와 명도 리모델링 매매 및 수익 실현에 이르기까지 자신의 노하우를 고스란히 전해준다. 경매가 대중화된 요즘은 하자 없는 물건을 싼 가격으로 낙찰 받기는 거의 힘든 일이 되어 버렸다. 주거용 부동산은 낙찰 받기가 거의 불가능할 정도로 경쟁도 치열하고 낙찰가도 매우 높은 편이다. 그렇다면 경매 투자로 고수익을 창출할 수 있는 방법은 무엇일까 저자인 유 원장은 △ 경매 물건의 하자를 어떻게 해결하여 수익을 올리는지 △ 허위 유치권은 어떻게 밝혀내는지 △ 어떤 방법으로 부동산을 개조해서 비싼 상품으로 업그레이드시키는지 등을 각종 부동산별로 예를 들어 이야기 형식으로 쉽고 자세히 풀어 설명하고 있다. 또한 소액으로 경매에 도전해 높은 수익률을 올리는 방법까지 소개 각자의 형편에 맞는 물건을 선택해 경매에 도전할 수 있도록 했다. 김현주 기자 egg0love segye.com Segye.com 인기뉴스 자살 이등병 다리에 피멍 고참들이 온종일… 스타크래프트 세대 다시 여기 로 속속 복귀 정부 한국女 토막살인 살인 아냐 日판결에… 북한군 대북전단 발견시 개미부터 찾아… 왜 잠든 손님 성폭행한 DVD영화관 종업원 덜미 이승엽 왜 이러나 …헛스윙 삼진에 의욕상실 심각 SBS 런닝맨 스태프가 시민 밀치고 씨XX ⓒ 세계일보 Segye.com 무단 전재 및 재배포 금지 금융전문뉴스 세계파이낸스 모바일로 만나는 세계닷컴 세계닷컴은 한국온라인신문협회 www.kona.or.kr 의 디지털뉴스이용규칙에 따른 저작권을 행사합니다.,https://news.naver.com/main/read.nhn?mode=LSD&mid=shm&sid1=260&oid=022&aid=0002274259,284
261174,2011.06.13. 오전 9:35,부동산,매일경제,2011 푸르지오 주부 사진공모전 당선작 전시,대우건설의 주택문화관 푸르지오밸리는 ‘가족’의 소중한 일상을 담은 사진전시회를 개최한다. 전시 작품은 사진 전문작가가 아닌 평범한 주부가 포착한 순간들로서 소박하고 정겨운 생활을 꾸밈없이 표현하고 있으며 푸르지오가 진행한 ‘2011 푸르지오 주부 사진공모전’의 당선작이기도 하다. 전시기간은 6월4일부터 6월15일까지이며 장소는 서울시 강남구 역삼동에 소재한 푸르지오밸리 갤러리이다. 일요일 및 공휴일 휴관 여름이 성큼 다가서는 6월의 가족나들이 코스로 추천한다. 전시가 열리는 푸르지오 밸리 는 대우건설 주택상품인 ‘푸르지오’가 추구하는 주거철학을 담은 주택전시관으로 최신 주거 트렌드를 반영한 상품 안내는 물론 갤러리 키즈존 가든 등 다양한 편의시설이 마련된 복합주거문화공간이다. 매경닷컴 조은영 기자 ⓒ 매일경제 mk.co.kr 무단전재 및 재배포 금지 MBA도 모바일로 공부한다.,https://news.naver.com/main/read.nhn?mode=LSD&mid=shm&sid1=260&oid=009&aid=0002483094,284
261175,2011.06.13. 오전 9:26,부동산,이데일리,성북구 삼선동 SK뷰 24일 모델하우스 오픈,이데일리 이지현 기자 SK건설은 오는 24일 서울 성북구 삼선동 삼선 SK뷰 VIEW 의 모델하우스를 오픈하고 본격적인 분양에 돌입한다고 13일 밝혔다. 삼선1구역을 재건축한 삼선 SK뷰는 지하3층 지상15층 7개동 규모로 전체 430가구 중 237가구가 일반분양 대상이다. 전용면적별로는 59㎡ 88가구 84㎡ 228가구 116㎡ 58가구 118㎡ 복층 3가구 122㎡ 48가구 179㎡ 복층 1가구 195㎡ 복층 4가구 등으로 구성됐다. 중앙광장을 중심으로 채광과 통풍을 고려해 건물을 배치하고 지상에 차가 없는 아파트로 조성한 것이 특징이다. 여기에 에너지 절약형 공기필터링 시스템인 열교환형 세대환기시스템과 실별 온도조절 시스템 중앙정수 시스템 홈 네트워크 시스템 등이 구축됐다. 단지 인근에는 삼선초등학교와 경동고 한성여중·고 한성대 고려대 등이 있다. 또 도심생태공원으로 조성되는 성북천과 낙산공원·창경궁·서울성곽길 등 쾌적한 자연환경과 유적을 가까이서 즐길 수 있다. 모델하우스는 오는 24일 서울 강남구 개포동의 SK건설 주택문화관 분당선 구룡역 3번 출구 에서 오픈한다. 입주는 2012년 5월 예정이다.,https://news.naver.com/main/read.nhn?mode=LSD&mid=shm&sid1=260&oid=018&aid=0002451383,284
261176,2011.06.13. 오전 9:21,부동산,헤럴드POP,분양현장 탐방 식을 줄 모르는 지방 신규분양 ‘열기’,지방 부동산시장을 강타한 ‘분양열기’가 계속되고 있는 가운데 지난주말 ‘똘똘한’ 중소형상품이 대거 쏟아지면서 또 한번 시장을 달궜다. 판상형구조에 주류를 이루던 3베이가 타워형까지 확산되는가 하면 수요자 맞춤 공간구성이 가능한 가변형벽체도 소형평형까지 적극 활용되고 있다. 이에 화답하듯 지방에 위치한 모델하우스에는 실수요자 발길이 꾸준히 이어지며 활기를 띄었다. 지난 10일 문을 연 현대산업개발의 부산 ‘명륜아이파크’ 모델하우스에는 주말동안 2만 2000여명의 인파가 몰렸다. 동래구 명륜 3구역을 재개발한 ‘명륜 아이파크 총 1409가구 ’는 전체 분양 가구 가운데 60% 이상이 중소형으로 이뤄져 있다. 재개발 단지임에도 일반분양 1041가구 비율이 74%로 높은 것도 수요자를 불러모은 유인으로 작용했다. 소형평형인 전용 62㎡형은 3베이 구조에 방 3개로 구성됐으며 안방전용 드레스룸과 화장실까지 갖추고 있다. 84㎡형은 타워형까지 전면남향의 3베이 설계가 적용됐다. 이 회사 관계자는 “타워형도 3베이가 채택되면서 높은 개방감 및 채광 통풍 등을 확보할 수 있게 됐다”며 “워낙 부산부동산시장 분위기가 좋기 때문에 무난히 청약마감을 할 것으로 기대한다”고 말했다. 지난주말 실수요자를 정조준한 ‘똘똘한’ 중소형아파트가 대거 나오면서 지방분양시장이 또 한차례 달아올랐다. 현대산업개발이 부산에서 공급하는 ‘명륜아이파크’ 모델하우스에는 2만 2000여명이 내방객이 몰렸으며 3년만에 천안일대 첫 공급인 대림산업의 ‘천안 두정 2차 e편한세상’에도 1만 5000여명의 예비청약자가 다녀갔다. 충남 천안도 체질 개선한 중소형아파트를 중심으로 조심스레 분양기지개를 켜는 모양새다. 천안 일대는 미분양적체로 지난 3년동안 신규공급이 없었다. 대림산업이 천안 북부 중심권인 서북구 두정동에서 공급하는 ‘천안 두정 2차 e편한세상’의 경우 10일 모델하우스를 오픈한 이래 1만 5000여명의 방문객이 다녀갔다. 이 단지는 전체 848가구 모두 중소형 72㎡ 84㎡ 으로 구성됐다. 내방객 수 대비 상담비율이 높아 구매의지가 뚜렷한 30 40대 예비청약자가 많았다. 길승진 현지 분양소장은 “평균 분양가가 3.3㎡ 당 770만원 확장포함 으로 3년전 공급된 미분양아파트 할인가격선과 비슷해 가격에 대한 저항감이 낮다”며 “사업지가 위치한 서북구는 중소형 미분양물량이 거의 없어 실수요자의 방문이 꾸준히 이어지고 있다”고 말했다. 이 아파트는 통상 주방 옆에 위치했던 세탁실을 안방 발코니 앞에 배치해 눈길을 끌었다. 세척과 건조를 위해 세탁물을 이리저리 옮기는 동선을 간소화하기 위해서다. 방과 방 방과 거실 사이에 가변형벽체를 넣어 생활패턴에 맞는 공간구성이 가능하도록 한 점도 특징이다. 업계 한 관계자는 “지방분양열기 바통을 이어받기 위한 건설사들의 노력이 이어지면서 중소형평형의 경쟁력이 날로 향상되고 있다”고 말했다.,https://news.naver.com/main/read.nhn?mode=LSD&mid=shm&sid1=260&oid=112&aid=0002202404,284
261177,2011.06.13. 오전 9:12,부동산,파이낸셜뉴스,LH 전국 19개 사업지구에서 140개 상가 대거 공급,한국토지주택공사 LH 는 전국 19개 사업지구 31개 블록에서 총 140개 상가를 공급한다고 13일 밝혔다. 수원호매실 인천서창 행정복합중심도시 첫마을 등 6개 지구 10개 블록에서 95개 상가가 신규로 공급되며 성남판교 서울상암 등 13개 지구 21개블록에서는 45개 상가가 재공급된다. 이번에 공급되는 상가는 주로 택지개발사업지구 등 대규모 단지내에 위치해 기존 도심과 차별화되는 고정상권 형성이 가능하다. 또 평균 100가구당 1개 점포에 불과할 정도로 상가 비율이 적은 것도 특징이다. 공급방식은 공개경쟁입찰 방식으로 진행된다. 분양공고 및 입찰결과 등은 LH 홈페이지 hp www.1h.or.kr 에서 확인이 가능하며 기타 세부문의 사항은 LH 대표문의전화 1600 7100 으로 하면 된다.,https://news.naver.com/main/read.nhn?mode=LSD&mid=shm&sid1=260&oid=014&aid=0002455212,284
261178,2011.06.13. 오전 9:06,부동산,헤럴드POP,불황에 강한 인서울 분양 단지...6월 곳곳에서 분양 물량 선보여 눈길,부동산 시장 침체 및 보금자리주택 공급 등의 여파로 이른바 인서울 In Seoul 내 신규분양 물량이 급감하는 가운데 이달 모처럼서울 곳곳에서 알짜 분양 물량이 공급돼 실수요자들의 관심을 모으고 있다. 이달 선보일 신규분양 물량은 대부분 서울 강남 마포구 등에 위치한 주요 재건축 단지들로 미래 가치가 뛰어난 데다 대형 건설사들의 분양물량이어서 브랜드 가치까지 겸비한 곳들이다. 전문가들은 입지가 뛰어난 반면 공급 물량이 많지 않은 만큼 건설사의 분양 일정을 꼼꼼히 체크하는 것이 좋다고 조언했다. 13일 건설업계에 따르면 GS건설은 강남구 청담동에 위치한 한양아파트를 재건축한 청담자이의 청약을 오는 20일부터 진행한다. 전용면적 49㎡ 90㎡ 총 16가구가 일반분양으로 공급된다. 한강변에 인접해 있고 7호선 청담역을 도보로 이용할 수 있다. 가격 부담이 비교적 적은 중소형 평형인데다 경기고 휘문고 등 ‘강남 최고의 명문학군’까지 갖춰 강남진입을 계획하는 실수요층의 관심이 높을 것으로 보인다. GS건설 관계자는 “공급 물량이 20가구 미만이라 청약통장 없이 누구나 청약이 가능하고 인근에 임대 수요도 풍부해 임대 투자용으로도 고려해 볼 만하다”고 설명했다. 이어 SK건설도 강남구 역삼동의 ‘개나리 5차 아파트’를 재건축한 아파트를 이달말 분양할 예정이다. 전용면적 85㎡²와 127㎡²형 46가구를 공급하며 지하철 2호선과 분당선 환승역인 선릉역을 걸어서 5분이면 갈 수 있다. 강북권에서도 실수요자들이 눈길을 사로잡을 알짜 블루칩 단지가 선을 보인다. GS건설은 서울 마포구의 한강밤섬자이의 모델하우스를 17일께 오픈해 분양에 나설 예정이다. 일반 분양 대상은 전용면적 84㎡∼132㎡ 규모 46가구다. 2009년 4월 도정법 도시 및 주거환경정비법 개정에 따라 임대분에서 일반분양분으로 전환된 물량으로 분양가를 3년전 일반 분양당시 수준에 맞춰 가격 메리트가 있다는 것이 회사측의 설명이다. 한강밤섬자이는 지난 3월 입주가 완료된 단지인 만큼 단지내 기반 시설이 이미 갖춰져 있다는 점이 장점이다. 현대산업개발도 마포구 아현뉴타운 지역에서 신규 물량을 공급할 계획이다. 현대산업개발은 신공덕동 신공덕6구역 에서 신공덕아이파크 195가구 전용 59∼114㎡ 중 71가구를 이달 말께 일반 분양할 예정이다. 교통 요지인 마포구 공덕오거리 인근에 위치해 있고 지하철 5호선와 6호선 환승역인 공덕역이 가깝다. 특히 단지 동쪽에 효창공원과 효창운동장이 있고 단지 인근으로 신공덕 삼성아파트 신공덕 래미안 3차 등 대규모 아파트 단지가 형성돼 있어 생활 환경이 우수하다는 평가다. 이밖에도 GS건설이 성동구 금호동에서 분양 예정인 금호자이 2차와 삼성물산이 동대문구 전농동에서 공급할 물량도 관심을 모으고 있다. 금호자이는 금호18구역을 재개발 한 곳으로 지하철 3호선 금호역과 5호선 신금호역을 이용하기 편리하고 한강공원과도 가깝다. 일반분양은 36㎡∼115㎡ 규모 38가구다. 삼성물산이 공급예정인 래미안 전농 크레시티는 전농7구역을 재개발한 것으로 2300여가구의 대단지다. 이 중 일반 분양대상은 83㎡∼153㎡ 규모 489가구다. 지하철 1호선 청량리역을 걸어서 이용 가능하고 청량리 민자역사 내 편의시설과 롯데백화점 등이 쇼핑 시설에 대한 접근성도 좋다.,https://news.naver.com/main/read.nhn?mode=LSD&mid=shm&sid1=260&oid=112&aid=0002202389,284
261179,2011.06.13. 오전 9:03,부동산,서울경제,부동산 장부 18종 2014년까지 통합,오는 2014년부터 토지대장ㆍ지적도ㆍ등기부등본 등 18종의 부동산 관련 공적장부가 하나로 통합된다. 국토해양부는 13일 국회 헌정기념관에서 이 같은 내용을 담은 부동산 행정정보 일원화 정책토론회를 개최했다고 밝혔다. 국토부는 우선 올해부터 오는 2012년까지 토지대장ㆍ임야대장ㆍ대지권등록부ㆍ공유지연명부ㆍ지적도ㆍ임야도ㆍ경계점좌표등록부ㆍ건축물대장 등 11종의 부동산 서류를 하나로 통합할 예정이다. 이어 2013년까지 개별공시지가확인서ㆍ개별주택가격확인서ㆍ공동주택가격확인서ㆍ토지이용계획확인서 등을 합치고 2014년부터는 토지등기부등본ㆍ건물등기부등본ㆍ집합건물등기부등본 등을 추가로 통합한다. 정부가 행정정보 일원화를 추진하는 것은 현재 부동산 관련 공적장부가 국토부ㆍ대법원 등 2개 부처 5개 법령으로 분산 관리되고 있어 민원인들의 불편은 물론 시간ㆍ비용 등 낭비요소가 많기 때문이다. 국토부에 따르면 현재 연간 1억100만건의 부동산 관련서류가 발급되며 1 000억원이 넘는 비용이 사용되는 것으로 나타났다. 이날 정책토론회에서는 부동산 행정정보 일원화의 필요성 및 경제적 효과 법ㆍ제도 개선방향 등이 집중적으로 논의됐다. 이종원 호서대 교수는 내년까지 14종의 부동산 정보만 일원화해도 2013년부터 5년간 총 2조2 434억원의 정보화 편익이 발생할 것으로 내다봤다. 이진기 숙명여대 교수는 행정정보 일원화 사업을 위해 현재 입법이 추진되고 있는 지적재조사에 관한 특별법 에 근거규정을 마련할 것을 제안했다.,https://news.naver.com/main/read.nhn?mode=LSD&mid=shm&sid1=260&oid=011&aid=0002159385,284
261180,2011.06.13. 오전 9:02,부동산,머니투데이,18종 부동산 공적장부 오는 2014년 1개로 통합,머니투데이 송지유 기자 국토부 13일 국회 헌정기념관서 정책토론회 개최…비용절감 및 행정효율성 제고 기대 오는 2014년부터 토지대장 지적도 등기부등본 등 18종의 부동산 관련 공적장부가 서류 1개로 통합된다. 국토해양부는 13일 국회 헌정기념관에서 이같은 내용의 부동산 행정정보 일원화 를 위한 정책토론회를 개최한다고 밝혔다. 국토부는 우선 올해부터 2012년까지 △토지대장 △임야대장 △대지권등록부 △공유지연명부 △지적도 △임야도 △경계점좌표등록부 △건축물대장 등 11종의 부동산 서류를 통합할 계획이다. 이어 2013년까지는 개별공시지가확인서와 개별주택가격확인서 공동주택가격확인서 토지이용계획확인서 등을 통합한다. 2014년부터는 토지등기부등본 건물등기부등본 집합건물등기부등본 등을 추가로 통합한다. 국토부가 행정정보 일원화를 추진하는 것은 현재 부동산 관련 공적장부가 국토부 대법원 등 2개 부처 5개 법령으로 분산 관리돼 민원인들의 불편은 물론 시간 비용 등 낭비요소가 많기 때문이다. 국토부에 따르면 현재 연간 1억100만건의 부동산 관련 서류의 발급 비용만 1000억원이 넘는다. 국토부는 부동산 공적장부가 통합되면 민원인들의 비용절감은 물론 지자체의 행정효율성도 높아질 것으로 기대했다. 이날 정책토론회에서는 부동산 행정정보 일원화 필요성 및 경제적 효과와 법·제도 개선방향 등이 집중 논의될 예정이다. 토론회를 주최한 최구식 한나라당 의원은 국가살림의 중대한 운영축인 부동산 행정을 선진화하려면 민·관 협업이 필요하다 며 행정정보 일원화 사업이 성공적으로 진행되면 국가부동산 개발 및 가격정책 수립에 도움이 될 것 이라고 말했다.,https://news.naver.com/main/read.nhn?mode=LSD&mid=shm&sid1=260&oid=008&aid=0002553890,284
261181,2011.06.13. 오전 9:01,부동산,헤럴드POP,포스코패밀리 인천봉사단“사랑나눔 긴급구호키트 제작”,포스코패밀리 인천봉사단 단장 포스코건설 사장 정동화 이 최근 포스코건설 송도 사옥에서‘사랑나눔 긴급구호키트 제작’봉사활동을 실시했다. 이날 봉사활동에는 포스코건설 포스코 R D센터 포스코파워 송도SE 그리고 포스코건설의 우수협력업체로 구성된 포스코패밀리 인천봉사단과 기아대책 등 140여명이 참여해 재난상황발생시 인천지역주민에게 전달될 긴급구호키트를 제작했다. ‘사랑나눔 긴급구호키트’는 태풍ㆍ해일ㆍ지진 등 각종 재난발생시 이재민들이 즉시 사용할 수 있도록 의약품 이불 속옷 세재 수건 등 생필품 17종으로 구성돼있다. 이날 만들어진 1000세트의 긴급구호키트는 물류창고에 보관되며 유사시 인천 재난지역에 24시간내에 배포된다. 최홍길 포스코건설 경영지원본부장은 “힘들고 어려울 때 돕는 친구가 진짜 친구라는 말처럼 이 물품이 재해로 피해를 입은 우리 이웃에게 가장 먼저 내미는 희망의 손길이 됐으면 좋겠다”면서 “이러한 우리의 활동이 더 큰 사회를 만드는 밀알이 되길 바란다”라고 말했다. 한편 작년 11월에 창단된 포스코패밀리 인천봉사단은 인천지역의 다문화 가정과 저소득 가정을 위한 ‘사랑의 김장 담그기’행사와 주거환경개선사업을 펼치는 등 지역사회에 온기를 불어넣는 다양한 활동을 펼치고 있다.,https://news.naver.com/main/read.nhn?mode=LSD&mid=shm&sid1=260&oid=112&aid=0002202384,284
261182,2011.06.13. 오전 9:00,부동산,아시아경제,김경래의 우리 땅 살만한 마을 주말별장지로 인기 끄는 북충주나들목 주변,김경래 OK시골 대표. 경기도권을 벗어나 서울 수도권사람들이 전원주택지로 많이 찾는 곳 중 한 곳이 충주다. 충주호반과 남한강변 주변으로 많은 전원주택과 별장 펜션들이 들어서 있다. 교통이 편리하고 호반풍광이 좋은 지역 아름다운 강변지역은 토지가격도 만만찮다. 충주호반이 유명해지면서 그 이외의 지역에 대한 관심은 상대적으로 작다. 하지만 전원생활하기 좋은 여건을 갖추고 있는 지역이 많다. 기후는 적당히 온난하고 자연재해가 없는 안전한 지역이다. 충주에는 골프장이 많고 유명 온천도 많다. 자연휴양림도 여러 개 있으며 박물관도 많다. 게다가 중원문화의 중심지로 다양한 문화재들이 산재해 있다. 그만큼 즐길거리 볼거리가 많다는 얘기다. 충주에서 전원주택지를 선택할 때 가장 우선적으로 생각할 것이 중부내륙고속도로와의 연계성이다. 중부내륙고속도로가 생긴 이후 충주는 수도권이나 마찬가지가 됐다. 서울에서 1시간 이내에 닿을 수 있는 곳들이 많다. 경기도 양평 옥천에서 경남 마산 내서를 잇는 중부내륙고속도로는 총길이가 302.9㎞다. 현재 여주에서 마산까지 개통돼 운영되고 있다. 서울 수도권에서 중부내륙고속도로를 이용하는 방법은 영동고속도로를 이용해 강릉방면으로 가다 여주분기점에서 갈아타면 되는데 음성의 감곡나들목을 지나면 곧바로 충주다. 감곡나들목은 충주 땅은 아니지만 충주 앙성으로 드는 길목이다. 주변으로 전원주택들이 많이 들어서고 있다. 전원주택단지 개발 중인 모습. 앞쪽에 보이는 산이 울궁산이다. 중부내륙고속도로가 충주에 들어서면서 처음으로 만나는 나들목이 북충주다. 북충주나들목에서 10㎞ 정도 더 내려가면 충주나들목이 있다. 충주시내와 주덕읍으로 들어가는 길목이다. 충주나들목에서 15㎞ 더 남쪽으로 향하면 괴산나들목이 나온다. 충주의 수안보지역과 가깝다. 이렇게 중부내륙고속도로에서 충주지역과 관계되는 나들목이 감곡과 북충주 충주 괴산 등 네 곳이다. 이들 나들목 주변으로 경관이 좋은 곳은 찾는 사람들이 꾸준히 늘고 있다. 특히 최근 들어 전원생활자들에게 인기를 끄는 곳이 북충주나들목 주변이다. 여주분기점에서 약 30㎞ 내려간 충주시 초입에 있는 북충주나들목 주변은 호반이나 강의 경치를 즐길 수는 없다. 대신 보련산 울궁산 국망산 자주봉산 등 등산객들에게 인기있는 산들이 감싸고 있다. 자동차로 5분 거리에 자연휴양림 산림욕장 계곡 온천 골프장 문화재 등 다양한 휴식공간이 있어 전원주택은 물론 서울 수도권 사람들의 세컨드하우스들이 최근들어 많이 들어서고 있다. 노은면 문성리에 있는 자주봉산에는 문성자연휴양림이 있다. 북충주나들목에서 장호원 쪽으로 4㎞ 쯤 떨어진 휴양림 입구에는 고도원의 아침편지로 유명한 깊은 산속 올달샘 명상센터가 있다. 북충주나들목 앞쪽으로 있는 산이 보련산이며 산자락 아래에 자리잡고 있는 마을이 노은면 수룡리다. 마을을 가로질러서 남한강 지류인 한포천이 흐른다. 한포천을 따라 조금만 내려가면 수룡계곡이 나온다. 보련산속에 있는 계곡으로 수룡폭포가 있으며 물이 맑고 수량이 많아 시민들이 자주 찾는 휴식처다. 특히 자연경관과 야생동식물의 서식환경이 우수해 충북의 자연환경 명소 로 지정된 곳으로 여름 휴가처로 각광받고 있다. 한포천을 따라 조금 더 내려가면 수룡2리 마을회관이 있고 좌측으로 보련산을 넘는 동막고개가 있다. 고개 정상에서 수룡삼림욕장을 만난다. 고개를 넘어가면 바로 앙성온천 능암온천이 있다. 장호원에서 음성 충주를 거쳐 제천으로 가는 38번 국도와 연결된다. 보련산 앞쪽으로 마주보고 있는 산이 울궁산이다. 수룡리를 지난 한포천이 울궁산을 휘감고 흘러가는 곳이 가금면 봉황리다. 봉황자연휴양림이 있고 그 앞쪽에는 보훈콘도가 자리잡고 있다. 주변으로 전원주택과 주말주택 펜션들이 많이 들어서 있다. 서울 수도권 사람들의 주말별장지로 인기 있는 곳이다.,https://news.naver.com/main/read.nhn?mode=LSD&mid=shm&sid1=260&oid=277&aid=0002621920,284
261183,2011.06.13. 오전 8:57,부동산,이데일리,마장동 한전 물류센터 부지 주상복합으로 개발,이데일리 이진철 기자 서울지하철 5호선 마장역 인근의 한국전력 물류센터 부지가 주상복합으로 개발이 추진된다. 서울 성동구 구청장 고재득 은 마장동 한국전력 물류센터에 대해 한국전력과 공동으로 개발계획을 수립키로 하고 이같은 내용의 양해각서 MOU 를 오는 14일 체결한다고 13일 밝혔다. 마장역세권에 위치한 한국전력 물류센터는 면적 3만9567㎡의 대규모 부지로 그동안 변전소와 폐변압기 등을 쌓아놓는 자재적치장으로 사용돼 왔다. 성동구와 한국전력은 이번 MOU 체결을 시작으로 한전 부지를 도심기능 회복과 지역경제 활성화에 중추적인 역할을 할 수 있도록 업무시설 판매시설 주상복합 등이 들어서도록 개발할 예정이다. 고재득 성동구청장은 마장동의 가장 중심부에 위치한 대규모 부지가 장기간 미개발 상태로 남아있어 항상 지역발전의 걸림돌이 돼 왔다 면서 마장동 한전부지가 개발되면 장기적으로 행당도시개발과 왕십리 민자역사 마장동 한전부지로 이어지는 경제축이 완성돼 지역발전에 큰 계기가 될 것 이라고 기대했다. 한편 성동구에선 현재 왕십리뉴타운 행당도시개발지구 성수전략정비구역 서울숲 현대차 글로벌비즈니스센터 등의 개발사업이 진행되고 있다.,https://news.naver.com/main/read.nhn?mode=LSD&mid=shm&sid1=260&oid=018&aid=0002451339,284
261184,2011.06.13. 오전 8:56,부동산,헤럴드POP,박인호의 전원별곡전원생활도 재테크다…귀농귀촌 집짓기 20계명상,1 작지만 실속있는 ‘강소주택’을 지어라 전원생활을 처음 시작하는 이들은 대개 무리를 해서라도 크고 화려한 내 집을 갖고 싶어 한다. 그래서 당초 계획한 자금을 초과하게 되고 대출도 늘어난다. 이는 나중에 불가피한 사정으로 인해 집을 처분하고자 할 때 땅을 포함한 총 매도가격을 높여 매매에 불리하게 작용한다. 따라서 규모는 작지만 건강에 좋고 에너지 등 관리비가 적게 드는 실용성이 뛰어난 집을 짓는 게 좋다. 주말에만 잠깐씩 쉬었다 가는 세컨드하우스의 경우 더욱 그렇다. 2 세컨드 하우스는 이동식주택·농막도 한 방법이다 우리나라도 도시에 메인 하우스를 두고 전원에 세컨드 하우스 주말주택 를 두는 경향이 점차 뚜렷해지고 있다. 주말주택은 서울에서 차로 1 2시간 거리인 수도권 외곽이나 강원권 충청권이 좋다. 요즘 주말주택은 대지를 포함해 가격이 1억 2억 원 선이 주류다. 33㎡ 10평 안팎의 이동식 주택의 경우 3.3㎡ 1평 당 200만원이면 예쁘게 지을 수 있다. 더 저렴한 주말주택을 원한다면 컨테이너 농막도 한 방법이다. 3 집 건축 자금계획은 여유있게 세워야 한다 보통 집을 짓게 되면 당초 계획했던 것 보다 돈이 30 50% 더 들어간다. 짓다보면 설계변경을 해 더 좋은 자재로 마감하고 싶은 것은 인지상정이다. 따라서 집짓기 자금은 여유 있게 확보해야 중간에 차질을 빚지 않는다. 주택 규모 및 유형 마감재 등에 따라 건축비는 천차만별이다. 대체로 3.3㎡ 1평 당 300만 400만 원 정도는 들여야 제대로 지을 수 있다. 물론 샌드위치 판넬은 200만 원 대로 가능하다. 반면 고급스럽게 지으려면 600만 700만원 정도 들어간다. 4 집은 죽이고 정원과 텃밭은 살려라 전원주택은 작고 실속있는 ‘강소주택’으로 짓는 대신 정원과 텃밭은 무리하지 않는 범위 내에서 가급적 넓게 확보하는 것이 좋다. 나와 가족의 손으로 직접 정원과 텃밭을 꾸미고 일구는 것이야 말로 진정 전원생활의 묘미다. 이 때 정원은 한꺼번에 돈을 들여 조성한 ‘보는 정원’보다는 테마를 정해놓고 가족이 함께 조금씩 만들어 가는 ‘가꾸는 정원’이어야 한다. 나이든 어르신들은 소일거리가 될 수 있는 텃밭을 좀 더 크게 만든다. 5 농가주택 섣부른 매입은 금물…‘돌다리도 두드려라’ 허름한 농가주택을 경매나 일반매매를 통해 사들여 리모델링 하거나 새로 짓는 방법 개축 으로 전원생활의 꿈을 이룰 수 있다. 하지만 시골 농가주택을 사기 전에 반드시 확인해야 할 사항들이 있다. 먼저 시골 집은 대지가 아닌 농지에 들어선 경우도 있기 때문에 이를 확인한다. 또 무허가 집도 많으므로 등기가 완전한지도 파악한다. 진입로에 문제가 없는지 지상권만 있는 집인지 등도 필수 확인사항이다. 6 기존 도시주택의 양도세를 면제받는 시골 집을 지어라 도시에 집을 한 채 보유하고 있는 사람이 시골에 전원주택을 짓거나 기존 농촌주택을 매입하고자 할 때 가장 걸리는 문제가 다주택 양도세 중과다. 하지만 시골에 집을 한 채 더 소유해도 기존 도시 주택이 양도세 비과세 요건 3년 보유 을 충족한다면 그대로 그 혜택을 받을 수 있다. 이 때 시골 집은 수도권 이외의 읍·면 지역에 위치하고 대지면적 660㎡ 이하 주택면적 150㎡ 이하 기준시가 2억원 이하이어야 한다. 7 펜션 음식점 등 즉흥적 개발은 금물…사전 조사가 필수다 농지나 임야를 전용해 전원주택 펜션 음식점 등을 짓고자 한다면 그에 앞서 사전조사가 필수다. 자금여력이 있다고 할지라도 즉흥적 개발은 금물이다. 잘못된 토지 개발은 보유자금이 묶이게 될 뿐더러 최악의 경우 손해를 보고 팔아야 하는 상황에 내몰릴 수도 있기 때문이다. 특히 펜션이나 음식점 등은 과연 일정 소득을 보장할 수 있는지 시장조사 및 수익률 분석이 필수다. 8 농지전용 면적은 660㎡ 이하로 해야 유리하다. 도시인이 전·답 등 농지나 산지 임야 를 사서 집을 지으려면 먼저 지목을 대지로 바꾸는 절차를 밟아야 한다. 이를 농지 산지 전용이라고 한다. 개인이 받을 수 있는 농지전용 면적은 최대 1000㎡이다. 다만 계획관리지역에서는 면적 제한이 없다. 그렇다고 무제한 가능한 것은 아니다. 농지 전용면적은 가급적 660㎡ 이하로 하는 게 도시주택 양도세 면제 등 여러면에서 유리하다. 전용시 공시지가의 30%에 해당하는 부담금을 내야한다. 9 개발이 어려운 땅 ‘허가방’ 이용시 값비싼 대가를 치러야 한다 진입로 경사도 배수 등 여러 가지 조건이 농지 산지 전용 허가를 받아내기 쉽지 않은 땅들이 있다. 이 경우 어쩔 수 없이 해결사 역할을 하는 소위 ‘허가방’을 찾기도 하는데 이때 값비싼 대가를 지불해야 한다. 이들은 통상적인 농지전용허가 대행 수수료의 몇 배를 받아 챙긴다. 전문적인 부동산 관련 법률과 지식으로 무장한 전직 공무원들이 운영하는 경우가 대부분이다. 10 ‘한뼘이라도 더’…정확한 측량이 내 땅을 넓힌다 농지를 매입해 그 전부 또는 일부를 대지로 바꿔 전원주택을 짓는 과정에서 측량이 필요하다. 측량은 지적공사와 토목측량회사에서 하는데 지적공사 측량은 공신력이 있는 반면 토목측량회사는 공신력이 없다. 필지를 나누는 분할측량과 이웃 땅과의 경계를 명확히 하는 경계측량을 할 때 빨간 색 측량 말뚝을 경계점에 박는다. 측량 말뚝은 훼손되거나 분실되기 쉽기 때문에 바로 옆에 1 2m 길이의 쇠말뚝을 박아두면 두고두고 활용할 수 있다.,https://news.naver.com/main/read.nhn?mode=LSD&mid=shm&sid1=260&oid=112&aid=0002202378,284
261185,2011.06.13. 오전 8:47,부동산,연합뉴스,분양소식 GS건설 청담자이 16가구,서울 연합뉴스 이유진 기자 GS건설은 서울 청담동 청담한양아파트를 재건축한 청담자이 16가구를 일반 분양한다고 13일 밝혔다. 분양 물량은 임대주택 건설 의무제가 폐지됨에 따라 임대에서 분양 물량으로 전환된 전용면적 49㎡ 4가구와 89㎡ 12가구이다. 이 단지는 35층짜리 5개동 총 708가구로 2009년 일대일 재건축을 통해 임대 물량을 제외한 전 가구가 조합원에게 분양됐다. 입주는 올해 10월로 예정돼 있다. GS건설 관계자는 대부분 조합원 물량이라 입주율이 90%를 넘을 것 이라며 주택법이 적용되지 않아 청약통장이 필요 없고 계약금 500만원만 있으면 누구나 청약할 수 있다 고 말했다. 계약금 10% 중도금 10%를 납입한 뒤 입주 때 잔금을 내면 된다. 청약 접수는 20 22일 청담자이 홈페이지 www.cd xi.co.kr 에서 받는다.,https://news.naver.com/main/read.nhn?mode=LSD&mid=shm&sid1=260&oid=001&aid=0005109240,284
261186,2011.06.13. 오전 8:45,부동산,파이낸셜뉴스,부동산써브 ‘부동산직거래’ 어플리케이션 출시,부동산정보업체 부동산써브는 스마트폰의 최신 기술인 ‘증강현실’과 위치기반서비스를 연계한 ‘부동산직거래’ 앱을 개발·출시했다고 13일 밝혔다. 이 앱은 사용자가 외부에서 스마트폰에 탑재된 카메라를 통해 관심 있는 부동산을 비추면 영상 속에 나타난 주택의 단지정보와 직접 등록된 매물이 노출되는 형태로 직거래 매물을 빠르고 정확히 찾을 수 있다. 또 부동산 정보가 마음에 들 경우 간단한 터치 동작만으로 매물 보유자와 연락을 취해 주택 매매 전·월세 등의 직거래가 가능 하도록 사용자에게 최대한의 편의성을 제공한다. 이 앱은 앱스토어에 등록돼 있으며 앱스토어나 아이튠즈에서 부동산직거래 검색을 통해 확인 다운로드 할 수 있다. 부동산써브는 이번 ‘부동산직거래’를 시작으로 다양한 사용자·콘텐츠 중심의 차별화된 서비스를 제공할 예정이다. 이 앱에 대한 자세한 사항은 부동산써브 홈페이지 www.serve.co.kr 를 통해 확인할 수 있다. 한편 부동산써브는 앱 출시를 기념해 유료로 제공되던 직거래매물 등록 서비스를 무료로 제공하고 있으며 부동산직거래 앱을 다운로드 한 후 사용기를 작성한 부동산써브 회원을 대상으로 아이패드2와 버거킹와퍼세트 던킨 아이스아메리카노 등을 제공하는 이벤트를 진행 중이다.,https://news.naver.com/main/read.nhn?mode=LSD&mid=shm&sid1=260&oid=014&aid=0002455193,284
261187,2011.06.13. 오전 8:33,부동산,파이낸셜뉴스,이번주 분양일정전국 8개 사업장에서 6291가구 공급,6월 셋째 주 13∼17일 신규아파트 분양시장에서는 전국 8개 사업장에서 6291가구가 공급된다. 부동산114에 따르면 수도권에서는 롯데건설이 파주 교하신도시에서 금호건설이 안양 호계동에서 청약접수를 시작한다. 또 지방에서는 부산 동래구 명륜I’PARK 1단지와 충남 천안시 두정2차e편한세상 등 지역 곳곳에서 신규분양이 진행될 예정이다. 수도권 롯데건설이 파주 교하신도시에 롯데캐슬 1880가구를 공급한다. 롯데캐슬은 지상 18층에서 30층 20개 동 규모로 전용면적은 59㎡에서 126㎡까지 다양한 면적으로 건립된다. 롯데캐슬은 가온 호수공원의 녹지를 단지 내까지 끌어들인 그린네트워크 개념을 적용해 조경면적을 극대화했다. 단지 인근에는 경의선 운정역이 위치해 대중교통도 이용도 편리하고 제2자유로 김포관산도로 경의선 복선전철화 및 서울∼문산간 고속도로 등이 계획돼 있어 서울과의 접근성도 꾸준히 개선될 전망이다. 분양가는 3.3㎡당 1000만원 초반에서 1100만원 중반 정도다. 분양가상한제가 적용돼 전용85㎡이하 면적은 3년 85㎡초과는 1년간 전매가 제한된다. 입주는 2014년 11월 예정이다. 안양시 호계동에서 동양아파트를 재건축한 금호어울림 단지가 일반분양을 시작한다. 총 136가구 중 조합원 물량을 제외한 40가구가 전용59∼84㎡형으로 일반에게 공급된다. 단지 인근으로 경수대로 군포제일공단 안양IT단지 등이 위치해 배후수요가 풍부한 편이다. 또한 홈플러스 안양점 등 생활 편의시설도 가까이 위치해 거주여건도 양호하다. 3.3㎡당 분양가는 1100만원 정도다. 금호어울림은 후분양 아파트로 오는 12월 입주가 시작될 예정이다. 구리시 인창동에서 피누스파크 단지가 분양을 시작한다. 전용84∼107㎡형으로 98가구가 건립되는 소규모 단지다. 인천 영종하늘신도시에서 저소득층 서민을 위한 국민임대 아파트 1554가구가 공급된다. A5블록과 A29블록에서 각 770가구 784가구가 전용29∼59㎡형으로 공급된다. 면적별로 보증금은 1000만∼3600만 원 월 임대료는 6만5000∼21만2000원 수준이다. 입주는 2012년 7월로 계획돼 있다. 지방 부산 동래구 명륜3구역을 재개발한 명륜I’PARK 1409가구가 분양된다. 명륜I’PARK는 현대산업개발에서 시공을 맡아 지상 최고 28층 높이의 20개 동의 대규모 아파트로 건립된다. 전용62∼151㎡ 면적대로 조합원 물량을 제외한 1041가구가 일반에 선보인다. 부산지하철1호선 명륜역이 도보 5분 거리에 위치하고 있고 위치에 따라 부산4호선 수안역을 걸어서 이용할 수 있다. 주변에는 마안산공원이 인접해 자연환경도 쾌적한 편이다. 분양가는 3.3㎡당 800만 후반에서 900만원 중반대로 책정됐고 계약 후 바로 거래할 수 있다. 입주는 오는 2013년 11월로 계획돼 있다. 전북 전주시 하가지구에서는 제일오투그란데 319가구가 공급된다. 실수요자 선호도가 높은 전용76㎡형과 84㎡형으로 건립된다. 전주천과 전주천 하늘공원이 가까워 쾌적한 주거환경을 자랑한다. 3.3㎡당 분양가는 600만원 후반수준이다. 분양가상한제가 적용돼 계약 후 1년간 전매가 제한된다. 입주는 오는 2013년 4월 예정이다. 충남 천안시 두정동에서는 두정2차e편한세상이 공급된다. 지상 18층∼23층 높이의 11개 동 규모로 총 848가구가 공급된다. 전용72㎡ 198가구와 전용84㎡ 650가구의 중소형아파트다. 두정2차e편한세상은 지하철 1호선 두정역을 걸어서 이용할 수 있는 역세권 단지다. 또한 천안제1외곽순환도로가 오는 2015년 완공을 목표하고 있어 교통여건도 점차 개선될 전망이다. 두정2차e편한세상은 307만㎡ 면적의 국제비즈니스파크를 비롯해 천안유통단지 천안제3산업단지 등이 인접해 산업단지 배후주거지로서의 역할이 기대된다. 3.3㎡당 분양가는 700만원 중후반 정도다. 입주는 오는 2013년 6월로 계획돼 있다.,https://news.naver.com/main/read.nhn?mode=LSD&mid=shm&sid1=260&oid=014&aid=0002455179,284
261188,2011.06.13. 오전 8:20,부동산,매일경제,2014년까지 부동산 장부 하나로 통합,오는 2014년부터 토지대장 지적도 등기부등본등 18종의 부동산 관련 공적장부가 서류 하나로 통합 서비스된다. u3000국토해양부는 총 18종에 이르는 부동산 공적장부를 하나로 통합하기로 하고 13일 국회 헌정기념관에서 이와 같은 내용의 부동산 행정정보 일원화 를 위한 정책토론회를 개최한다고 이날 밝혔다. u3000국토부는 현재 정부가 추진중인 부동산 행정정보 일원화 사업을 업그레이드해오는 2014년에는 18종의 공적장부를 하나로 통합하기로 했다. u3000정부는 우선 올해부터 2012년까지 토지대장ㆍ임야대장ㆍ대지권등록부ㆍ공유지연명부ㆍ지적도ㆍ임야도ㆍ경계점좌표등록부ㆍ건축물대장 등 11종의 부동산 서류를 하나로 통합한다. u3000이어 2013년까지 개별공시지가확인서ㆍ개별주택가격확인서ㆍ공동주택가격확인서ㆍ토지이용계획확인서 등을 합치고 2014년부터는 토지등기부등본ㆍ건물등기부등본ㆍ집합건물등기부등본 등을 추가로 통합한다. u3000이 경우 오는 2014년에는 웬만한 부동산 관련 공적장부를 별도로 발급받을 필요없이 하나의 서류에서 볼 수 있게 된다. u3000국토부가 행정정보 일원화를 추진하는 것은 현재 부동산 관련 공적장부가 국토부 대법원 등 2개 부처 5개 법령으로 분산 관리되고 있어 민원인들의 불편은 물론 시간 비용 등 낭비요소가 많기 때문이다. u3000국토부에 따르면 현재 연간 1억100만건의 부동산 관련서류가 오가며 발급 비용만 1천억원이 넘는 것으로 나타났다. u3000국토부는 부동산 공적장부가 하나로 통합되면 민원인들의 비용 절감은 물론 지자체의 행정효율도 높아질 것으로 기대했다. u3000 뉴스속보부 r start 화보 손연재 체조갈라쇼 과감한 몸짓 연기 남해안벨트 日기업 생산기지로 루이비통 현대百 무역점서 철수 북한 미모의 女승무원 화제 지하철 김밥소녀 이아인사랑 CEO로 데뷔 정형돈 너를 위해 열창 후 임재범에 시건방 보고 있나 알렉스 11일 허리 디스크 수술…‘활동 차질 없나 ’ r end ⓒ 매일경제 mk.co.kr 무단전재 및 재배포 금지 MBA도 모바일로 공부한다.,https://news.naver.com/main/read.nhn?mode=LSD&mid=shm&sid1=260&oid=009&aid=0002483015,284
261189,2011.06.13. 오전 7:56,부동산,헤럴드POP,불경기라고 대형건설사 연봉 비교해보니 대부분 평균 6000만원 훌쩍 넘어,국내 건설 경기의 침체 여파로 중소 건설사의 구조조정과 대형 건설사들의 사업 구조 개편으로 건설 인력들의 이동 또한 활발해지고 있다. 타 업종에 비해 맨파워 인적역량 의 영향력이 큰 건설업종의 특성 탓에 건설사들은 높은 연봉 조건 등을 제시하며 인재를 영입하는 게 사실. 이런 양호한 급여 조건은 특히 상대적으로 토목과 플랜트 비중이 높은 대형건설사들에게서 두드러지게 나타나는 것으로 전해지고 있다. 하지만 국내 주택 시장의 침체 등으로 중소형 건설사들이 대거 구조조정에 들어간 가운데 주요 대형 건설사들은 안정적으로 연평균 6000만원이 넘는 고액의 급여를 받고 있어 건설 업종의 양극화가 보다 심화되는 것 아니냐는 우려도 낳고 있다. 13일 본지가 시공능력평가 상위 10개 대형건설사들이 제출한 사업보고서를 토대로 직원들의 평균 임금을 조사한 결과 지난 1분기 가장 높은 급여를 받은 회사는 포스코건설로 나타났다. 계약직을 포함해 총 직원수가 3551에 달한 포스코건설은 1분기에만 1인당 평균 2000만원의 급여를 받았다. 포스코건설은 지난해 1분기에는 1인당 평균 1457만원을 받았고 연간으로는 5400만원을 받았다. 지난해 동기 대비 상승폭이 30%에 가까운 수준인 것. 특히 포스코건설은 지난해 1년 평균 연봉이 10대 대형건설사 가운데 9위에 불과했지만 단번에 1위로 올라서 주목을 받고 있다. 이어 중동지역에서 플랜트 업종에 강세를 보이는 대림산업과 SK건설 GS건설이 나란히 상위에 올랐다. 두 번째로 급여가 높은 건설사는 대림산업 건설사업부였다. 계약직을 포함해 3627명이 근무하는 대림산업 건설사업부는 1분기 직원 1인당 평균 1950만원을 받았다. 지난해 1분기에는 1800만원이었으며 지난해 연간으로는 1인당 평균 6992만원을 받았다. 대림산업에 이어 3위는 SK건설이었다. SK건설은 지난 1분기 1인당 평균 1924만원을 받았다. 지난해 1분기 1661만원에 비해 15% 가량 높아진 수준이다. GS건설과 대우건설은 지난 1분기 1인당 평균 급여가 1900만원이었다. GS건설은 지난해 연간 기준으로는 7000만원 대우건설은평균 6600만원이었다. 래미안 브랜드의 삼성물산 건설부문은 정규직 기준 1분기 1인 평균 급여가 1825만원으로 5위에 올랐다. 시공능력평가 1위인 현대건설은 1분기 1인당 평균 급여가 1800만원이었다. 지난해 동기 1인 평균 1660만원에 비해서는 상승했지만 상승폭이 10%를 채 넘지 못했다. 이밖에 두산건설이 1분기 1인 평균 급여가 1608만원 롯데건설은 1580만원이었으며 10대 대형사 가운데 1분기 1인 평균 급여가 가장 낮은 회사는 현대산업개발로 평균 1430만원이었다. 한 대형사의 관계자는 “주로 해외 현장 근무로 추가 수당이 주어지는 토목ㆍ플랜트사업 부문의 급여가 높은 편으로 대형 건설사가운데서도 해외 사업의 비중이 높은 건설사의 평균 연봉이 높다”고 말했다. 한편 건설업종의 특성 탓에 직원 구성에 있어 남성과 여성의 성비 비율이 극도로 불균형 한 것으로 나타났다. 전체 직원수의 10%는 물론 5%에도 미달되는 곳이 대부분이다. 실제 현대건설의 경우 3978명의 직원 가운데 여성은 255명이었고 대림산업 건설사업부는 2975명 직원 가운데 여성은 107명에 불과하다.,https://news.naver.com/main/read.nhn?mode=LSD&mid=shm&sid1=260&oid=112&aid=0002202354,284
261190,2011.06.13. 오전 7:54,부동산,아시아경제,세종시 국립도서관 책임관리용역 입찰,국립도서관 조감도. 아시아경제 이영철 기자 7월에 공사를 시작하는 세종시 국립도서관의 관리 업무를 맡을 업체를 뽑는다. 행정중심복합도시 건설청 청장 최민호 은 ‘국립도서관의 전면 책임 감리 용역업체 선정’을 위해 13일 건설청 홈페이지 www.macc.go.kr 발주정보 및 조달청 나라장터에 입찰공고를 했다. 전면책임감리용역은 건설·전기·통신·소방 등 공사 전 부문의 품질과 안전 공정 및 시공에 대한 관리업무를 맡고있으며 금액은 24억원 기간은 23개월이다. 입찰은 6월 중 참가자들을 대상으로 사업수행능력평가와 7월 중 기술자평가 및 적격심사를 거쳐 최종 낙찰자를 뽑는다. 참가 자격은 종합감리전문회사 또는 건축감리전문회사를 대표사로 해 전기 통신 소방감리업체가 공동으로 참여할 수 있도록 했고 특히 대표사는 입찰공고일 기준 최근 3년 이내 도급액 500억원 이상 건설공사현장의 책임감리용역 실적이상을 보유하도록 했다. 건설청 관계자는 “곡선 형태인 국립도서관은 시공난이도가 높고 상징적인 중심 문화시설인 만큼 이번 입찰에서 사업수행능력 및 우수한 기술자를 보유한 감리전문회사들의 많은 참여를 기대 한다”고 밝혔다.,https://news.naver.com/main/read.nhn?mode=LSD&mid=shm&sid1=260&oid=277&aid=0002621870,284
261191,2011.06.13. 오전 7:47,부동산,아시아경제,김인만의 부동산돋보기금리인상 부동산 시장에 독일까 약일까,김인만 Good Members 대표 지난 10일 한국은행이 기준금리를 3.0%에서 3.25%로 0.25%포인트 전격인상을 했다. 2010년 11월 이후 징검다리 식으로 두 달에 한 번씩 금리를 인상하다 선진국 경기회복 지연과 유로존 재정위기 등 대외경제상황이 불안하다는 이유로 최근에는 두 달 연속 금리를 동결했다. 그러나 결국 3달 연속으로 동결을 이어가지는 못하고 0.25%포인트 인상카드를 빼들었다. 한은 금통위가 이렇게 전격적인 금리인상을 한 이유는 물가상승과 가계부채문제가 대외적인 경제상황의 불확실성보다 더 위험하다고 판단했기 때문이다. 실제로 물가는 올해 다섯 달 째 4%대 고공행진을 이어갔고 가계부채 역시 급격하게 늘어나고 있기 때문에 경기둔화가 되더라도 더 이상 방치할 수 없다는 게 정부의 의지다. 한은 기준금리 발표 40분 전 정부 부처 장차관들이 긴급 물가관계 장관회의를 열고 물가대책을 논의한 것을 보더라도 현재 물가문제가 얼마나 심각한 상황인지 알 수 있다. 금리인상이 물가안정과 가계부채 문제를 잡기 위한 목적이라고 하지만 주식과 부동산 입장에서는 악재가 될 수밖에 없다. 금리인상이 되면 유동성이 줄어들게 되고 낮은 금리로 주식 부동산에 몰리던 돈이 은행 등 금융권으로 돌아오게 돼 주식시장은 부정적 영향을 받게 된다. 부동산 역시 금리인상은 악재인데 통상적으로 금리가 1% 오르면 부동산가격은 반대로 2% 내린다. 즉 금리가 인상돼 유동성이 줄어드는 것 이외에 대출금리가 상승하게 되면서 담보대출의 이자부담이 늘어나게 된다. 매물과 매도자는 늘어나고 대출이자 부담이 커지면서 매수자는 줄어들기 때문에 거래가 침체되고 부동산가격 하락으로 이어질 가능성이 높다. 물론 여러 가지 변수 중 금리인상만으로 주식과 부동산시장이 무조건 하락세가 된다고 단정 지을 수는 없지만 현재 시장상황을 보면 좋을 것이 없는 것만은 분명하다. 금리인상은 대출이자부담도 크지만 그보다 매수심리위축에 더 큰 영향을 주기 때문에 부동산시장은 당분간 더욱 위축될 가능성이 높다. 또 투자심리 위축도 불러오기 때문에 일반 주택시장뿐만 아니라 재건축과 수익형부동산 역시 타격을 받을 수밖에 없다. 재건축아파트는 개발에 대한 기대심리로 시세는 높게 반영된 반면 오래된 아파트의 특성상 거주만족도는 낮아서 전세가격이 낮게 형성되어 있기 때문에 초기투자비용이 높고 대출부담이 더 크다. 수익형부동산 역시 금리인상이 달갑지는 않다. 최근 저금리로 은행이자 수익이 낮고 은퇴에 대한 불안감으로 고정수익에 대한 관심이 높아지고 있다. 부동산투자 열기가 식으면서 수익형부동산에 대한 관심이 커지고 있는데 금리가 상승하면 은행이자수익이 늘어나고 대출부담은 늘어나는데 월세 임대료를 올리는 것은 한계가 있기 때문이다. 물론 0.25%포인트 인상만으로 이미 침체가 깊은 부동산시장이 더 크게 하락하지는 않겠지만 추가 인상이 예상되기 때문에 부동산시장의 침체의 골은 더 깊어지고 회복속도가 더 느려질 것이다. 하지만 금리인상만 가지고 너무 불안해 할 필요는 없다. 2006년 부동산시장 활황일 때 금리가 지금보다 더 높았음을 감안하면 현재금리가 무조건 높다고 할 수는 없고 따지자면 부동산시장 침체가 문제이지 금리인상이 문제가 아니기 때문이다. 정책이야 시장상황에 따라 움직이는 것이며 침체가 깊어지면 완화정책이 나온다. 부동산시장 침체가 깊어질수록 신규분양물량은 줄어들어 공급이 감소할 수밖에 없다. 물가상승 화폐가치하락 부동산가격의 약세 지속 등을 감안하면 실물경기회복 시점이 되면 부동산시장도 다소 회복될 수 있다. 다만 금리인상으로 단기적으로 거래감소지속은 불가피하기 때문에 무리한 투자는 주의할 필요가 있고 정부차원에서 거래량을 늘리기 위한 추가대책은 빨리 검토가 되어야 할 것이다. 지금까지 취득세감면 양도세 거주요건 폐지 등 굵직한 대책이 나왔음에도 명분만 있고 알맹이가 없는 DTI부활 보금자리 추가발표 등으로 거래활성화 효과를 전혀 보지 못했기 때문에 지금부터는 명분이 아닌 실질적인 효과가 있는 대책이 나오 길 기대해 본다.,https://news.naver.com/main/read.nhn?mode=LSD&mid=shm&sid1=260&oid=277&aid=0002621866,284
261192,2011.06.13. 오전 6:56,부동산,헤럴드POP,올 여름 LH 단지내 상가 쏟아진다,이달 말 전국적으로 140개의 LH 한국토지주택공사 단지내 상가가 공급될 예정에 있어 올 하반기 상가 시장의 향배를 알아볼 수 있는 좋은 기회가 될 것으로 보인다. 13일 LH와 상가투자정보 제공업체인 상가뉴스레이다에 따르면 오는 21 22일에 수원 호매실 인천 서창2 등 수도권에서만 2개 단지 5개 블록 60개 점포를 비롯해 전국적으로 6개 단지 10개 블록 95개의 LH 신규 단지내 상가가 20일부터 22일 사이에 입찰 공급된다. 이번 신규 공급분에서는 수원 호매실을 비롯해 수도권 내 비교적 대형 단지들이 많아 독점력 높은 상가들이 많고 내정가 규모도 저렴한 곳이 많아 입찰 결과가 주목된다. 수원 호매실 B 6블럭은 공공임대 단지이지만 1 318세대의 대규모 단지로 호매실 지구 내 근린상권과 다소 거리가 있어 독점력이 높으며 세대대비 상가면적도 0.478 수준으로 상가의 희소성이 뛰어나 투자자들의 관심이 높을 것으로 예상되고 있다. 인천 서창2 11블럭의 경우 배후 소비세력의 소비수준이 비교적 높은 공공분양단지라는 점과 938세대 정도의 배후단지 수가 확보되어있기는 하지만 세대수 대비 상가면적이 1.467로 이번 공급되는 물량 중 가장 높고 단지내 상가이지만 전용률이 60%대로 상당히 낮아 다소 불리할 것으로 보인다. 한편 비수도권 물량 중에 유독 눈길을 끄는 것이 있는데 행정중심 복합도시 첫마을 2개 블록에서 약 23개 점포가 주인을 기다리고 있다. 특히 A2블럭은 공공분양과 공공임대이 배후세대로 확보되어 있어 다양한 소비세력으로 자리매김할 것으로 예상되며 내정가가 다소 수도권 주요 택지지구 못지않다는 점에서 부정적인 면도 있지만 앞으로 계속 출현하게 될 택지지구라는 점에서 그 결과과 기대되고 있다. 이번 6월 LH 단지내 상가 공급물량은 유독 신규공급분에 비해 재공급되는 단지들이 많은데 수도권 지역에서는 성남 판교와 서울 상암2 1 부천 여월 단지등이 주인을 기다리고 있다. 이러한 재분양 물량 투자시 신규 공급되는 단지내 상가에 비해 대부분 상가입점시기가 다소 빨라 자금회수기간이 짧을 수 있다는 장점이 있으나 첫 분양시 주인을 찾지 못했다는 점을 감안해 철저한 주변 상권 조사를 통한 가격타당성을 맞추려는 노력이 반드시 필요하다. 또한 현재 입점 중인 곳의 재입찰의 경우 LH에서 현 입점자들의 공용부분 무단점유나 상가 업종 및 용도 변경 등에 대하여 책임을지지 않으므로 주의할 필요가 있다. 선종필 상가뉴스레이다 대표는 “6월 LH 단지내 상가 공급 물량은 대체적으로 단지 규모가 크고 독점성도 높은 단지들이 많아 투자자들의 관심도가 높을 것으로 기대된다”며 “이번 LH 단지내 상가 공급 결과는 올 하반기 상가 시장의 기상도를 알아볼 수 있는 척도가 될 것으로 보여 그 귀추가 더욱 주목된다” 고 말했다.,https://news.naver.com/main/read.nhn?mode=LSD&mid=shm&sid1=260&oid=112&aid=0002202334,284
261193,2011.06.13. 오전 6:48,부동산,아시아경제,LH 안산신길 내포신도시 공동주택용지 공급,아시아경제 박충훈 기자 LH 한국토지주택공사 는 안산신길지구와 충남도청 내포 신도시의 공동주택용지를 각 2필지씩 공급한다. 안산신길지구는 아파트용지 1필지 B5블록 2만8000㎡ 연립주택용지 1필지 B6블록 1만5000㎡ 며 공급규모는 60 85㎡이다. B5블록은 인근에 초등학교 중학교 고등학교가 입지하고 있고 지구 내 중앙공원과도 가깝다. B6블록은 역사공원과 인접해 쾌적한 주거환경을 선사한다. 교통여건으로는 수도권 전철 4호선 안산역 안산신길온천역을 비롯해 영동고속도로 서안산ICㆍ39호선국도 등이 인접했다. 안산시청으로부터 약 4km거리다. 오는 20일 LH 토지청약시스템 hp buy.lh.or.kr 을 통해서 신청접수 및 추첨을 하며 28일 매매계약을 체결한다. 문의는 LH 경기지역본부 판매고객센터나 LH 홈페이지를 참조하면 된다. 충남도청 내포 신도시 내 공동주택용지는 2필지 12만7000㎡규모로 공급된다. 해당 용지는 60 85㎡이하의 RH 3 블록과 60 85㎡이하와 85㎡초과 혼합형인 RM 8 블록이다. 이곳은 도청이전부지 학교 및 상업용지와 가깝고 생활편의시설과의 접근성이 뛰어나다. 내포신도시에는 충남도청이 내년말까지 이전할 계획이다. 서해안고속도로 홍성IC 13km 와 대전 당진간고속도로 고덕IC 8km 장항선이 통과해 서울 대전 및 세종시와 2시간내 생활권으로 묶인다. 5년 무이자 할부로 분양할 예정이며 오는 21일 LH 토지청약시스템에서 신청접수 및 추첨을 진행한다. 23일 24일 매매계약을 체결한다.,https://news.naver.com/main/read.nhn?mode=LSD&mid=shm&sid1=260&oid=277&aid=0002621825,284
261194,2011.06.13. 오전 6:36,부동산,헤럴드POP,18종의 부동산 정보를 한눈에,토지대장과 지적도 등기부등본 등 18종의 국가 부동산 정보가 하나로 통합된다. 부동산 정보가 통합되면 건축 인허가 토지 지목변경 토지 분할 등의 일괄민원처리가 가능하고 중복업무가 해소되며 부동산관련 서비스 이용이 활성화돼 수조원대의 편익이 발생할 것으로 분석된다. 국토해양부 장관 권도엽 는 13일 ‘부동산 행정정보 일원화’를 위한 정책토론회를 한나라당 최구식 의원 주최로 국회 헌정기념관에서 개최한다고 밝혔다. 한국비교사법학회가 주관하고 국토부와 대한지적공사가 후원하는 이 토론회에는 향후 부동산 종합공부 법제화를 추진할 국회의원과 권도엽 국토해양부 장관 각계 전문가들 참석한다. 토론회의 주요 발표주제는 ▷부동산 행정정보 일원화의 필요성 및 경제적 효과 ▷법ㆍ제도 개선방향이며 전문 패널의 발표요지는 ▷부동산정보 정책서비스 방향 ▷자치단체 관점에서의 사업의 추진의의와 방향성 ▷전자정부 관점에서의 사업 일관성과 고려사항 ▷ICT 기업 등 민간에서 정보를 활용하기 위한 방안 등이다. 18종의 부동산 정보는 단계적으로 통합된다. 올해부터 2012년까지 토지대장ㆍ임야대장ㆍ대지권등록부ㆍ공유지연명부ㆍ지적도ㆍ임야도ㆍ경계점좌표등록부ㆍ건축물대장 등 11종이 하나로 통합된다. 이어 2013년까지 개별공시지가확인서ㆍ개별주택가격확인서ㆍ공동주택가격확인서ㆍ토지이용계획확인서 등이 합쳐지고 2014년부터 토지등기부등본ㆍ건물등기부등본ㆍ집합건물등기부등본 등의 통합이 진행된다. 부동산 정보는 그동안 국토부 대법원 등 2개 부처 5개 법령으로 분산 관리돼 구비서류 중복 제출 중복업무 민간 공간정보산업 발전 저해 등의 문제점을 야기해왔다. 연간 1억100만건의 부동산 관련서류 제출과 1 000억원 이상 납부비용이 낭비되고 행정시스템 분리로 중복업무 579만건 중복정보처리건수 8826만건에 이른다. 최구식 의원은 “국가살림의 중대한 운영 축인 부동산 행정을 선진화하기 위해서는 정부주도의 정보화에서 민·관 협업으로 진화하는 국가정보화 정책방향에 부응해야 한다”며 “민·관·학 등 관계기관의 진지한 토론을 통해 사업의 방향성을 확립할 필요가 있다”고 정책토론회 개최배경을 설명했다. 주제발표를 맡은 호서대학교 이종원 교수는 “14종의 부동산 정보만 일원화해도 2013년부터 5년간 2조2 434억원의 정보화 편익이 발생한다”고 말했다. 또 이진기 숙명여대 교수는 “부동산 종합공부의 도입은 부동산에 관한 정확하고 통일적인 정보 제공이 1차적 목표”라며 “별도의 독립법률을 제정하기보다는 현재 입법이 추진되고 있는 ‘지적재조사에 관한 특별법’에 근거규정을 마련하면 될 것”이라고 주장했다. 한편 부동산 행정정보의 활용활성화와 관련한 토론자로는 국토부 서명교 국토정보정책관과 서울시 황종성 정보화기획단장 SK텔레콤 이명성 부사장 한국정보화진흥원의 국가정보화지원단 강동석 단장이 참석한다. 서울시는 자치단체의 부동산 행정 및 정보화 관점에서 부동산 행정정보 일원화 사업의 의의와 향후 고려사항 및 대시민 정보서비스를 위한 사업의 방향성 등에 대해 SK텔레콤은 국가 부동산 정보를 융합한 스마트기반의 개인화 서비스와 스마트 시티 서비스 기반정보인 토지ㆍ건물 통합 정보 활용 방안 등에 대해 각각 발표한다. 한국정보화진흥원은 국가정보화의 4가지 핵심 정책방향인 활용중심의 정책 소통과 융합의 정보화 정보화 역기능 고려 민관협업의 거버넌스 등의 관점에서 본 사업의 일관성과 향후 실행 방향성에 대해 심도 있게 논의한다. SK텔레콤 이명성 부사장은 사전 조찬모임에서 통신품질관리 등에 이용되는 기초정보인 주소조차 활용성이 20%남짓 확보되고 있는 것이 현실이며 부동산 기반의 스마트 시티 건설을 위해서도 복합민원을 한번으로 줄일 수 있다면 산업의 효율성 제고를 위한 경쟁력이 될 것이라고 강조했다. 국토부 관계자는 “이번 정책토론회에서 제시될 전문가들의 의견은 일원화된 부동산 행정정보의 종합공부 제공을 앞당기게 될 것”이라며 “스마트한 정부서비스 토지와 건물의 합치된 법적개념 확립 미래공간정보산업의 활성화를 가능하게 하는 선순환 구조를 마련하겠다”고 밝혔다.,https://news.naver.com/main/read.nhn?mode=LSD&mid=shm&sid1=260&oid=112&aid=0002202327,284
261195,2011.06.13. 오전 6:36,부동산,헤럴드POP,대우건설 업계 최초로 모바일 IR 사이트 오픈,대우건설은 건설업계 최초로 투자정보를 리얼타임으로 제공하는 ‘모바일 IR 사이트’를 오픈했다고 밝혔다. 이를 통해 투자자는 현장성과 즉시성을 동시에 갖춘 스마트폰을 활용 언제 어디서나 대우건설 IR 정보를 확인ㆍ문의할 수 있게 됐다. 또 대우건설은 업체 탐방 메뉴를 신설 실시간으로 방문신청 IR커뮤니티 자료실 등을 손쉽게 이용할 수 있도록 했다. 메인 페이지에 사용자가 주로 사용하는 서비스를 노출해 접근성도 대폭 항샹됐다. 아울러 대우건설은 해외 투자자의 사용 편의성 증대를 위해 영문 IR사이트도 대폭 정비했다. 수주 영상 홍보 동영상 IR 커뮤니티 신설 등 영문 콘텐츠를 보강하고 시스템 안정성을 강화했다. 이 회사 관계자는 “이번 모바일 IR 사이트 오픈을 통해 시장과의 소통을 지속적으로 강화해나가면서 주주가치 제고 노력에도 더욱 주력할 방침”이라고 밝혔다.,https://news.naver.com/main/read.nhn?mode=LSD&mid=shm&sid1=260&oid=112&aid=0002202326,284
261196,2011.06.13. 오전 6:31,부동산,연합뉴스,분양 성공한 대형아파트 소형보다 싸네,소형보다 싼 대형 아파트 분양 결과 좋아 서울 연합뉴스 강건택 기자 최근 소형 아파트보다 단위면적당 분양가를 낮춘 대형 아파트가 속속 등장해 시장에서 좋은 반응을 얻고 있다. 원래 면적이 클수록 3.3㎡당 분양가도 높게 매기는 것이 일반적이지만 주택경기 침체로 대형 아파트가 시장의 외면을 받자 고육지책 으로 가격을 내리는 사례가 늘어나는 추세다. 13일 건설업계와 부동산114에 따르면 지난달 말 대림산업이 경기 의왕에서 공급한 의왕 내손 e편한세상 과 GS건설의 대전 센트럴 자이 가 나란히 소형보다 싼 대형 분양가를 앞세워 만족할 만한 청약 실적을 올렸다. 11개 주택형으로 구성된 내손 e편한세상에서 공용면적 기준 142 194㎡의 대형 면적 6개 주택형은 3.3㎡당 평균 분양가가 1천576만원으로 이보다 작은 나머지 83 130㎡의 평균 분양가인 1천638만원보다 60만원 이상 저렴했다. 저가 전략은 성공으로 이어졌다. 평균 경쟁률 1.3대 1로 대형 면적을 포함한 모든 평형대 아파트가 순위 내에서 청약 마감된 것. 최근 수도권의 분양시장이 극심한 침체를 겪고 있다는 점과 130㎡ 이상의 대형 아파트 공급이 많았다는 점을 고려하면 기대 이상의 성과다. 대림산업 관계자는 경쟁률이 아주 높지는 않았지만 중대형 면적에서는 가격을 낮춘 덕분에 기대 이상의 결과가 나온 것 같다 며 만족스러워했다. 비슷한 시기 공급된 대전 센트럴 자이도 일반분양 783가구 모집에 무려 4천164명이 몰려 5.3대 1의 높은 경쟁률을 기록했다. 가장 큰 176㎡ 주택형이 0.9대 1로 유일하게 미달됐지만 112 146㎡의 나머지 중대형은 모두 순조롭게 모집가구 수를 채울 정도로 실적이 좋았다. 이 아파트도 내손 e편한세상과 마찬가지로 대형 면적의 분양가를 중소형보다 낮춘 효과를 톡톡히 본 것으로 분석된다. 146 176㎡의 3.3㎡당 평균 분양가가 732만원으로 85 112㎡의 평균 분양가 759만원 보다 20만원 이상 낮게 책정됐다. 이밖에 대우건설 등 다른 건설사도 가격 역전 까지는 아니더라도 과거에 비해 대형 아파트와 소형 아파트의 평균 분양가 차이를 줄여 미분양을 줄이기 위해 애쓰고 있다. 건설업계 관계자는 같은 단지라도 대형 아파트는 마감재와 인테리어를 고급 제품으로 사용하고 세금이 더 붙기 때문에 원래는 작은 아파트보다 가격이 더 비싼 것이 맞다 면서도 실수요자들이 대형 아파트 분양을 꺼리기 때문에 당분간 소형보다 싸거나 비슷한 수준으로 분양가를 매기는 사례가 계속 나올 것 이라고 내다봤다.,https://news.naver.com/main/read.nhn?mode=LSD&mid=shm&sid1=260&oid=001&aid=0005109178,284
261197,2011.06.13. 오전 6:02,부동산,노컷뉴스,31 악재 전세시장 벌써 요동…가을 이사 어떡해,재건축·학군·입주2년 금리 …강남 양천 신도시 등 전셋값 급상승 CBS산업부 정재훈 기자 전세시장이 벌써부터 들썩거리고 있다. 올해 4월 들어 안정세를 보이던 전셋값이 비수기인 5월 중반부터 다시 고개를 쳐들면서 서울 강남 등 일부 지역에선 품귀현상까지 나타나면서 가파른 상승곡선을 그리고 있다. 예년보다 한달 이상 빠른 것으로 가을 이사철 전세대란이 재현될 것이란 우려가 커지고 있다. ◈ 3 1 복합 악재…재건축발 전세 불안 최근 전셋값 상승세는 여러 요인이 복합적으로 작용하고 있다. 재건축 이주 수요 학군 수요 재계약 수요에다 금리 인상까지 겹쳤다. 재건축의 영향이 가장 크게 나타나고 있는 곳은 다음달부터 인근 청실아파트의 이주가 예정된 서울 대치동 은마아파트이다. 13일 부동산업계에 따르면 은마아파트 101㎡의 전셋값은 현재 3억 3억5천만 원 115㎡는 4억 4억5천만 원선으로 불과 2주 만에 2천만 3천만 원이나 올랐다. 고덕과 가락시영아파트 재건축으로 올 하반기 이주가 예상되는 송파와 강동구 역시 오름세가 나타나고 있다. 대치동 E공인중개업소 관계자는 청실아파트 이주를 앞두고 5월 말부터 전세물건이 품귀현상을 보이면서 전셋값이 급등하고 있다 면서 대기자들이 줄을 서면서 가격은 둘째치고 물건 자체가 없다 라고 전했다. 서울에서 재개발·재건축 사업 추진의 마지막 단계인 관리처분계획인가 를 앞둔 사업장은 모두 70곳 6만1천500여 가구에 이르러 불안감이 고조되고 있다. ◈ 학군 수요 입주 2년 증가…악몽 후유증 학군 수요 는 목동 일대를 달구고 있다. 여름방학 기간에 인기 학군으로 진입하려는 수요가 몰리면서 4 5월 조정을 받았던 전셋값이 연초 수준으로 다시 올라갔다. 목동신시가지 5 6단지 89㎡는 2억7천만 9천만 원선으로 최근 2 3주 만에 1천만 2천만 원이 상승했다. 입주 2년이 되는 가구의 증가도 전셋값 상승에 한몫하고 있다. 올 하반기 수도권의 입주 2년 아파트 가구수는 9만2천962가구에 이른다. 입주 2년차 가구가 1만 가구가 넘는 판교신도시의 경우 강남권에서 밀려난 세입자들까지 몰리면서 물량 부족으로 전세값이 급등 조짐을 보이고 있다. 반면 부동산114 조사 결과 다음달 준공돼 입주하는 아파트 물량은 전국 9천395가구 수도권 5천667가구 주상복합 임대단지 오피스텔 제외 로 이달보다 각각 36% 29%가 감소할 전망이다. 전세대란의 악몽이 채 가시지 않은 세입자들이 불안한 심정에 서둘러 전세 구하기에 나설 수 밖에 없는 상황이다. 목동5단지 H공인 관계자는 예년보다 전셋값 상승이 한 달 이상 빨라졌다 면서 저렴한 물건이 이미 계약이 끝나 물량이 찾기 힘든 실정 이라며 가을 이사철이 다가올수록 품귀현상은 더욱 심해질 것으로 보인다 라고 말했다. 부동산1번지 조민이 리서치팀장은 전세난 재현을 우려해 물건을 미리 확보하려는 움직임이 일고 있다 면서 예년보다 전셋값 상승 조짐이 빨리 나타나면서 가을 이사철 전에 전세시장이 불안해질 가능성이 있다 라고 진단했다. ◈ 금리인상 변수…정부 대책은 여기에 금리 인상이란 변수는 더 큰 문제가 될 수 있다. 전세난의 근본적인 원인인 매매시장 침체를 한층 가중시킬 수 있기 때문이다. 부동산114 김규정 리서치본부장은 이자상환부담 증가로 아파트 매수세가 더욱 위축되면서 전세로 눌러앉는 사람들이 더 늘어날 것으로 보인다 면서 전세 물건 부족이 더욱 심화되면서 전셋값도 계속 오를 가능성이 있다 라고 예상했다. 정부는 이에 따라 지난 10일 기준금리가 인상되자 곧바로 물가 관계장관 회의를 소집해 선제적인 대응방안을 논의했다. 정부는 전세입주 물량 확대를 위해 하반기 아파트 준공 일정을 앞당기고 재개발·재건축 사업의 시기를 조절해 이주 수요를 분산하는 한편 주거용 오피스텔에 대한 주택 임대사업 허용 방안 등을 검토하고 있다. 또한 매매시장 활성화를 위해 세제 혜택과 내집마련 자금 지원 등도 마련할 방침이다. 소잃기 전에 외양간을 고칠 수 있는 적절한 대책이 나올지 주목된다.,https://news.naver.com/main/read.nhn?mode=LSD&mid=shm&sid1=260&oid=079&aid=0002258934,284
261198,2011.06.13. 오전 6:01,부동산,이데일리,부동산 행정정보 일원화 정책토론회,14종만 합해도 5년간 2.2조 정보화 편익 발생 이데일리 이태호 기자 국토해양부는 13일 부동산 행정정보 일원화 를 위한 정책토론회를 국회 헌정기념관에서 개최한다고 밝혔다. 최구식 한나라당 의원 주최로 이날 오후 2시부터 열리는 토론회는 한국비교사법학회가 주관하고 국토부와 대한지적공사가 후원했다. 권도엽 국토해양부 장관과 각계 전문가들이 참석할 예정이다. 주요 발표주제는 크게 부동산 정보의 일원화 필요성과 경제적 효과 법·제도 개선 방향 으로 구성됐다. 정부는 올해부터 오는 2012년까지 토지대장·임야대장·대지권등록부·지적도·건축물대장 등 11종의 정보를 하나로 통합할 계획이다. 이어 2013년까지 개별공시지가확인서와 토지이용계획확인서 등이 합쳐지고 2014년부터 토지등기부등본·건물등기부등본 등의 통합이 진행된다. 주제발표를 맡은 이종원 호서대학교 교수는 14종의 정보만 일원화해도 2013년부터 5년간 2조2434억원의 정보화 편익이 발생한다 고 분석했다. 국토부 관계자는 이번 정책토론회에서 제시되는 의견이 일원화된 부동산 행정정보의 종합공부 제공을 앞당기게 될 것 이라고 말했다.,https://news.naver.com/main/read.nhn?mode=LSD&mid=shm&sid1=260&oid=018&aid=0002451269,284
261199,2011.06.13. 오전 6:00,부동산,뉴시스,부동산 행정정보 일원화 토론회 개최,서울 뉴시스 김형섭 기자 국토해양부는 최구식 한나라당 의원 주최로 13일 국회 헌정기념관에서 부동산 행정정보 일원화 를 위한 정책토론회를 개최한다. 한국비교사법학회가 주관하고 국토부와 대한지적공사가 후원하는 이번 토론회에는 부동산 종합공부 법제화를 추진중인 국회의원과 권도엽 국토부 장관 등이 참석한다 . 현재 국토부는 18종의 부동산 정보를 단계적으로 통합하는 작업을 진행중이다. 올해부터 2012년까지 토지대장 임야대장 대지권등록부 공유지연명부 지적도 임야도 경계점좌표등록부 건축물대장 등 11종을 2013년까지는 개별공시지가확인서 개별주택가격확인서 공동주택가격확인서 토지이용계획확인서 등을 통합한다. 또 2014년부터 토지등기부등본 건물등기부등본 집합건물등기부등본 등의 통합을 진행한다. 부동산 정보는 그동안 국토부 대법원 등 2개 부처 5개 법령으로 분산 관리돼 구비서류 중복 제출 중복업무 민간 공간정보산업 발전 저해 등의 문제점을 야기해 왔다. 국토부에 따르면 연간 1억100만건의 부동산 관련서류 제출과 1000억원 이상의 비용이 들었고 행정시스템 분리로 인한 중복업무는 579만건 중복정보처리건수는 8826만건에 달했다. 이번 토론회에서는 부동산 행정정보 일원화의 필요성과 경제적 효과 법·제도 개선방향에 대한 논의가 이뤄진다. 토론자로는 서명교 국토부 국토정보정책관 황종성 서울시 정보화기획단장 이명성 SK텔레콤 부사장 강동석 한국정보화진흥원 국가정보화지원단장 등이 참석한다.,https://news.naver.com/main/read.nhn?mode=LSD&mid=shm&sid1=260&oid=003&aid=0003905787,284
261200,2011.06.13. 오전 6:00,부동산,연합뉴스,2014년까지 부동산 공적장부 18종 하나로 통합,토지대장 등기부등본 등 하나의 서류로 확인 13일 부동산 행정정보 일원화 정책토론회 서울 연합뉴스 서미숙 기자 오는 2014년부터 토지대장 지적도 등기부등본 등 18종의 부동산 관련 공적장부가 서류 하나로 통합 서비스된다. 국토해양부는 총 18종에 이르는 부동산 공적장부를 하나로 통합하기로 하고 13일 국회 헌정기념관에서 이와 같은 내용의 부동산 행정정보 일원화 를 위한 정책토론회를 개최한다고 이날 밝혔다. 국토부는 현재 정부가 추진중인 부동산 행정정보 일원화 사업을 업그레이드해 오는 2014년에는 18종의 공적장부를 하나로 통합하기로 했다. 정부는 우선 올해부터 2012년까지 토지대장ㆍ임야대장ㆍ대지권등록부ㆍ공유지연명부ㆍ지적도ㆍ임야도ㆍ경계점좌표등록부ㆍ건축물대장 등 11종의 부동산 서류를 하나로 통합한다. 이어 2013년까지 개별공시지가확인서ㆍ개별주택가격확인서ㆍ공동주택가격확인서ㆍ토지이용계획확인서 등을 합치고 2014년부터는 토지등기부등본ㆍ건물등기부등본ㆍ집합건물등기부등본 등을 추가로 통합한다. 이 경우 오는 2014년에는 웬만한 부동산 관련 공적장부를 별도로 발급받을 필요없이 하나의 종합공부 에서 볼 수 있게 된다. 국토부가 행정정보 일원화를 추진하는 것은 현재 부동산 관련 공적장부가 국토부 대법원 등 2개 부처 5개 법령으로 분산 관리되고 있어 민원인들의 불편은 물론 시간 비용 등 낭비요소가 많기 때문이다. 국토부에 따르면 현재 연간 1억100만건의 부동산 관련서류가 오가며 발급 비용만 1천억원이 넘는 것으로 나타났다. 국토부는 부동산 공적장부가 하나로 통합되면 민원인들의 비용 절감은 물론 지자체의 행정효율도 높아질 것으로 기대했다. 이날 정책토론회에서는 부동산 행정정보 일원화의 필요성 및 경제적 효과 법ㆍ제도 개선방향 등이 집중적으로 논의될 예정이다. 주제발표를 맡은 호서대 이종원 교수는 내년까지 14종의 부동산 정보만 일원화해도 2013년부터 5년간 총 2조2천434억원의 정보화 편익이 발생할 것으로 내다봤다. 또 이진기 숙명여대 교수는 행정정보 일원화 사업을 위해 현재 입법이 추진되고 있는 지적재조사에 관한 특별법 에 근거규정을 마련할 것을 제안했다. 토론회를 주최한 한나라당 최구식 의원은 국가살림의 중대한 운영축인 부동산 행정을 선진화하기 위해서는 민ㆍ관의 협업이 필요하다 며 행정정보 일원화 사업이 성공적으로 진행되면 국가부동산 개발 및 가격정책 수립에 도움이 될 것 이라고 말했다.,https://news.naver.com/main/read.nhn?mode=LSD&mid=shm&sid1=260&oid=001&aid=0005109161,284
261201,2011.06.13. 오전 6:00,부동산,파이낸셜뉴스,토지대장 등기부등본 등 18개 부동산 정보 하나로 통합된다,토지대장 지적도 등기부등본 등 국가가 관리하는 18개 부동산 정보가 하나로 통합된다. 부동산 정보가 통합되면 건축인허가 토지 지목변경 토지 분할 등의 일괄 민원처리가 가능해지고 중복업무 해소 부동산 관련 서비스 이용이 활성화 돼 수조원대의 편익이 발생할 것으로 예상된다. 국토해양부는 13일 국회 헌정기념관에서 한나라당 최구식 의원 주최로 부동산 행정정보 일원화를 위한 정책 토론회를 개최했다고 밝혔다. 이날 토론회는 부동산 행정정보 일원화 필요성 및 경제적 효과와 법제도 개선방향을 주제로 열렸으며 권도엽 국토부 장관을 비롯해 각계 전문가들이 대거 참석했다. 국토부는 우선 올부터 2012년까지 토지대장 임야대장 대지권등록부 공유지연명부 지적도 임야도 경계점좌표등록부 건축물대장 등 11개 정보를 하나로 통합하기로 했다. 이어 2013년까지 개별공시지가확인서 개별주택가격확인서 공동주택가격확인서 토지이용계획확인서 등을 하나로 합친다. 또 토지등기부등본 건물등기부등본 집합건물등기부등본 등은 2014년부터 통합된다. 부동산정보는 그동안 국토부 대법원 등 2개 부처 5개 법령으로 분산 관리되면서 구비서류 중복제출 중복업무 민간 공간정보산업 발전 저해 등의 문제점을 야기해왔다. 이로인해 연간 1억100만건의 부동산 관련서류 제출과 1000억원 이상 납부비용이 낭비되고 행정시스템 분리로 중복업무 579만건 중복정보처리건수 8826건이 발생하는 등 비효율을 초래했다. 주제발표를 맡은 호서대학교 이종원 교수는 14종의 부동산 정보만 일원화해도 2013년부터 향후 5년간 2조2434억원의 정보화 편익이 발생한다고 밝혔다. 국토부 관계자는 “이번 정책토론회에서 제시될 전문가들의 의견은 일원화 된 부동산 행정정보의 종합공부 제공을 앞당기게 될 것” 이라며 “스마트 한 정부서비스 토지와 건물의 합치된 법적개념 확립 미래공간정보산업의 활성화를 가능케 하는 선순환 구조를 마련하겠다”고 말했다.,https://news.naver.com/main/read.nhn?mode=LSD&mid=shm&sid1=260&oid=014&aid=0002455127,284
261202,2011.06.13. 오전 6:00,부동산,머니투데이,세금 절반 오피스텔…임대사업 문 활짝,머니투데이 전예진 기자 오피스텔 연내 주택임대사업 등록 추진…세금 절반으로 줄어 임대사업 활성화될듯 ↑ 강동큐브 오피스텔 내부 ⓒSK D D 국토해양부가 오피스텔도 주택임대사업 등록 대상에 포함시키는 방안을 추진하면서 오피스텔 임대사업에 대한 관심이 커지고 있다. 오피스텔의 주택임대사업이 가능해질 경우 세금이 최대 절반가량 줄어 큰손 투자자들의 투자처로 급부상할 것으로 전망된다. 12일 부동산 업계에 따르면 국토해양부는 오피스텔로도 주택임대사업이 가능토록 하는 방안을 추진 중이다. 그동안 오피스텔은 여러 채 매입해 임대하더라도 주택임대사업자 등록이 불가능했다. 건축법상 주택이 아닌 업무시설로 간주됐기 때문. 국토부 관계자는 올 초 2.11 전세대책 에서 매입임대사업자 요건을 완화하면서 오피스텔도 포함시켜달라는 요구가 많아 임대주택법 개정을 검토하기로 했다 며 주거용 오피스텔도 일반주택과 동일한 세제혜택을 적용할 것인지 차등을 둘 것인지는 하반기 용역결과가 나온 후 결정할 것 이라고 말했다. 이에 따라 수익형 부동산 시장에서 오피스텔의 위상이 높아질 전망이다. 지난해부터 오피스텔은 전용 85㎡ 이하 바닥난방 허용 욕실면적 5㎡ 제한 폐지 욕조설치 가능 등 건축규제가 풀려 준주택 으로 인정돼왔다. 여기에 주택임대사업 등록이 가능해지면 일반 주택 매입임대사업자와 같은 혜택이 주어진다. 예를 들어 그동안 전용 60㎡ 이하의 1억5000만원짜리 신축 주거용 오피스텔 3채를 매입해 5년 간 임대할 경우 부가가치세 3000만원을 비롯해 취·등록세 재산세 종합부동산세 등 5000만원 이상의 세금을 내야했다. 때문에 주거용으로 쓰이더라도 업무용으로 등록해 세금을 줄이는 일이 빈번했다. 하지만 주택임대사업자로 등록되면 취·등록세 2000만원과 재산세 종합부동산세를 감면받을 수 있다. 여기에 5년 이후 매도시 양도소득세 중과를 받지 않아 시세차익을 얻을 수 있다. 이에 따라 탈세가 빈번했던 오피스텔의 세금문제도 해결될 전망이다. 주용철 코리아베스트 세무사는 업무용 오피스텔을 주거용으로 사용한 것이 과세당국에 적발되면 강제이행금을 추징당했는데 이런 위험부담을 줄일 수 있게 됐다 며 또 오피스텔 세입자가 세금문제로 전입신고를 못하는 등의 피해사례도 감소할 것 이라고 말했다. 업계는 법인이나 기관 등 대형투자자가 오피스텔 임대사업에 진출하는 사례가 증가할 것으로 예상하고 있다. 아파트보다 투자금액이 적어 여러 채 투자할 수 있는데다 세금혜택으로 진입장벽까지 낮아져서다. 김규정 부동산114 본부장은 오피스텔은 단독·다가구주택보다 관리가 편해 임대사업을 하기 쉽다 며 아파트 한 채에 투자할 돈으로 오피스텔 서너채를 분양 받아 임대하는 투자자들이 늘어날 것 이라고 전망했다.,https://news.naver.com/main/read.nhn?mode=LSD&mid=shm&sid1=260&oid=008&aid=0002553803,284
261203,2011.06.13. 오전 3:17,부동산,동아일보,“부동산대책 안먹혀… 하반기에도 전세난” 전문가 60명 설문,동아일보 올 하반기에도 전세금 상승세가 이어지면서 전세난이 가중될 것으로 예상됐다. 전세난은 일시적 국지적인 현상이 아니라 공급 부족에 따른 구조적인 문제로 고착화되고 있다는 지적이 많다. 정부는 올 들어 4차례 전월세 안정대책을 내놓았지만 효과가 거의 없었다는 것이 부동산 전문가들의 평가다. 동아일보와 부동산 정보업체인 부동산114가 7∼10일 대학의 부동산학과 교수 부동산 관련 전문연구원 대형 건설사 임원 전국 주요지역 부동산중개업소 관계자 등 전문가 60명을 대상으로 실시한 설문조사 결과 전세난에 대한 전문가들의 우려가 위험수위에 이른 것으로 나타났다. 하반기 임대시장 전망과 관련해 응답자의 절반이 넘는 51.7%는 “주택거래 부진으로 임대 수요가 증가하지만 공급 부족으로 전세난 가능성이 높을 것”이라고 답했다. 이어 응답자의 23.3%는 “주택시장이 임대 중심으로 바뀌는 구조적 현상 때문에 지속적인 전세난이 우려된다”고 말했다. 전세난이 “일부 주거 선호지역에서만 일어날 것”이라고 답한 사람은 13.3%였고 “시기에 따른 일시적 현상”이라는 진단은 3.3%에 그쳤다. 전문가들은 임대가격에 대해서도 ‘완만한 상승’ 71.7% 이나 ‘대폭 상승’ 20% 이라고 답해 10명 중 9명은 전세금 상승이 지속될 것으로 내다봤다. 부동산시장 활성화를 위한 대책으로는 ‘총부채상환비율 DTI 규제 완화’ 15.3% ‘거래 관련 세제혜택 대상 확대 및 추가 지원’ 13.0% 등 직접적인 금융지원을 주로 꼽았다.,https://news.naver.com/main/read.nhn?mode=LSD&mid=shm&sid1=260&oid=020&aid=0002250532,284
261204,2011.06.13. 오전 3:09,부동산,동아일보,지방 주택용지 판매 ‘쑥쑥’,동아일보 지방 분양시장이 활기를 찾으면서 토지 판매도 호조를 보이는 것으로 나타났다. 부동산정보 전문업체 리얼투데이가 한국토지주택공사 LH 의 토지판매실적 자료를 분석한 결과 올해 들어 5월 말까지 판매된 토지는 384만1000m²로 지난해 같은 기간 307만3000m² 보다 25% 증가했다. 지역별로는 수도권보다 지방에서 토지 구입이 활발했다. 수도권에서 62만8000m²가 판매된 반면 지방은 321만3000m²나 됐다. 단독주택지는 수도권 12만1000m² 보다 3배 가까이 많은 34만8000m²가 지방에서 판매됐다. 공동주택 용지 역시 수도권보다는 지방이 많았다. 5월까지 판매된 수도권 공동주택 용지는 6만8000m²로 지난해 같은 기간보다 37%가 떨어진 반면 지방은 129만8000m²가 판매돼 지난해보다 무려 963%가 치솟았다. 양지영 리얼투데이 팀장은 “수도권은 각종 부동산 투자 규제가 집중되면서 침체를 벗어나지 못하는 상황을 반영한 결과로 보인다”며 “그 대신 지방은 부산을 시작으로 대전 경남 등지에서 부동산 신규 분양물량이 쏟아져 나오고 청약 경쟁도 뜨거워지자 투자심리가 살아나고 있다”고 분석했다. 한편 단독주택지는 47만 m²로 지난해 43만4000m² 보다 8% 늘었는데 5월 한 달 동안에만 17만2000m²가 판매됐다. 이는 지난해 같은 기간 11만7000m² 에 비해 47% 증가한 수치다. 양 팀장은 이에 대해 “정부가 5·1부동산대책을 통해 택지지구 내 단독주택의 층수 제한을 완화하고 가구수 규제를 폐지키로 하자 기대감이 반영된 것으로 보인다”고 풀이했다.,https://news.naver.com/main/read.nhn?mode=LSD&mid=shm&sid1=260&oid=020&aid=0002250416,284
261205,2011.06.13. 오전 3:09,부동산,동아일보,분양 정보서울 ‘잠실 2단지 리센츠’ 단지내 상가 外,동아일보 서울 ‘잠실 2단지 리센츠’ 단지내 상가 서울 송파구 잠실동 아파트 ‘잠실 2단지 리센츠’의 단지 내 상가가 분양 중이다. 리센츠 아파트는 대우건설 삼성물산 건설부문 대림산업 우방이 시공했으며 총 5563채로 구성됐다. 총건축면적 3만9190m²이며 점포는 지하 1층∼지상 5층까지 총 159개다. 분양가는 1층 기준으로 3.3m²당 1800만∼8500만 원 선. 7월 입점 예정이다. 서울 지하철 2호선 신천역 7 8번 출구가 지하로 연결돼 있다. 02 421 8880 대명레저 홍천 ‘소노펠리체’ 회원권 대명레저산업은 강원 홍천군 서면 팔봉리 1290 14에 ‘소노펠리체’ 레지던스와 객실 회원권을 분양 중이다. 12만9144m² 대단위 면적에 총 504채가 들어서 있다. 레지던스는 전용면적 124.58∼145.17m² 테라스하우스 4채와 전용면적 196.29m² 펜트하우스 3채를 분양한다. 객실 회원권은 현재 400여 계좌가 남아 있다. 02 2222 5930 포천 ‘축구마을 스파빌리지’ 전원주택 축구마을은 경기 포천시 이동면 노곡리 1145 38에 ‘축구마을 스파빌리지’ 전원주택을 분양 중이다. 대지면적 290.11m² 전용면적 72.74m² 총 88채로 구성됐다. 분양가는 3.3m²당 800만 원 수준. 계약금과 중도금 50% 납입 시 등기이전해 준다. 스페인 프로축구 바르셀로나와 협력해 축구센터를 운영하는 ‘김희태 축구센터’와 인접해 있다. 031 536 6282 ‘용인 행정타운 두산위브’ 특별분양 두산중공업은 경기 용인시 처인구 삼가동 ‘용인 행정타운 두산위브’를 특별분양 중이다. 전용면적 84∼153m² 1293채 중 미분양분이 공급된다. 3.3m²당 분양가는 970∼1050만 원 선. 9월 개통 예정인 용인경전철 삼가역에서 도보 3분 거리. 입주 예정일은 2013년 11월이며 본보기집 모델하우스 은 분당선 죽전역 주변 죽전성당 옆에 있다. 1577 2883 용인 하갈동 ‘신안 인스빌’ 1003채 신안은 경기 용인시 기흥구 하갈동에서 아파트 ‘용인 하갈 청명호수마을 신안 인스빌’을 분양 중이다. 전체 1003채의 대단지에 전용면적 84.99m² 638채 122.79m² 365채로 구성됐다. 분양가는 3.3m²당 843만∼941만 원. 회사 측은 최대 2억5000만 원의 잔금 유예와 선납할인 34%를 적용해 준다. 즉시 입주할 수 있다. 1577 1311 서울 ‘돈암 이수브라운스톤2’ 특별분양 이수건설은 서울 성북구 돈암동 587 1 일대에 공급하는 ‘돈암 이수브라운스톤2’ 아파트회사 보유분을 특별 분양한다. 지하 3층 지상 17층 9개동에 총 421채가 들어선다. 전용면적 39 59 84m²이며 분양가는 3.3m²당 1300만 원 수준에 부가가치세 포함이다. 지하철 4호선 성신여대역과 약 800m 떨어져 있다.,https://news.naver.com/main/read.nhn?mode=LSD&mid=shm&sid1=260&oid=020&aid=0002250415,284
261206,2011.06.13. 오전 3:09,부동산,동아일보,광화문 일대 사무실이 빈다,동아일보 서울 광화문 일대 대형 빌딩은 빈 사무실이 느는 반면 강남과 여의도 지역 대형 빌딩은 공실률이 낮아지고 있다. 한국감정원에 따르면 올해 1분기 1∼3월 서울 광화문 일대 중심상업지구의 20층 이상 대형 빌딩 공실률은 8.5%로 지난해 평균 공실률 7.6% 보다 1%포인트 가까이 늘었다. 반면 강남지역과 여의도는 각각 4%대와 2%대로 자연공실률 시장이 안정된 상태일 때 발생하는 공실률 로 인정되는 5%를 밑돌았다. 광화문 지역의 공실률이 높아진 이유는 최근 신규 대형 빌딩이 지속적으로 공급되고 있기 때문이다. 올해 상반기에만 중구 ‘농협중앙회 신관’ ‘스테이트 남산’ ‘을지로 미래에셋’ 서대문 ‘웨스트게이트타워’ ‘KT G 서대문타워’ 등 20층 이상 대형 빌딩이 들어섰고 하반기에도 중구에 ‘시그니쳐타워’ ‘YG타워’ 등이 공급될 예정이다. 반면 수요는 줄었다. 본사를 옮기는 기업과 공공기관의 지방이전 계획도 광화문 일대 대형 빌딩 시장에 영향을 미쳤다. 비싼 임대료도 한몫했다. 씨비리차드엘리스 CBRE 코리아에 따르면 광화문 대형 빌딩의 월평균 임대료는 3.3m²당 8만7000원대로 강남 7만5000원대 이나 여의도 6만1000원대 보다 비싸다. 강남과 여의도 일대는 수요는 늘었는데 공급은 부족한 것이 공실률 하락의 원인이다. 강남은 2008년 이후 외국계 회사가 꾸준히 유입돼 왔다. 여의도 일대 역시 고급 대형 빌딩에 대한 선호도가 높은 금융 및 투자 회사의 점유율이 50%를 육박하고 있다. 수요가 지속적으로 늘어나는 추세라는 의미다. 윤여신 CBRE코리아 이사는 “2015년까지 광화문 일대에 10개 이상의 대형 빌딩이 들어설 예정으로 당분간 이 같은 상황이 지속될 것이다”라고 예상했다. 다만 “올 하반기에는 사옥을 재건축하는 기업이 늘고 있어 대형 빌딩 수요가 발생해 하락폭은 크지 않을 것이다”라고 내다봤다.,https://news.naver.com/main/read.nhn?mode=LSD&mid=shm&sid1=260&oid=020&aid=0002250414,284
261207,2011.06.13. 오전 3:09,부동산,동아일보,아파트 미리보기롯데건설 ‘교하신도시 롯데캐슬’,동아일보 ‘공원을 내 집 정원처럼.’ 롯데건설이 경기 파주시 교하신도시 운정지구에 지을 아파트 ‘교하신도시 롯데캐슬’의 특징을 요약한 말이다. 10일 본보기집 모델하우스 을 열고 분양을 시작한 이 아파트는 단지 남쪽이 가온 호수공원과 접하고 있다. 72만7000m²의 가온 호수공원은 일산 호수공원의 70% 크기. 롯데건설은 “공원 경치를 안방에서 누릴 수 있을 뿐 아니라 단지 출입구를 나서면 공원을 바로 이용할 수 있다”고 자랑했다. 공원과 연결된 아파트 단지는 숲을 방불케 한다는 게 회사 측 주장이다. 주차장을 대부분 지하에 배치해 조경면적이 전체 용지의 절반에 달한다. 피톤치드 나무 등에서 나오는 항균성 물질 를 마시며 휴식을 취할 수 있도록 편백나무 동산과 숲속 놀이터 등으로 구성한 단지 내 테마공원을 비롯해 친환경적인 공간이 많다. 자작나무숲길 메타세쿼이아길 단풍나무길 억새밭길 등 숲과 나무 사이로 1.1km의 산책로와 약 700m에 달하는 자전거도로도 조성할 예정이다. 다양한 주민공동시설은 이 아파트의 또 다른 자랑거리. GX룸이 달린 피트니스센터와 16개 타석의 실내골프연습장 스크린골프 탁구장 사우나시설 등이 갖춰져 있고 도서관 및 100석의 독서실이 들어선다. 이곳은 실내 복합놀이공간과 휴식공간을 결합한 ‘캐슬 맘 키즈 카페’가 처음 적용되는 단지이기도 하다. 영·유아와 부모를 위한 커뮤니티 특화 공간인 키즈 카페는 실내 테마놀이터 파티룸 동화구연실 등으로 구성돼 있다. 이 밖에 돌잔치를 비롯한 가족행사를 열 수 있는 연회장과 게스트하우스 무선인터넷이 가능한 사무공간도 있다. 아파트 단지 가까이에는 일산신도시와 교하지구 파주LCD단지 등이 위치해 있다. 인근에 통일동산 헤이리 예술마을 영어마을 첼시 프리미엄아웃렛 등이 있으며 신도시 내에 이마트와 롯데 명품아웃렛도 들어설 예정이다. 경의선 운정역 인근이라 교통도 편리하다. 제2자유로 김포관산도로 경의선 복선전철화 및 서울∼일산∼교하신도시∼문산 간 고속도로 등이 계획돼 있어 서울과의 접근성이 꾸준히 나아지고 있다. ‘교하신도시 롯데캐슬’은 전용면적 기준 59∼126m² 1880채의 대단지 아파트이다. 입주는 2014년 11월로 예정돼 있다. 분양가는 3.3m²당 1100만 원대. 본보기집 모델하우스 은 지하철 3호선 마두역 4번 출구 근처 뉴코아 사거리에 있다.,https://news.naver.com/main/read.nhn?mode=LSD&mid=shm&sid1=260&oid=020&aid=0002250413,284
261208,2011.06.13. 오전 3:08,부동산,동아일보,매매 시황재건축 가격 떨어진 서울 강동구 낙폭 가장 커,동아일보 12일 부동산정보업체 부동산114에 따르면 지난주 아파트 매매시장은 서울 ―0.02% 수도권 ―0.01% 이 소폭 내렸다. 신도시는 변화가 없다. 서울 강동 ―0.14% 금천 ―0.04% 강서 양천 이상 ―0.03% 강남 노원 송파 이상 ―0.02% 등이 하락했다. 강동의 하락세는 재건축 아파트 가격 하락이 주요 원인이다. 신도시는 중동 ―0.02% 이 내렸고 나머지 지역은 보합세다. 수도권은 과천 ―0.13% 양주 인천 이상 ―0.03% 광명 용인 파주 이상 ―0.02% 가 떨어졌다. 인천은 5월과 하반기 새 아파트 입주가 많은 남동구 서구 주변 아파트 매매가격이 내렸다. 부산 0.13% 은 비수기와 가격 상승에 대한 부담감으로 상승폭이 줄었다. 영도 0.38% 사상 0.36% 서구 0.25% 남구 0.21% 는 상대적으로 상승세가 컸다.,https://news.naver.com/main/read.nhn?mode=LSD&mid=shm&sid1=260&oid=020&aid=0002250410,284
261209,2011.06.13. 오전 3:08,부동산,동아일보,부동산 캘린더부산 ‘명륜아이파크’ 16일부터 청약접수,동아일보 부동산정보업체 부동산써브에 따르면 이번 주 분양시장에서는 청약접수 10곳 당첨자 발표 15곳 당첨자 계약 8곳 모델하우스 개관 6곳 등이 예정돼 있다. 13일에는 서울시 산하 SH공사가 서울 강남구 세곡지구 5단지와 우면2지구 4단지 분양 물량에 대한 특별공급 청약 일정을 진행한다. 원래 임대 혹은 장기전세로 공급할 계획되었으나 분양으로 전환한 것이다. 세곡지구 5단지는 전용면적 114m² 132채 중 123채 우면2지구 4단지는 전용 114m² 3채가 일반 분양 대상이다. 15일에는 금호건설이 경기 안양시 호계동 동양아파트를 재건축해 공급하는 ‘호계동 어울림’의 청약 접수가 있다. 전용 59∼84m² 총 136채 중 40채가 일반분양 대상. 입주는 2011년 11월 예정이다. 16일에는 현대산업개발이 부산 동래구 명륜동 190 일대 명륜3구역을 재개발해 공급하는 ‘명륜아이파크’의 청약 접수가 실시된다. 전용 62∼151m² 총 1409채 중 일반분양은 1041채. 17일에는 GS건설이 서울 마포구 하중동에 짓는 ‘한강 밤섬자이’와 한신공영이 부산 해운대구 우동 860 일대에 공급하는 ‘해운대 한신휴플러스’ 주상복합 아파트의 본보기집 모델하우스 개관이 예정돼 있다.,https://news.naver.com/main/read.nhn?mode=LSD&mid=shm&sid1=260&oid=020&aid=0002250406,284
261210,2011.06.13. 오전 3:08,부동산,동아일보,올가을 ‘전세 구하기’ 또 어려워진다는데…,동아일보 올가을에도 전세난이 예고되고 있다. 장기화되는 부동산 시장 침체로 투자심리가 위축되면서 집을 사지 않고 임대시장에 머무는 실수요자가 줄지 않고 있다. 서울 강남 서초 송파구 등지에서는 재건축 사업이 본격화되면서 이전 수요까지 집중될 것으로 예상돼 전세 수급 불안은 더욱 심해질 것으로 우려된다. 한국은행이 10일 기준금리를 0.25%포인트 올린 것도 악재다. 집주인들이 월세나 전세 가격을 조만간 인상할 가능성이 높아진 탓이다. 이에 따라 정부도 본격적인 가을 이사철이 오기 전에 대응책을 마련하겠다는 방침을 세웠지만 뾰족한 방법은 없어 보인다. 따라서 전세 실수요자라면 평소보다는 조금 더 서두를 필요가 있다. ○ 새로 입주하는 아파트를 노려라 부담을 최소화하면서 전셋집을 고르려면 새로 입주할 물량이 많은 지역을 눈여겨보자. 새 아파트뿐만 아니라 주변에 위치한 기존 아파트도 전세 물건으로 나오기 때문에 상대적으로 공급에 여유가 있다. 지역 상황에 따라서는 일시적으로 전세금이 낮춰질 가능성도 크다. 새 아파트여서 내부를 새로 꾸미거나 보수하는 불편함도 작다. 다만 이런 아파트들은 2년 뒤 계약이 끝날 때쯤 주변 시세에 전세금이 맞춰지기 때문에 부담이 급증할 수 있다는 점을 염두에 둬야 한다. 올해 하반기 인천과 경기 수원 김포시 등지에서 새 아파트가 대규모로 쏟아져 나올 것으로 기대된다. ○ 전세계약 2년차 아파트를 노려라 일반적으로 전세는 2년 단위로 계약된다. 또 아파트는 대부분 준공 직후 전세계약이 활발하게 이뤄지기 때문에 한꺼번에 공급물량으로 쏟아져 나온다. 이런 특성을 이해하면서 해당 조건에 맞는 아파트를 찾는 것도 부담을 줄이는 방법이다. 전세물량이 특정 시점에 집중되면 전세물량 확보가 상대적으로 쉬운 데다 가격도 약세를 보일 것으로 기대할 수 있기 때문이다. 성남시 판교동과 남양주시 광명시 등 서울과 인접한 경기 지역에는 입주 2년차 단지가 많다. 특히 판교신도시에서는 1만 채 이상의 아파트가 순차적으로 입주 2년차를 맞는 만큼 관심을 가져볼 만하다. ○ 연립·빌라·재건축아파트는 값이 저렴하다 가격 부담을 고려할 때 내 집이 아니라면 아파트만 고집할 필요가 없다. 연립이나 빌라 다가구 등은 같은 지역이라도 값이 상대적으로 싸다. 1 2인 가구이거나 신혼부부라면 주거용 오피스텔도 고려해 볼 만하다. 일반적으로 지하철 역세권이나 대중교통이 가까운 곳에 있다 하더라도 오피스텔은 아파트에 비해서 전세금이 낮게 책정된다. 모든 조건을 무시하고 가격만 고려한다면 현재 재건축 추진 중이거나 재건축 가능성이 높은 아파트도 주목할 필요가 있다. 오래된 아파트여서 주거환경이나 실내구조가 불편하겠지만 가격 경쟁력은 단연 으뜸이다. 다만 재건축 이주나 철거 기간이 얼마 남았는지를 반드시 확인해야 한다.,https://news.naver.com/main/read.nhn?mode=LSD&mid=shm&sid1=260&oid=020&aid=0002250404,284
261211,2011.06.13. 오전 3:08,부동산,동아일보,부동산 경기 설설 기다 보니… 수도권 주민 41%“소비심리 위축” 32%“지출 줄였다”,동아일보 수도권 주민 10명 중 7명은 부동산 경기 침체로 소비에 타격을 받은 것으로 조사됐다. 주택 보유자는 집값이 오르지 않아서 무주택자는 전·월세 가격이 급등해서 쉽게 지갑을 열지 못하는 것이다. 12일 대한상공회의소가 수도권 주민 1015명을 대상으로 부동산 경기 부진과 전·월세 가격 상승에 대한 의견을 조사한 결과 ‘소비심리가 위축됐다’는 응답자가 41.3% ‘실제로 지출을 줄였다’는 응답자가 32.3%였다. 실제로 지출을 줄였다는 이는 무주택자 42.8% 가 주택 보유자 21.7% 의 2배에 달했다. 가구주의 연령대별로는 30대 43.3% 와 40대 44.7% 에서 소비를 줄인 비율이 높았다. 수도권 주민이 집 문제로 겪는 최대 고민은 ‘전·월세가 상승에 따른 보증금 인상과 원치 않는 이사’ 55.6% 였다. 거래 부진으로 인한 주택 매도 차질 20% 대출 상환부담 증가나 대출 곤란 16.3% 도 걱정거리였다. 부동산 정책의 우선 목표로는 주택수급 안정화 46.8% 를 꼽는 사람이 가장 많았고 주택거래 활성화 25.1% 와 투기수요 차단 18% 에 대한 요구도 높았다. 부동산 시장을 활성화하기 위한 대책으로는 세금 등 부동산 관련 부담을 완화해야 한다는 의견 44.6% 이 가장 많았다.,https://news.naver.com/main/read.nhn?mode=LSD&mid=shm&sid1=260&oid=020&aid=0002250397,284
261212,2011.06.13. 오전 3:07,부동산,동아일보,“하반기 임대료 오를 것” 91%… 본보부동산 114 부동산전문가 60명 설문,동아일보 《 1일 취임한 권도엽 국토해양부 장관은 9일 오전 9시부터 낮 12시까지 서울 관악구 봉천동과 신림동의 저소득층 밀집주거지역과 부동산 중개업소 등을 찾아다녔다. 대형 국책사업 현장을 먼저 둘러보는 국토부 신임 수장 首長 으로서는 다소 이례적인 행보였다. 본격적인 가을 이사철을 앞두고 전세난에 대한 정부의 우려가 크다는 점을 보여준 사례다. 동아일보가 부동산114와 공동으로 실시한 전문가 대상 설문조사 결과에서도 정부의 우려와 크게 다르지 않았다. 전문가들은 올 하반기 전세난 재연 가능성이 높고 전셋값도 상승할 것으로 내다본 것이다. 》 이들은 “부동산 활성화를 통해 전세 수요를 매매로 바꿈으로써 전세시장을 안정시킬 수 있다”고 보고 △금리 완화 △총부채상환비율 DTI 규제 완화 △거래 관련 세제 혜택 등을 제안했다. 보금자리주택을 포함한 정부 대책이 전반적으로 미흡하다는 평가가 나왔지만 정부는 현 정책을 대부분 고수할 방침이다. ○ “팔려고도 사려고도 안해” 설문조사에서 전문가들은 하반기에 전세난이 재연될 가능성이 높다고 보면서 공급 부족 51.7% 주택시장의 구조 변화 23.3% 등 구조적인 측면에서 전세난의 원인을 찾았다. 특히 부동산학과 교수진은 응답자의 90%가 “전세난은 일시적 국지적 문제가 아닌 구조적인 문제”라고 평가했다. 또 부동산 관련 연구원과 부동산정보업체 관계자들도 응답자의 80%가 이런 지적에 동의했다. 응답자들은 전세난이 지속적으로 반복될 개연성에 대해서도 우려를 표명했다. 서정렬 영산대 부동산금융학과 교수는 “집값 상승에 대한 기대감이 꺼지면서 집을 가지고 있는 사람은 팔려고 하지 않고 집이 없는 사람은 사지 않으려는 현상이 고착화되고 있다”며 “앞으로는 봄철 학군 수요 등 특정 시기 장소에 따른 전세난이 아니라 수요 공급의 불균형으로 전세난이 지속되고 확산될 가능성이 높아졌다”고 말했다. ○ 부동산 대책 전반적으로 미흡 정부는 올해 상반기에만 모두 4차례에 걸쳐 부동산 대책을 내놓았다. 그런데 이런 대책에 대한 전문가들의 평가는 부정적이었다. 대책의 구성과 내용이 적절했는지를 묻는 질문에 “‘매우 그렇지 않다’ 5.2% 거나 ‘그렇지 않다’ 48.3% ”고 부정적으로 답한 것이다. 반면 “그렇다”는 긍정적인 답변은 3.4%에 그쳤다. 시기적으로 적절했는지를 묻는 항목에서도 긍정적인 응답은 13.8%였지만 부정적인 응답은 51.7%에 이르렀다. 후속조치가 빠르게 진행됐는지를 묻는 항목에는 67.2%가 “미흡하다”고 했고 부동산 정책의 시장 활성화 효과에 대해서는 부정적인 응답이 77.6%나 됐다. 정부가 핵심사업으로 추진해온 보금자리주택 사업에 대해서도 긍정적인 평가 41.7% 보다 부정적인 평가 45.0% 가 약간 많았다. 김현아 건설산업연구원 연구위원은 “정책을 찔끔찔끔 내놓은 것이 문제”라고 했다. 시장의 반발을 우려해 다양한 정책을 쏟아냈고 내용이 많다 보니 오히려 시장에 방향성을 제시하지 못했다는 것이다. 이에 따라 업계는 업계대로 학계는 학계대로 정부 정책을 부정적으로 평가하게 됐다는 설명이다. 김 연구위원은 “제대로 된 홍보가 부족한 것도 원인이었다”고 말했다. 보금자리도 분양만 있는 것이 아니라 임대와 관련된 부분도 있는데 그에 대해서 홍보가 부족했다는 분석이다. ○ 부동산 저점 통과로 투자심리 회복 전문가들은 올 하반기 부동산 경기 전망을 묻는 질문에 “높은 성장세는 아니지만 다소 회복할 것” 43.3% 이라고 답한 사람이 가장 많았다. “변동 없이 보합세가 유지될 것”이라는 답변은 36.7%였고 △완만한 하락세 18.3% △높은 상승세 1.7% 등이 그 뒤를 이었다. ‘다소 회복’이란 의견을 낸 전문가들은 △부동산시장 저점 통과 인식에 따른 투자심리 회복 △전세금의 지속적 상승 △2008년 이후 공급물량 감소 가격의 완만한 조정 과정이 계속되면서 회복세로 전환될 국면에 도달 △내년 총선과 대선 영향 등을 이유로 꼽았다. 이에 반해 ‘보합’ 또는 ‘완만한 하락’ 의견의 이유로는 △금리 인상 물가 상승 등으로 가계 부채 부담 증폭 △수도권 미분양 증가 및 보금자리주택 공급 부동산 정책 규제 추가 완화 등의 변동성 △위례신도시 공급 기대감에 따른 주택거래 위축 등이 거론됐다. 한편 내 집 마련 시기와 관련해 응답자의 58.3%는 ‘올해 하반기가 좋다’고 내다봤고 이어 ‘2012년 상반기’ 16.7% 가 뒤를 이었다. ‘알 수 없다’는 답변도 11.7%나 됐다. 김규정 부동산114 리서치센터 본부장은 “주택 구입에 따른 투자 효과에 확신을 갖지 못하는 시장 분위기를 반영한 것으로 보인다”고 설명했다.,https://news.naver.com/main/read.nhn?mode=LSD&mid=shm&sid1=260&oid=020&aid=0002250383,284
261213,2011.06.13. 오전 12:33,부동산,강원일보,전세대란···1년새 전셋값 최고 4천만원 폭등,긴급진단 전세대란 1 가격 ↑ 물량 ↓ 일부 아파트 매매가 대비 전세가 비율 90% 육박 도내 전셋값 53주 연속·춘천은 115주째 오름세 도내 주택시장이 전세대란으로 몸살을 앓고 있다. 춘천 원주 강릉 등 도내 주요 도시에 고속도로가 뚫리고 철도 복선화 등이 추진되며 수요가 급격히 몰리고 있지만 미분양 물량은 감소하고 신규공급은 이뤄지지 않고 있기 때문이다. 더 큰 문제는 당장 마땅한 대책이나 돌파구를 찾기 어렵다는 데 있다. 특히 여름철 전셋값 상승과 전세난 요인이 남아 있는 상황에서 최근 한국은행이 기준금리를 0.25% 인상하는 등 외부 요인까지 겹쳐 하반기 전세난이 더욱 확산될 것으로 우려되고 있다. 도내 전세대란의 현황 원인과 대책 향후 전망 등을 3회에 걸쳐 점검한다. 전세물건 없어 매매로 유턴 7월 결혼을 앞두고 신혼집을 찾던 이모 33·춘천시 퇴계동 씨는 전세물건이 없어 최근 전용면적 60㎡ 아파트를 1억6 000만원에 샀다. 이씨는 “전세로 나온 물량을 도저히 찾을 수 없었다. 생활정보지의 전세물량도 막상 찾아가면 이미 다른 사람이 계약했고 남은 것은 매매물건뿐이었다”며 “79.33㎡짜리를 1억6 000만원에 구입하며 대출을 1억원 이상 받았는데 금리까지 올랐으니 앞으로 원금과 이자 갚을 것을 생각하면 막막하다”고 한숨을 지었다. 전세 자체가 나오지 않고 있고 운 좋게 전세물건을 찾아도 전셋값이 같은 크기 일부 아파트의 매매가를 넘어서는 현상이 벌어지고 있는 것이다. 실제로 부동산정보전문업체 리얼투데이에 따르면 도내 매매가 대비 전세가 평균 비율은 64%이지만 춘천 원주 강릉의 주요 아파트는 매매가의 80%까지 육박했다. 최근 2년 새 고속도로와 전철이 놓인 춘천은 1년새 전셋값이 3 000만 4 000만원이나 뛰며 도내 전셋값 폭등을 부채질하고 있다. 원주와 강릉 역시 지난해 5월 이후부터 꾸준히 전셋값이 상승하고 있다. 부동산114 임병철 과장은 “각종 SOC 사업과 교통망 개선으로 실수요는 물론 투자자들이 몰리며 전셋값 상승 및 전세난이 지속되고 있다”고 말했다. 전셋값 53주간 떨어지지 않아 12일 국민은행의 부동산 통계를 분석한 결과 도내 전셋값은 지난해 5월17일 이후 상승세와 보합을 유지하며 53주간 떨어지지 않고 있다. 춘천은 2009년 3월 이후 115주간이나 전셋값이 하락하지 않았다. 원주는 32주 강릉은 지난 5월 말까지 50주째 상승 및 보합세를 이어갔다. 신규물량 공급이 더디게 진행되고 있기 때문이다. 국토해양부에 따르면 도내 미분양 주택물량은 지난달 124세대 줄어들며 29개월 연속 감소세를 보였다. 전셋값 상승세의 중심에 있는 춘천의 미분양 물량은 단 2세대에 불과하고 이마저도 85㎡ 이상의 대형뿐이다. 또 속초 삼척 홍천 영월 정선 양구 인제 등의 미분양 물량은 0 이다. 이 같은 영향으로 전세자금 대출보증 금액도 최고치를 갈아치우고 있다. 한국주택금융공사는 지난 5월 한달 간 도내 전세자금보증 공급액은 총 67억2 000만원으로 지난해 같은 기간 42억4 500만원에 비해 24억7 500만원 37% 이 늘어났다고 밝혔다. 원주희 한국공인중개사협회 도지부장은 올해 도에 공급되는 신규 주택 공급량은 1 300여가구 내년에는 1 000가구 등 수요에 비해 공급이 턱없이 부족해 전세난은 당분간 불가피 할 전망 이라고 예상했다.,https://news.naver.com/main/read.nhn?mode=LSD&mid=shm&sid1=260&oid=087&aid=0000323617,284
261214,2011.06.13. 오전 12:33,부동산,강원일보,춘천 집값 상승속도 전국보다 3배 빠르다,지난주 대비 0.7%↑ 28주째 상승세 … 전국 평균은 0.2%↑ 전세가격도 춘천 0.4%·원주·강릉 0.2% 등 오름세 지속 춘천의 아파트 매매가 상승률이 28주간 연속 오름세를 보이는 등 도내 매매가 상승세가 계속되고 있다. 12일 국민은행의 아파트 매매가 및 전세가 주간동향 에 따르면 지난 6일 기준 도내 매매가는 전주보다 0.3% 올랐다. 이는 전월 대비 2% 지난해 말 대비 6.8% 상승한 것으로 전국 평균 매매가 상승률 0.2%를 웃도는 것이다. 주요 도시별로는 춘천이 전주 대비 0.7% 오르면서 지난해 11월22일 이후 28주째 상승세를 이어갔다. 춘천의 상승률은 광주 동구 1.3% 광주 남구 1.1% 울산 울주 1.0% 전남 목포 0.9% 대전 유성구 0.9% 등 기초자치단체 가운데 상위 수준이다. 또 춘천의 매매가는 전월 대비 4.2% 지난해 말 대비 14.2%나 올랐다. 원주는 보합세를 유지했으며 강릉은 전주 대비 0.2% 상승했다. 전세가 역시 상승세를 이어갔다. 지난 6일 기준 전세가는 춘천 0.4% 원주 0.2% 강릉 0.2% 등 도내 주요 도시 대부분 지역에서 상승했다. 도 전체 평균은 0.3% 상승해 전국 평균 0.2%보다 높았다. 특히 춘천은 지난해 말과 비교해 16.5%나 상승한 것으로 나타났다. 한국공인중개사협회 박미자 춘천시지회장은 “춘천은 경춘선 복선전철 개통 전후로 수도권과의 접근성 개선효과를 기대하는 수요가 급격히 몰리는 가운데 신규 공급이 없어 물량이 부족한 매매와 전세시장 모두 상승세가 이어지고 있다”며 “앞으로 신규 공급이 이뤄지기까지는 다소 시일이 걸릴 것으로 예상됨에 따라 상승세는 꺾이지 않을 것으로 예상된다”고 말했다.,https://news.naver.com/main/read.nhn?mode=LSD&mid=shm&sid1=260&oid=087&aid=0000323610,284
261215,2011.06.14. 오후 11:16,부동산,헤럴드POP,소형은 노원 중형은 송파 대형은 강남 초대형은 서초에 밀집,서울 25개 자치구중 10 20평형대 소형아파트는 노원구에 집중됐고 30 40평형대 중형아파트는 송파구에 많이 몰려 있는 것으로 나타났다. 또한 50평형대 대형은 강남구 60평형대 이상 초대형은 서초구에 밀집돼 있는 것으로 조사됐다. 15일 부동산정보업체 닥터아파트 www.DrApt.com 가 서울시 25개구의 주택형별 가구수를 분석해본 결과 99㎡이하 10 20형대 는 노원구 100 165㎡ 30 40형대 는 송파구 166 195㎡ 50형대 는 강남구 196㎡이상 60형대 이상 은 서초구가 가장 많은 것으로 조사됐다. 6월 14일 현재 서울시 소재 65㎡이하 10형대 초소형아파트는 총 11만2천3백13가구로 이중 24.4%가 노원구 2만7천3백67가구 에 집중돼 있는 것으로 나타났다. 이어 강남구가 1만8천3백11가구 강동구 1만2천2백58가구 송파구 1만1천6백79가구 등의 순으로 뒤를 이었다. 66 99㎡ 20형대 소형아파트 역시 노원구가 가장 많았다. 서울시 전체 소형아파트 37만3천5백44가구 의 15.9% 5만9천4백41가구 가 노원구에 분포해 있다. 그 뒤로는 양천구 2만7천1백39가구 구로구 2만3천3백13가구 도봉구 2만7백19가구 등이 따랐다. 실수요자들의 관심이 가장 높은 100 132㎡ 30형대 중소형아파트는 강남권에 많이 분포돼 있는 모습을 보였다. 송파구가 4만7천8백3가구로 가장 많았고 강남구 3만8천8백8가구 가 뒤를 이었다. 3번째로 많은 비중을 보인 노원구 3만7천3백17가구 는 초소형아파트에 이어 중형아파트에서도 높은 분포도를 나타냈다. 133 165㎡ 40형대 중대형아파트 역시 송파구 1만6천1백35가구 가 제일 많은 것으로 나타났고 강남구 1만4천5백2가구 서초구 1만1천2백84가구 성북구 8천9백92가구 등이 뒤를 이었다. 한편 166 195㎡ 50형대 대형아파트 및 196㎡ 이상 60형대 이상 초대형아파트는 강남ㆍ서초ㆍ송파구 등 강남3구가 차지하는 비중이 매우 컸다. 166 195㎡ 대형아파트의 경우 강남구가 9천7백14가구로 가장 많았고 서초구가 7천2백20가구 송파구가 6천4백가구인 것으로 조사됐다. 강남권 외 지역에서는 영등포구가 3천96가구로 4번째로 많은 물량을 보였다. 196㎡ 이상 초대형아파트도 순위만 바뀌었을 뿐 대형아파트와 비슷한 모습이다. 서초구가 6천6백6가구 강남구 5천8백69가구 송파구 2천3백5가구로 상위권에 올랐고 용산구 1천8백80가구 영등포구 1천5백40가구 양천구 1천4백48가구 등이 뒤를 이었다. 닥터아파트 이영진 리서치연구소장은 “노원구는 20형대 이하 비중이 노원구 전체 아파트의 92.9%로 높아 신혼부부나 강남권에 비해 가격이 상대적으로 저렴한 집을 찾는 수요자들이 관심을 가질 만한 반면 자금여력이 있는 수요자라면 30 40형대 아파트가 폭넓게 분포해 있고 수요층이 두터운 강남권에 관심을 가질 만하다”고 조언했다.,https://news.naver.com/main/read.nhn?mode=LSD&mid=shm&sid1=260&oid=112&aid=0002203025,284
261216,2011.06.14. 오후 11:15,부동산,헤럴드POP,건설공제조합 2020년 종합 건설금융기관으로 도약,건설공제조합 이사장 송용찬ㆍ사진 이 오는 2020년 종합 건설 금융기관으로 도약한다. 이를 위해 공제조합은 14일 오전 운영위원회를 개최해 중장기 발전방안인 ‘2020 경영전략’을 추진키로 했다. 조합의 ‘2020 경영전략’은 향후 10년간 조합을 둘러싼 경영환경변화에 대응하고 국내 최고의 건설보증기관으로서 경쟁력과 신성장 동력을 확보하기 위한 발전방안이다. 특히 ‘건설산업의 미래를 선도하는 최고의 종합건설금융기관 The First Best CG 2020 ’이라는 새로운 비전하에 2020년 건설산업에 필요한 토탈 금융서비스를 제공하는 종합 건설금융기관으로 도약을 목표로 ‘4개 전략테마 12개 전략과제’를 선정ㆍ추진하기로 했다. 또한 4대 전략테마는 조합 본업인 보증ㆍ공제 기능을 강화하기 위한 ‘핵심사업 경쟁력 강화’ 안정적 수익원 창출과 조합원에 대한 금융지원 확대를 위한 ‘신성장동력 확보’ 그리고 무한경쟁체제에서 지속적인 경쟁력과 대외 공신력 확보를 위한 ‘BEST경영체제 구축’ 및 ‘조합브랜드 강화’로 구성돼 있다. 특히 신성장동력 확보를 위한 사업다각화는 향후 실행가능한 신규진출사업 풀 pool 을 선별하고 관계법령 및 사업성 등을 고려해 운영위원회의 의결 후 추진키로 했다. 송 이사장은 “2020 경영전략 추진으로 조합원에 대한 서비스분야를 보증을 비롯한 제반 금융분야로 확대할 것”이라며 “총보증실적 65조원 고객만족도 95% 보증시장 점유율 1위를 목표를 달성할 방침”이라고 말했다.,https://news.naver.com/main/read.nhn?mode=LSD&mid=shm&sid1=260&oid=112&aid=0002203024,284
261217,2011.06.14. 오후 11:07,부동산,한국경제,부산 민락동 더샵 센텀포레,포스코건설은 부산 민락동에 짓는 더샵 센텀포레 의 청약을 29일부터 내달 1일까지 받는다. 12개동 1006가구 규모로 전용 59 154㎡로 구성됐다. 일반분양분은 705가구다. 전용 85㎡ 이하 중소형이 전체의 74.2%를 차지한다. 분양가는 공급면적 기준 3.3㎡당 평균 1000만원 이하로 정해질 전망이다. 모델하우스는 우동 글로리콘도 뒤편에 있다.,https://news.naver.com/main/read.nhn?mode=LSD&mid=shm&sid1=260&oid=015&aid=0002479841,284
261218,2011.06.14. 오후 10:52,부동산,연합뉴스,美 최고가 주택 英 재벌 상속녀에 매각,홈비힐스 스펠링 장원 포뮬러원 재벌가에 뉴욕 연합뉴스 김현재 특파원 미국에서 가장 비싼집으로 꼽히는 LA 홈비힐스의 이른바 스펠링 장원 The Monor 이 새 주인을 만나 곧 매각될 예정다. 유명한 TV 프로듀서였던 고 아론 스펠링이 지은 약 5천700평에 달하는 이 대저택은 국제 자동차경주대회인 포뮬러 원 회장이자 영국의 억만장자인 버니 에클레스턴의 22세된 상속녀 페트라 에클레스턴에게 팔렸다고 월스트리트저널 WSJ 이 14일 보도했다. 페트라는 오는 8월 영국 기업인인 제임스 스턴트와 결혼한 뒤 런던과 이 곳에서 1년의 절반씩을 보낼 예정이라고 한다. 1억5천만달러 한화 1천700억원 상당 에 매물로 나온 이 집이 얼마에 팔렸는지는 공개되지 않았다. 그러나 2년여전 매물로 나온 이집은 최근 부동산 경기 침체에도 불구하고 장부가격에 변동이 없었다고 WSJ는 전했다. 미녀 삼총사 비벌리 힐즈의 아이들 스타스키 앤 허치 사랑의 유람선 등을 연출한 고 스펠링 감독이 1991년 프랑스 궁궐을 본떠 건축한 W자형의 이 집은 영화 바람과 함께 사라지다 에서 영감을 얻은 고풍스런 계단과 찰스 왕세자가 묵었던 침실 등으로 유명하다. 또 침실만 20여개에 달하고 서재 영화관 볼링장 인형의 방 선물 포장실 포도주 저장고 등을 포함한 각종 방은 120여개에 달한다. 현재 주인인 스펠링의 미망인 캔디 조차도 방 수가 정확히 몇개인지 모를 정도다. 아울러 집 앞에는 18세기식 프랑스풍 정원에다 수영장과 테니스장 분수 폭포 스파 등이 꾸며져 있다. 주차장은 100대가 동시 주차할 수 있다. 저택 주변에는 유명한 플레이보이 맨션과 LA 컨트리클럽이 자리잡고 있다. 지금까지 미국에서 거래된 단일주택 최고가는 지난 4월 러시아 억만장자 유리 밀러가 미국 캘리포니아주 실리콘 밸리 저택을 1억달러에 매입한 것이 최고 기록이다.,https://news.naver.com/main/read.nhn?mode=LSD&mid=shm&sid1=260&oid=001&aid=0005112921,284
261219,2011.06.14. 오후 10:15,부동산,파이낸셜뉴스,경제·조세·교통·선거범죄 등 양형기준 2013년까지 마련,선거 교통 금융·경제 지식재산권 폭력 공갈 방화 조세 범죄 등 8개 범죄군의 양형기준이 오는 2013년까지 마련된다. 14일 대법원에 따르면 지난 4월 출범한 3기 양형위원회 위원장 이기수 는 이날 전체회의를 열고 앞으로 2년간 검토할 대상 범죄군을 의결했다. 선거범죄는 국민적 관심도가 높고 당선 유·무효에 관한 기준 설정이 매우 중요하다는 점에서 교통범죄는 사건발생 빈도가 높고 국민 생활과 밀접하다는 이유로 금융·경제 범죄는 경제 고도화에 따라 국민적 관심과 중요성이 증가했다는 이유에서 양형기준 대상범죄로 결정됐다. 양형위측은 “국민적 관심도와 범죄 발생 빈도 1·2기 양형기준 설정 범죄와의 관련성 등을 고려해 대상범죄를 결정했다”면서 “비슷한 사안에서 불합리한 양형편차를 해소할 수 있고 구체적 사안에 적확한 양형기준을 마련하도록 하겠다”고 밝혔다. 양형위는 앞으로 전문위원 회의 소위원회 회의 등을 통해 개별 범죄마다 세부유형을 나누고 종전 양형자료 등의 분석에 착수할 계획이다. 고무줄 양형 시비를 불식시키기 위해 도입된 양형기준제에 따라 2007년 4월 출범한 1기 양형위는 성범죄 살인 뇌물 강도 횡령 배임 위증 무고 등 8개 범죄에 대한 양형기준을 마련해 2009년 7월부터 시행 중이다.이어 2기 양형위는 절도 사기 식품·보건 약취·유인 공문서 위조 사문서위조 마약 공무집행방해 등 8개 범죄에 대한 양형기준을 확정했으며 오는 7월부터 시행된다.,https://news.naver.com/main/read.nhn?mode=LSD&mid=shm&sid1=260&oid=014&aid=0002456825,284
261220,2011.06.14. 오후 9:15,부동산,한겨레,6월 15일 부동산파일,한겨레 성북 ‘삼선 SK뷰’ 237가구 일반분양 에스케이 SK 건설 은 서울 성북구 삼선동에 짓는 ‘삼선 에스케이 뷰’를 분양한다. 삼선 에스케이 뷰는 지상 15층 7개동에 전용면적 59 195㎡형 430가구 규모로 이 가운데 237가구가 일반분양 대상이다. 일반분양 물량의 91%는 전용 85㎡ 이하의 중소형 아파트다. 서울지하철 4호선 한성대입구역에서 500m 떨어진 역세권에 위치하며 삼선시장 롯데백화점 서울대병원 등 생활편의시설도 가깝다. 본보기집은 24일 서울 강남구 개포동 주택문화관에 열며 입주는 2012년 5월 예정이다. 1588 9620. 송파 푸르지오시티 오피스텔 1249실 대우건설 은 서울시 송파구 문정동에 짓는 ‘송파 푸르지오 시티’ 오피스텔을 분양한다. 지상 15층 1개동 총 1249실 규모로 전용면적 24 52㎡형 소형으로 구성돼 있다. 건물 남쪽으로 가든파이브가 입점해 있으며 북쪽에는 문정동 법조타운이 조성될 예정이다. 1 2인 가구 젊은층을 위해 사우나 헬스장 골프연습장 등과 게스트룸 등 커뮤니티 시설을 설치할 예정이다. 분양가는 3.3㎡당 1200만원이며 입주는 2013년 8월 예정이다. 1544 3330. 타코라 라오스에 5성급 호텔 짓기로 ㈜타코라 가 타이와 라오스 국경인 ‘골든트라이앵글’ 지역에 대규모 리조트를 짓는다. 지난해 초 라오스 정부로부터 호텔 건축허가를 받아 1차로 올 연말까지 5성급 타코라 호텔과 부대시설을 완공할 예정이다. 214만㎡의 리조트 터에는 여객 및 화물터미널 고속도로 휴게소 백화점 컨벤션센터 테마파크 등이 순차적으로 들어서게 된다. 중국과 라오스 타이를 잇는 3번 고속도로가 관통하는 이 지역은 경제자유특구로 지정돼 동남아 최대의 관광과 물류유통 거점지역으로 떠오를 전망이다. 타코라 호텔은 오는 8월부터 지분 투자 방식으로 일반 투자자를 모집할 예정이다. 02 562 4944. 국제자산평가분석사 교육과정 모집 ㈜코리넷 은 국제공인자산평가분석사 MAI 자격 인증을 위한 2011년도 교육 과정을 연다. 국제공인자산평가분석사는 부동산 가치 평가를 비롯한 부동산 투자 자문 및 분석 부동산 프로젝트 평가 분석 등을 통해 기업과 개인에게 최적의 컨설팅 서비스를 제공하는 전문가 그룹이다. 이번 교육은 미국 부동산가치평가협회 AI 가 직접 강사를 파견해 교육을 하고 동시통역 제공 필기 시험 실무 평가 등을 거쳐 엠에이아이 자격을 인증하는 방식으로 이뤄진다. 교육은 7월4일부터 서울 강남구 역삼동 한국감정원 부동산연구원에서 진행되며 모집 정원은 30명이다. 02 561 2110. 공식 SNS 통하니 트위터 미투데이 구독신청 한겨레신문 한겨레21 Copyrights ⓒ 한겨레신문사 무단전재 및 재배포 금지 한겨레는 한국온라인신문협회 www.kona.or.kr 의 디지털뉴스이용규칙에 따른 저작권을 행사합니다.,https://news.naver.com/main/read.nhn?mode=LSD&mid=shm&sid1=260&oid=028&aid=0002098012,284
261221,2011.06.14. 오후 8:36,부동산,디지털타임스,한국 친환경 건설기술 세계가 놀랐다,쌍용건설 싱가포르서 플래티넘 인증… 현대도 최고등급 국내 건설회사들의 친환경 기술 경쟁이 뜨겁다. 이들은 국내는 물론 해외 환경인증 획득을 통한 해외시장 공략에도 나서고 있어 국내 건설사들의 친환경 건설 기술은 세계적인 수준으로 인정받고 있다. 특히 친환경 건설 기술은 해외 건설수주 경쟁력 확보는 물론 에너지 절약을 통해 관리비를 줄일 수 있는 경제성 등 장점이 많아 국내 건설업계의 관련 기술경쟁은 앞으로도 계속될 전망이다. 14일 업계에 따르면 쌍용건설은 최근 싱가포르에서 시공 중인 W호텔 명품 부띠끄 센터 키사이드 아일 로 싱가포르 건설청으로부터 BCA 그린마크 최상위 등급인 플래티넘 인증을 획득했다. 이는 미국의 리드 LEED 와 영국의 브리암 BREEAM 과 함께 세계 3대 친환경 인증으로 꼽힌다는 것이 회사 측의 설명이다. 쌍용건설은 키사이드 아일 시공을 통해 건물 전면에 열전도율이 낮은 이중 특수유리를 사용해 실내온도 24℃를 유지하기 위한 냉방 전력량을 일반 건물의 55% 수준으로 떨어뜨렸다. 이어 옥상에 태양 전지판을 부탁하고 화장실 계단 등 공용구역에 동작인식 센서를 설치하는 등 에너지 절감 설계를 했으며 빗물 정수 시스템을 설치해 회장실 세척 공사용수 등으로 활용하는 등의 친환경 건축기술을 적용했다. 쌍용건설 해외건축부문 담당 황인강 상무는 그린마크 제도 도입 후 싱가포르에서 쌍용건설이 시공하거나 또는 시공 중인 건축물 총 3건이 각 분야에서 모두 최상위 등급을 인증 받았다 며 국제적인 권위가 있는 친환경 인증 실적을 바탕으로 국내외 그린컨스트럭션 분야에 입지를 강화해 나갈 것 이라고 말했다. 현대건설도 지난 5월 싱가포르 원센톤웨의 콘도공사 및 싱가폴 아시아 스퀘어타워 신축공사 등으로 BCA가 주관하는 친환경 건설공사 인증 대상 심사에서 최고 등급인 STAR 등급을 취득한 바 있다. 대우건설의 경우 쉐라톤 인천호텔 로 국내 특급 호텔 중에서는 처음으로 미국그린빌딩협의회 USGBC 가 주관하는 친환경 건물인증인 LEED NC New Construction 을 획득한 바 있다. 지난 2009년 7월 준공된 쉐라톤 인천호텔은 시공단계부터 친환경 자재를 사용해 건축 폐기물의 75% 이상을 재활용했으며 매년 24%의 물을 절약할 수 있는 절수 시스템을 갖추고 다용도 조명 시스템을 적용해 전력낭비를 최소화하는 등의 친환경 건축기술을 활용했다. 삼성물산은 경기도 용인시에 시범으로 지은 친환경 주거모델 그린투모로우 로 친환경 건축물 인증제도인 LEED의 최고 등급인 플래티넘 인증 그린 투모로우 LEED 인증을 받은 바 있다. 그린 투모로우에는 총 68가지 친환경 기술이 담겨있으며 건물 효율화를 통해 에너지 사용량을 줄임과 동시에 신재생에너지 등을 통해 연간 에너지 수치를 관리하는 것이 특징이다. 이외에도 GS건설은 송도자이하버뷰 로 국내 주거부문 최초의 LEED 인증을 노리고 있으며 SK건설도 SK케미칼 연구소 의 LEED 플래티넘 등급 획득을 위한 작업을 진행 중이다.,https://news.naver.com/main/read.nhn?mode=LSD&mid=shm&sid1=260&oid=029&aid=0002068910,284
261222,2011.06.14. 오후 8:03,부동산,SBS Biz,공동주택 단지내 알뜰시장 허용 논란…기준마련 시급,앵커 아파트 단지 내에서 알뜰 장터가 열리는 곳이 적지 않은데요. 편리하지만 주변 상권을 해치고 생활 환경이 나빠진다고 싫어하는 분들도 있는 것 같습니다. 그런데 알뜰장터가 합법인지에 대한 법 해석도 엇갈리고 있어서 명확한 기준 마련이 필요해 보입니다. 기자 성남시 분당구에 있는 한 아파트 단지입니다. 평소 단지 내 주차장으로 쓰이는 자리가 일주일에 한 번 일일장터로 이용됩니다. 일렬로 쭉 늘어선 천막에서는 각종 과일에서부터 채소에 건어물 수산물까지 그야말로 없는 게 없을 정돈데요 이른 아침 시간인데도 개장과 동시에 주민들의 발길은 쉴 새 없이 몰려듭니다. 최근 이처럼 아파트 단지 내에서 주민들을 위한 알뜰장터를 개설하는 경우가 많은데요 이 인근 성남시에서만 해도 70여 곳에 이릅니다. 신선한 물건을 가까운 곳에서 살 수 있다는 점이 주민들의 큰 호응을 얻고 있는 겁니다. 서주연 성남시 분당구 구미동 첫째 물건도 싸게 살 수 있고요 여러가지가 다양하게 채소가 싸고 요즘 햇과일도 싸게 살 수 있고 바로 여기 아파트 우리 집 앞이니까 너무 좋아요 멀리 나갈 필요도 없고. 그런데 이 아파트 알뜰시장을 두고 갈등을 겪는 단지가 늘고 있습니다. 주로 장터 개설로 인한 각종 소음 생활환경 저해 주변 상권의 반발 등 민원으로 인한 이유가 대부분입니다. 하지만 지자체와 중앙정부의 법적용 기준이 달라 혼란이 일고 있습니다. 일례로 지난 2007년 말 광명시의 경우 알뜰시장에 대한 각종 민원이 제기되자 주택법시행령 51조 3항에 근거해 단지 내 상가 상인들은 아파트 관리에 이해관계를 가진 자에 해당 되므로 알뜰시장에서 이들과 동일한 물건을 팔면 상인들의 권리가 침해당한다고 판단 사실상 불법으로 규정하고 알뜰시장을 폐지해 현재까지 공동주택 내 알뜰시장 개설이 허용되지 않고 있는 상황입니다. 반면 지난 3월 성남시 역시 민원이 발생하자 주택법 42조와 시행령 47조의 내용을 근거로 알뜰시장 개설이 불법이라는 내용의 행정지도 공문을 아파트관리 측에 보냈습니다. 그런데 입주자 대표자들이 이에 반박하며 알뜰시장 허용 여부를 국토부에 질의하자 국토부는 주택법시행령 51조 1항을 근거로 알뜰시장은 입주자대표회의 의결사항이기 때문에 운영이 가능하다는 입장을 회신 했습니다. 결국 주택법 적용기준에 따라 알뜰시장 개설여부는 그 결과가 크게 달라진 셈입니다. 허철 분당 아파트회장단연합회 회장 제가 우리 성남시장님하고 면담을 했습니다. 그런데 민원이 발생하지 않으면 구태여 어떠한 처벌이라든가 또 시장 개최하는 것에 대해서는 그렇게 문제삼지 않겠다라고 말씀하셨습니다. 그리고 국토부에서도 법적으로 하자가 없다고 얘기를 했고. 최근 알뜰 시장은 기존 공동주택뿐만 아니라 신규 택지개발지구까지 확산되고 있는 추세입니다. 따라서 이에 따르는 적절한 기준의 법 마련이 되지 않는 한 이와 같은 알뜰시장 허용논란은 잇따를 것으로 보입니다. www.SBSCNBC.co.kr 보다 자세한 내용은 동영상 시청을 바랍니다.,https://news.naver.com/main/read.nhn?mode=LSD&mid=shm&sid1=260&oid=374&aid=0000006209,284
261223,2011.06.14. 오후 8:01,부동산,SBS CNBC,소형임대주택 1년 편법계약 만연..임차인 울며 겨자먹기,앵커 아파트나 단독주택 등의 전월세 계약은 보통 2년인데요. 원룸이나 오피스텔 도시형 생활주택 같은 소형 임대주택은 주로 1년 계약을 합니다. 사실은 이러한 소형임대주택도 2년간 주택임대차 보호법의 적용을 받지만 전월세 물량이 시장에 많지 않은 상황에서 임차인이 권리를 주장하기가 쉽지 않습니다. 기자 신촌에 있는 한 대학 앞 주택가입니다. 원룸과 하숙집이 곳곳에서 눈에 띄는 가운데 한편엔 또 다른 임대주택 공사가 한창입니다. 최근 임대수익상품으로 투자자들에게 각광 받고 있는 도시형 생활주택입니다. 주로 이 같은 도시형 생활주택이나 원룸 소형 오피스텔과 같은 1 2인 주거 시설은 대부분 전세보다는 월세가 주를 이룹니다. 하지만 수 십만 원에 달하는 월세는 임차인들에게 적잖은 부담입니다. 김나은 대학생 1000에 60에 살고 있는데 학생한텐 좀 비싸긴 비싸죠. 그래서 최대한 월세를 줄일 수 있는 방향으로 가려고 계약이 끝나면 다른 좀 더 싼 값을 알아보려고 생각하고 있는데 만약에 여기서 더 올려 달라고 그러면 진짜 못 살겠죠 확실히. 그런데 이마저도 주택임대차보호법에 따라 2년으로 임대계약을 하는 경우는 드뭅니다. 통상적으로 1년 계약이 관행이 돼 버린지 오래입니다. 소형 임대주택 사업자 계약기간은 본인이 하기 달린 거예요 1년을 하든 2년을 하든. 근데 보통 다 1년을 하더라고요. 상황이 이렇다 보니 소형 임대주택의 계약기간을 1년으로 알고 있는 임차인도 상당수에 이릅니다. 사실상 원룸이나 오피스텔 도시형생활주택 등 주거 시설로 사용되고 있는 주택들이라면 법적으로 2년 단위의 계약이 기본입니다. 따라서 2년 미만의 기간으로 계약을 하더라도 만기시점에 주인이 월세를 증액하는 조건으로 재계약을 요구한다면 이는 엄연히 편법입니다. 주택 임대차보호법 상 2년 미만의 계약은 2년 계약으로 간주하고 최소한 2년 동안은 임차인에게 불리한 사항을 적용할 수 없게 법적으로 보호하도록 돼 있기 때문입니다. 그러나 임차인 입장에서 이를 따지기에는 현실적으로 역부족이라는 게 문제입니다. 김은경 금융사 부동산 자문위원 최근 소형주택 물량은 부족하고 수요는 늘고 있기 때문에 임대인에게는 굉장히 우위인 시장이 형성되고 있다고 보입니다. 따라서 임대인 입장에서는 임대 수익을 더 주목하고 있기 때문에 기존의 2년 관행이 아니라 1년 또는 1년 미만의 반년과 같은 계약기간을 단기간으로 줄이는 추세가 더 많아지고 있습니다. 결국 임차인이 동일한 조건으로 1년 더 계약을 연장할 수 있다는 사실을 알더라도 대부분 울며 겨자 먹기로 월세를 올려주거나 짐을 싸서 방을 옮겨 가고 있는 실정입니다. 최근 정부가 전 월세 주택을 늘리기 위해 소형 임대주택 공급을 확대하면서 각종 규제들도 완화하고 있습니다. 하지만 이들이 안정된 주거상품으로 자리 잡기 위해서는 무엇보다 임대인 보호를 위한 정부나 지자체 차원의 관리 단속이나 계도가 뒤따라야 할 것으로 보입니다. www.SBSCNBC.co.kr 보다 자세한 내용은 동영상 시청을 바랍니다.,https://news.naver.com/main/read.nhn?mode=LSD&mid=shm&sid1=260&oid=375&aid=0000007409,284
261224,2011.06.14. 오후 8:00,부동산,SBS Biz,소형임대주택 1년 편법계약 만연..임차인 울며 겨자먹기 ,앵커 아파트나 단독주택 등의 전월세 계약은 보통 2년인데요. 원룸이나 오피스텔 도시형 생활주택 같은 소형 임대주택은 주로 1년 계약을 합니다. 사실은 이러한 소형임대주택도 2년간 주택임대차 보호법의 적용을 받지만 전월세 물량이 시장에 많지 않은 상황에서 임차인이 권리를 주장하기가 쉽지 않습니다. 기자 신촌에 있는 한 대학 앞 주택가입니다. 원룸과 하숙집이 곳곳에서 눈에 띄는 가운데 한편엔 또 다른 임대주택 공사가 한창입니다. 최근 임대수익상품으로 투자자들에게 각광 받고 있는 도시형 생활주택입니다. 주로 이 같은 도시형 생활주택이나 원룸 소형 오피스텔과 같은 1 2인 주거 시설은 대부분 전세보다는 월세가 주를 이룹니다. 하지만 수 십만 원에 달하는 월세는 임차인들에게 적잖은 부담입니다. 김나은 대학생 1000에 60에 살고 있는데 학생한텐 좀 비싸긴 비싸죠. 그래서 최대한 월세를 줄일 수 있는 방향으로 가려고 계약이 끝나면 다른 좀 더 싼 값을 알아보려고 생각하고 있는데 만약에 여기서 더 올려 달라고 그러면 진짜 못 살겠죠 확실히. 그런데 이마저도 주택임대차보호법에 따라 2년으로 임대계약을 하는 경우는 드뭅니다. 통상적으로 1년 계약이 관행이 돼 버린지 오래입니다. 소형 임대주택 사업자 계약기간은 본인이 하기 달린 거예요 1년을 하든 2년을 하든. 근데 보통 다 1년을 하더라고요. 상황이 이렇다 보니 소형 임대주택의 계약기간을 1년으로 알고 있는 임차인도 상당수에 이릅니다. 사실상 원룸이나 오피스텔 도시형생활주택 등 주거 시설로 사용되고 있는 주택들이라면 법적으로 2년 단위의 계약이 기본입니다. 따라서 2년 미만의 기간으로 계약을 하더라도 만기시점에 주인이 월세를 증액하는 조건으로 재계약을 요구한다면 이는 엄연히 편법입니다. 주택 임대차보호법 상 2년 미만의 계약은 2년 계약으로 간주하고 최소한 2년 동안은 임차인에게 불리한 사항을 적용할 수 없게 법적으로 보호하도록 돼 있기 때문입니다. 그러나 임차인 입장에서 이를 따지기에는 현실적으로 역부족이라는 게 문제입니다. 김은경 금융사 부동산 자문위원 최근 소형주택 물량은 부족하고 수요는 늘고 있기 때문에 임대인에게는 굉장히 우위인 시장이 형성되고 있다고 보입니다. 따라서 임대인 입장에서는 임대 수익을 더 주목하고 있기 때문에 기존의 2년 관행이 아니라 1년 또는 1년 미만의 반년과 같은 계약기간을 단기간으로 줄이는 추세가 더 많아지고 있습니다. 결국 임차인이 동일한 조건으로 1년 더 계약을 연장할 수 있다는 사실을 알더라도 대부분 울며 겨자 먹기로 월세를 올려주거나 짐을 싸서 방을 옮겨 가고 있는 실정입니다. 최근 정부가 전 월세 주택을 늘리기 위해 소형 임대주택 공급을 확대하면서 각종 규제들도 완화하고 있습니다. 하지만 이들이 안정된 주거상품으로 자리 잡기 위해서는 무엇보다 임대인 보호를 위한 정부나 지자체 차원의 관리 단속이나 계도가 뒤따라야 할 것으로 보입니다. www.SBSCNBC.co.kr 보다 자세한 내용은 동영상 시청을 바랍니다.,https://news.naver.com/main/read.nhn?mode=LSD&mid=shm&sid1=260&oid=374&aid=0000006207,284
261225,2011.06.14. 오후 7:12,부동산,이데일리,마켓in무디스 PF부담에 포스코건설 하향검토상보,시행사 3465억 채무인수 떠안아 부정적 주택사업·PF보증 리스크 관리 중점 모니터링 마켓in 이 기사는 06월 14일 18시 41분 프리미엄 Market Company 정보서비스 마켓in 에 출고된 기사입니다. 이데일리 김재은 기자 무디스가 포스코에 이어 포스코건설의 신용등급을 하향검토 대상에 올렸다. 부동산 프로젝트파이낸싱 PF 지급보증 부담이 주요인이다. 무디스는 14일 Baa2 인 포스코건설의 발행자 등급 Issuer Rating 을 하향검토대상 review for possible downgrade 에 올린다고 밝혔다. 크리스박 무디스 부대표 겸 시니어 애널리스트는 포스코건설이 부동산 개발과 관련해 3465억원이상의 부채를 인수키로 한 점을 반영한 것 이라고 설명했다. 포스코건설은 지난달 30일 정우건설이 빌린 대출금 3465억4700만원의 채무를 인수한다고 공시한 바 있다. 이는 포스코건설 자기자본의 13.8%에 해당하는 규모다. 그는 이같은 부채 인수는 포스코건설의 재무구조에 부정적인 영향을 줄 것이며 또한 주택사업 관련 리스크와 PF 보증에 대한 질을 관리하는데 우려를 키울 것 이라고 지적했다. 무디스는 포스코건설의 주택사업과 PF보증에 대한 전반적인 리스크 관리 능력 독립적인 Ba1 등급을 지지하는 포스코건설의 크레딧 유지능력 포스코건설에 대한 포스코의 지원가능성을 향후 중점적으로 살필 것이라고 밝혔다. 현재 포스코건설은 포스코의 지원가능성을 바탕으로 독립적인 등급 Ba1 보다 2단계 높은 Baa2 등급을 받고 있다. 앞서 무디스는 공격적 M A전략에 따른 재무적 부담을 이유로 지난 3월말 포스코 005490 A2 를 하향검토대상으로 올렸다.,https://news.naver.com/main/read.nhn?mode=LSD&mid=shm&sid1=260&oid=018&aid=0002452426,284
261226,2011.06.14. 오후 6:32,부동산,한국경제,L사…S사… 신용등급 둘러싼 워크아웃 괴담,6월 말 건설사 평가 확정…C등급 이하 구조조정 그룹계열사 건전성 개선…대상업체 적을 듯 이달 말 건설사 신용위험평가 등급 확정을 앞두고 워크아웃 기업개선작업 괴담 이 나돌고 있다. 사업 불발 유동성 부족 등으로 구조조정 대상으로 확실시된다는 루머들이다. 일부에선 그룹계열 건설사들의 재무건전성이 최근 강화된데다 최근 몇 년간 상당수 부실 업체들이 퇴출된 만큼 구조조정 대상이 당초 예상보다 줄어들 것이라는 전망도 내놓고 있다. 괴담으로 뒤숭숭한 건설업계 14일 건설업계와 기업신용평가 업계에 따르면 미분양 적체 프로젝트 파이낸싱 PF 대출 연장 불발 등으로 경영난을 겪는 시공능력 평가 100위 이내 일부 건설사들이 구조조정 대상 후보로 거론되고 있다. 건설사 신용위험평가는 A등급 정상 B등급 일시적 유동성 부족 C등급 워크아웃 D등급 법정관리 으로 나뉘며 C등급 이하는 구조조정 대상으로 분류돼 주채권은행과 협약을 맺고 강도 높은 구조조정에 들어가게 된다. 한때 증권가와 건설업계에서 구조조정 대상설이 나돌았던 대기업 계열의 두산건설 STX건설 고려개발 등은 우려감이 잦아들고 있다. 그룹 차원에서 유상증자 등 자금지원책을 마련 재무 건전성을 강화한 데 따른 것이다. 시공능력 평가 50위권 밖의 L · S · Y · B사 등은 사업 지연에 따른 금융비용 증가 준공 후 미분양 물량 누적 등으로 유동성 문제에 처한 것으로 알려졌다. L사는 경기도 고양에서 준공한 단지의 일부가 여전히 미분양 상태이고 수도권 일부 사업장에서 PF 연장을 위해 자산 매각에 나선 상황이다. 주택업체인 S · Y사는 수도권과 지방 미분양 물량에 발목을 잡혀 경영난을 겪고 있어 구조조정 대상이 될 가능성을 배제할 수 없다는 분석이다. 제2의 월드건설 나오나 일부 워크아웃 중인 건설사들은 법정관리행을 택할 수 있다는 전망도 나온다. 올 들어 건설경기 침체 지속과 주택 미분양으로 자금난을 겪다 법정관리에 들어간 제2의 월드건설 이 생길 수 있다는 얘기다. 중견건설사 재무담당 임원은 당초 도급순위 10위권 건설사 한두 곳 정도가 본보기로 구조조정 후보라는 소문이 나돌아 분위기가 뒤숭숭했다 며 최근에는 구조조정 대상 규모가 예상보다 적을 것이라는 전망이 채권은행단 등에서 나오고 있어 한숨을 돌리는 상황 이라고 전했다. 일부 하위권 건설사가 포함될 가능성은 있지만 시장에 미치는 영향은 제한적일 것이라는 분석이 지배적이다. 기업 신용정보 제공업체인 중앙인터빌의 백재용 과장은 현재 워크아웃과 법정관리 중인 건설사가 30여곳으로 솎아낼 건설사들은 이미 구조조정 절차를 밟고 있다 며 시공능력 50위권 밖의 일부 기업은 버티기가 쉽지 않아 워크아웃에 들어갈 가능성이 크다 고 말했다. 한편 금융당국은 지난해 건설사 구조조정 대상 숫자만 발표해 시장의 혼란을 부추겼다는 지적에 따라 올해는 숫자 자체도 공개하지 않을 방침을 세운 것으로 알려졌다.,https://news.naver.com/main/read.nhn?mode=LSD&mid=shm&sid1=260&oid=015&aid=0002479639,284
261227,2011.06.14. 오후 6:32,부동산,한국경제,수백억짜리 강남 빌딩 경매 고수가 반쪽 냈다,두 개 지번의 땅 가운데 하나가 경매로 넘어가 빌딩 절반이 헐린 서울 교대역 인근 삼덕다솜빌딩. 건물이 헐린 부지에는 건물 신축공사가 진행되고 있다. 박한신 기자 hanshin hankyung.com 공매 나온 건물 토지 절반…공동투자자 37명 낙찰받아 철거 후 땅 팔아 79억 수익 서울 교대역 근처의 멀쩡했던 수백억원대 빌딩이 두 개로 쪼개졌다. 건물 절반이 두부 잘리듯 헐리더니 그 자리에 새 건물이 들어서고 있다. 절반 헐려나간 건물 두 채로 나뉘고 있는 빌딩은 서울 서초동 1573의 13과 1573의 14에 지어진 5층 업무용 삼덕다솜빌딩이다. 당초 두 개의 지번에 건물 한 동이 올라간 형태로 삼 형제가 소유하고 있었다. 건물이 헐린 부분 토지는 둘째 나머지 토지는 셋째가 갖고 있었고 건물은 첫째가 대표인 법인 명의였다. 문제는 둘째가 사망하면서 발생했다. 직계 가족이 상속세를 내지 못하자 국세청은 이 땅을 공매에 부쳤다. 물건을 분석한 A씨 등 37명은 눈이 번쩍 뜨였다. 법정지상권이 성립하지 않아 건물 절반을 철거할 수 있다는 판단이 들어서다. 이런 물건은 권리 분석이 어려워 시세의 절반 이하로 낙찰할 수 있다. 싸게 확보한 뒤 건물 철거를 무기로 건물주를 압박하면 고가에 되팔 수 있다. A씨 등은 공동 투자를 결심하고 2005년 11월 감정가 65억7000만원인 토지를 46억1000만원에 법인 명의로 낙찰했다. 땅을 되파는 일은 순조롭지 않았다. 건물주와 협상했지만 의견차가 컸다. A씨 등은 4년가량의 지루한 소송 끝에 철거 판결을 받아 건물 절반을 헐었다. 이어 지난해 11월 이 땅을 제3자에게 126억원을 받고 팔았다. 매수자는 최근 지하 6층 지상 11층 규모의 건물 신축에 착수했다. 피말린 법정지상권 소송 2006년 시작한 소송은 피를 말리는 진검 승부였다. 1 · 2심에선 A씨 등이 이겼지만 대법원에선 고법에 다시 판단할 것을 주문했다. 우여곡절을 거쳐 4년 만인 2009년 12월 A씨 등이 최종 승소했다. 쟁점은 관습법상 법정지상권 이 성립하느냐였다. 이는 토지와 건물의 소유자가 달라졌을 때 건물을 철거하지 못하도록 하는 권리다. 그러나 소유자가 다르다고 무조건 지상권이 성립하지는 않는다. 과거 건물 소유주와 토지 소유주가 한번이라도 같았어야 한다 는 조건이 붙는다. 첫째 아들은 1990년 건물 신축 당시 땅과 건물이 모두 자기 명의였다고 주장했다. 그러나 A씨 등은 건축 허가 당시에는 동일인 명의였지만 건축이 20% 정도 진행된 시점에 건축주 명의가 법인으로 변경돼 첫째 아들이 건물을 원시취득하지 못했음을 밝혀내 소송에서 이겼다. 큰 손해본 건물 세입자 A씨 등은 비교적 큰 이익을 거뒀다. 세금 등을 감안하지 않은 단순 차익은 79억9000만원에 이른다. 형제들은 큰 피해를 입었다. 건물 반이 남았다고는 하지만 제 기능을 하려면 돈을 들여 손질해야 한다. 임대료도 받지 못하고 있다. 임차인들도 예상치 못한 피해를 봤다. 반으로 헐리기 전 이 빌딩엔 게임장 은행 병원 주점 등이 세들어 있었다. 이들은 전세권 · 임차권을 설정했지만 법원은 땅을 점유 · 사용할 권한이 없는 만큼 건물을 비워주라 고 판결했다. 강은현 EH경매연구소 대표는 현금 없이 건물만 상속했다가 상속세 탓에 건물을 잃는 경우가 심심찮게 생긴다 며 건물 소유주들은 상속 계획을 미리 세워야 낭패를 보지 않는다 고 강조했다.,https://news.naver.com/main/read.nhn?mode=LSD&mid=shm&sid1=260&oid=015&aid=0002479613,284
261228,2011.06.14. 오후 6:31,부동산,한국경제,대우건설 말레이시아에 6성급 호텔,1억9000만弗에 수주 대우건설은 말레이시아에 처음 지어지는 6성급 호텔 건설공사를 1억9000만달러에 수주했다고 14일 밝혔다. 서종욱 대우건설 사장 사진 오른쪽 과 추아 마 유 원IFC레지던스 회장은 쿠알라룸푸르에서 공사계약을 맺었다. 이 공사는 쿠알라룸푸르 반다라야지구에 지하 3층 지상 48층 규모의 6성급 호텔 겸 레지던스를 건설하는 프로젝트다. 쿠알라룸푸르의 중앙역인 KL센트럴역 앞에 있어 이 지역 랜드마크 건물이 될 전망이다. 말레이시아 최대 규모 부동산투자개발회사인 MRCB가 발주했다. 대우건설 관계자는 고도의 기술력과 완성도를 필요로 하는 최고급 호텔 공사 라며 자격심사를 통과한 일본과 중국의 대표적인 건설사들을 제치고 사업을 따냈다 고 설명했다. 대우건설은 지금까지 말레이시아에서 16억달러 규모의 11개 사업을 수주했다.,https://news.naver.com/main/read.nhn?mode=LSD&mid=shm&sid1=260&oid=015&aid=0002479580,284
261229,2011.06.14. 오후 6:31,부동산,한국경제,연구소·호텔…해외 친환경 인증 붐,건설업체들이 해외 수주전에서 유리한 위치를 차지하기 위해 국제 친환경 인증 획득에 나서고 있다. 시공사인 쌍용건설이 친환경 인증을 받은 싱가포르 W호텔 내 키사이드 아일 조감도. 쌍용건설 제공 쌍용 싱가포르 W호텔…BCA 최고 등급 인증 받아 국제 인증 받으면 수주 유리 건설업체들이 해외 친환경 인증 획득에 적극 나서고 있다. 고유가 · 환경문제 등으로 친환경 건축물 수요가 늘어나면서 국내외 친환경 건설부문에서 입지를 다지겠다는 전략이다. 14일 건설업계에 따르면 미국 친환경 건축물 인증제도인 리드 LEED 인증을 받기 위해 등록된 국내 프로젝트는 총 94건에 이른다. 이 중 삼성 투머로우시티 강남파이낸스센터 웅진에너지 대전공장 등 7건이 인증을 마쳤다. 미국 그린빌딩위원회 USGBC 에서 수여하는 LEED는 영국의 브리암 BREEAM 싱가포르의 BCA 그린마크 와 함께 3대 친환경 인증으로 통한다. 지속가능한 토지사용 수자원 효율성 에너지 대기환경 등을 평가 대상으로 삼는다. GS건설은 송도자이하버뷰로 국내 주거부문 최초의 LEED 인증을 노리고 있다. 외부에서 들어오는 공기를 차단하는 구조로 냉난방 비용을 절약할 수 있다. 회사 관계자는 이달 중 USGBC에 서류를 제출하면 오는 9 10월께 인증 획득이 가능할 것 이라고 말했다. SK건설은 SK케미칼연구소 건물로 LEED 획득을 추진 중이다. 회사 관계자는 지난해 국내 업무용 건물 최초로 에너지효율 1등급을 받았다 며 올 하반기 LEED 인증까지 얻으면 친환경 건축물 시공능력을 세계적으로 인정 받는 계기가 될 것 이라고 기대했다. 연구소 건물에는 101가지 최첨단 정보기술 IT 에너지 기술을 적용해 에너지 절감률을 45%까지 끌어올렸다는 게 회사 측 설명이다. 쌍용건설은 싱가포르에서 시공 중인 W호텔 내 부티크센터 키사이드 아일 로 싱가포르건설청 BCA 으로부터 BCA 그린마크 최상위 등급인 플래티넘 인증을 받았다. 이 건물은 전면에 열전도율이 낮은 이중 특수유리를 사용 실내 온도 24도를 유지해 준다. 재생골재로 만든 그린 콘크리트 로 건물 골조를 만들어 약 747t의 이산화탄소 배출저감 효과가 있다. 공사 현장에서 빗물을 받아 화장실을 청소하고 공사 차량의 바퀴를 씻는 방식으로 900만ℓ의 물을 절약했다. 쌍용건설은 싱가포르 오션 프런트 콘도미니엄으로 주거건물 최초의 그린마크 플래티넘 인증을 W호텔로 아시아 최초의 호텔부문 플래티넘 인증을 받은 데 이어 세 번째로 최상위 등급을 얻었다. 건설업계 관계자는 국제적으로 인정받는 친환경 인증을 얻으면 해외 수주 등에서 유리한 점이 많다 며 건설업체들의 획득 노력도 계속될 것 이라고 전망했다.,https://news.naver.com/main/read.nhn?mode=LSD&mid=shm&sid1=260&oid=015&aid=0002479579,284
261230,2011.06.14. 오후 6:31,부동산,한국경제,부산 북항 국제터미널 공사…현대건설 등 3곳 입찰,부산 북항재개발사업지역에 아시아 최대 규모로 들어서는 부산항 국제여객터미널 공사 입찰에 국내 대형 건설사 3곳이 참여했다. 부산항만공사 BPA 는 부산항 국제여객터미널 건립공사 입찰등록 마감 결과 현대건설 동부건설 삼성물산 등 대형 건설사 3곳이 참여했다고 14일 밝혔다. 북항재개발사업지역 152만㎡ 중 복합항만지구 현 북항 3 · 4부두 일대 에 들어설 국제여객터미널은 5층 규모 연면적 8만9649㎡ 로 지어진다. 대기실 입 · 출국장 등이 있는 여객터미널 8만5789㎡ 화물창고 2400㎡ 휴게소 680㎡ 게이트 670㎡ 초소 110㎡ 등으로 구성된다. 총공사비는 2363억원이며 설계 11개월 와 공사 30개월 를 거쳐 2014년 8월 완공될 예정이다. 공사를 맡는 건설사는 전체 공사비 중 628억원을 현금 대신 북항재개발사업지역 내 상업 · 업무지구 1만6288㎡ 용지로 받는다. BPA는 입찰 참여 업체들을 대상으로 사전심사를 거쳐 설계와 시공을 일괄 입찰하며 설계점수와 입찰가격점수에 가중치를 부여해 올 12월 기본설계와 실시설계 적격자를 선정한다.,https://news.naver.com/main/read.nhn?mode=LSD&mid=shm&sid1=260&oid=015&aid=0002479578,284
261231,2011.06.14. 오후 6:31,부동산,한국경제,리츠 영업인가 때 현장실사 강화…사업변경하면 토지 감정평가,부동산에 간접투자하는 부동산투자회사 리츠 에 대한 관리감독이 강화된다. 국토해양부는 리츠에 대한 영업인가 심사를 강화하는 내용의 리츠 관리감독 강화방안 을 14일 발표했다. 국토부는 자기관리리츠의 영업인가를 심사할 때 사업성 평가와 현장 실사를 강화하기로 했다. 자기관리리츠는 자산운용 전문인력 등을 두고 부동산 등 자산의 투자 · 운용을 직접 수행하는 회사를 말한다. 2009년 2개였던 자기관리리츠는 현재 18개로 늘어났다. 영업인가 심사가 진행 중인 업체도 14개에 이른다. 국토부는 지구단위계획 변경 가능성 개발제한구역 해제 가능성 등에 대한 지방자치단체 실무 부서의 의견조회를 거쳐 적정하다고 판단되는 경우에만 인가를 내주기로 했다. 투자위험이 높은 개발전문 리츠에 대해서는 영업인가 때 해당 부동산에 대한 현장 실사를 의무적으로 실시하고 매도자 · 경영진 등과의 인터뷰도 진행할 계획이다. 영업인가 후에는 초기에 사업계획을 변경하는 것을 엄격히 제한 사업 안정성을 높이고 감정평가를 의무화해 토지매입가격을 부풀리는 것을 막기로 했다. 국토부는 리츠 및 자산관리회사 AMC 의 운용실태 정기조사를 확대해 위법행위 적발 시 시정명령 업무정지 영업인가 취소 등 조치를 내리기로 했다. 국토부 관계자는 올 들어 영업인가를 신청한 리츠 중 3곳은 불인가 1곳은 영업인가 취소조치를 내렸다 며 간접투자 활성화를 위해 리츠 규제를 완화했지만 최근 우려되는 리츠의 도덕적 해이를 막고 지속성장을 지원하기 위해 관리감독 강화방안을 마련했다 고 말했다.,https://news.naver.com/main/read.nhn?mode=LSD&mid=shm&sid1=260&oid=015&aid=0002479577,284
261232,2011.06.14. 오후 6:31,부동산,한국경제,경남기업 베트남 고속도로 공사 수주,경남기업은 베트남 인프라개발 · 재무투자회사 VIDIFI가 발주한 베트남 하노이 하이퐁 고속도로 4공구 공사를 수주했다고 14일 밝혔다. 이 고속도로는 수도 하노이와 북부 핵심경제구역인 하이퐁 항구를 연결하는베트남 최대 규모의 도로로 총 연장 거리가 105.5㎞다. 경남기업은 이 중 15㎞ 구간 6차선 을 낙찰받았다. 공사금액은 1710억원이고 공사기간은 36개월이다. 베트남 개발은행 재원으로 추진되는데다 공사대금의 10%를 선수금으로 받을 예정이어서 사업 리스크가 적다고 회사 측은 설명했다. 회사 관계자는 워크아웃 졸업 후 첫 해외수주라는 점에서 의미가 매우 크다 고 말했다. 경남기업은 1967년 베트남에 진출한 이후 지금까지 18건의 공사를 수주 누적 수주고 15억달러 했다.,https://news.naver.com/main/read.nhn?mode=LSD&mid=shm&sid1=260&oid=015&aid=0002479576,284
261233,2011.06.14. 오후 6:31,부동산,한국경제,대전 노은 한화 꿈에그린…경쟁률 평균 2.9 대 1,한화건설이 대전 지족동 노은4지구에서 분양한 대전 노은 한화 꿈에그린 1885가구 이 평균 2.9 대 1의 경쟁률로 순위 내 마감됐다. 14일 금융결제원에 따르면 노은 한화 꿈에그린 아파트 1765가구 청약엔 모두 5120명이 몰려 평균 2.9 대 1의 경쟁률을 나타냈다. 1블록 총 860가구 모집에 2835명이 청약해 3.3 대 1의 경쟁률을 2블록 905가구에는 2285명이 신청해 2.52 대 1의 경쟁률을 각각 보였다. 오는 21일 당첨자를 발표한 뒤 27 29일 대전 둔산동 갤러리아백화점 타임월드점 맞은편 모델하우스에서 계약한다.,https://news.naver.com/main/read.nhn?mode=LSD&mid=shm&sid1=260&oid=015&aid=0002479553,284
261234,2011.06.14. 오후 6:31,부동산,한국경제,LH 수도권 단독택지 등 289필지 공급,서초 보금자리·인천 영종 서울 서초 보금자리주택지구 인천 영종하늘도시 김포 한강신도시 등 수도권 택지개발지구에서 다양한 용지가 공급된다. LH 한국토지주택공사 는 수도권 택지개발지구에서 289필지를 순차 공급한다고 14일 밝혔다. 서울 서초지구 5필지는 보금자리주택지구에서 처음으로 나오는 준주거 및 업무시설용지다. 인터넷 입찰 방식을 통해 일반 실수요자에게 분양한다. 준주거용지는 360 2120㎡ 규모이며 공급 예정가는 23억 139억7080만원이다. 업무시설용지는 2970㎡와 6880㎡ 크기로 공급 예정가는 각각 181억7640만원과 432억7520만원이다. 분양 신청은 오는 23일부터 이틀간 받는다. 인천 영종하늘도시 단독주택용지 283필지는 점포 겸용 161필지와 주거 전용 122필지로 이뤄진다. 점포 전용 단독주택용지는 251 470㎡ 규모로 공급 가격은 2억6104만 5억2098만원이다. 인천시에 거주하는 무주택 가구주가 1순위 일반실수요자가 2순위다. 김포한강신도시 공동주택용지 1필지는 2만9495㎡ 규모로 전용면적 60 85㎡ 분양아파트 550가구를 지을 수 있다. 공급 예정가는 619억8403만원이며 23일 청약을 받는다.,https://news.naver.com/main/read.nhn?mode=LSD&mid=shm&sid1=260&oid=015&aid=0002479552,284
261235,2011.06.14. 오후 6:31,부동산,한국경제,부동산 프리즘 김포도시공사 재두루미 연구 왜,경기공연영상위원회 공모 사업으로 추진 중인 수도권 영상제작단지 한강시네폴리스 인 · 허가가 7개월가량 지연되고 있다. 재두루미가 먹이를 찾는 취식지와 맞붙어 있다는 이유다. 천연기념물은 문화재와 함께 개발사업 인 · 허가를 지연시키는 최대 복병으로 꼽힌다. 2008년 5월 시네폴리스 사업자로 선정된 김포시는 일산 한류우드 맞은편 김포시 고촌면과 걸포동 일대 277만㎡를 사업지로 정한 뒤 농림수산식품부 군부대 등과 협의를 거쳐 11월 한강유역환경청에 환경영향평가 승인을 신청했다. 환경영향평가에선 철새 도래지인 고양 장항습지에 사는 재두루미가 강을 건너 한강시네폴리스 현장 맞은편 홍두평 등에서 먹이를 찾는 점이 변수로 나타났다. 사업 시행자인 김포도시공사는 재두루미 보존 방안이 부족하다는 한강유역환경청의 의견을 받아들여 보완책 마련에 나섰다. 지난해 말 경희대 한국조류연구소에 재두루미 보존 용역을 발주한 데 이어 한국야생조보호협회와 지난 3월 두루미 최대 서식지인 일본 홋카이도 구시로습지 국립공원을 둘러보고 재두루미 생태 연구도 시작했다. 지금까지 사업 추진과 용역 발주 등에 100억원 가까운 자금을 투입한 것으로 알려졌다. 공사 관계자는 환경영향평가가 끝나고 수도권 정비위원회 심의 통과가 예상되는 8월께부터는 사업이 정상화될 것 이라고 말했다.,https://news.naver.com/main/read.nhn?mode=LSD&mid=shm&sid1=260&oid=015&aid=0002479551,284
261236,2011.06.14. 오후 6:31,부동산,한국경제,보금자리 빨간불…32만 가구 목표 절반도 안돼,올해까지 13만 가구 승인…그린벨트 내 물량 2만 가구뿐 국토부 공급일정 다시 조정 내년까지 수도권 그린벨트에서 32만가구를 공급하기로 했던 보금자리주택 공급 목표 달성이 사실상 어려워졌다. LH 한국토지주택공사 가 추진하는 올해 그린벨트지구 내 사업 승인 물량이 2만2000여가구로 연간 목표 8만가구 를 크게 밑돌아서다. 14일 LH는 올해 보금자리주택 전체 사업 승인 물량을 10만가구로 정해 국토부에 보고했다. 이는 정부가 올해 공급하기로 계획한 21만가구 중 LH가 담당할 16만8000가구보다 6만8000가구 40.5% 모자란 물량이다. 이 가운데 수도권 그린벨트 해제지에서 LH가 추진 중인 보금자리주택 사업 승인 예정 물량은 성남 고등 서울 양원지구 등 2만2000여가구에 불과하다. 여기에 SH공사 경기지방공사 등의 사업 승인 예정 물량 1만5000여가구를 합쳐도 올해 4만가구를 넘지 못할 전망이다. 정부의 연평균 계획 물량 8만가구의 절반에도 못 미친다. 더욱이 수도권 그린벨트 보금자리주택이 공급된 2009년부터 지난해까지 2년간 사업 승인 물량은 9만5000가구여서 올해 물량까지 합치더라도 13만5000가구로 전체 목표치의 42%에 그친다. 결국 내년에도 사업 승인 물량이 18만5000가구는 돼야 목표를 채울 수 있지만 현실적으로 불가능하다는 분석이다. 보금자리주택 사업 차질도 악재로 작용하고 있다. 시범지구인 하남 미사지구는 토지 보상이 늦어져 9월로 예정된 본청약이 쉽지 않다. LH가 추진하는 2차 보금자리주택지구 중 보상에 착수한 곳은 아직 한 곳도 없다. 3차 보금자리지구인 광명 시흥지구의 경우 토지보상비만 9조원에 육박할 것으로 예상돼 자금난을 겪고 있는 LH가 사업을 추진하지 못하는 상태다. 국토부는 이에 따라 수도권 그린벨트 보금자리주택의 공급 일정과 연도별 목표 물량 등을 재조정하는 방안을 검토 중이다. 주택 규모도 공급 물량의 80%를 차지하는 전용 60 85㎡ 대신 전용 60㎡ 이하 소형주택을 늘리는 방안을 추진할 방침이다.,https://news.naver.com/main/read.nhn?mode=LSD&mid=shm&sid1=260&oid=015&aid=0002479549,284
261237,2011.06.14. 오후 6:31,부동산,한국경제,분양 단신 대전 봉명 주상복합 174가구,동기종합건설이 대전시 봉명동에서 사이언스타운 주상복합 174가구를 분양한다. 324가구 중 오피스텔 150실을 제외한 물량으로 전용 70 113㎡다. 분양가는 3.3㎡당 660만 770만원대다.,https://news.naver.com/main/read.nhn?mode=LSD&mid=shm&sid1=260&oid=015&aid=0002479548,284
261238,2011.06.14. 오후 6:04,부동산,노컷뉴스,건설협회 맞춤형 경영자문단 서비스 개시,대형건설사 퇴직임원 등 중소업체에 자문 제공…동반성장 기반 마련 CBS산업부 정재훈 기자 대한건설협회는 중소건설업계의 경영애로를 해소하고 대.중소기업간 동반성장을 위해 오는 15일부터 경영자문단 서비스를 실시한다고 14일 밝혔다. 경영자문단은 대형건설사 퇴직임원 등 현장경험이 풍부한 전문가로 구성되며 토목 및 건축 기술 분야 회계 및 자금조달 해외진출 하도급 및 클레임 분야 원가관리 등으로 상담분야를 세분화해 맞춤형 자문서비스를 제공한다. 위촉된 자문위원은 오랜 기간 건설업에 종사하면서 축적된 경험과 노하우 전문지식을 중소건설업체에게 전수해 중소건설업체의 경쟁력 강화 경영애로 해소에 기여하고 대형건설사와 중소건설업체간 멘토 멘티 관계를 구축해 산업내 동반성장 기반을 마련하는 사례가 될 것으로 기대된다. 경영자문단 운영 이용 방법은 협회 홈페이지 www.cak.or.kr 또는 ☎ 02 3485 8302 4로 문의하면 된다. 한편 대한건설협회는 앞으로 지역 순회 상담도 실시하는 등 중소건설업체의 경영지원을 위한 신규 사업도 지속적으로 발굴할 계획이다.,https://news.naver.com/main/read.nhn?mode=LSD&mid=shm&sid1=260&oid=079&aid=0002259629,284
261239,2011.06.14. 오후 5:49,부동산,연합뉴스,국토부 자기관리 리츠 관리감독 강화종합,영업인가 심사시 현장 실사 인터뷰 진행 서울 연합뉴스 서미숙 기자 앞으로 자기관리리츠의 영업인가 심사 시 의무적으로 현장 실사가 진행되고 상시 준법감시 활동이 강화된다. 국토해양부는 부동산투자회사 리츠 의 도덕적 해이와 부실 운영을 막기 위해 이와 같은 내용으로 관리 감독을 강화한다고 14일 밝혔다. 현재 자기관리리츠는 총 18개가 설립돼 있으며 15개는 영업인가 심사가 진행 중이다. 국토부는 그동안 사업계획이 부실하거나 최저자본금을 충족하지 못한 리츠에 대해 불인가 또는 인가 취소처분 등의 관리 감독을 해왔으나 올해만 3건의 리츠가 인가를 받지 못했고 1건 코리얼 은 영업인가 취소 1건 다산리츠 은 상장 폐지가 진행되는 등 신뢰성 훼손이 우려되고 있다. 국토부는 이에 따라 자기관리 리츠의 영업인가 심사 시 인허가 부서 협의와 현장 실사를 의무적으로 진행하기로 했다. 이를 통해 해당 부동산 개발사업에 대한 지구단위계획 변경 가능성이나 개발제한구역 해제 가능성 등을 관련 지자체 등에 조회한 후 적정하다고 판단되는 경우에만 인허가를 해줄 방침이다. 특히 투자위험이 높은 개발전문 리츠에 대해서는 투자 부동산에 대한 현장실사는 물론 매도자 경영진 등과의 인터뷰도 진행하기로 했다. 영업인가 후에는 인가 시의 초기사업 변경을 엄격히 제한하고 감정평가를 의무화해 토지매입가를 부풀리지 못하도록 한다. 리츠 및 자산관리회사 AMC 의 운용실태에 대한 정기조사를 확대하고 상장리츠 및 상장예정리츠에 대한 불시검사도 강화할 방침이다. 국토부는 한국거래소 등 관계 기관과 협의해 자기관리리츠에 대한 주식시장 상장요건을 강화하는 방안도 추진하기로 했다. 국토부 김재정 토지정책관은 최근 리츠 설립이 활기를 띠면서 사업실현 가능성이 불투명한 리츠의 영업인가 신청이 늘어나고 운영주체의 도덕적 해이로 운영이 부실해지는 등의 문제가 발생하고 있다 며 리츠의 관리감독을 강화해 건전한 육성을 유도할 방침 이라고 말했다.,https://news.naver.com/main/read.nhn?mode=LSD&mid=shm&sid1=260&oid=001&aid=0005112658,284
261240,2011.06.14. 오후 5:34,부동산,파이낸셜뉴스,최적가치 낙찰제 도입..중견·중소건설사 강력 반발,정부가 이달부터 지방자치단체에서 발주하는 50억원 이상 300억원 미만 공사 입찰에 최적가치 낙찰제도 를 도입키로 함에 따라 공사 수주에 상대적으로 불리해진 중견·중소건설사들이 강력 반발하고 있다. 14일 건설업계에 따르면 행정안전부는 이달부터 전국 광역지자체에서 발주하는 50억원 이상 300억원 미만 공사에 대해 필요할 경우 가격 외에 기술력과 사업이행능력 등을 종합평가하는 최적가치 낙찰제로 시공사를 선정키로 했다. 이들 공사는 그동안 대형 건설사가 불리한 조건을 가진 적격심사제로 발주 대부분 지역의 중견·중소건설사들이 독점 수주해왔다. 하지만 공사수행능력과 기술력 등을 종합평가하는 최적가치 낙찰제로 전환되면 상대적으로 대형 건설사가 수주에 유리해져 가뜩이나 일감 부족에 허덕이고 있는 중견·중소건설사는 설 자리를 잃게 된다는 것이다. 중소건설사 S사 관계자는 중견·중소건설사 수주 영역인 50억원 이상 300억원 미만 공공공사에 최적가치 낙찰제를 적용하면 주관적 심사항목인 예산절감 능력과 기술력 등에서 우위에 있는 대형 건설사들이 절대적으로 유리할 수밖에 없다 고 지적했다. 이에 대해 행안부 관계자는 최적가치 낙찰제는 저가 낙찰로 수익률이 떨어지는 최저가낙찰제를 보완하기 위해 도입한 것으로 주관적 심사에 부정이 개입되지 않도록 이중 삼중의 안전장치를 마련했기 때문에 큰 문제는 없을 것 이라며 시범 운영을 통해 발생되는 문제점은 보완해 나갈 계획 이라고 말했다. 한편 행안부는 이날 오후 서울 논현동 건설회관에서 건설업체를 대상으로 최적가치 낙찰제 시행에 대한 설명회를 가졌다. ※용어설명 ＝최적가치낙찰제 각종 공공공사나 용역 및 물품 납품 등 발주 때 입찰가격 외에도 품질과 기술력 제안서 내용 계약이행 여력 등을 종합적으로 평가해 가장 높은 점수를 받은 업체를 낙찰자로 선정하는 제도다. ＝적격심사제 가장 낮은 가격으로 입찰한 업체부터 기술능력과 입찰가격을 종합 심사해 일정 점수 이상을 얻으면 낙찰자로 결정하는 제도다.,https://news.naver.com/main/read.nhn?mode=LSD&mid=shm&sid1=260&oid=014&aid=0002456592,284
261241,2011.06.14. 오후 5:16,부동산,아시아경제,화성산업 범어숲 화성파크드림S 초기계약률 76% 기록,화성산업 범어숲 화성파크드림S 견본주택 모습. 아시아경제 문소정 기자 화성산업 대표이사 이홍중 은 범어숲 화성파크드림S 초기계약률 76%를 달성했다고 14일 밝혔다. 회사 관계자는 범어숲 화성파크드림S의 분양성공은 범어동이라는 우수한 입지환경과 저작권등록 신 新 평면을 통한 공간의 효율성과 기능성을 확대했기 때문으로 분석된다 고 전했다. 앞서 범어숲 화성파크드림S는 견본주택 개관 첫 날에 1만여 명이 몰릴 정도로 소비자의 높은 관심을 끌었다. 오피스텔은 99실 공급에 총 5400여명이 몰리며 평균경쟁률 54.5대 1 최고 경쟁률 71대 1을 기록한데다 초기계약률 100%를 보였으며 아파트는 평균 1.78대 1의 청약경쟁률을 보였다. 전용 142㎡ 펜트하우스 는 1순위 전용 85㎡ 이하와 125㎡는 3순위로 청약을 마감했다. 일부 미계약된 동호수에 대해서는 선착순으로 지정해 분양받을 수 있으며 발코니확장 무상과 대출금 분양가의 60% 에 대한 무이자 지원 혜택도 제공하고 있다.,https://news.naver.com/main/read.nhn?mode=LSD&mid=shm&sid1=260&oid=277&aid=0002623026,284
261242,2011.06.14. 오후 5:15,부동산,파이낸셜뉴스,건설공제조합 2020 경영전략 추진 최고 보증기관 거듭난다,건설공제조합은 14일 오전 서울 강남구 논현동 건설회관 회의실에서 운영위원회를 개최하고 조합의 중장기 발전방안인 ‘2020 경영전략’을 추진키로 결정했다. ‘2020 경영전략’은 향후 10년간 조합을 둘러싼 경영환경 변화에 대응하고 국내 최고의 건설보증기관으로서 경쟁력과 신성장 동력을 확보하기 위한 발전방안으로 조합은 이를 위해 ‘미래성장’ ‘고객감동’ ‘조직역량’의 3대 전략목표를 설정했다. 이와함께 ‘4개 전략테마 12개 전략과제’도 선정 추진키로 했다. 4대 전략테마는 조합 본업인 보증·공제 기능을 강화하기 위한 ‘핵심사업 경쟁력 강화’ 안정적 수익원 창출과 조합원에 대한 금융지원 확대를 위한 ‘신성장동력 확보’ 무한경쟁체제에서 지속적인 경쟁력과 대외 공신력 확보를 위한 ‘BEST경영체제 구축’및 ‘조합브랜드 강화’로 구성됐다. 또한 ‘신성장동력 확보’를 위한 사업다각화는 향후 실행가능한 신규진출사업 풀을 선별하고 관계법령 및 사업성 등을 고려해 운영위원회의 의결 후 추진키로 했다. 송요찬 이사장은 “2020 경영전략을 통해 조합원에 대한 서비스분야를 보증을 비롯한 제반 금융분야로 확대하고 계량적으로는 총 보증실적 65조원 고객만족도 95% 보증시장 점유율 1위를 목표로 한다”고 말했다.,https://news.naver.com/main/read.nhn?mode=LSD&mid=shm&sid1=260&oid=014&aid=0002456546,284
261243,2011.06.14. 오후 5:11,부동산,아시아경제,건설공제조합 2020 경영전략 방안 추진,아시아경제 진희정 기자 건설공제조합 이사장 송용찬 은 오는 2020년까지 종합 건설금융기관으로 도약하기 위해 중장기 발전방안 2020 경영전략 을 추진키로 했다고 14일 밝혔다. 추진방안에는 2020년 건설산업에 필요한 토탈 금융서비스를 제공하는 종합 건설금융기관으로의 도약을 목표로 하고 있다. 이를 위해 미래성장·고객감동·조직역량 의 3대 전략목표와 4개 전략 테마·12개 전략과제 를 선정해 추진할 방침이다. 특히 4대 전략테마는 보증·공제 기능을 강화하기 위한 핵심사업 경쟁력 강화 안정적 수익원 창출과 조합원 금융지원 확대를 위한 신성장동력 확보 지속적인 경쟁력과 대외공신력 확보를 위한 BEST 경영체제 구축 신인도 제고와 사회적 책임 강화를 통한 조합브랜드 강화 등이 담겨 있다. 이밖에 조합은 신성장동력 확보를 위해 사업다각화를 추진하되 향후 실행 가능한 신규 진출사업 풀 pool 을 선별하고 관계법령 및 사업성 등을 고려해 운영위원회의 의결을 거쳐 추진키로 했다 조합 관계자는 2020 경영전략은 조합원에 대한 서비스 분야를 제반 금융분야로 확대하는 것이 핵심이며 계량적으로는 총보증실적 65조원 고객만족도 95% 보증시장 점유율 1위를 목표로 제시해놓고 있다 고 말했다.,https://news.naver.com/main/read.nhn?mode=LSD&mid=shm&sid1=260&oid=277&aid=0002623021,284
261244,2011.06.14. 오후 5:11,부동산,한국경제TV,한국도로공사 사장 장석효 내정,앵커 한국도로공사 사장에 장석효 전 서울시 부시장이 내정되는 등 국토해양부 산하 공기업 사장단 인사가 이 달부터 시작됩니다. 공기업 수장들의 후임 인사 하마평을 신용훈기자가 정리했습니다. 기자 국토해양부 산하 공기업 사장단 인사가 이 달부터 시작됩니다. 가장 먼저 후임인사가 결정되는 곳은 한국도로공사. 최근 인사 공모를 거쳐 1명으로 압축돼 청와대 재가만을 남겨두고 있습니다. 후임으로는 이 대통령의 서울시장 재임시절 신임을 얻은 장석효 전 서울시 행정2부시장이 사실상 내정됐습니다. 전화 인터뷰 도로공사 관계자 최종 임명장은 아직 안 받으신 걸로 알고 있다. 수일 안에 진행 될 걸로만 짐작하고 있다. 7월말 임기가 끝나는 김건호 수자원 공사 사장은 연임이 유력시 되고 있습니다. 그동안 추진해온 4대강 사업을 마무리할 적임자라는 평가를 받고 있어 공기업 수장으로는 이례적으로 재신임이 점쳐지고 있습니다. 전화 인터뷰 수자원공사 관계자 4대강 등 여러가지 사업을 잘 추진해 왔다. 대통령도 성과가 좋은 공기업 사장에겐 기회를 더 줘야한다고 발언한 바 있다 교통 분야 기관장들의 교체여부 역시 관전포인틉니다. 오는 7월까지 조현용 철도시설공단 이사장 후임이 결정되고 이어 8월에는 이채욱 인천국제공항공사 사장과 성시철 한국공항공사 사장의 거취가 판가름 납니다. 이처럼 수장들의 임기만료가 눈앞으로 다가왔지만 대부분 공기업들은 공모 일정조차 잡지 않고 있어 후임 인사의 윤곽이 드러나기까진 상당한 시일이 필요해 보입니다. WOW TV NEWS 신용훈입니다.,https://news.naver.com/main/read.nhn?mode=LSD&mid=shm&sid1=260&oid=215&aid=0000020386,284
261245,2011.06.14. 오후 5:11,부동산,동아일보,뉴스테이션2인기 끄는 ‘오피스텔 투자’ 주의점은,동아일보 김정안 앵커 요즘 노후 투자 상품으로 오피스텔 생각하시는 분들 있으시죠 매월 일정한 임대료를 받을 수 있는 점은 좋지만 최근 매매가격도 많이 올랐다고 합니다. 투자 시 주의할 점은 없는지 정혜진 기자가 알아봤습니다. 내레이션 주부 배희옥 씨는 지난 달 경기 판교신도시의 중형 오피스텔을 분양 받았습니다. 인터뷰1 배희옥 주부 44 강남 쪽에 오피스텔 하나를 보유하고 있는데 판교에 오피스텔이 처음으로 분양하는 거라서… 친구들이랑 4명이서 모여 신청했는데 다 떨어지고 저만 35평대가 됐어요. 떨어진 친구들은 19평대가 피 웃돈 가 형성돼서 1000만 원 정도 보태서 계약을 했어요. 배 씨는 강남 오피스텔의 월 임대료 100만 원과 판교 임대료 월 200만 원을 남편과 노후 생활비로 쓸 생각입니다. 인터뷰2 배희옥 주부 44 노후에 연금을 받아도 풍요롭게 생활할 수 없기 때문에 오피스텔은 고정적인 수입이 있어서 좀 더 여유롭게 생활할 수 있고 자식들 나가고 나서 둘 뿐이니까 여기 들어와서 생활도 가능할 것 같아서… 최근 분양한 오피스텔의 청약 경쟁률도 치솟았습니다. 서울 숲 인근에 짓는 오피스텔은 90대 1 강남역 인근에 들어서는 오피스텔은 57대 1의 경쟁률을 기록했습니다. 인터뷰3 도형락 판교효성 인텔리안 분양소장 40 50대분들이 많은데 판교역 주변에 아파트 가격이 비싼 관계로 2억 내지 3억 원 정도의 적은 돈으로 투자할 수 있고… 문제는 가격입니다. 오피스텔의 인기가 높아지면서 오피스텔의 몸값은 계속 높아지고 있습니다. 새로 짓는 오피스텔이 주변보다 분양가를 올리고 기존 오피스텔은 다시 이 분양가에 맞춰 가격을 올리고 있습니다. 자연히 임대 수익률은 떨어지고 있습니다. 인터뷰4 김형술 강남역 아이파크 오피스텔 시행사 관계자 분양가격은 18평형 기준으로 3억 원 내외인데요. 기존보다 5000만원 정도 비쌉니다. 그럼에도 불구하고 강남역이라는 임대 수요가 풍부한 곳에 위치해서 계약률은 100% 완료했습니다. 월세는 120만 130만 원으로 수익률은 4.5 5% 정도…. 생각보단 낮다고 할 수 있겠지만 공실률이 없어서… 인터뷰5 강지웅 테헤란로 공인중개사무소 대표 신규 분양하는 오피스텔을 100으로 봤을 때 기존 오피스텔이 80 85 많게는 90까지 쫓아 올라가는…수익률은 더 안 좋죠. 임대료는 변동 사항이 없어요. 수익률이 떨어질 수밖에 없죠. 전문가들은 기대 수익률과 실제 수익률을 꼼꼼히 비교해 봐야 한다고 조언합니다. 인터뷰6 이남수 신한은행 부동산팀장 오피스텔은 매월 월세를 받다보니까 5월 종합소득세 신고 부동산 임대 수익에 해당됩니다. 목표 수익률이 6%라고 해도 세후 수익률은 1%가량 낮아질 수 있고. 최근 분양 오피스텔이 굉장히 고분양가입니다. 물량이 과다하게 공급되고 있어서 입지 분양가 경쟁력을 반드시 살펴봐야 할 것 같습니다. 몇 개월이라도 임차인을 못 찾거나 관리비가 많이 들면 수익률이 떨어질 수 있는 만큼 인근에 공급 예정인 오피스텔은 더 없는지 관리비는 적정한지와 함께 임대 수요는 충분한지도 꼭 살펴봐야 합니다. 채널A 뉴스 정혜진입니다.,https://news.naver.com/main/read.nhn?mode=LSD&mid=shm&sid1=260&oid=020&aid=0002251208,284
261246,2011.06.14. 오후 5:10,부동산,매일경제,대전 한화꿈에그린 평균 경쟁률 2.9대 1,한화건설이 대전 유성구 지족동 노은4지구에서 분양한 대전 노은 한화 꿈에그린 이 평균 경쟁률 2.9대1로 모든 평형이 마감됐다. 14일 금융결제원에 따르면 대전 노은 한화 꿈에그린 은 13일 3순위 청약을 마감한 결과 일반분양 1765가구 모집에 5120명이 청약했다. 1블록 84㎡A 타입은 66대1로 최고 경쟁률을 보였다. 예비 당첨자 모집에도 1699명이 몰렸다. 당첨자 발표는 21일이며 계약은 27 29일 진행된다. 김경수 분양소장은 유성구는 대전광역시에 주민등록 후 3개월 이상 거주자에게만 1ㆍ2순위 청약 자격을 주기 때문에 제약 조건 없는 3순위에 투자 수요가 많이 몰렸다 고 설명했다. r start 화보 나르샤 숨겨왔던 육감적 몸매 아찔 MB가 공직자 모범사례로 칭찬한 강성태 교수는 닛산 리프 니즈모 RC 르망 24시간 레이스 시범 주행 1600원으로 잭팟 터져 45억 대박 정신질환 40대女 국가상대 7조원대 황당 소송 10kg 감량 영지 고해 열창 새삼 화제…폭풍 고음 박완규 과거 고백 “지난 10년 동안 한 것 없이 막 살았다” r end ⓒ 매일경제 mk.co.kr 무단전재 및 재배포 금지 MBA도 모바일로 공부한다.,https://news.naver.com/main/read.nhn?mode=LSD&mid=shm&sid1=260&oid=009&aid=0002484433,284
261247,2011.06.14. 오후 5:10,부동산,매일경제,광교지역 아파트 입주했지만 상가 부족,광교신도시 신대역 일대에 들어서는 한 상가건물에서 내년 초 준공을 목표로 공사가 한창 진행되고 있다. ＜박상선 기자＞ 다음달 입주를 시작하는 경기도 광교신도시에 주거시설 입주와 상가 준공 시기 간 엇박자가 나 입주민 불편이 불가피할 것으로 보인다. 광교신도시 내 주요 아파트가 다음달부터 본격 입주하지만 편의시설과 상가건물 준공은 최소 두세 달 늦게 될 것 같다. 경기도 수원시와 용인시 일대 1130만여 ㎡ 용지에 건설되는 광교신도시는 분당 판교를 잇는 서울 남부권 대형 신도시다. 아파트는 2009년 분양해 올해 단계적으로 입주가 시작된다. 7월 A5블록에서 214가구 규모 한양수자인 단지가 집들이에 나선다. 9월에는 A21블록에서 1188가구 규모 울트라참누리가 입주 절차를 밟는다. 10월 이후에는 입주 가구가 급격히 늘어난다. A25 A4 A19블록 등에서 4000가구를 웃도는 LH휴먼시아 아파트 입주가 계획되어 있다. 연말까지 모두 합치면 6300여 가구 입주가 진행된다. 이에 반해 광교신도시 중심 상권인 신대역 부근 상가 준공은 일러야 올 연말이다. 올 11월 드림타워Ⅰ 블루스퀘어 등 상가건물이 준공 테이프를 끊는다. 광교스타 신명프라자Ⅰ 등 상가건물은 이르면 올 12월 준공을 마칠 수 있다. 프리미어타워 등은 해를 넘겨 내년 1월 이후에야 준공이 가능하다. 내년 3월 이후 준공되는 상가도 있다. 올해 입주하는 6300여 가구는 당분간 불편을 겪을 수밖에 없다. 아파트별로 단지 내 상가 가 마련되어 있지만 편의점 약국 등 유치할 수 있는 업종에 한계가 있다. 상가 1 2개 층을 통째로 임차해야 하는 메디컬센터와 학원 등 주요 기반시설은 사실상 올해 말까지 신도시에 들어올 수 없다. 대형마트 영화관 레스토랑 등 편의시설도 내년 이후에야 입점이 가능할 것으로 보인다. 실제 최근 GS수퍼마켓과 입점 계약을 체결한 에스비타운은 내년 1월 이후 준공이 예정되어 있다. 상가건물은 활성화되기까지 적지 않은 시간을 필요로 해 초기 입주민들은 앞으로도 상당 기간 불편을 감수해야 한다. 박대원 상가정보연구소 소장은 현재로서는 차를 타고 분당 판교로 나가 그 지역 기반시설을 이용해야 한다 며 제대로 된 광교신도시 상권이 자리 잡기까지는 다소 시간이 걸릴 것으로 보인다 고 말했다. 일각에서는 역발상 관점에서 상가 투자를 권유하기도 한다. 상권 활성화 이전에 목 좋은 상가를 선점하는 기회로 삼으라는 것이다. 신분당선 연장 구간이 이 일대를 통과하는 데다 법조타운 유치와 도청 이전 등 호재가 많다는 것이 이유다. 입주 가구가 자리를 잡으면 유동 인구도 꾸준히 늘어나게 된다. 다만 부동산 경기가 아직 침체기라는 점은 고려해야 한다. 홍장원 기자 r start 화보 나르샤 숨겨왔던 육감적 몸매 아찔 MB가 공직자 모범사례로 칭찬한 강성태 교수는 닛산 리프 니즈모 RC 르망 24시간 레이스 시범 주행 1600원으로 잭팟 터져 45억 대박 정신질환 40대女 국가상대 7조원대 황당 소송 10kg 감량 영지 고해 열창 새삼 화제…폭풍 고음 박완규 과거 고백 “지난 10년 동안 한 것 없이 막 살았다” r end ⓒ 매일경제 mk.co.kr 무단전재 및 재배포 금지 MBA도 모바일로 공부한다.,https://news.naver.com/main/read.nhn?mode=LSD&mid=shm&sid1=260&oid=009&aid=0002484431,284
261248,2011.06.14. 오후 5:10,부동산,매일경제,경남기업 베트남 고속도로공사 1710억에 수주,경남기업이 1710억원 규모 베트남 하노이 하이퐁 고속도로 공사를 수주했다고 14일 밝혔다. 하노이 하이퐁 고속도로는 베트남 인프라스트럭처개발ㆍ재무투자회사 VIDIFI 가 발주한 공사로 수도 하노이와 북부 핵심 경제구역인 하이퐁 항구를 연결하는 베트남 최대 규모 도로건설 사업이다. 총연장 105.5㎞ 도로로 경남기업은 이 가운데 15㎞ 구간 6차선 인 4공구를 낙찰받았다. 기간은 착공 후 36개월이다. 이 공사는 베트남 개발은행 재원으로 추진되며 공사대금의 10%를 선수금으로 수령할 예정이다. 경남기업은 1967년 베트남에 처음 진출해 지금까지 모두 18건 누적 실적 15억달러 의 공사를 수행했다. r start 화보 나르샤 숨겨왔던 육감적 몸매 아찔 MB가 공직자 모범사례로 칭찬한 강성태 교수는 닛산 리프 니즈모 RC 르망 24시간 레이스 시범 주행 1600원으로 잭팟 터져 45억 대박 정신질환 40대女 국가상대 7조원대 황당 소송 10kg 감량 영지 고해 열창 새삼 화제…폭풍 고음 박완규 과거 고백 “지난 10년 동안 한 것 없이 막 살았다” r end ⓒ 매일경제 mk.co.kr 무단전재 및 재배포 금지 MBA도 모바일로 공부한다.,https://news.naver.com/main/read.nhn?mode=LSD&mid=shm&sid1=260&oid=009&aid=0002484430,284
261249,2011.06.14. 오후 5:10,부동산,매일경제,view point 시장만 죽이고 공급 망친 몽니 되나,사면초가다. 시장은 시장대로 죽이고 공공분양마저 줄어들게 생겼다. MB정부의 성역으로 통하는 보금자리주택 얘기다. 정부가 당초 내세웠던 수도권 그린벨트 해제지구에서 보금자리 주택 공급 목표는 총 32만가구. 보금자리주택 시행자인 한국토지주택공사 LH SH공사 경기지방공사에서 나오는 올해 사업승인 물량은 4만가구에 못 미쳐 최소 연간 8만가구라는 목표치에 크게 미달하게 생겼다. 공급 목표가 흔들리고 있는 가장 큰 이유는 3차 보금자리 예정지구 중 무려 6만6000가구가 있는 광명시흥 보금자리의 사업승인이 미뤄지고 있기 때문이다. 국토부 고위 관계자는 광명시흥의 절반 물량만 사업승인을 받아도 공급량을 채우는 것이 한결 수월하다 며 그러나 전체 보상비가 9조원에 달해 LH 사정상 올해 공급은 사실상 불가능하다 고 말했다. MB정부의 150만가구 보금자리 공급 계획은 참여정부 시절 국민임대 150만가구 건설계획과 닮은꼴이다. 임대주택사업에 분양주택사업이 함께 포함됐다는 게 다를 뿐이다. 그런데도 국토부 공무원들은 참여정부 때 사업성도 없고 모두가 꺼리는 국민임대 150만가구의 대못 을 박아놔 LH도 재무적으로 힘들고 후임 정부가 뒷수습하느라 등골 빠진다 고 화살을 돌린다. 수요자 입장에서 되짚어보자. 수요 파악 없이 마구잡이로 지구 지정을 했다가 한 발짝도 못 나간 국민임대나 급한 김에 한 지역에 한꺼번에 10만가구씩 지정해놓고 보상도 시작하지 못하고 있는 보금자리 사업이나 뭐가 다른가. 국민들에게는 내 집이 필요한 것이지 분양도 하기 전 사업승인 기준으로 집계한 국토부 공급 통계가 필요한 게 아니다. 보금자리주택은 새로 취임한 권도엽 국토부 장관에게 가장 큰 몽니 다. 그는 취임식 직후 최종적으로 2018년까지 150만가구 공급 목표 틀은 그대로 유지하지만 올해 공급 계획은 다시 짚어보겠다 고 말했다. 미래에 더 큰 부담을 넘기지 않으려면 올해 공급 계획뿐만 아니라 전체적인 공급 계획도 되짚어봐야 할 때다. 부동산부 이지용 기자 r start 화보 나르샤 숨겨왔던 육감적 몸매 아찔 MB가 공직자 모범사례로 칭찬한 강성태 교수는 닛산 리프 니즈모 RC 르망 24시간 레이스 시범 주행 1600원으로 잭팟 터져 45억 대박 정신질환 40대女 국가상대 7조원대 황당 소송 10kg 감량 영지 고해 열창 새삼 화제…폭풍 고음 박완규 과거 고백 “지난 10년 동안 한 것 없이 막 살았다” r end ⓒ 매일경제 mk.co.kr 무단전재 및 재배포 금지 MBA도 모바일로 공부한다.,https://news.naver.com/main/read.nhn?mode=LSD&mid=shm&sid1=260&oid=009&aid=0002484427,284
261250,2011.06.14. 오후 5:10,부동산,매일경제,상한제 폐지땐 3년후 집값 오히려 떨어져,분양가 상한제를 폐지하면 3년가량의 시차를 보인 뒤 집값이 오히려 떨어질 것이라는 분석이 나왔다. 권주안 주택산업연구원 연구실장은 지난 13일 대한건설협회 한국주택협회 대한주택건설협회가 공동으로 개최한 분양가 상한제의 합리적 개선을 위한 정책토론회 에서 이같이 지적했다. 권 실장은 분양가 상한제를 폐지하면 당장 분양가가 오를 수 있지만 장기적으로 주택 공급이 늘면서 집값이 떨어질 것 이라며 가설 검증 결과 분양가 상한제가 사라지면 서울 집값은 11분기 후 11% 수도권 집값은 12분기 후 5%가 각각 내려가는 것으로 나왔다 고 밝혔다. 그는 또 분양가 상한제가 단기적으로는 분양가와 집값을 안정시키는 효과는 있지만 줄어든 공급이 결국 가격 상승 압박으로 작용하게 된다 며 공급량이 20% 줄어들면 주택가격은 6.5% 상승할 수 있다 고 강조했다. 정창무 서울대 건설환경공학부 교수는 분양가 상한제가 주택가격의 정상적인 상승을 막고 실수요를 위축시켜 거래량이 급감했다 며 주택 공급이 부족해지고 전세난이 심화되는 악순환이 고착되고 있다 고 주장했다. 그는 주택 보급률이 100%를 넘어섰고 저출산ㆍ고령화로 수요자 우위로 재편된 부동산시장에서는 분양가 상한제를 폐지하더라도 분양가가 크게 오르기 어렵다 고 전망했다. 최막중 서울대 환경대학원 교수는 정책의 진정한 효과는 3년 뒤에 나타난다 며 정책의 장기적인 효과와 단기적인 효과는 일치하지 않는데 단기적인 효과에만 집착하는 것은 정치적 포퓰리즘 이라고 지적했다. 반면 남상오 주거복지연대 사무총장은 분양가 상한제는 무주택 서민의 내 집 마련에 기여한 측면이 있다. 분양가 상한제가 폐지되면 서울 강남 3구 집값이 다시 뛸 수 있다 며 특별한 대책 없이 분양가 상한제를 폐지하는 것에 반대한다는 입장을 밝혔다. 주제 발표자들은 택지비ㆍ건축비 등 원가 항목 반영률 현실화 등 원가 산정 기준을 완화해 건설업체 부담을 줄여주는 방안도 건의했다. 분양가 상한제와 전매 제한의 법적 분리 등 보완책도 제시됐다. 이날 행사에는 최삼규 대한건설협회장 김충재 대한주택건설협회장 장광근 국회 국토해양위원장을 비롯한 건설업계 관계자 300여 명이 참석했다. 정치권에서는 전여옥 한나라당 의원과 김희철 민주당 의원이 각각 여야를 대표해 나와 분양가 상한제 폐지를 둘러싼 찬반 양측의 입장을 대변했다. 이은아 기자 백상경 기자 r start 화보 나르샤 숨겨왔던 육감적 몸매 아찔 MB가 공직자 모범사례로 칭찬한 강성태 교수는 닛산 리프 니즈모 RC 르망 24시간 레이스 시범 주행 1600원으로 잭팟 터져 45억 대박 정신질환 40대女 국가상대 7조원대 황당 소송 10kg 감량 영지 고해 열창 새삼 화제…폭풍 고음 박완규 과거 고백 “지난 10년 동안 한 것 없이 막 살았다” r end ⓒ 매일경제 mk.co.kr 무단전재 및 재배포 금지 MBA도 모바일로 공부한다.,https://news.naver.com/main/read.nhn?mode=LSD&mid=shm&sid1=260&oid=009&aid=0002484426,284
261251,2011.06.14. 오후 5:10,부동산,매일경제,MK 추천매물 역삼동 사옥용 오피스 150억,◇용인 흥덕지구 병원상가＝아파트 밀집지역 중심상업지 사거리 코너에 있는 9층 건물 중 2층 650㎡가 10억5000만원이다. 융자 4억원이 있고 보증금 2억원 월 660만원에 장기 임대 중이다. 031 262 4533 ◇파주 조리읍 제과점＝2000여 가구 아파트 단지에 위치한 69㎡인 1층 코너 독점 점포가 4억5000만원이다. 보증금 5000만원 월 240만원에 장기 임대 중이다. 031 898 2048 ◇용인 양지 주택＝양지IC 3분 거리 중심생활권에 위치한 대지 600㎡ 건물 101㎡가 3억3000만원이다. 주변에 1700여 가구 아파트가 들어설 예정인 남곡1지구가 있다. 031 321 0114 ◇양평 단월면 전원주택지＝계곡 및 국유림에 접한 밭 1960㎡가 2억6000만원이다. 홍천 대명스키장이 차량 7분 용문역이 20분 거리다. 펜션 및 고급주택으로 적합하다. 031 773 7734 ◇남가좌동 원룸주택＝명지대 인근에 있는 대지 181㎡ 연면적 299㎡인 3층 건물이 14억2000만원이다. 융자 1억7000만원 보증금 2억7000만원 월 884만원에 22실 임대 완료됐다. 02 522 2233 ◇분당 판교 대형마트＝아파트 7000가구와 고급주택단지 주 출입로 코너에 위치한 8층 건물 중 1층 506㎡가 35억원이다. 보증금 3억원 월 1480만원에 홈플러스로 9년 임대됐다. 031 705 0155 ◇대전 대덕지구 투자용 빌딩＝과학벨트단지와 대로변에 접한 대지 938㎡ 연면적 4413㎡인 사옥 및 수익형 건물이 53억원이다. 보증금 6억2500만원 월 3200만원에 임대 중이다. 042 628 6695 ◇천안 성정동 상가건물＝롯데마트 뒤에 위치한 대지 998㎡ 연면적 3960㎡인 6층 코너 건물이 48억원이다. 융자 15억원이 있고 보증금 6억4500만원 월 3670만원에 전층 임대 중이다. 041 621 5656 ◇역삼동 사옥용 오피스＝선릉역세권 테헤란 대로변에 위치한 15층 빌딩 중 2 3 4층 2380㎡가 150억원이다. 보증금 8억원 월 5000만원에 임대 중이며 층별 분할매매도 가능하다. 02 3453 1020 ◇삼성동 사옥용 빌딩＝9호선 코엑스역 도보 5분 거리 한전 인근에 위치한 대지 430㎡ 연면적 1200㎡인 건물이 67억원이다. 전층 명도됐으며 주차 13대 가능하다. 02 558 8528 ◇미아동 역세권 빌딩＝미아역 대로변에 위치한 대지 700㎡ 연면적 2550㎡인 지상 7층 근생건물이 85억원이다. 융자 20억원이 있고 보증금 16억원 월 3300만원이다. 02 568 4166 ◇인천 검단 수익형 원룸＝신도시 지하철 개통 예정지에 위치한 대지 415㎡ 연면적 740㎡인 4층 주택이 14억5000만원이다. 융자 5억원이 있고 보증금 3억원 월 1200만원이다. 032 569 5001 ◇서초동 투자용 빌딩＝교대역 법조단지에 위치한 대지 271㎡ 연면적 905㎡인 6층 건물이 31억원이다. 보증금 1억3700만원 월 1160만원에 전층 임대 중이며 수익형으로 적합하다. 02 536 6961 ◇마포구 수익형 빌딩＝홍익대학교 인근에 위치한 대지 198㎡ 연면적 479㎡인 5층 건물이 20억원이다. 보증금 1억5000만원 월 1000만원이며 임대수익형으로 적합하다. 02 512 7255 ◇용인 동백동 포토전문점＝역세권 사거리 코너에 위치한 9층 건물 중 5층 코너 점포 280㎡가 3억3000만원이다. 융자 1억1000만원이 있고 보증금 3000만원 월 200만원에 임대 중이다. 031 275 2366 파주 LCD단지 신축 원룸주택 ◇파주 LCD단지 신축 원룸주택＝LG디스플레이 단지에 위치한 대지 370㎡ 연면적 360㎡인 건물이 9억원이다. 융자 3억원이 있고 보증금 7500만원 월 600만원에 전실 임대 중이다. 031 941 0021 ◇청원 오창과학단지 토지＝과학벨트단지 중심상업지에 위치한 대지 1660㎡가 30억원이다. 6차로 도로에 접하며 건폐율 90% 용적률 1500%다. 043 216 2008 ◇수원 호매실지구 단지상가＝아파트 단지 1층에 위치한 코너 점포 2칸 92㎡가 6억8000만원이다. 보증금 1억원 월 430만원에 슈퍼마켓으로 장기 임대됐다. 031 204 9020 ◇서초동 사옥ㆍ수익형 토지＝교대역세권에 위치한 3종 일반거주지역 대지 280㎡가 30억원이다. 지하 1층 지상 5층으로 신축할 수 있으며 명도 가능하다. 02 582 3818 r start 화보 나르샤 숨겨왔던 육감적 몸매 아찔 MB가 공직자 모범사례로 칭찬한 강성태 교수는 닛산 리프 니즈모 RC 르망 24시간 레이스 시범 주행 1600원으로 잭팟 터져 45억 대박 정신질환 40대女 국가상대 7조원대 황당 소송 10kg 감량 영지 고해 열창 새삼 화제…폭풍 고음 박완규 과거 고백 “지난 10년 동안 한 것 없이 막 살았다” r end ⓒ 매일경제 mk.co.kr 무단전재 및 재배포 금지 MBA도 모바일로 공부한다.,https://news.naver.com/main/read.nhn?mode=LSD&mid=shm&sid1=260&oid=009&aid=0002484425,284
261252,2011.06.14. 오후 5:09,부동산,매일경제,톡톡 부동산 84㎡ 단일 크기로 수요 끌어모으기,한신공영은 이번달 부산 해운대 우동에 주상복합 한신휴플러스 240가구를 공급하면서 전 평형을 전용 84㎡ 단일 크기로 구성했다. 해운대 지역은 부산 제일의 고급 주거지로 대형 평형이 주를 이루는 곳이다. 주상복합아파트는 공사비 단가 부담으로 인해 가구당 마진이 큰 중대형 위주로 가게 마련이지만 한신공영은 중소형 단일화 전략을 택했다. 분양 성공 가능성을 높이기 위해 전용 84㎡ 단일 크기로만 단지를 구성하는 건설사가 늘어나고 있다. 전용 84㎡는 국민주택 규모 중소형 주택에 속해 취득세 감면 등 여러 혜택이 주어진다. 또 최근에는 평면 개발과 발코니 확장으로 실제 사용 가능한 평면이 크게 넓어져 4명 이상 가족이 거주하기에도 무리가 없다. 포스코건설은 울산 울주군에서 분양하는 아파트단지 1005가구를 전용 84㎡로만 구성한다. 동원개발이 울산 중구 우정혁신도시 2 3블록에서 공급하는 아파트 305가구도 전용 84㎡만 있다. 김제림 기자 r start 화보 나르샤 숨겨왔던 육감적 몸매 아찔 MB가 공직자 모범사례로 칭찬한 강성태 교수는 닛산 리프 니즈모 RC 르망 24시간 레이스 시범 주행 1600원으로 잭팟 터져 45억 대박 정신질환 40대女 국가상대 7조원대 황당 소송 10kg 감량 영지 고해 열창 새삼 화제…폭풍 고음 박완규 과거 고백 “지난 10년 동안 한 것 없이 막 살았다” r end ⓒ 매일경제 mk.co.kr 무단전재 및 재배포 금지 MBA도 모바일로 공부한다.,https://news.naver.com/main/read.nhn?mode=LSD&mid=shm&sid1=260&oid=009&aid=0002484424,284
261253,2011.06.14. 오후 5:08,부동산,MBN,분양가 상한제 폐지하면 집값 5% 하락,분양가 상한제가 폐지되면 오히려 수도권의 집값이 떨어질 것이라는 주장이 제기됐습니다. 권주안 주택산업연구원 선임연구위원은 대한주택협회 등이 주최한 토론회에서 분양가 상한제가 폐지되면 단기적으로는 분양가격을 상승시킬 수 있지만 장기적으로는 공급확대를 통해 주택가격이 안정될 것 이라며 이 같이 주장했습니다. 권 연구위원은 상한제가 폐지될 경우 공급확대를 통해 서울은 11분기 후 11% 수도권은 12분기 후 5%가량 가격이 하락할 것 이라고 전망했습니다.,https://news.naver.com/main/read.nhn?mode=LSD&mid=shm&sid1=260&oid=057&aid=0000167073,284
261254,2011.06.14. 오후 5:08,부동산,MBN,대우건설 말레이시아 최초 6성급 호텔 수주,대우건설은 말레이시아의 수도 쿠알라룸푸르 도심에 이 나라 최초의 6성급 호텔을 짓는다고 밝혔습니다. 대우건설은 쿠알라룸푸르 반다라야지구에 48층 규모의 6성급 호텔 겸 레지던스를 건설하는 원 IFC 프로젝트 의 수주 계약을 체결했습니다. 이 호텔은 쿠알라룸푸르의 중앙역인 KL센트럴역 앞에 있으며 총 공사금액은 1억 9천만 달러입니다.,https://news.naver.com/main/read.nhn?mode=LSD&mid=shm&sid1=260&oid=057&aid=0000167071,284
261255,2011.06.14. 오후 5:08,부동산,MBN,대전 한화 아파트 최고경쟁률 66대1,한화건설이 대전 유성구 지족동 노은4지구에서 분양한 아파트가 최고 66대1의 청약경쟁률을 기록했습니다. 금융결제원에 따르면 대전 한화 꿈에그린의 일반청약 접수 결과 특별공급을 제외한 1천7백여 가구 모집에 5천1백여 명이 청약해 평균 2.9대1의 경쟁률로 전 주택형이 마감됐습니다. 또 부적격당첨자나 미계약자가 나올 때만 계약할 수 있는 3순위에는 1천6백여 명이 청약해 대전 부동산 열풍을 반영했습니다.,https://news.naver.com/main/read.nhn?mode=LSD&mid=shm&sid1=260&oid=057&aid=0000167069,284
261256,2011.06.14. 오후 5:05,부동산,파이낸셜뉴스,‘베네치아 메가몰’ 200여개 점포 임대,롯데건설은 서울 중구 황학동의 초대형 주상복합단지 황학동 롯데캐슬 베네치아 내 상업시설인 베네치아 메가몰 상가 조감도 200여개 점포를 임대공급한다. 임대료는 전세환산가격 기준 1층이 3.3㎡당 평균 1100만∼1200만원 선 2층은 500만원 선이다. 배후에 1870가구의 황학동 롯데캐슬배네치아 아파트가 있고 주변에 6000가구 규모의 왕십리 뉴타운이 개발되고 있어 발전 잠재력이 크다. 도심형 복합 엔터테인먼트 쇼핑센터인 베네치아 메가몰은 연면적 13만여㎡로 서울 삼성동 코엑스몰보다 약 1.6배 넓다. 지상 2층∼지상 2층 건물에 쇼핑 문화 피트니스 등 각종 생활편의시설이 들어선다. 지하 2층에는 대형마트와 사우나 피트니스 골프연습장이 지하 1층에는 키즈파크 엔터테인존 푸드코트 브랜드숍 등 생활문화 시설이 입점할 예정이다. 지상 1층은 오토갤러리와 패스트 푸드점 지상 2층은 메디컬존 뷰티존 학원 전문식당 편의시설 등이 각각 들어서게 된다. 이곳에는 현재 이마트가 입점해 영업 중이며 피트니스 골프연습장 사우나 등과 국내 최대 규모의 실내 키즈파크 입점이 확정됐다. 롯데건설 관계자는 그동안 조합원 간의 갈등으로 상가 분양에 어려움을 겪었지만 최근 시공사인 롯데건설이 직접 책임 임대를 할 수 있도록 모든 조치를 완료했다 고 말했다.,https://news.naver.com/main/read.nhn?mode=LSD&mid=shm&sid1=260&oid=014&aid=0002456524,284
261257,2011.06.14. 오후 5:05,부동산,파이낸셜뉴스,한강밤섬자이 4년전 분양가 수준 분양,GS건설은 서울 마포구 하중동의 한강밤섬자이 아파트 사진 중 84∼132㎡ 46가구를 4년 전 분양가 수준으로 다음 주 중 신규 분양한다고 14일 밝혔다. 이 아파트는 지하 2층∼지상 25층 7개동에 전용면적 84∼168㎡ 488가구로 구성됐으며 이번 공급물량은 임대에서 일반분양으로 전환되는 것이다. 주택형별 공급불량은 84㎡ 28가구 118㎡ 8가구 132㎡ 10가구다. 분양가는 84㎡가 3.3㎡당 1987만원 118㎡와 132㎡는 3.3㎡당 2014만∼2053만원으로 4년 전 분양가격과 비슷하거나 더 낮게 책정됐다고 회사 측은 설명했다. 즉시 입주가 가능하다. 계약금은 5%에 중도금 10%이며 잔금 85%는 6개월 후 납입하는 조건이다. 이 아파트는 2007년 일반분양 118∼168㎡ 75가구 당시 최고 12.7대 1의 청약률로 순위 내에서 전 가구 마감됐었다. 한강변에 위치해 대부분의 동에서 한강 조망이 가능하다. 이번 분양물량 중에도 14층이 포함돼 있다. 한강밤섬자이 홈페이지 www.bs xi.co.kr 에 마련된 사이버 견본주택에서 해당 동·호수의 실제 평면과 조망여건 등을 볼 수 있다.17일부터는 단지 내 샘플하우스가 개관된다.,https://news.naver.com/main/read.nhn?mode=LSD&mid=shm&sid1=260&oid=014&aid=0002456523,284
261258,2011.06.14. 오후 5:04,부동산,파이낸셜뉴스,리츠 인가심사·관리감독 대폭 강화,국토해양부는 최근 사업 실현 가능성이 불투명한 데도 투자자 모집 및 상장을 주된 목적으로 하는 자기관리형 부동산투자회사 리츠 영업인가 신청이 증가함에 따라 리츠에 대한 인가심사 및 관리감독을 대폭 강화하는 내용의 리츠 관리감독 강화 방안 을 확정해 시행한다고 14일 밝혔다. 국토부가 리츠 관리감독을 강화하기로 한 것은 2009년 6월 2개에 불과했던 자기관리 리츠가 현재 18개로 늘고 영업심사 중인 자기관리 리츠도 15개에 달할 만큼 리츠 설립이 급증하고 있지만 운영주체들의 도덕적 해이로 일부 리츠가 상장폐지 절차에 들어가는 등 신뢰성이 크게 떨어지고 있어 투자자들의 피해가 우려되기 때문이다. 이에 따라 국토부는 자기관리 리츠 영업인가 심사 때 인·허가부서 협의 및 현장실사를 의무화하기로 했다. 해당 부동산 개발사업에 대한 지구단위계획 변경 가능성 개발제한구역 해제 가능성 등에 대해 관련 지자체 및 인·허가부서 의견조회 후 적정하다고 판단되는 경우에만 인가받을 수 있다. 특히 투자위험이 높은 개발전문 리츠에 대해서는 영업인가 때 현장실사를 의무적으로 실시하고 경영진 등과의 인터뷰도 진행하기로 했다. 영업인가 후에는 인가받은 초기사업내용 변경을 엄격히 제한해 사업의 안정성을 도모했다. 감정평가도 의무화해 토지매입가격을 부풀리는 사례를 원천 차단토록 했다. 국토부는 리츠 및 자산관리회사 AMC 의 운용실태에 대한 정기조사를 확대해 위법행위 적발시 시정명령 업무정지 영업인가 취소 등 엄격한 조치를 하고 상장 리츠 및 상장예정 리츠에 대한 불시검사를 실시해 투자자를 보호하기로 했다. 국토부는 일반기업에 비해 상당 수준 완화돼 있는 자기관리 리츠에 대한 주식 상장요건을 강화하는 방안도 검토 중이다.,https://news.naver.com/main/read.nhn?mode=LSD&mid=shm&sid1=260&oid=014&aid=0002456522,284
261259,2011.06.14. 오후 5:04,부동산,파이낸셜뉴스,수도권 보금자리주택 공급 ‘빨간불’,서울을 비롯한 수도권의 주요 주택공급원인 보금자리주택 공급에 빨간불이 켜졌다. 14일 국토해양부와 한국토지주택공사 LH 에 따르면 LH는 올해 보금자리주택 전체 사업승인 물량을 10만 가구로 책정하고 최근 이를 국토부에 보고했다. 이는 지난해 말 업무보고에서 정부가 공급하겠다고 밝힌 보금자리주택 21만 가구 중 LH가 건설해야 할 16만8000가구에서 6만8000가구 모자란 것이다. 이 가운데 개발제한구역 그린벨트 해제지역에 사업승인 예정 물량은 경기 성남 고등지구와 서울 양원지구 등 2만2000가구에 불과해 연간 공급목표치 8만가구 이상 의 30%에도 못미친다. 또 그린벨트 해제를 통한 보금자리주택 공급제도가 도입된 2009년부터 지난해까지 2년여간 사업승인을 받은 물량도 9만5000가구에 불과해 올해 물량을 합치더라도 전체 목표치인 32만 가구의 42%인 13만5000여 가구에 불과하다. 이 때문에 정부와 LH는 내년까지 보금자리주택 32만 가구에 대한 사업승인을 받는 것은 현실적으로 어렵다고 보고 공급목표를 하향 조정하는 것을 검토 중이다. 국토부는 그린벨트 보금자리주택 공급 계획 연도와 목표물량을 모두 재조정해 조만간 공개할 것으로 알려졌다. 국토부는 이와함께 보금자리주택을 현재 물량의 80%를 차지하는 전용 60∼85㎡ 규모의 중형 대신 전용 60㎡ 이하의 소형위주로 공급 규모를 재편할 방침이다. 국토부는 지난해 업무보고를 통해 60㎡ 이하 주택 비중을 현행 분양물량의 20%에서 50%로 확대하기로 했었다. 국토부는 이달 중 발표 예정인 주택종합계획에서 LH 지방공사 등이 그린벨트 보금자리주택지구와 택지지구 등에서 공급할 보금자리주택의 신규 사업승인 물량을 15만 가구로 잠정 책정하고 이 가운데 80%인 12만 가구를 LH에 맡길 것으로 알려졌다. 하지만 LH가 올해 목표로 세운 사업승인물량 10만 가구 가운데 주택종합계획에 반영되는 신규 물량은 7만 가구에 그쳐 목표달성이 쉽지 않은 상황이다. 특히 LH가 사업재조정 과정에서 충남 아산탕정 경기 오산세교3 인천 검단2 등 대규모 신도시나 택지개발사업을 철회 또는 축소한 상황이어서 공급물량은 더 줄어들 전망이다. 이 때문에 2018년까지 보금자리주택 150만 가구를 공급하기로 한 서민주택 공급계획도 차질이 빚어질 것으로 예상된다.,https://news.naver.com/main/read.nhn?mode=LSD&mid=shm&sid1=260&oid=014&aid=0002456521,284
261260,2011.06.14. 오후 5:03,부동산,파이낸셜뉴스,동부건설 영덕역 센트레빌 최고 2.33대 1 전가구 마감,동부건설의 경기 용인시 영덕동 영덕역 센트레빌 아파트가 순위 내 청약에서 최고 2.33대 1의 청약경쟁률로 전 가구 마감됐다. 14일 동부건설과 금융결제원에 따르면 지난 9∼13일까지 실시된 영덕역 센트레빌 순위 내 청약에서 233가구 모집에 382명이 신청해 평균 1.64대 1의 경쟁률을 기록했다. 84㎡는 156가구 모집에 249명이 청약해 1.60대 1의 청약경쟁률을 보였고 101㎡는 77가구 모집에 133명이 청약해 1.73대 1로 마감됐다. 특히 13일 실시된 3순위 청약접수에서 101㎡A타입 수도권 물량은 2.33대 1의 최고 경쟁률을 보였다. 동부건설 이상욱 소장은 2012년 개통예정인 분당선 연장선 영덕역세권에 자리 잡고 있고 대규모의 영흥공원 조망권을 확보한 데다 분양가도 주변시세보다 낮게 책정한 것이 분양 성공으로 이어진 것 같다 고 말했다. 동부건설은 오는 17일 당첨자를 발표하고 22∼24일 계약을 체결한다. 견본주택은 기흥구 영덕동 영통입구사거리에 자리 잡고 있다.,https://news.naver.com/main/read.nhn?mode=LSD&mid=shm&sid1=260&oid=014&aid=0002456520,284
261261,2011.06.14. 오후 5:03,부동산,파이낸셜뉴스,대전노은 한화꿈에그린 최고 66.26대 1,대전 대덕 과학비즈니스벨트 유치의 최대 수혜단지로 관심을 끌었던 한화건설의 대전 유성구 노은4지구의 대전노은 한화꿈에그린 아파트가 지난 9∼13일 실시된 순위내 청약에서 최고 66.26대 1의 경쟁률로 전 가구 마감됐다. 이 아파트는 1765가구 모집에 5120명이 청약해 평균 2.90대 1의 경쟁률을 보인 가운데 1블록의 84㎡A타입은 19가구 모집에 1259명이 몰렸다. 대전 둔산동의 대전노은 한화 꿈에그린 견본주택에 관람객들이 몰려있다.,https://news.naver.com/main/read.nhn?mode=LSD&mid=shm&sid1=260&oid=014&aid=0002456519,284
261262,2011.06.14. 오후 5:02,부동산,파이낸셜뉴스,수도권 분양시장 회복 신호탄？,경기 파주지역에서 약 1년 만에 아파트 분양이 재개되면서 횡보장세를 보여온 수도권 분양시장 분위기를 반전시킬지에 업계의 관심이 모이고 있다. 14일 건설업계에 따르면 롯데건설이 최근 교하신도시 롯데캐슬 을 선보인 것을 시장으로 오는 10월까지 파주지역에서 한라건설 동문건설 일신공영 등이 순차적으로 아파트 분양에 나선다. 이 중 롯데건설은 순조로운 출발을 보이고 있다. 지난 10일 경기 일산신도시의 지하철 3호선 마두역 인근 뉴코아 사거리에 개관한 교하신도시 롯데캐슬 견본주택에는 지난 5일간 2만5000여명이 방문해 분양대박 기대감을 높였다. 롯데건설 관계자는 파주 교하신도시 운정2지구 에서 캐슬엔 칸타빌 2190가구 에 이어 두 번째로 규모가 큰 1880가구 대단지로 3.3㎡당 분양가는 평균 1080만원으로 주변시세 1060만∼1100만원 수준이어서 실수요자들이 높은 관심을 보이고 있다 며 단지 남측에 72만㎡ 규모의 가온 호수공원이 자리 잡아 호수조망권 프리미엄을 기대할 수 있다 고 말했다. 이 아파트는 지하 1층 지상 18∼30층 20개동에 전용면적 59∼126㎡로 이뤄졌다. 이어 한라건설도 마두역 인근에 23일 교하신도시 한라비발디 견본주택을 열고 분양 일정에 들어간다. 교하신도시 A22블록에 들어서는 이 아파트는 전용면적 59∼130㎡ 823가구로 이뤄졌으며 견본주택 개관과 동시에 현장에서 선착순으로 청약 접수한다. 교하신도시 중심상업지구와 자유로 문발IC와 가깝고 단지인근에는 공원이 들어설 예정이어서 편의시설과 교통여건 주거쾌적성 등을 두루 갖추고 있다. 분양가는 롯데건설보다 낮은 수준에서 검토되고 있다. 동문건설은 파주신도시와 인접한 문산읍 선유리에서 전용면적 84㎡의 단일주택형으로 309가구를 오는 7∼8월께 공급할 예정이다. 동문건설 관계자는 산업단지 배후지역으로 주택 수요기반이 양호하다 면서도 수도권 분양시장의 분위기를 가늠하기 위해 분양시기를 당초 이달에서 7∼8월로 늦췄다 고 말했다. 일신건영은 파주 교하신도시 A27블록에서 교하신도시 휴먼빌 1009가구를 오는 10월께 선보일 예정이다. 주택형은 미정이다. 부동산써브 함영진 실장은 파주지역은 올해 초 제2자유로 개통 등으로 교통여건이 개선된 데다 대단지 중심으로 분양시장이 재개장되면서 관심도 높아지고 있다 면서 지금까지 고전하던 지역에서 분위기가 반전된다면 수도권 분양시장이 살아나는 신호탄이 될 것 이라고 말했다.,https://news.naver.com/main/read.nhn?mode=LSD&mid=shm&sid1=260&oid=014&aid=0002456517,284
261263,2011.06.14. 오후 5:01,부동산,파이낸셜뉴스,‘교통 좋은’ 수도권 미분양 잡아라,서울의 주요 학군지역을 중심으로 때 이른 전세난이 빚어지고 있고 올해 가을 전세난이 사상 최악으로 치달을 것으로 예상되고 있다. 이런 가운데 실속파 전세입자들은 서울로의 출·퇴근 교통여건이 크게 개선되는 수도권 미분양 단지 분양을 통해 전세난 탈출을 시도해 볼 만하다. 서울지역은 전셋값도 단기간에 너무 많이 오른데다 물건도 별로 없어 자칫하면 교통여건이 안좋은 서울 외곽지역으로 밀려나기 일쑤다. 이럴 경우 웬만한 수도권보다 출·퇴근 시간이 더 걸리고 향후 교통여건 개선 가능성도 작아 여러 면에서 불리하다. 14일 부동산 업계에 따르면 최근 들어 수도권 지역에서 교통여건이 개선되고 최초 분양 당시에 비해 파격적인 금융혜택을 제공하는 단지들이 늘고 있어 이들 단지에 눈을 돌려볼 만하다. 분당선 연장 수혜 용인 두산위브 두산중공업은 경기 용인시 삼가동에서 용인행정타운 두산위브 잔여가구에 대해 금융 등 조건을 완화해 분양 중이다. 전용면적 84∼93㎡ 1293가구로 이뤄진 대단지로 계약금 5%만 있으면 계약이 가능하다. 중도금 1∼3차에 대해 무이자 융자 혜택을 제공하며 계약조건을 보장하는 고객안심제를 적용 중이다. 개통 예정인 용인경전철 삼가역이 걸어서 3분 거리에 있고 올해 말 개통 예정인 분당선 연장선 기흥역을 통해 서울로의 출퇴근 여건이 크게 개선된다. 또 경기 하남시 신장동에서 이 회사가 분양 중인 두산위브파크 도 올림픽대로를 이용할 경우 서울까지 불과 20분 만에 이동할 수 있어 관심을 모은다. 계약금은 10%이며 취득세 50%를 지원해준다. 발코니도 무료로 확장해 준다. 최대 20% 낮춘 성사동 래미안휴레스트 삼성물산이 경기 고양시 성사동에서 잔여가구를 분양 중인 성사주공 재건축 아파트 래미안 휴레스트 는 1651가구의 대단지다. 이 아파트는 계약금이 2000만원인 계약금 정액제를 채택하고 있으며 잔금 납부기간인 5개월 이내 대금 선납시 최대 20% 약 1억5000만원의 할인 효과가 있다. 지하철3호선을 이용할 경우 30분 정도면 서울 도심 진입이 가능하고 외곽순환고속도로 고양IC가 바로 인접해 있어 서울은 물론 수도권 다른지역으로의 이동이 편리하다. 전세 임대공급 도농 부영애시앙 부영이 경기 남양주시 도농동에서 분양 중인 도농 부영애시앙 도 중앙선 도농역을 이용할 경우 서울 진입이 쉬운 단지다. 이 단지는 현재 잔여가구를 전세 임대방식으로 전환해 특별공급 중이다. 구입 희망자에게는 입주 후 2년 동안 무이자로 매입해 잔금을 낼 수 있는 할부분양도 병행하고 있다. 보금자리보다 싼 신별내퇴계원어울림 금호건설이 경기 남양주시 퇴계원면에서 분양 중인 신별내 퇴계원 어울림 은 복선전철화된 경춘선 퇴계원역과 1㎞ 이내 거리에 위치한 데다 2018년으로 예정된 서울지하철8호선 연장선이 개통되면 서울 접근성이 더욱 좋아진다. 분양가는 3.3㎡당 950만원으로 인근 별내신도시나 갈매지구 보금자리주택보다 40만원이나 싸다. 분양대금 절반 입주 후 납부 래미안하이어스 삼성물산이 경기 군포시 산본동에서 공급 중인 래미안 하이어스 도 지하철4호선과 수도권전철 환승역인 금정역이 600m 거리에 위치해 강남권까지 40분 정도면 도달할 수 있다. 현재 178㎡에 한해 계약금 5000만원 정액제를 실시하고 있다. 분양대금의 50%만 내면 입주가 가능하고 잔금 50%는 2012년 12월까지 납부하면 된다.,https://news.naver.com/main/read.nhn?mode=LSD&mid=shm&sid1=260&oid=014&aid=0002456515,284
261264,2011.06.14. 오후 5:00,부동산,파이낸셜뉴스,서초 보금자리에 준주거·업무용지 공급,서울 서초 보금자리주택지구에 준주거 및 업무시설용지가 공급된다. 보금자리주택지구에서 준주거와 업무시설용지가 공급되기는 이번이 처음이다. 한국토지주택공사 LH 는 서울 서초지구에서 준주거 및 업무시설용지 5필지 인천 영종하늘도시에서 단독주택용지 283필지 경기 김포한강신도시에서 공동주택용지 1필지 등 289필지를 공급한다고 14일 밝혔다. 서울 서초 준주거 및 업무시설용지는 인터넷을 통해 경쟁입찰방식으로 일반 실수요자에게 분양된다. 준주거용지는 필지당 360∼2120㎡ 규모로 공급 예정가는 23억∼139억7080만원이며 업무시설용지는 2970㎡와 6880㎡로 공급예정가는 181억7640만원 432억7520만원이다. 계약금은 계약시 낙찰가의 10%이며 중도금은 3년 동안 6개월 간격으로 15%씩 6회 분할 납부하면 된다. 토지사용시기는 2012년 6월 30일 이후다. 분양신청은 오는 23일부터 이틀간 오전 10시∼오후 4시까지 LH 토지청약시스템 buy.1h.or.kr 에서 하면 된다. 인천 영종하늘도시 단독주택용지는 점포겸용 161필지 주거전용 122필지다. 점포전용 단독주택 용지는 251∼470㎡로 공급가격은 2억6104만∼5억2098만원이다. 공급일정은 오는 23일 1순위 24일 2순위이며 LH 토지청약시스템에서 신청하면 된다. 대금납부조건은 5년 무이자 할부이며 계약과 동시에 일시에 납부할 경우 14%의 선납할인을 받을 수 있다. 김포한강신도시 공동주택용지 1필지는 2만9495㎡ 규모로 공급예정가는 619억8403만원이다. 전용면적 60∼85㎡ 분양아파트 550가구를 지을 수 있는 땅이며 23일 LH 토지청약시스템에서 신청 접수한다.,https://news.naver.com/main/read.nhn?mode=LSD&mid=shm&sid1=260&oid=014&aid=0002456514,284
261265,2011.06.14. 오후 4:58,부동산,머니투데이,대우건설 말레이시아 최초 6성급 호텔 건설,머니투데이 박동희 MTN기자 대우건설이 말레이시아의 수도 쿠알라룸푸르 도심에 말레이시아 최초의 6성급 호텔을 짓습니다. 대우건설은 쿠알라룸푸르 중심부인 반다라야 지구에 지하 3층 지상 48층 규모의 6성급 호텔과 레지던스를 건설하는 내용의 공사를 수주했다 고 밝혔습니다. 공사 금액은 1억9천만 달러로 발주처는 말레이시아 최대 부동산 투자개발회사인 MRCB와 CMY캐피탈의 합작회사인 원 UFC레지던스 입니다. 대우건설은 이번 프로젝트는 고도의 기술력이 요구되는 최고급 호텔 공사로 일본과 중국을 대표하는 세계적인 수준의 경쟁사들을 제치고 수주했다 고 설명했습니다. 이로써 지난 1983년 말레이시아에 진출한 대우건설은 지금까지 말레이시아에서 총 11개의 프로젝트로 총 16억 달러의 수주고를 기록하게 됐습니다. 한편 이번 공사 수주로 대우건설의 올해 해외 수주액은 총 15억6천만 달러로 집계됐습니다.,https://news.naver.com/main/read.nhn?mode=LSD&mid=shm&sid1=260&oid=008&aid=0002555195,284
261266,2011.06.14. 오후 4:57,부동산,서울경제,동부건설 영덕역 센트레빌 청약 경쟁률 최고 2.33대 1,동부건설이 용인 기흥구 영덕동에 분양하는 영덕역 센트레빌 아파트가 3순위에서 최고 2.33대1의 청약경쟁률을 기록하며 순위 내 마감했다. 금융결제원에 따르면 지난 9일 13일 실시한 영덕역 센트레빌 청약접수 결과 233세대 모집에 382명이 신청해 평균 1.64대1로 청약 마감했다. 주택형별로는 84㎡ 이하 전용면적 가 156세대 모집에 249명이 청약해 1.60대1의 경쟁률을 보였으며 101㎡는 77세대 모집에 133명이 청약해 1.73대1의 경쟁률을 나타냈다. 특히 13일 실시한 3순위 청약접수에서는 101㎡ A형 수도권 물량이 2.33대1을 기록하는 등 높은 인기를 보였다.,https://news.naver.com/main/read.nhn?mode=LSD&mid=shm&sid1=260&oid=011&aid=0002159877,284
261267,2011.06.14. 오후 4:57,부동산,서울경제,재개발 구역 부분 임대가 대세,1인가구 소형주택 수요 늘어 성북 석관동·용산 효창동등 부분 임대 아파트 잇단 도입 1인 가구의 소형주택 수요가 늘면서 한지붕 두가구 주택인 부분임대 아파트를 도입하는 재개발구역들이 잇따르고 있다. 14일 서울시와 각 재개발조합에 따르면 성북구 석관2구역 용산구 효창5구역 등 일반 재개발구역들이 자체적으로 부분임대 아파트를 짓는 사업계획을 마련하고 있는 것으로 나타났다. 부분임대 아파트는 서울시가 원주민 재정착을 높이고 소형주택 공급 확대를 위해 뉴타운과 대학가에 시범 도입한 것으로 아파트 한 쪽에 별도의 현관과 수도ㆍ부엌ㆍ난방시설ㆍ화장실 등을 설치해 독립적인 주거가 가능하도록 만든 주택이다. 흑석 북아현 거여ㆍ마천 등 뉴타운 지역을 중심을 처음 공급 계획을 수립했으며 지난 3월에는 대학교가 밀집한 마포구 대흥2구역 현석2구역 등에 부분임대형 건립 계획을 발표했다. 특히 최근에는 중소형 아파트에 대한 선호도가 높아지면서 조합이 자체적으로 기존 중대형 아파트의 설계를 바꿔 부분임대형으로 지으려는 사례도 늘고 있다. 인기가 낮은 중대형 대신 중소형으로 주택을 바꾸면서 남는 공간을 세놓아 임대 수입을 올릴 수 있는 장점 때문이다. 성북구 석관동 석관2구역의 경우 전용 85㎡ 초과 중대형 168가구 중 42가구에 대해 부분임대를 도입하는 내용을 담은 정비계획을 수립 중이다. 석관2구역 조합 관계자는 조합원들이 임대수입을 올릴 수 있도록 하기 위해 부분 임대 도입을 적극 검토 중 이라면서 부분임대는 원하는 조합원들에게 공급되며 의견을 수렴해 최종 사업 계획을 마련할 계획 이라고 말했다. 이에 앞서 용산구 효창동 효창5구역 역시 부분임대 32가구를 건립하는 정비계획을 수립했다. 효창 5구역은 용적률을 종전보다 20%포인트 상향해 250%를 적용받게 되며 평균 18층 484가구로 재개발될 예정이다. 진희선 서울시 주거정비과장은 부분임대는 원주민 재정착 1 2인 가구용 주택 공급 확대 등의 효과가 있다 며 재개발ㆍ재건축 조합을 대상으로 부분임대의 장점을 적극 알리고 있어 앞으로 공급이 크게 늘어날 것 이라고 전망했다. 한편 국토해양부는 중대형 공동주택의 일부 공간을 30㎡ 이하로 분할해 사용하거나 임대하는 경우 주차장 등 부대복리시설을 1가구 기준으로 적용하도록 하는 지침을 마련해 이달부터 시행하고 있다.,https://news.naver.com/main/read.nhn?mode=LSD&mid=shm&sid1=260&oid=011&aid=0002159876,284
261268,2011.06.14. 오후 4:57,부동산,서울경제,수도권 보금자리 공급 차질 현실로,LH 자금난 등으로 올 10만가구만 짓겠다 정부의 수도권 보금자리주택 공급에 차질이 생길 것이라는 우려가 커지고 있다. 수도권 그린벨트를 풀어 오는 2012년까지 32만가구를 공급하기로 했지만 한국토지주택공사 LH 가 난색을 표하고 있기 때문이다. 정부는 현재 LH의 자금난과 사업 차질 등을 고려할 경우 내년까지 목표 달성이 어렵다고 보고 공급 목표를 하향 조정하는 방안도 검토 중이다. 14일 국토해양부에 따르면 LH는 올해 보금자리주택 전체 사업승인 물량을 10만가구로 책정하고 최근 국토부에 보고했다. 이는 지난해 말 업무보고에서 정부가 공급하겠다고 밝힌 보금자리주택 21만가구 중 LH가 건설해야 할 16만8 000가구 전체의 80% 에서 6만8 000가구가 모자란 것이다. 이 가운데 수도권 그린벨트지역 내 보금자리주택 사업승인 예정물량은 성남 고등 서울 양원지구 등 2만2 000여가구에 불과한 것으로 나타났다. 국토부에 따르면 올해 SH공사 경기지방공사 등 지방자치단체 산하 지방공사가 보금자리주택지구에서 사업승인을 받을 물량은 1만5 000가구에 그쳐 올해 수도권 그린벨트 보금자리주택의 사업승인 물량은 LH와 지방공사 물량을 합해도 4만가구를 넘지 못할 전망이다. 지난 2009년부터 2012년까지 4년간 32만가구를 공급하기 위해서는 연평균 8만가구씩 사업승인을 받아야 하는 것을 감안할 때 올해 물량은 절반에도 못 미치는 것이다. 그린벨트 보금자리주택이 도입된 2009년부터 지난해까지 2년간 사업승인을 받은 물량이 9만5 000가구에 불과해 올해 물량을 합치더라도 전체 목표치의 42%인 13만5 000가구에 그칠 것으로 전망된다. LH 관계자는 보금자리주택을 지을 만한 땅이 없고 LH의 미착공 물량 자금난 등을 고려할 때 내년에도 사업승인 물량이 크게 늘어나기는 어렵다 고 말했다. 한편 국토부는 그린벨트 보금자리주택의 공급 계획 연도와 목표물량을 모두 재조정해 조만간 공개할 것으로 알려졌다. 이와 함께 보금자리주택을 현재 분양 물량의 80%를 차지하는 전용면적 60 85㎡의 중형 대신 전용 60㎡ 이하의 소형 위주로 공급 방식을 재편할 방침이다.,https://news.naver.com/main/read.nhn?mode=LSD&mid=shm&sid1=260&oid=011&aid=0002159875,284
261269,2011.06.14. 오후 4:51,부동산,서울경제,업무용 오피스텔에도 투자 몰린다,주거용 오피스텔의 몸값이 치솟자 투자자들의 시선이 상대적으로 저렴한 업무용 오피스텔로 옮겨가고 있다. 송파구청 사거리 인근에 몰려 있는 업무·주거용 오피스텔들. 주거용보다 가격 싸고 매입후 리모델링·재건축 기대감도 커 주거용 오피스텔에 쏠리던 투자자들의 관심이 업무용 오피스텔까지 번지고 있다. 몸값이 껑충 오른 주거용 오피스텔에 비해 크게 저렴한 가격 때문이다. 특히 강남3구를 중심으로 업무용 오피스텔을 저렴하게 매입한 뒤 리모델링을 해 주거용으로 이용하려는 투자자들이 늘고 있으며 낡은 오피스텔을 재건축하려는 움직임까지 나타나고 있다. 14일 업계에 따르면 개별냉난방 및 바닥난방이 안 된다는 이유로 오피스텔 투자 열기에서 비켜나 있던 업무용 오피스텔에 대한 투자자들의 관심이 높아지고 있다. 주거용보다 크게 저렴한 가격으로 매입해 리모델링하거나 재건축으로 수익을 올릴 수 있다는 기대감 때문이다. 송파구 신천동 광개토공인의 정운재 대표는 송파구청 4거리의 잠실리시온 전용 43㎡의 매매가가 3억원인데 대우유토피아 전용 43㎡의 매매가는 2억1 000만원으로 업무용이냐 주거용이냐에 따라 1억원 가까이 매매가가 벌어진다 며 리모델링 비용을 고려해도 업무용 오피스텔이 저렴하다고 생각하는 투자자들이 많다 고 말했다. 주거용 오피스텔의 매매가격이 너무 올라 현재 매입가로는 연 5%의 수익률도 내기 힘들다는 것도 투자자들이 업무용 오피스텔로 관심을 돌리는 이유다. 주거용 오피스텔의 인기가 치솟자 업무용을 주거용으로 이용하려는 사례도 늘고 있다. 송파구 방이동 청호오피스텔의 경우 연초 주민들의 동의 아래 세대당 500만원가량의 비용을 들여 전 실에 천정형 개별냉난방시설을 설치하는 공사를 실시했다. 오후 6시만 되면 가동이 꺼지는 중앙냉난방기를 24시간 돌아가는 개별 냉난방비로 바꿔 주거를 목적으로 하는 세입자를 끌어들이기 위해서다. 인근 중개업소의 한 관계자는 일대 오피스텔 임대료가 월 80만원을 호가함에도 불구하고 중앙냉난방이라는 이유만으로 임대료가 월 45만 50만원 수준에 머물렀다 며 이번 시설공사로 임대료는 물론 매매가도 오를 것으로 전망하고 있다 고 설명했다. 서초동 현대골든텔의 경우 아예 재건축을 진행 중이다. 지난 1988년 준공된 현대골든텔의 경우 2호선 강남역과 가까운 역세권 오피스텔임에도 불구하고 바닥난방이 안 되는 등의 이유로 최근까지 전용 21㎡ 기준 매매가는 1억3 000만원선 임대가는 보증금 500만원에 월45만 50만원선에 거래됐다. 인근 위치한 한화오벨리스크 전용 26㎡의 매매가가 2억3000여만원 풍림아이원플러스 27㎡는 2억5 000여만원에 이르고 있는 점을 감안하면 1실당 1억원 가까운 가격 차이를 보이고 있는 셈이다. 현대골든공인의 한 관계자는 현재 건축심의를 통과했으며 서희건설을 시공사로 가선정해 인허가 절차를 진행 중 이라며 용적률 800%를 적용받아 5개 층을 올린 지하6층 지상18층으로 재건축해 일반분양도 진행할 계획 이라고 말했다. 그는 재건축 얘기가 돌자 1억3 000만원하던 전용 21㎡의 매매 호가가 1억6 000만원까지 올랐다 며 재건축이 이뤄지면 저평가된 매매가와 임대가를 주변 시세에 맞춰 올려받을 수 있을 것으로 기대하는 투자자가 많다 고 전했다.,https://news.naver.com/main/read.nhn?mode=LSD&mid=shm&sid1=260&oid=011&aid=0002159874,284
261270,2011.06.14. 오후 4:48,부동산,아시아경제,건설협회 맞춤형 경영 자문단 서비스 개시,아시아경제 박충훈 기자 대한건설협회 회장 최삼규 는 오는 15일부터 중소건설업계의 경영애로 해소와 대·중소기업간 동반성장을 위한 경영 자문단 서비스 를 실시한다. 경영자문단은 대형건설사 퇴직임원 등 현장경험이 풍부한 전문가로 구성된다. 토목 및 건축 기술 분야 회계 및 자금조달 해외진출 하도급 및 클레임 분야 원가관리 등으로 상담분야를 세분화해 맞춤형 자문서비스가 가능하다. 협회는 지역소재 중소건설업체의 편의를 위해 지역 순회 상담도 계획중이며 중소건설업체의 경영지원을 위한 신규 사업도 지속적으로 발굴할 예정이다. 경영자문단 운영·이용법은 협회 홈페이지 www.cak.or.kr 을 참고하면 된다. 협회 관계자는 맞춤형 자문단 서비스는 대형건설사와 중소건설업체간 멘토 멘티 관계를 구축해 동반성장 기반을 마련하는 모범 사례가 될 것 이라고 기대했다.,https://news.naver.com/main/read.nhn?mode=LSD&mid=shm&sid1=260&oid=277&aid=0002623004,284
261271,2011.06.14. 오후 4:48,부동산,서울경제,올해 마지막 재건축 시프트 잡아볼까,SH公 20일 청담·홍은·사당동 3곳 65가구 청약 여름방학을 앞두고 서울 강남권을 중심으로 전셋값이 오를 조짐을 보이면서 재건축 시프트 장기전세주택 에 실수요자들의 관심이 쏠리고 있다. 서울시 SH공사가 정비사업조합으로부터 일부 물량을 사들여 공급하는 재건축 시프트는 택지지구에 들어서는 건설형 시프트보다 입지 조건이 좋고 가격 경쟁력이 뛰어나 매번 수십대일의 경쟁률을 기록하는 등 인기를 끌어왔다. 14일 서울시에 따르면 SH공사는 오는 20일 ▦강남구 청담동 청담자이 ▦서대문구 홍은동 홍은3주택 ▦동작구 사당동 영아아파트 등 3개 단지 65가구 시프트에 대한 청약접수를 진행할 계획이다. 이번 공급 물량은 올해 마지막 재건축 시프트여서 수요자들의 눈치경쟁이 치열할 것으로 전망된다. 특히 영동대교 남단에 위치한 청담자이의 경우 한강조망이 확보되는 고급 주택지인데다 전용 59㎡ 12가구 는 물론 전용 84㎡ 8가구까지 공급돼 청약 수요자가 몰릴 것으로 보인다. 영아아파트나 홍은3주택에서는 전용 59㎡ 주택만 분양된다. 아직 분양가는 확정되지 않았으나 관련 법규에 따라 인근 아파트 전세 시세의 80% 밑에서 책정될 예정이다. 청담자이 인근 신동아아파트 전용 84㎡의 전세 시세는 3억5 000만 4억원선이다.,https://news.naver.com/main/read.nhn?mode=LSD&mid=shm&sid1=260&oid=011&aid=0002159870,284
261272,2011.06.14. 오후 4:48,부동산,서울경제,파주 교하 분양시장 다시 꿈틀,제2 자유로 개통·신세계 첼시 아울렛 개장 효과로 한라비발디 823가구 이달중 재분양 예정 롯데건설 1 880가구 15일부터 청약 시작 경기도 파주 교하신도시 일대 분양 시장이 다시 열리고 있다. 올해 제2자유로 개통과 신세계 첼시 아울렛 개장으로 이 일대가 주목을 받으면서 건설업체들이 미뤄뒀던 분양 물량을 다시 내놓고 있는 것. 전세난이 가중되고 있는 가운데 수도권 서북부 수요가 일부 살아날 수 있을지 관심이 모아진다. 14일 업계에 따르면 한라건설이 교하신도시 A22블록에서 한라비발디 플러스 823가구를 6월 중 재분양할 예정이다. 이 아파트는 지난해 한차례 공급됐으나 수요를 모으지 못하고 올해 재차 분양시장에 나왔다. 한라건설의 한 관계자는 지난해 분양 당시 분양가가 3.3㎡당 1 080만원 수준이었는데 올해는 이보다 가격을 낮추고 상품을 단장하는 한편 계약조건도 완화해 공급할 예정 이라고 말했다. 이 아파트는 지하 2층∼지상 25층 10개 동 규모로 전용 59 130㎡의 다양한 주택형으로 구성됐다. 단지 주변에 상업지구가 조성된다는 점이 장점이며 홈플러스도 단지 바로 근처에 들어선다. 친환경 신도시인 교하 신도시 물량답게 단지 내 녹지율이 50%에 달하고 약 1 500㎡의 잔디광장과 1000㎡의 전나무 산림욕장도 조성된다. 롯데건설도 교하신도시 A14블록에 지하1층 지상 18 20층 20개 동 규모 총 1 880가구 청약의 접수 일정을 15일부터 시작한다. 주택형은 전용 59 126㎡이며 72만6 000㎡ 규모의 가온호수공원이 단지와 바로 인접해 있다는 것이 최대 장점으로 꼽힌다. 분양가는 3.3㎡당 1 080만원 수준이다. 예비 청약자들은 아직까지는 미온적인 반응을 보이고 있다. 지난주 말 롯데건설 모델하우스를 찾은 한 수요자는 공원이 눈에 띄게 크고 자유로 라인이 정비돼 교통도 괜찮아진 편이지만 3.3㎡당 900만 1 000만원 수준을 기대하고 왔는데 다소 가격이 높은 것 같다 고 말했다. 한편 하반기에는 일신건영과 동문건설도 파주 분양에 나선다. 일신건영은 교하신도시 A27블록에 휴먼빌 1 009가구를 선보이며 동문건설은 파주 문산읍 선유리에서 동문굿모닝힐 309가구를 공급할 예정이다.,https://news.naver.com/main/read.nhn?mode=LSD&mid=shm&sid1=260&oid=011&aid=0002159867,284
261273,2011.06.14. 오후 4:44,부동산,한국경제TV,한국도로공사 사장 장석효 내정,앵커 한국도로공사 사장에 장석효 전 서울시 부시장이 내정되는 등 국토해양부 산하 공기업 사장단 인사가 이 달부터 시작됩니다. 공기업 수장들의 후임 인사 하마평을 신용훈기자가 정리했습니다. 기자 국토해양부 산하 공기업 사장단 인사가 이 달부터 시작됩니다. 가장 먼저 후임인사가 결정되는 곳은 한국도로공사. 최근 인사 공모를 거쳐 1명으로 압축돼 청와대 재가만을 남겨두고 있습니다. 후임으로는 이 대통령의 서울시장 재임시절 신임을 얻은 장석효 전 서울시 행정2부시장이 사실상 내정됐습니다. 전화 인터뷰 도로공사 관계자 최종 임명장은 아직 안 받으신 걸로 알고 있다. 수일 안에 진행 될 걸로만 짐작하고 있다. 7월말 임기가 끝나는 김건호 수자원 공사 사장은 연임이 유력시 되고 있습니다. 그동안 추진해온 4대강 사업을 마무리할 적임자라는 평가를 받고 있어 공기업 수장으로는 이례적으로 재신임이 점쳐지고 있습니다. 전화 인터뷰 수자원공사 관계자 4대강 등 여러가지 사업을 잘 추진해 왔다. 대통령도 성과가 좋은 공기업 사장에겐 기회를 더 줘야한다고 발언한 바 있다 교통 분야 기관장들의 교체여부 역시 관전포인틉니다. 오는 7월까지 조현용 철도시설공단 이사장 후임이 결정되고 이어 8월에는 이채욱 인천국제공항공사 사장과 성시철 한국공항공사 사장의 거취가 판가름 납니다. 이처럼 수장들의 임기만료가 눈앞으로 다가왔지만 대부분 공기업들은 공모 일정조차 잡지 않고 있어 후임 인사의 윤곽이 드러나기까진 상당한 시일이 필요해 보입니다. WOW TV NEWS 신용훈입니다.,https://news.naver.com/main/read.nhn?mode=LSD&mid=shm&sid1=260&oid=004&aid=0002082087,284
261274,2011.06.14. 오후 4:42,부동산,서울경제,송파구도 단독주택 재건축 속도 낸다,강남·서초구에 이어 서울 송파구에서도 단독주택 재건축을 시작하는 구역이 등장할 것으로 전망된다. 정비예정구역이 있는 송파구 문정동 일대. 송파동 일대 정비사업 착수 이어 잠실동도 추진 일반 재개발 보다 수익성 높아 투자자 관심 클듯 서울 송파구 일대 단독주택 재건축 사업이 속도를 내고 있다. 그동안 강남권에서는 서초구 방배동 강남구 대치동 등을 중심으로 이러한 유형의 정비사업이 추진돼왔다. 하지만 최근 송파구에서도 단독주택 재건축 사업이 본격적으로 시작돼 투자자들의 관심이 커질 것으로 전망된다. 14일 부동산업계에 따르면 송파구는 최근 송파동 100 일대 2만4 269㎡에 대한 주택재건축정비계획수립 및 구역지정 을 위한 기술용역 업체를 선정하고 본격적인 정비사업에 착수했다. 지난해 서울시가 송파구에서 처음으로 지정한 단독주택재건축 정비예정구역 3곳 송파동 100 오금동 143 문정동 136 중 최초로 발걸음을 뗀 곳이 등장한 것이다. 이밖에 최초 지구단위계획에 따른 정비를 추진하던 잠실동 210 일대 2만5 422㎡ 부지에서도 단독주택재건축 사업이 추진되고 있다. 단독주택재건축 사업이 투자자들의 이목을 끄는 이유는 일반적인 재개발에 비해 상대적으로 수익성이 높기 때문이다. 우선 단독주택재건축 구역은 도로가 반듯하게 나 있고 기반시설이 잘 갖춰진 곳이 많아 같은 면적의 재개발구역에 비해 조합원 수가 적은 편이다. 실제로 송파동 100 일대의 경우 다세대ㆍ다가구 등을 합쳐 건물이 90동 棟 에 불과한 것으로 송파구는 파악하고 있다. 조합원이 적으면 일반분양 수익에 대한 가구당 몫이 커져 추가분담금이 낮아지는 효과를 보게 된다. 또한 단독주택재건축은 재개발과 달리 전체 주택 중 임대주택을 17% 지어야 하는 의무 건립비율도 적용 받지 않는다. 이 역시 사업성을 높여주는 효과가 있다. 송파동 B공인 관계자는 중대초ㆍ가락중ㆍ가락고교 등 교육시설이 주변에 몰려 있는데다 입지 여건도 좋아 사업이 본궤도에 오르면 투자 수요가 많아질 것 이라고 말했다. 문제는 부동산 경기 침체다. 송파구 일대 빌라나 단독주택의 가격이 이미 많이 오른 상황에서 실제 수익을 낼 수 있을지 불투명하기 때문이다. 송파동 일대 다세대주택의 지분 3.3㎡당 가격은 3 500만 4 000만원 선으로 지상 50층 규모의 초고층 개발이 추진되고 있는 성동구 성수지구와 비슷한 수준이다. 한 재개발컨설팅 전문가는 서초구 방배동이나 대치동 구마을 일대 단독주택 재건축 사업이 지지부진한 것도 결국 사업성 때문 이라며 인근 아파트 값이 갑자기 뛰어오르지 않는 이상 속도를 내기는 어려워 보인다 고 말했다. 낮은 용적률도 걸림돌이 될 수 있다. 서울시가 지난해 지정한 단독주택재건축 정비예정구역은 대부분 계획용적률 170 190% 내외에 층수 역시 7 12층으로 제한했다. 사실상 고층 아파트를 지어 수익을 내기 어려운 구조인 셈이다.,https://news.naver.com/main/read.nhn?mode=LSD&mid=shm&sid1=260&oid=011&aid=0002159866,284
261275,2011.06.14. 오후 4:41,부동산,한국경제TV,한강밤섬자이 4년전 분양가로 공격 분양 눈길,GS건설이 한강밤섬자이 아파트를 4년전 분양가로 공급해 눈길을 끌고 있습니다. 마포구 하중동에 위치한 한강밤섬자이 는 입주 2년차 단지로 지상 최고 25층 7개동 488가구로 이뤄져 있습니다. 이번 분양물량은 전용 84 132㎡ 46가구로 2009년 도정법 개정에 따라 임대에서 일반분양으로 전환된 물량입니다. 특히 118과 132㎡형의 경우 3.3㎡당 2 014 2 053만원으로 4년전 분양가 수준으로 가격경쟁력이 우수한 편입니다. 오는 17일 단지내 샘플하우스를 일반에 개방할 예정이며 계약금은 분양가의 5% 중도금은 10%이며 잔금 85%는 6개월 후 납입하는 조건입니다. GS건설 관계자는 이미 지역내 랜드마크 아파트 단지로 이번에 분양가를 4년전 가격으로 공급하는 만큼 큰 인기를 끌 것 이라고 말했습니다.,https://news.naver.com/main/read.nhn?mode=LSD&mid=shm&sid1=260&oid=215&aid=0000020384,284
261276,2011.06.14. 오후 4:35,부동산,파이낸셜뉴스,삼성물산 1억 5077만달러 싱가포르 매립공사 수주,삼성물산은 싱가포르에서 1억5077만달러 규모의 해안 매립공사를 수주했다고 14일 밝혔다. 싱가포르 JTC가 발주한 이 공사는 주롱섬 동남부 해안지역을 매립해 산업단지로 조성하는 것이다. 삼성물산은 잠실종합운동장의 43배 넓이인 총 30.8ha를 매립하고 호안을 축조하게 된다. 삼성물산은 JTC의 본사건물과 주롱매립공사를 수행하면서 보여준 기술력과 공사수행능력을 바탕으로 이번 프로젝트를 수주했다. 삼성물산 관계자는 “가격과 품질 공기 안전 등 모든 분야에서 최적의 조건을 제시해 최근 싱가포르에서 잇따라 프로젝트를 수주하고 있다”고 설명했다.,https://news.naver.com/main/read.nhn?mode=LSD&mid=shm&sid1=260&oid=014&aid=0002456455,284
261277,2011.06.14. 오후 4:23,부동산,노컷뉴스,대우건설 말레이시아 최초 6성급 호텔 건설 수주,1.9억弗 원IFC 프로젝트 수주…쿠알라룸푸르 랜드마크 기대 CBS산업부 정재훈 기자 대우건설이 말레이시아의 수도 쿠알라룸푸르에 말레이시아 최초의 6성급 호텔을 건설한다. 대우건설은 쿠알라룸푸르 반다라야 지구에 지하 3층 지상 48층 규모의 6성급 호텔 및 레지던스를 건설하는 원 IFC 프로젝트를 수주했다고 14일 밝혔다. 총 1억9천만 달러의 공사비가 투입되는 이 호텔은 쿠알라룸푸르의 중앙역인 KL센트럴역 앞에 위치해 쿠알라룸푸르의 상징적인 건축물이 될 것으로 기대된다. 발주처는 말레이시아 최대 부동산 투자개발회사인 MRCB와 CMY 캐피탈의 합작회사인 원 IFC 레지던스로 자격심사를 통과한 소수의 업체만 참여하는 제한경쟁으로 입찰이 이뤄졌다. 1983년 말레이시아에 진출한 대우건설은 이번 수주로 말레이시아에서 총 11개 프로젝트 누계 16억 달러의 수주고를 기록했다. 특히 1998년 완공한 말레이시아 텔레콤 사옥은 77층 규모의 초고층 인텔리전트 빌딩으로 현재까지도 말레이시아 건축의 백미로 꼽히고 있다. 대우건설은 올 들어 15억6천만 달러의 수주고를 올리고 있으며 올해 해외에서 53억 달러를 수주한다는 목표를 갖고 있다.,https://news.naver.com/main/read.nhn?mode=LSD&mid=shm&sid1=260&oid=079&aid=0002259577,284
261278,2011.06.14. 오후 4:15,부동산,파이낸셜뉴스,삼성물산 1억 5077만달러 싱가포르 매립공사 수주,삼성물산은 싱가포르 JTC가 발주한 머바우 매립공사를 1억5077억달러 한화 1703억원 에 수주했다고 14일 밝혔다. 이번 공사는 싱가포르 주롱섬 동남부 해안지역을 매립해 산업단지로 조성하는 공사로 삼성물산은 잠실종합운동장의 43배 넓이인 총 30.8ha를 매립하고 호안을 축조하는 공사다. 삼성물산은 JTC의 본사건물과 주롱매립공사를 수행하면서 보여준 기술력과 공사수행능력을 바탕으로 이번 프로젝트를 수주했다. 삼성물산 관계자는 “가격과 품질 공기 안전 등 모든 분야에서 최적의 조건을 제시해 최근 싱가포르에서 잇따라 프로젝트를 수주하고 있다”고 설명했다.,https://news.naver.com/main/read.nhn?mode=LSD&mid=shm&sid1=260&oid=014&aid=0002456438,284
261279,2011.06.14. 오후 4:12,부동산,디지털타임스,윤상직 지경1차관 QWL밸리 부동산 취득세 감면 협의중,윤상직 지식경제부 제1차관은 14일 QWL Quality of Working Life 밸리사업을 위해 취득하는 부동산과 이 사업으로 신ㆍ증축되는 부동산에 대한 취득세 감면을 행정안전부와 협의하고 있다 고 말했다. 윤 차관은 이날 익산ㆍ전주지역 기업인들과 간담회를 가진 자리에서 이같은 입장을 전하면서 익산시측에 QWL 밸리 사업에 대한 용적률ㆍ건폐율 완화 방안을 검토해 줄 것을 요청했다. 이날 간담회에는 익산 국가산업단지와 전북 테크노파크의 입주기업 14곳 대표 전북 민생일자리본부장 익신시장 호남권 선도산업지원단 한국산업단지공단 관계자 등 모두 23명이 참석했다. QWL 밸리 사업은 일터 배움터 즐김터 등 이른바 3터 가 어우러져 일하고 싶은 공간으로 산업단지를 육성한다는 게 골자다. 2009년 말 조성된 지 20년 이상 지난 국가산업단지 중 반월시화 남동 구미 익산 등 4곳이 이 사업의 시범지역으로 정해졌다.,https://news.naver.com/main/read.nhn?mode=LSD&mid=shm&sid1=260&oid=029&aid=0002068874,284
261280,2011.06.14. 오후 4:01,부동산,연합뉴스,분양소식 현대건설 이수 힐스테이트,서울 연합뉴스 강건택 기자 현대건설은 다음 달 서울 동작구 동작동에서 이수 힐스테이트 680가구를 공급한다고 14일 밝혔다. 대지면적 4만8천153㎡ 연면적 11만5천516㎡에 지하 2층 지상 8 15층 15개동 규모로 조성된다. 전용면적 기준 59㎡ 171가구 84㎡ A타입 223가구 84㎡ B타입 80가구 108㎡ 160가구 133㎡ 13가구 141㎡ 13가구 147㎡ 20가구로 구성된 이 아파트는 모두 304가구를 일반분양한다. 지하철 4·7호선 이수역과 가깝고 동작대로 올림픽대교 강변북로를 이용해 도심으로 쉽게 접근할 수 있다고 회사 측은 설명했다. 단지 주변에 도보로 통학 가능한 초·중·고교가 있고 백화점 고속버스터미널 경찰서 등 각종 편의시설과도 가깝다. 다음 달 이수역 14번 출구 인근에 모델하우스를 연다. 입주 예정은 2013년 2월이다.,https://news.naver.com/main/read.nhn?mode=LSD&mid=shm&sid1=260&oid=001&aid=0005112373,284
261281,2011.06.14. 오후 4:01,부동산,매일경제,대우건설 말레이시아서 6성급 호텔 건설,대우건설이 말레이시아 수도 쿠알라룸푸르에서 말레이시아 최초로 6성급 호텔을 짓는다. 대우건설은 서종욱 사장이 지난 13일 말레이시아를 방문해 쿠알라룸푸르 도심인 반다라야 지구에 지하3층 지상48층 규모 6성급 호텔과 레지던스를 짓는 원 IFC 프로젝트 를 수주했다고 14일 밝혔다. 이 공사는 총 1억9000만 달러 규모로 말레이시아 최대 부동산 투자개발회사인 MRCB와 CMY캐피탈의 합작사인 원 IFC 레지던스 가 발주했다. 올 하반기 공사에 들어가고 준공은 착공 후 42개월 뒤다. 대우건설은 이번 수주로 말레이시아에서 총 11개 프로젝트 16억 달러의 수주고를 기록했다고 전했다. 특히 지난 1998년 완공한 말레이시아 텔레콤 사옥은 77층 규모의 초고층 인텔리전트 빌딩으로 아직까지도 말레이시아 랜드마크 건물 중 하나로 꼽히고 있다. 대우건설은 이번 공사를 수주하면서 올들어 해외사업 수주고를 15억6000만 달러로 늘렸다. 이명진 기자 r start 화보 전혜빈 핫 한 바디 비법 공개 MB가 공직자 모범사례로 칭찬한 강성태 교수는 닛산 리프 니즈모 RC 르망 24시간 레이스 시범 주행 1600원으로 잭팟 터져 45억 대박 정신질환 40대女 국가상대 7조원대 황당 소송 10kg 감량 영지 고해 열창 새삼 화제…폭풍 고음 박완규 과거 고백 “지난 10년 동안 한 것 없이 막 살았다” r end ⓒ 매일경제 mk.co.kr 무단전재 및 재배포 금지 MBA도 모바일로 공부한다.,https://news.naver.com/main/read.nhn?mode=LSD&mid=shm&sid1=260&oid=009&aid=0002484354,284
261282,2011.06.14. 오후 3:58,부동산,아시아경제,알짜경매상계동 보람아파트 최저가 1억 5680만원,아시아경제 박충훈 기자 강남권 아파트의 경매 평균 응찰자수가 올초에 비해 절반 가량 떨어졌다. 실수요자들에게는 좋은 가격에 매물을 낙찰 받을 수 있는 기회가 늘어난 것이다. 강남권 아파트 경매 평균 응찰자수는 올 1월 8.2명에서 5월에는 4.2명으로 줄었다. 이외에도 전반적인 수도권 아파트 매매가의 하락세가 짙어지며 경매 매물 역시 가격이 소폭 하락했다. 지지옥션의 도움으로 주목되는 서울·수도권 매물을 살펴봤다. ◇ 서울 노원구 상계동 보람아파트 최저가 1억 5680만원 노원구 상계동 639 보람아파트 107동 1105호가 경매에 나왔다. 1988년 준공된 21개동 3 315가구의 대단지로써 해당 물건은 15층 건물중의 11층이다. 7호선 마들역이 걸어서 7분 거리이다. 주변에 갈을근린공원 온수그린공원 갈말공원 롯데백화점 롯데마트 상계백병원 등의 레저·편의시설이 있고 청원초교 상곡초교 상월초교 온곡중 청원여고 용화여고 청원고 등 교육시설도 가까이 있다. 최초감정가 2억 4500만원에서 2회 유찰됐다. 오는 27일 서울북부지방법원 경매1계에서 입찰할 수 있다. 사건번호 2010 14025. ◇서울 강서구 등촌동 등촌대림아파트 최저가 5억7600만원 강서구 등촌동 694 등촌대림아파트 106동 1404호가 경매에 나왔다. 1995년 준공된 8개동 680가구의 단지로써 해당 물건은 20층 건물중의 14층이다. 9호선 가양역이 걸어서 7분 거리이다. 주변에 등촌근린공원 새벗공원 우장산공원 홈플러스 강서송도병원 등의 레져편의시설이 있고 등현초교 등양초교 공진초교 등명초교 등명중 마포중 경복여고 등촌고 등 교육시설도 가까이 있다. 최초감정가 7억2000만원에서 1회 유찰됐다. 오는 27일 서울남부지방법원 경매6계에서 입찰할 수 있다. 사건번호 2010 28304. ◇서울 송파구 신천동 파크리오 아파트 최저가 7억 5200만원 송파구 신천동 17 파트리오 아파트 310동 502호가 경매에 나왔다. 2008년 준공된 59개동 6 864가구의 대단지로 해당 물건은 30층 건물의 5층이다. 2호선 잠실나루역이 걸어서 3분 거리이다. 주변에는 석촌호수공원 롯데월드어드벤쳐 롯데백화점 롯데마트 홈플러스 등의 레저·편의시설이 있고 송전초교 신천초교 잠동초교 잠신중 잠신고 영동일고 등의 교육시설도 가까이 있다. 최초감정가 9억 4000만원에서 1회 유찰됐으며 입찰은 오는 27일 서울동부지방법원 경매5계에서 할 수 있다. 사건번호 2010 16315. ◇경기 성남시 분당구 정자동 아이파크 주상복합 최저가 10억원 성남시 분당구 정자동 11 아이파크 주상복합 301동 3403호가 경매에 나왔다. 2003년 준공된 3개동 307가구의 단지로 해당물건은 34층 건물의 34층이다. 분당선 정자역이 걸어서 5분 거리이다. 주변에는 분당주택공원 능골공원 롯데백화점 이마트 분당서울대병원 등의 레저·편의시설이 있고 신기초교 정자초교 정자중 늘푸른중 백현중 분당고 한솔고 등의 교육시설도 가까이 있다. 최초감정가 12억5000만원에서 1회 유찰됐다. 입찰은 오는 27일 수원지방법원 성남지원 경매4계에서 할수있다. 사건번호 2010 9353. ◇인천시 연수구 청학동 연수1차 하나아파트 최저가 1억 7150만원 연수구 청학동 455 연수1차 하나아파트 107동 706호가 경매에 나왔다. 1995년 준공된 8개동 724가구의 단지로 해당물건은 15층 건물의 7층이다. 원인재역이 걸어서 10여분 거리이다. 주변에는 하나어린이공원 용담근린공원 가나안공원 문화공원 연수체육공원 롯데마트 등의 레저·편의시설이 있고 청학초교 문남초교 청령초교 청학중 청량중 청학공고 연수여고 연수고 등의 교육시설도 가까이 있다. 최초감정가 2억4500만원에서 1회 유찰됐다. 입찰은 오는 28일 인천지방법원 경매10계에서 한다.,https://news.naver.com/main/read.nhn?mode=LSD&mid=shm&sid1=260&oid=277&aid=0002622967,284
261283,2011.06.14. 오후 3:45,부동산,세계일보,서울 한강변에 선보이는 ‘三色 자이’,GS건설 5 6월 한강 조망권 갖춘 서울 알짜 아파트 단지 잇달아 분양 세계닷컴 최근 서울시정개발연구원이 발표한 자료에 따르면 서울 시민과 도시계획ㆍ건축ㆍ조경 등 분야 전문가가 생각하는 서울의 대표 경관은 남산과 한강으로 나타났다. 이러한 서울의 대표 경관 중 하나인 한강 조망권을 갖춘 3개 단지가 이달부터 서울에서 잇달아 공급을 준비중에 있어 주목을 끌고 있다. GS건설은 5월과 6월에 서울에서 한강조망이 가능한 3개 단지를 신규로 공급할 예정이라고 9일 밝혔다. GS건설이 공급하는 단지는 강서한강자이 5월 청담자이 6월 한강밤섬자이 6월 로 모두 서울에 위치한 한강 조망권 아파트 단지라는 공통점을 갖추고 있다. 또 이들 3개 단지는 한강조망권이라는 공통점 외에도 각 단지별로 교통 학군 개발호재 등 아파트 구매시 고려하는 요소 중 빼놓을 수 없는 장점들을 갖추고 있어 내집마련을 준비하는 수요자들은 청약에 관심을 가질 만 하다. 교통 및 개발호재 강서한강자이 강남최고의 명문학군 청담자이 및 직주근접 한강 밤섬자이 등 단지별 특징 도드라져 한강조망권 교통 개발호재 ‘강서 한강자이’ GS건설에서 분양하는 올해 첫 서울지역 분양 물량으로 서울 강서구 가양동 52 1 번지 일대에 지하2층 지상22층 10개동 총 790가구 규모로 들어선다. 이중 장기전세주택 shift 을 제외한 709가구가 일반분양 물량으로 공급되며 공급 규모는 전용면적 59㎡ 154㎡ 로 전체 단지 중 중소형이 약 74% 를 구성하고 있다. ‘강서한강자이’는 올림픽대로 가양IC인근에 위치 층 향에 따라 다소 차이가 있으나 일부 세대에서 양호한 한강 조망권을 갖추고 있다. 또한 지하철 9호선 가양역과 양천향교역 사이에 자리하고 있어 가양역과 양천향교역을 도보로 이용할 수 있는 특급 역세권이다. 특히 가양역은 지하철9호선 급행 정차역으로 김포공항 6분 여의도 11분 강남 22분 內에 도착할 수 있다. ‘강서한강자이’의 특징 중 눈에 띄는 것은 바로 미래가치로 사업지 인근으로 서울의 마지막 노른자위로 꼽히는 마곡지구가 위치해 있다. 마곡지구는 전체부지면적이 약 366만㎡에 달하는 대규모 개발사업지로 주거단지외에 차세대 지식산업단지 국제업무단지 정보기술 IT 바이오산업 BT 녹색산업 GT 나노산업 NT 관련 R D중심의 첨단산업 연구개발 단지가 들어설 예정이다. 또한 사업지 바로 인근에는 약 10만㎡ 규모의 CJ공장부지가 아파트 및 상업시설로 개발을 추진중에 있어 향후 개발 완료 후에는 마곡지구와 함께 이 일대가 강서구의 대표 주거단지로 탈바꿈할 전망이다. 한강조망권 ‘강남 최고 명문학군 ’ ‘청담자이’ 반포자이 이후 3년만에 강남에서 선보이는 ‘청담자이’는 강남구 청담동에 위치한 청담한양아파트를 재건축한 단지이다. 지하2층 지상35층 5개동 총 708가구 규모로 이중 조합분 및 보금자리주택분을 제외한 16가구가 오는 6월 일반분양 물량으로 공급되며 공급 규모는 전용면적 49㎡ 90㎡ 이다. 청담자이의 가장 큰 장점은 ‘강남최고의 명문학군’을 꼽을 수 있다. ‘청담자이’는 우수한 교육환경과 함께 남아를 둔 학부모들에게 높은 선호도를 보이고 있는 경기고를 비롯해 자율형 사립고인 휘문고 영동고 청담중 봉은중 청담초 봉은초 등 강남 최고의 학군을 갖추고 있다는 평가를 받고 있다. 강남의 경우 신규 아파트에 대한 수요가 항상 잠재되어 있고 전국적으로 교육 특구 강남으로의 진입을 계획하는 실수요층이 두터워 높은 인기를 끌 것으로 전망된다. GS건설은 ‘청담자이’가 최고의 학군 지하철 7호선 역세권 한강조망권 등을 갖추고 있는 우수한 입지에 들어서는 만큼 반포자이에 이은 강남의 대표적 랜드마크급 아파트를 조성한다는 계획이다. 오는 10월 입주로 GS건설은 ‘자이’홈페이지를 통해 공개모집을 계획하고 있다. 한강조망권 ‘직주근접 ’ ‘한강밤섬자이’ ‘한강밤섬자이’는 한강변에 위치하여 우수한 조망권을 가졌으며 지난해 3월 준공 및 입주한 단지이다. 금번 분양 대상은 당초 재건축단지의 보금자리주택 공급을 위한 임대분으로 2009년 4월 도시및주거환경정비법이 개정에 따라 일반분양분으로 전환된 물량이다. ‘한강밤섬자이’는 지하2층 지상25층 7개동 총 488가구로 다음달 공개청약을 통해 전용면적 84㎡ 132㎡ 규모의 총 46가구가 공급된다. ‘한강 밤섬자이’는 강변북로변에 위치 밤섬을 비롯한 우수한 한강조망권을 갖춘 장점 외에도 도심 및 여의도 업무지구로의 뛰어난 직주근접성을 가진 단지로 지역내 랜드마크 단지로 자리매김하고 있다. 밤섬자이는 지하철 6호선 광흥창역을 비롯 강변북로 올림픽대로를 이용 강남 북으로의 이동이 쉬운 사통팔달의 위치에 있으며 특히 단지와 인접해 있는 서강대교와 양화대교를 통해 여의도와 목동 등과의 인접성이 뛰어나다. GS건설 관계자는 “ 한강밤섬자이는 서울 3대 업무지구 중 도심 업무지구와 여의도 업무지구 접근성이 우수해 한강조망 프리미엄을 갖춘 직주근접형 주거단지로 이 일대 랜드마크 아파트로 자리잡았다”며 “금번 분양 물량이 가구수는 적지만 실수요층이 두터운 전용 84㎡ 가 공급되고 로열층이 다수 포함되어 있어 도심과 여의도권 출퇴근 실수요자들이 관심을 가져볼 만하다.”고 말했다. ※본 콘텐츠는 기업 제공 자료로 세계닷컴의견과 다를수 있습니다. Segye.com Segye.com 인기뉴스 여친이 에이즈에 걸려… 이제 죽겠다 K팝 첫 유럽 상륙 성공했지만… 불리한 진술해 …공범 불태워 살해한 전직경찰 만취한 여성이 스마트폰을 건네준다면… 한국女 토막살인 살인 아니다 日판결에… ⓒ 세계일보 Segye.com 무단 전재 및 재배포 금지 금융전문뉴스 세계파이낸스 모바일로 만나는 세계닷컴 세계닷컴은 한국온라인신문협회 www.kona.or.kr 의 디지털뉴스이용규칙에 따른 저작권을 행사합니다.,https://news.naver.com/main/read.nhn?mode=LSD&mid=shm&sid1=260&oid=022&aid=0002274963,284
261284,2011.06.14. 오후 3:44,부동산,동아일보,부동산투자 新트렌드 ‘시세차익보다 임대수익’,동아닷컴 시세차익 보다 안정적인 임대수익을 얻을 수 있는 투자가 대세다. 경기 침체로 부동산을 사고 팔아 이익을 챙기는 ‘시세차익’형 투자가 어려워지자 매달 고정적인 월세를 받을 수 있는 ‘임대수익’형 투자로 투자자들의 관심이 옮겨가고 있다. 이에 따라 부동산 투자 전략도 다시 세워야 한다는 지적이 나오고 있다. 최근 여윳돈을 수익형부동산에 투자하려는 이씨 50세 는 선뜻 투자에 나서기가 쉽지 않다고 말했다. 많은 상품 중에서 어떤 상품에 투자해야 할 지 막막했기 때문이다. 하지만 아파트보다는 수익형부동산으로 관심을 돌려야 한다는 생각에는 변함이 없다. 이씨는 최근 부동산 전문가들을 통해 ‘돈’되는 부동산은 따로 있다는 것을 알았다고 털어놨다. 그는 특히 유동인구가 많고 배후 수요가 풍부한 오피스텔을 눈여겨보고 있다고 했다. 이씨의 경우처럼 수익형부동산에 여윳돈을 투자하려는 사람들이 늘고 있다. 글로벌 경기 침체로 국내 경기 변동폭이 커지면서 직장 생활이 예전보다 불안정해졌기 때문이다. 여기에다 최근 은퇴를 시작한 베이비붐 세대 가운데 노후 대책으로 재테크를 계획하는 사람도 조금씩 늘고 있다. 또한 아파트 시장이 침체된 탓에 일정한 임대료를 얻을 수 있는 수익형부동산이 각광받고 있다. 수익형부동산은 부동산 상품 중에서 토지나 주거용 부동산을 뺀 상업용 부동산을 말한다. 대표적인 수익형부동산으로는 상가 오피스텔 등이 있으며 최근에 1 2인 가구 수요를 겨냥한 도시형생활주택이 새롭게 떠오르고 있다. 부동산 전문가들은 “아파트 시장보다는 일정한 임대료를 얻을 수 있는 수익형부동산 투자에 관심을 보이는 투자자들이 늘고 있다”면서 “오피스텔 도시형생활주택 상가 등 각 상품별 맞춤 투자 전략을 세워 접근하는 것이 좋다”고 말했다. 이 같은 이유로 전문가들은 수익형부동산의 안정적인 임대수익을 누리기 위해서는 배후수요가 기대되는 입지조건의 상품들을 주목할 필요가 있다고 내다봤다. 올해 5 6월 중 신규 분양되는 수익형부동산 오피스텔 도시형생활주택 상가 중에서는 입지와 규모 상품성이 뛰어난 곳들이 눈에 띈다. 대우건설은 전용 24 52㎡ 지하5층에서 지상 14층 총 1249실의 송파 푸르지오시티를 6월 분양할 예정이다. 송파 푸르지오시티는 랜드마크가 될 가든파이브 활성화단지 1 2블록에 조성된다. 1000실이 넘는 대규모 오피스텔로 많은 투자 수요의 관심을 끌 것으로 보인다. 1 2인 주거에 맞는 원룸 투룸형 오피스텔로 기존에 볼 수 없었던 1.5베이의 유니트를 과감히 도입하고 천정고도를 2.45㎡가지 높여 기존 오피스텔과 다른 개방성을 제공한다. 강남3구 중 하나인 송파구에 위치해 있고 제2롯데월드 가락시장 현대화 KTX 수서역 개발 호재도 있어 입지 조건이 뛰어나다. 한편 이 오피스텔은 대형 오피스텔 최초로 신재생에너지를 적극 도입했다. 상업시설과 오피스텔 공용부는 신재생 에너지인 지열발전과 태양광발전을 활용하였으며 에너지 성능지표를 고려한 친환경 설계로 여타 일반 오피스텔 대비 뛰어난 관리비 절감효과를 누릴 수 있다. 송파 푸르지오 시티는 6월 중 오픈할 예정이며 입주는 2013년 8월 예정이다. 분양가는 3.3㎡당 1200만원대다. 분양문의 1544 3330 본 자료는 해당기관에서 제공한 보도 자료입니다.,https://news.naver.com/main/read.nhn?mode=LSD&mid=shm&sid1=260&oid=020&aid=0002251170,284
261285,2011.06.14. 오후 3:44,부동산,동아일보,집값 무릎까지 빠졌다…지금 집 사라,동아닷컴 부동산 시장 전망이 긍정적인 가운데 실수요자는 물론 투자자들의 움직임에도 변화가 있을것으로 예상되고 있다. 올해 및 내년에도 주택 공급량이 감소할 예정이기 때문에 보금자리를 마련하려는 수요자들의 마음이 바빠질 것으로 보인다. 부동산전문가들은 “내집마련이나 갈아타기를 염두에 두고 있다면 집값 바닥으로 점쳐지는 올해를 노리는 것도 기회”라고 말한다. 특히 최근 지방 부동산 시장의 매매가 상승이나 강남 오피스텔의 경쟁률 등을 주목해 볼만하다. 부산의 경우 이동식 중개업소를 뜻하는 ‘떳다방’까지 출현했다. 모델하우스에는 사람들이 북적댔고 경매시장에도 지방 부동산이 고가로 낙찰되고 있다. 강남역 한 오피스텔은 평균경쟁률 37.2대 1을 기록하면서 100%계약을 성사시켰다. 업계 관계자는 “올해는 내집마련을 하기 좋은 시기다. 특히 입주물량 부담으로 가격하락 및 파격적인 분양조건이 풍부한 고양 용인 등지의 브랜드 아파트를 노려볼만하다”라고 전했다. 최근 명문학군 아파트로 주목받는 일산 자이 위시티는 대표적인 추천 단지다. 입주를 시작한 아파트로 조경이 뛰어나고 학군도 좋아 입주만족도가 높다. 일산 자이 위시티가 들어선 1 2 4블록에는 ‘물’ ‘숲’ ‘들’을 주제로 다양한 테마 정원이 조성돼 있으며 수령 100년 이상의 적송 1500그루를 포함해 명품 소나무 2300그루가 단지 곳곳에 심어졌다. 1단지에 들어서면 레벨차가 나는 단지의 지형적 특징을 살린 조각분수원 자갈정원 썬베드 등을 볼 수 있다. 2단지는 기암괴석과 분재형 수목 폭포 등으로 연출된 석산인 ‘천선대’를 조성했다. 또한 208동과 209동 사이에 조성된 ‘어반 정글’은 큐브 모양에 구멍이 뚫린 대형 조형 파고라로 입주민들이 쉴 수 있는 휴식공간으로 조성됐다. 또한 원중초 양일초 양일중 고양국제고 등이 가까워 ‘명문 학군’ 아파트로 꼽히고 있다. 고양국제고는 서울 부산 인천 청심 화성 국제고에 이어 여섯 번째 건립되는 것으로 수도권 강북 내 유일한 국제고등학교다. 한편 인근에 동국대 바이오 메디 융합캠퍼스도 위치해 있어 위시티는 일산지역 교육 8학군으로 급부상할 전망이다. 또한 저현고등학교는 자율형 국립고로 선정됐다. GS건설 ‘일산자이 위시티’는 지하2층 지상30층 43개동 총 4 683가구 규모로 교통 및 편의시설 이용도 뛰어나다. 일산I.C 고양I.C가 가깝고 제2자유로와 경의선 복선전철 등을 이용할 수 있어 서울과의 접근성이 뛰어나다. 경의선 백마역 풍산역과 지하철 3호선 정발산역도 가깝다. 특히 GTX 개발 계획 확정 경의선 복선전철 파주 문산역 서울 상암DMC역 구간 개통으로 ‘서울 일산’ 30분 시대를 열었다. 또한 서울외곽순환고속도로 고양IC와 파주 서울을 잇는 310번 도로 자유로 일산IC 등이 인접해 있어 승용차를 이용할 경우 서울 접근성 승용차로 30분대 이 탁월하다. 광역버스 교통망도 우수한 편이다. 편의시설도 잘 갖춰져 있다. 인근에 동국대학교병원 국립암센터 등이 위치해 있으며 원마운트몰 일산 아람누리 아트홀 롯데백화점 현대백화점 이마트 고양시청 킨텍스 한류우드 등을 이용할 수 있다. 일산 자이는 즉시 입주 가능 하며 금융 조건은 계약금 20% 중도금 60% 3년 이자 지원 이 주어지며 입주시 잔금 20%를 납입하면 추가혜택도 있다. 또 풀옵션 일부 세대 제외 과 발코니 확장이 무상으로 제공된다. 분양문의 1577 9593 본 자료는 해당기관에서 제공한 보도 자료입니다.,https://news.naver.com/main/read.nhn?mode=LSD&mid=shm&sid1=260&oid=020&aid=0002251169,284
261286,2011.06.14. 오후 3:43,부동산,동아일보,원스톱 자동차 전문 복합단지 대구 엠월드 6월 30일 그랜드 오픈,동아닷컴 자동차와 관련된 모든 것을 한 건물에서 해결할 수 있는 ‘원스톱 자동차 전문 복합단지’ 엠월드가 오는6월 30일 오픈한다. 대구광역시 서구 이현동 자동차검사장 바로 앞에 완공된 지하2층 지상6층 연면적 104 849㎡ 규모의 자동차 복합 프레스티지 상가 ‘엠월드’는 국내 최대 규모의 자동차 쇼핑몰로 현재까지 국내 중고차 복합시장을 선두해 온 서울오토갤러리보다 5 6배 앞서는 규모를 자랑한다. 대구 달서구 본리동 서구 이현동 모터스로드 등 기존 수입차 매장 수입차 정비센터 자동차검사소가 밀집한 자동차 유통 핵심입지에 위치해 있다. 더불어 경부 중부내륙 88고속도로 중앙고속도로 등을 이용해 전국 어디서나 접근이 용이하다는 입지적인 장점도 갖췄다. ‘엠월드’가 들어서는 서대구 공단 일대는 도시형 첨단산업단지로 재개발되고 패션 문화기능을 강화한 특화상업지구로 개발될 예정에 있어 향후 배후 수요가 많다. 특수 수익형 부동산 상품으로서의 장점도 돋보인다. ‘엠월드’는 국내외 신차 및 중고차 매매에서 차량정비 튜닝은 물론 차량 검사 등록 업무 등 체계적이고 전산화된 원스톱 관리시스템을 통해 고품격 자동차 전문 쇼핑 공간으로 조성된다. 수입차를 비롯 소비자가 원하는 국내외 차량 전부를 유통시킬 계획이며 국내 최초로 서비스 검색시스템인 ‘키오스크 시스템’을 갖췄다. 키오스크 시스템은 은행의 ATM 지하철 발권기 관공서 증명서발급 등에서만 볼 수 있었던 시스템으로 자동차시장에서는 국내 최초로 도입됐다. 고객들은 엠월드 1층 로비라운지와 전층 매장입구에 갖춰진 키오스크를 통해 원하는 차량의 정보와 위치를 손쉽게 검색할 수 있다. MD구성도 뛰어나다. 엠월드는 지하 2층에 자동차 정비센터 자동차 부품대리점 자동차 성능 검사소 남성사우나가 들어선다. 지하 1층부터 지상 5층에는 국산 및 수입신차 및 중고차를 전시한다. 금융 및 보험사 등의 제반시설도 함께 들어선다. 지상 6층은 튜닝 카오디오 카인테리어 스크린골프 푸드코드 및 근린생활시설이 들어설 예정이다. 전문가들은 “중고차유통시장이 한 해 14조 5천억원임을 감안하면 자동차시장 환경의 혁신적인 시스템이 필요하다”면서 “국내 최대 자동차백화점인 엠월드는 자동차시장의 새로운 변화를 주도할 것”이라고 내다봤다. 엠월드는 기존 상사들이 속속 입점 중이다. 3월부터 영업중인 일부 상사는 입점 후 매출 200%를 기록하고 있다. 고객상담센터 1566 2111 본 자료는 해당기관에서 제공한 보도 자료입니다.,https://news.naver.com/main/read.nhn?mode=LSD&mid=shm&sid1=260&oid=020&aid=0002251168,284
261287,2011.06.14. 오후 3:36,부동산,아시아경제,서울 재개발 지분시장도 급랭,아시아경제 이은정 기자 서울 뉴타운 등 정비사업지 일대 부동산 시장이 급격히 위축되고 있다. 기준금리 상승 가능성과 분양가상한제 폐지가 불투명해지면서 매수심리가 위축된 결과다. 특히 서울시가 사업 진척이 더딘 재정비사업지를 해제하겠다는 방침을 밝히면서 재개발 지분 값이 맥을 못추고 있다. 14일 부동산114에 따르면 지난 5월 서울 동대문구 재개발 사업지 지분값은 이문동과 제기동을 중심으로 지분 가격 하락세가 두드러지면서 전월보다 4.43%가 내렸다. 마포구와 성북구 용산구도 각각 전월대비 1.11% 1.05% 0.79%씩 떨어졌다. 마포지역에서는 마포염리2구역·대흥3구역·아현1 3구역의 지분값이 하락했고 성북구내에서는 성북제3구역·길음역세권·장위10 13구역 등에서 가격 하락조짐을 보였다. 용산구에서는 효창제4구역·청파재개발구역 등이 약세를 보였다. 보합 흐름을 나타낸 지역에서도 일부 구역을 중심으로 지분 가격 하락은 면치 못했다. 대표적인 곳은 성동구 0.03% 내 금호제23구역. 이 곳 66㎡이하 소형지분은 3.3㎡당 3000만원에서 2500만원까지 내렸으며 66㎡이상에서는 3.3㎡당 2200만원에서 1800만 2000만원 수준까지 떨어졌다. 문제는 서울 재정비 일대 급매물이 쌓이고 있는 상황에서 서울시의 재정비사업지 해제작업이 속도를 내고 있다는 데 있다. 서울시는 오는 26일까지 정비예정구역 해제 대상 14개구 31개소에 대한 주민공람을 실시한다. 이 중 주택재개발 정비예정구역 해제 대상지는 강북구 미아동 75 9번지 일대 마포구 공덕동 249번지 일대 구로구 구로본동 469번지 일대 동대문구 제기동 67번지 일대 등 4곳이다. 이미윤 부동산114 팀장은 이에 대해 올 하반기 금리인상이 예상되는 상황에서 분양가상한제 폐지는 여전히 불투명해지면서 수익성에 대한 우려가 커졌다 며 정비예정구역 해제까지 겹쳐 당분간 약세가 지속될 것 이라고 분석했다.,https://news.naver.com/main/read.nhn?mode=LSD&mid=shm&sid1=260&oid=277&aid=0002622949,284
261288,2011.06.14. 오후 3:21,부동산,SBS Biz,돈되고 살기좋은 땅콩집돌풍…현금부담·절반소유 옥에 티,장재현 부동산뱅크 팀장 단독주택용지 인기…서울 땅값 40% 상승 최근 단독주택에 대한 인기가 높아지고 있다. 최근 서울의 경우 땅이 없어서 주택을 못 짓는다는 말이 나올 정도로 단독주택이나 주택을 지을 부지 등을 찾는 사람들이 많다. 서울에서 지난 1년 전에 비해 단독주택이나 원룸 등을 지을 수 있는 땅값이 40% 가량 올랐다. 또 지난달 26일 성남판교지구 단독주택용지 분양에서 평균 2.7대 1의 경쟁률을 기록하는 등 단독주택용지의 인기는 수도권 전지역으로 확산되는 모습이다. LH가 경기지역 본부의 상반기 주요 사업지구인 용인 구성지구 14필지 32억 8천464만원 용인 흥덕지구 28필지가 120억3천760만4천원 에서 분양한 단독주택 용지 42필지에서 160여억 원의 분양 수익을 얻었다. 이는 지난해 같은 기간 동일지구에서 판매된 단독주택용지 금액에 비해 5배나 증가한 것으로 단독주택으로 수요가 점점 증가하고 있는 것으로 보인다. 아파트 투자성 하락·우수한 거주 여건인기 비결 단독주택의 인기비결은 우선 아파트의 투자성 하락이 가장 큰 원인이라고 볼 수 있다. 그동안 내 집 마련과 투자라는 두 마리 토끼를 잡기 위해서는 아파트가 최고의 재테크 상품이었다. 그러나 최근 주택경기가 불황을 겪으면서 아파트의 상품가치가 떨어지기 시작했다. 여기에 땅콩주택과 같은 저가 단독주택 상품이 나오다 보니 층간소음 사생활 침해 등 생활에 제한이 많은 아파트보다는 자유로운 거주여건이 보장되고 주거환경이 쾌적한 단독주택을 선호하는 수요자들이 크게 늘어난 것 같다. 또 실제 3억 4억원 선이면 작은 마당있는 나만의 주택을 지을 수 있는 점도 단독주택의 인기가 높은 이유 중 하나다. 3억원 정도면 서울 도심 내 공급면적 66 99㎡대 소형아파트를 매입하는 금액과 비슷하다 보니 거주 여건이 좋은 단독주택을 선호하는 현상이 나타난 것으로 보인다. 단독주택 층수 및 가구수 제한 완화 …소규모 단독주택 확산 예상 정부가 지난 5·1 부동산대책을 통해 단독주택 층수 및 가구수 제한을 완화한 것이 많은 영향을 미치고 있다. 신도시와 같은 택지지구 내 블록형 단독주택 용지에 위치한 주택의 층수는 2층에서 3층으로 층고를 높일 수 있게 됐다. 또 1필지당 1가구 규정이 있는 블록형 단독주택 용지 등도 가구수 제한 역시 사라지게 됐다. 이처럼 층수와 가구수 제한이 없어진 만큼 단독주택 건축이 쉬워짐에 따라 땅콩주택과 같은 소규모 단독주택들이 앞으로 늘어날 것으로 예상된다. 김포·청라 지구 다수 올해 중 분양 예정인 단독주택 용지는 수도권을 살펴보면 김포 청라지구 등 주변 택지지구가 많다. 김포한강신도시에서도 주거전용과 점포겸용 단독주택 용지가 오는 11월에 계획돼 있다. 주거전용은 417필지 14만1877㎡ 점포겸용 351필지 11만5649㎡ 가 분양된다. 인천 청라지구에서는 주거전용은 234필지 8만5043㎡ 이며 점포겸용 117필지 3만4786㎡ 를 선보일 예정이다. 이밖에 오는 8월과 10월 화성동탄에서 각각 45필지 1만 2 116㎡ 154필지 4만 292㎡ 도 준비 중에 있는 등 올해 말까지 공급이 예정돼 있는 단독주택용지는 20개지구 3160개 필지이다. 현금부담·토지 및 건물 절반 소유 단점 땅콩주택과 같이 단독주택들의 문제점은 우선 대출한도가 아파트보다 낮아 현금부담이 많이 들어간다는 점이다. 아파트처럼 집단 대출이 되지 않고 토지 외에 건축에 대한 부분은 대출이 되지 않기 때문이다. 또 단독주택의 경우 문제점이 하나의 부지 위에 지어진 서로 다른 집이지만 실제로는 하나의 건물로 지어진 탓에 두 사람이 절반씩의 비용을 부담한 만큼 토지와 건물에 대한 지분 역시 절반씩 소유하게 된다. 따라서 두 집 가운데 한 집이 주택을 처분할 때나 내ㆍ외부 수리를 할 때 집을 담보로 대출을 받을 때에도 상대방의 동의가 필요한 점도 고려해야 한다. www.SBSCNBC.co.kr 보다 자세한 내용은 동영상 시청을 바랍니다.,https://news.naver.com/main/read.nhn?mode=LSD&mid=shm&sid1=260&oid=374&aid=0000006189,284
261289,2011.06.14. 오후 3:12,부동산,디지털타임스,대우건설 말레이시아 6성급 호텔 수주,대우건설이 말레이시아의 수도 쿠알라룸푸르에서 6성급 호텔을 건설한다. 대우건설은 서종욱 사장이 직접 말레이시아를 방문해 쿠알라룸푸르 반다라야 지구에 지하 3층 지상 48층 규모의 6성급 호텔 및 레지던스를 건설하는 원 IFC 프로젝트를 수주했다고 14일 밝혔다. 지난 13일 이뤄진 이번 계약은 총 공사 금액이 1억9000만 달러로 발주처는 발주처는 말레이시아 최대 규모의 부동산 투자개발회사인 MRCB와 CMY 캐피탈의 합작회사인 원 IFC 레지던스다. 회사 측은 이와 관련 말레이시아 최초의 6성급 호텔로 쿠알라룸푸르의 중앙역인 KL센트럴역 앞에 위치해 쿠알라룸푸르를 방문하는 이들의 첫눈을 사로잡을 상징적인 건축물이 될 것 이라고 기대감을 나타냈다. 박정일기자 comja77 ◇사진설명 지난 13일 말레이시아 쿠알라룸푸르에서 대우건설 서종욱 사장 오른쪽 과 원 IFC 레지던스 추아마유 회장이 원 IFC 프로젝트 공사추진에 최종합의하고 서명식을 가졌다.,https://news.naver.com/main/read.nhn?mode=LSD&mid=shm&sid1=260&oid=029&aid=0002068859,284
261290,2011.06.14. 오후 3:12,부동산,매일경제,사통팔달 아파트…新역세권 그곳에 내집마련 해볼까,더 넓은 집 더 좋은 학교가 있는 집 지하철역과 더 가까운 집. 집을 마련하는 데 있어 빼놓을 수 없는 필요조건 3가지다. 그중 역세권에 위치한 집은 인근 단지와도 가격 면에서 차별화가 확실히 될 정도로 부동산 선택의 출발점이다. 올해 하반기 신분당선 개통 분당선 연장 내년 하반기 7호선 연장 등 서울 도심과 직접 연결되는 지하철 노선이 속속 들어설 예정이다. 수도권이라도 서울 강남권까지 1시간도 안돼 닿을 수 있어 이들 신설역 주변 아파트 단지는 반나절 생활권의 편리함을 만끽할 수 있다. 인근 집값은 벌써부터 달아오른 상황. 같은 집이라도 사통팔달 교통의 핵심인 역세권 아파트는 웃돈을 주더라도 끌리는 베스트셀러다. 강남 양재 판교 정자 로 이어지는 황금노선이 뜬다. 오는 9월 신분당선이 개통되면 기존 분당선보다 더 빠르고 더 쉽게 강남을 오갈 수 있다. 역삼동 개나리 5차 아파트를 재건축한 역삼 SK뷰 는 분당선으로 갈아탈 수 있는 선릉역까지 걸어서 5분이면 닿을 수 있다. 총 240가구 중 68가구가 일반분양된다. 전용면적도 85 127㎡으로 중소형 실수요자들에게 안성맞춤이다. 경기고 서울고 휘문고 등 소위 알짜학군 밀집지다. 역삼동 성보아파트를 재건축한 역삼아이파크도 이에 못지않다. 전용면적 64 113㎡ 총 400가구 중 30가구가 일반분양된다. 선릉역이 도보로 5분 거리다. 분당 정자동에 위치한 한솔주공5단지는 정자역과 10분 거리다. 60 101㎡ 총 1158가구로 구성된 단지는 신분당선 개통은 물론 리모델링 호재로도 주목받고 있다. 성남시 중동3지구에 위치한 롯데캐슬도 수혜지다. 전용면적 65 114㎡ 아파트 622가구로 이 중 170가구가 일반 분양된다. 지하철 8호선 단대오거리역과 가깝다. 연말께 개통할 분당선 기흥 죽전 구간도 인근 집값을 들썩이게 하는 호재다. 내년 말에는 기흥 방죽 구간도 개통될 예정이다. 수원에서 강남까지 지하철로 직행할 수 있게 된다. 이달 중 분양 예정인 용인시 보정동 신일유토빌 골드클래스는 죽전역을 손쉽게 이용할 수 있다. 전용면적 84㎡ 단일 주택형으로 구성되며 총 155가구다. 연내 분양될 수원아이파크시티 3차는 방죽역 인근에 위치해 내년 말 분당선 연장으로 호재를 맞았다. 전용면적은 62 116㎡로 총 1077가구가 분양된다. 앞서 1차 1336가구 2차 20924가구와 함께 매머드급 대단지 주거타운이 조성될 전망이다. 지하철 1호선 세류역 1번국도 등과도 가까워 압도적인 교통입지를 자랑한다. 수도권이라도 서울 강남권까지 1시간도 안돼 닿을 수 있어 이들 신설역 주변 아파트 단지는 반나절 생활권의 편리함을 만끽할 수 있다. 내년 하반기로 예정된 7호선 연장선 온수 부평구청역 개통으로 부천 인천 지역도 강남권과의 접근성이 한층 배가된다. 삼성물산과 풍림산업은 부평 5구역에 총 1381가구의 아파트를 짓는다. 전용면적 59 114㎡로 이 중 579가구가 일반에 분양된다. 1호선 부평시장역과 부평구청역이 도보 5분거리에 위치하고 있다. 지하철 7호선 연장구간이 개통되면 서울 접근성이 더욱 높아질 전망이다. 현대산업개발이 부천시 약대주공2단지에 분양하는 재건축단지 역시 7호선 연장으로 강남권까지 40분이면 닿을 수 있어 몸값이 크게 오를 것으로 보인다. 총 1613가구 중 425가구가 일반분양 몫이다. 전용면적은 59 176㎡ 규모다. 수인선 복선전철 송도 오이도 구간이 내년 6월 개통될 예정이다. 송도 오이도 구간 개통을 시작으로 앞으로 송도 동인천 구간 안산 수원 구간도 줄줄이 개통한다. 수인선은 수원 화성 안산 시흥 인천 등 5개 시가 연결되는 만큼 수도권 뚜벅이들이 경기도나 인천으로 출퇴근하는 길이 한결 수월해질 것으로 보인다. 포스코건설은 인천 송도지구 D11 16블록에 1196가구 분양을 앞두고 있다. 전용면적은 84 187㎡로 예정돼 있다. 특별취재팀 이은아 차장 장용승 기자 이명진 기자 이지용 기자 박지윤 기자 임성현 기자 홍장원 기자 김제림 기자 백상경 기자 r start 화보 전혜빈 핫 한 바디 비법 공개 MB가 공직자 모범사례로 칭찬한 강성태 교수는 닛산 리프 니즈모 RC 르망 24시간 레이스 시범 주행 1600원으로 잭팟 터져 45억 대박 정신질환 40대女 국가상대 7조원대 황당 소송 10kg 감량 영지 고해 열창 새삼 화제…폭풍 고음 박완규 과거 고백 “지난 10년 동안 한 것 없이 막 살았다” r end ⓒ 매일경제 mk.co.kr 무단전재 및 재배포 금지 MBA도 모바일로 공부한다.,https://news.naver.com/main/read.nhn?mode=LSD&mid=shm&sid1=260&oid=009&aid=0002484306,284
261291,2011.06.14. 오후 3:00,부동산,아시아경제,광원건설 인천 청라 딜라이트 타워 2차 오피스텔 265실 분양,광원건설 인천 청라 딜라이트 타워 2차 오피스텔 조감도. 아시아경제 문소정 기자 광원건설은 인천 청라지구에서 딜라이트 타워 2차 오피스텔 265실을 분양한다. 딜라이트 타워 2차 오피스텔은 지하 2층 지상 13층 1개동 규모로 공급면적 58 60㎡ 40실 64 67㎡ 162실 69 77㎡ 40실 83 89 ㎡ 23실로 구성된다. 시행사는 ㈜테크노피아다. 인천공항철도의 서울역구간 개통으로 도심 접근성이 좋아졌으며 인근에 캐널웨이 수변공원 가 위치해 조망이 우수하다. 분양 관계자는 서울대·카이스트 병원 및 연구소 GM대우 주행시험장 인천첨단산업단지 국제금융센터 등이 개발되면 임대수요가 큰 폭으로 증가할 것으로 보인다 고 예상했다. 분양가는 3.3㎡당 450만원대로 인근 시세에 비해 저렴하다. 계약금 10%에 중도금 40% 무이자다. 입주는 2013년 5월 예정이다.,https://news.naver.com/main/read.nhn?mode=LSD&mid=shm&sid1=260&oid=277&aid=0002622922,284
261292,2011.06.14. 오후 3:00,부동산,디지털타임스,대전 노은 한화 꿈에그린 최고 66대1 경쟁률,한화건설은 14일 대전 노은 한화 꿈에그린 1885세대 분양 접수 결과 일부 평형은 최고 66.26대 1의 경쟁률을 기록하는 등 전 평형 마감됐다고 밝혔다. 회사 측은 이와 관련 금융결제원의 자료를 인용해 지난 9일부터 13일까지 진행된 대전 유성구 지족동 노은4지구에서 분양한 아파트 일반청약 결과 특별공급 120세대를 제외한 1765세대 모집에 5120명이 청약해 평균 2.0대1의 경쟁률을 기록했다고 설명했다. 이들은 특히 1블록 84㎡A의 경우 3순위 청약에서 예비당첨자 19세대를 모집하는데 1259명이 청약 66.26대 1의 최고경쟁률을 보였고 1블록 84㎡B는 예비당첨자 26세대를 모집하는데 440명이 청약해 16.92대 1의 경쟁률을 보이는 등 인기를 끌었다고 덧붙였다. 신완철 상무는 이번 청약 결과는 대전 과학벨트 유치 열기와 세종시 개발 호재가 반영된 듯 하다 며 주거선호도가 높은 노은지구에 위치하고 단지 내 대치에듀센터 도입 등 우수한 교육환경을 누릴 수 있어 높은 계약률을 기록할 것으로 기대된다 고 말했다. 한편 당첨자는 오는 21일 발표되며 27일부터 29일까지 3일 간 계약이 진행된다. 입주는 2014년 2월 예정이다.,https://news.naver.com/main/read.nhn?mode=LSD&mid=shm&sid1=260&oid=029&aid=0002068850,284
261293,2011.06.14. 오후 2:59,부동산,아시아경제,골든트라이앵글에 한국인 호텔 연말 준공,아시아경제 박종일 기자 중견부동산 개발회사 타코라 대표 김승정 가 태국과 라오스 국경인 ‘골든트라이앵글’ 지역에 대규모 리조트를 건설한다. 지난해 초 라오스 정부로부터 호델 건축허가를 획득한 이 회사는 1차로 올 연말까지 5성급 타코라 호텔과 특화부대시설을 완공하기 위한 막바지 공사를 벌이고 있다. 총 214만㎡ 규모의 리조트부지는 경제자유특구 복합단지로서 향후 아세안 북부 경제권의 허브가 될 것으로 회사측은 예상했다. 사업지는 중국과 라오스 태국을 잇는 3번고속도로가 관통하는 곳으로 동남아 최대 관광과 물류유통 지역으로 각광받고 있다. 연차적으로 여객 및 화물터미널 고속도로 휴게소 백화점 컨벤션센터 테마파크 등도 조성할 방침이다. 타코라 호텔은 지붕공사가 완료되는 8월부터 지분투자 방식으로 일반투자자를 모집할 예정이다. 투자자 지분관리 및 배당은 국내중견회계법인 리안 에서 맏는다.,https://news.naver.com/main/read.nhn?mode=LSD&mid=shm&sid1=260&oid=277&aid=0002622918,284
261294,2011.06.14. 오후 2:51,부동산,디지털타임스,부동산투자회사리츠 관리감독 강화된다,정부가 부동산투자회사 리츠 의 도덕적 해이ㆍ부실 운영 등으로 인한 민간의 피해를 막기 위해 관리감독을 대폭 강화한다. 국토해양부는 14일 리츠에 대한 인가심사 및 관리감독을 대폭 강화하는 내용의 리츠 관리감독 강화방안 을 마련해 발표했다. 국토부는 우선 자기관리 리츠의 영업인가 심사 시 인허가 부서 협의 및 현장실사를 의무적으로 실시키로 했다. 이를 위해 우선 해당 부동산 개발사업에 대한 지구단위계획 변경 가능성 개발제한구역 해제 가능성 등에 대해 관련 지방자치단체 및 인허가부서 의견조회를 거쳐 적정성이 판단될 경우에만 인가하기로 했다. 이어 투자위험이 높은 개발전문 리츠에는 영업인가 시 투자부동산에 대한 현장실사를 의무적으로 실시하고 매도자ㆍ경영진 등과의 인터뷰도 진행할 예정이다. 또 영업인가 후 초기사업 변경을 엄격히 제한하고 감정평가 의무화 등을 통해 토지매입가를 부풀릴 가능성을 원천 봉쇄할 계획이다. 정부는 이와 함께 리츠에 대한 상시 감독체계를 구축하고 준법감시 활동을 강화할 방침이다. 이를 위해 리츠 및 자산관리회사 AMC 의 운용실태 정기조사를 확대 실시하고 위법 적발 시 시정명령ㆍ업무정지ㆍ영업인가 취소 등 엄격한 처벌을 가한다. 이어 상장 및 상장예정 리츠에 대한 불시검사를 실시하고 윤리강령 등 관련 임직원 교육프로그램 대표이사 결재 이전 준법감시인의 결재절차 이행 등 준법감시 활동도 강화한다. 인감관리ㆍ회계처리 등 일부 사무의 경우는 외부위탁 권고를 검토하고 지가관리리츠의 상장요건 강화 방안을 한국거래소 등 관계기관과 협의할 방침이다. 국토부는 리츠의 도덕적 해이 방지와 리츠 시장의 지속가능성 확보를 위해 이번 관리감독 강화방안을 마련한 것 이라며 이와 동시에 리츠의 건전한 육성을 통하여 투기적 부동산 시장을 안정적인 투자시장으로 전환하기 위한 노력도 병행할 계획 이라고 말했다.,https://news.naver.com/main/read.nhn?mode=LSD&mid=shm&sid1=260&oid=029&aid=0002068848,284
261295,2011.06.14. 오후 2:50,부동산,매일경제,LH 서울 서초·인천 영종서 289필지 공급,LH는 서울서초에서 준주거 및 업무시설용지 5필지 인천 영종하늘도시에서 단독주택용지 283필지 김포한강신도시에서 공동주택용지 1필지 등 수도권에서 다양한 용지를 공급한다고 밝혔다. 이번 분양하는 용지 5필지 14 260㎡는 보금자리주택지구에서 최초로 공급되는 준주거 및 업무시설용지로 인터넷 입찰방식으로 일반실수요자에게 공급된다. 대금납부는 계약 시 낙찰가의 10%를 계약금으로 납부하고 중도금은 3년 동안 6개월 준주거 6번은 2년 동안 4개월 간격으로 15%씩 6회 분할납부하면 된다. 토지사용 가능시기는 2012년 6월 30일 이후 준주거용지 6번은 2012년 4월 30일 이후 이다. 분양신청은 6월 23일 목 ～24 금 오전 10시부터 오후 4시까지 LH 토지청약시스템 hp buy.lh.or.kr 에서 가능하며 6월 24일 금 개찰 및 낙찰자 발표를 거쳐 6월 28일 화 ～29일 수 에 LH 서초직할사업단에서 계약체결이 실시된다. 이번 인천 영종하늘도시에서 공급하는 단독주택용지는 점포겸용 161필지와 주거전용 122필지이다. 공급공고일 현재 인천광역시에 거주하는 무주택 세대주가 1순위 일반실수요자가 2순위로 신청가능하다. 필지별 경합 시 신청자를 대상으로 추첨을 통하여 공급대상자를 선정한다. 6.23 목 1순위 24일 금 2순위를 대상으로 LH 토지청약시스템 buy.lh.or.kr 을 통해 신청접수를 실시하며 6.27 월 추첨을 거쳐 6.29 수 LH 청라영종사업본부 판매부에서 계약체결 예정이다. 특히 대금납부조건을 5년 무이자 할부로 실시하여 계약과 동시에 일시불 완납 시 약 14%의 할인효과가 있어 매수자의 자금부담을 경감시켜 줄 것으로 기대된다.,https://news.naver.com/main/read.nhn?mode=LSD&mid=shm&sid1=260&oid=009&aid=0002484259,284
261296,2011.06.14. 오후 2:49,부동산,파이낸셜뉴스,동부건설영덕역 센트레빌 3순위 최고 2.33대 1로 순위 내 청약마감,동부건설이 경기도 용인시 기흥구 영덕동에 분양하는 ‘영덕역 센트레빌’ 아파트 청약접수 결과 3순위 최고 2.33대1의 청약경쟁률을 기록하며 순위 내 분양을 마감했다. 13일 금융결제원에 따르면 영덕역 센트레빌 청약접수결과 233가구 모집에 382명이 신청해 평균 1.64대1의 경쟁률을 나타냈다. 주택형별로는 84㎡가 총 156가구 모집에 249명이 청약해 1.60대1의 청약경쟁률을 보였으며 101㎡는 77가구 모집에 133명이 청약해 1.73대 1의 성적을 기록했다. 특히 13일 실시한 3순위 청약접수에서는 101㎡ A형 수도권 물량이 2.33대1을 기록하는 등 높은 인기를 보였다. 동부건설 이상욱 소장은 “2012년 개통예정인 분당선 영덕역 역세권 영흥공원이 한눈에 내려다보이는 조망권 주변시세 대비 저렴한 분양가가 청약률을 높였다”고 분석했다. 당첨자 발표는 오는 17일이며 계약은 22일∼24일 3일간 실시한다. 견본주택은 기흥구 영덕동 영통입구사거리에 위치한다. 동부건설은 부적격자 발생에 대비하여 4순위 청약을 14일부터 견본주택에서 선착순으로 추가 접수할 계획이다.,https://news.naver.com/main/read.nhn?mode=LSD&mid=shm&sid1=260&oid=014&aid=0002456360,284
261297,2011.06.14. 오후 2:46,부동산,아시아경제,리모델링협회 제1회 한국 리모델링 건축대전 개최,아시아경제 정선은 기자 한국리모델링협회 회장 김진호 가 2011 제1회 한국 리모델링 건축대전 을 개최한다. 이번 건축대전은 부분보전이 필요한 근현대 건축물의 리모델링을 통해 재창조되는 건축물의 가능성을 보여주는 취지다. 공모는 근현대건축물에 대한 리모델링 방안을 모색하는 계획부문 학생 참여 과 최근 3년간 리모델링으로 사용승인을 받은 준공부문 전문가 참여 으로 나누어서 실시된다. 응모작 가운데 심사를 통해 선정된 작품은 오는 9월6일부터 이틀간 삼성동 코엑스 건축대전 행사장에 전시된다. 참가신청 접수는 6월13일 20일까지 인터넷을 통해 진행된다.,https://news.naver.com/main/read.nhn?mode=LSD&mid=shm&sid1=260&oid=277&aid=0002622909,284
261298,2011.06.14. 오후 2:44,부동산,매일경제,경기 용인 화성 전원주택단지 투어,전원주택업체 대정하우징과 주 월드전람이 공동으로 오는 18일 토 25일 토 양일 간에 걸쳐 전원주택단지 현장답사 버스투어 를 실시한다. 이번 답사는 경기도 용인 수지 양지 및 화성일대 6 7개 주요 전원주택단지를 둘러본다. 차내에서 지역별 전원주택부지 정보 및 건축에 관한 대정하우징 박철민사장의 강의가 진행된다. 각회 40명 선착순 마감하며 참가자에게는 전원주택정보지 및 중식 7월15일 삼성동 코엑스에서 열리는 전원주택박 람회 무료입장권을 제공한다. 당일 오전 9시 지하철 3호선 학여울역 1번 출구 앞에서 출발한다. 02 566 9400 이지용 기자 r start 화보 전혜빈 핫 한 바디 비법 공개 MB가 공직자 모범사례로 칭찬한 강성태 교수는 닛산 리프 니즈모 RC 르망 24시간 레이스 시범 주행 1600원으로 잭팟 터져 45억 대박 정신질환 40대女 국가상대 7조원대 황당 소송 10kg 감량 영지 고해 열창 새삼 화제…폭풍 고음 박완규 과거 고백 “지난 10년 동안 한 것 없이 막 살았다” r end ⓒ 매일경제 mk.co.kr 무단전재 및 재배포 금지 MBA도 모바일로 공부한다.,https://news.naver.com/main/read.nhn?mode=LSD&mid=shm&sid1=260&oid=009&aid=0002484247,284
261299,2011.06.14. 오후 2:35,부동산,헤럴드경제,10억 그 이상의 가치를 지닌 한라비발디,한강신도시 한라비발디아파트 선착순 특별분양 ☞중도금 무이자 ☞계약금 5% ☞생태공원 18만 바로 앞 위치 ☞한강 조망권 ☞여의도 19분 쾌속 교통망 김포 한강로 직접 연결 ☞녹지율 53% 지방 분양시장의 분양열기가 수도권 시장에도 전해지고 있다. 4월 중순 문을 연 ‘한강신도시 한라비발디’ 견본주택에는 많은 인파가 다녀가면서 수도권 분양시장에도 훈풍이 불고 있다. 한라건설에 따르면 김포한강신도시에 분양하는 ‘한강신도시 한라비발디’는 견본주택 개관 첫날 7500명 주말에 약 2만여 명이 다녀가 3일 동안 약 2만 8천 여명이 견본주택을 다녀갔다. 견본주택 앞에는 개관 전부터 방문객들로 인해 줄이 길게 늘어서는 진풍경이 펼쳐졌고 견본주택 안에도 분양상담을 받으려는 방문객들로 내내 인산인해를 이뤘다. 한라건설 관계자는 “김포한강신도시는 8월에 김포한강로가 개통되면 서울 접근성이 좋아지며 특히 운양용화사IC가 택지내에서 가장 근거리에 위치해 서울로 이동이 수월하다”고 말했다. 또 “한강신도시 한라비발디 분양가는 3.3㎡ 당 1060만원으로 타 지역보다 저렴한 분양가로 한강과 조류생태공원 등을 조망할 수 있다는 것이 가장 큰 장점”이라고 덧붙였다. ‘한강신도시 한라비발디’는 지하2층 지상19층 12개 동 총857가구의 대단지로 전용면적 기준 105㎡형 513가구 106㎡형 284가구 126㎡형 60가구로 구성됐다. 분양가는 3.3㎡ 당 1060만원으로 계약금 5%씩 2회 분납 중도금 60% 전액 무이자가 적용된다. 전매는 계약 1년 후부터 가능하다. ‘한강신도시 한라비발디’ 견본주택은 김포시 고촌읍 신곡리에 위치해 있다. 선착순 특별 분양이므로 신청금 입금 후 방문하는 것이 유리하다.,https://news.naver.com/main/read.nhn?mode=LSD&mid=shm&sid1=260&oid=016&aid=0000386673,284
261300,2011.06.14. 오후 2:32,부동산,이데일리,한강밤섬자이 4년전 분양가로 모십니다,46가구 일반분양..중대형 3.3㎡당 2014만 2053만원 이데일리 이태호 기자 서울 하중동 한강밤섬자이 아파트 488가구 가운데 46가구가 일반분양된다. 중대형은 4년 전과 비슷한 분양가격을 책정했다. 한강밤섬자이는 입주 2년차 아파트로 지난 지난 2007년에 전용면적 118 168㎡ 75가구를 일반분양해 순위내 마감했었다. 지하2층 지상25층 7개동에 전용면적 84 168㎡ 총 488가구로 이루어져 있다. 이번에 공급하는 가구는 2009년 4월 도시및주거환경정비법 개정에 따라 임대에서 일반분양으로 전환된 물량이다. 재건축시 늘어나는 용적률의 25%는 임대주택으로 공급한다는 규정 삭제로 이번 일반분양이 가능해졌다. 14일 GS건설 006360 에 따르면 이번 분양 대상은 규모별로 84㎡ 28가구 118 ㎡ 8가구 132㎡ 10가구다. 84㎡형의 경우 당초 조합원들에게 모두 배정돼 2007년 분양 당시 일반공급이 없었다. 3.3㎡당 평균 분양가는 1987만원이다. 118㎡형과 132㎡형은 3.3㎡당 2014만 2053만원이다. 4년전 분양 당시 가격과 유사하거나 일부 세대는 오히려 낮게 책정됐다는 게 회사측 설명이다. 오는 17일 단지 내 샘플하우스를 개방하고 분양상담을 받는다. 분양대금의 5%와 10%를 계약금과 중도금으로 내고 잔금 85%는 6개월 후 납입 조건이다. 지하철 6호선 광흥창역이 도보로 5분거리에 있고 단지 인근에는 월드컵공원과 와우산공원 한강시민공원 등 공원시설이 많다. 현대백화점과 그랜드백화점을 비롯한 신촌 주변 편의시설을 이용할 수 있다. 한강밤섬자이 홈페이지 www.bs xi.co.kr 에서 사이버 모델하우스를 방문할 수 있다.,https://news.naver.com/main/read.nhn?mode=LSD&mid=shm&sid1=260&oid=018&aid=0002452206,284
261301,2011.06.14. 오후 2:31,부동산,이데일리,전세공급↓ 이주수요↑..가을 전세대란 예고,내집마련 전환의욕 더 떨어져..여름부터 전세난 우려 재건축 이주수요·주택공급 부족에 전셋값 상승 불가피 이데일리 이태호 기자 전·월세 입주물량 부족과 재개발·재건축 이주수요 집중으로 올 하반기 전세대란 우려가 커지고 있다. 금리도 오름세를 지속해 서민 가계의 부담은 더욱 커질 전망이다. 14일 부동산114에 따르면 올 하반기에는 전국 입주 예정물량은 9만9381가구로 상반기 9만6453가구 보다 2928가구 늘었다. 하지만 연간 입주물량이 작년 입주물량 29만7186가구 보다 10만여가구 줄어든 19만5834가구에 불과하다. 하반기 신규 공급물량도 전국 16만1541가구가 예정됐다. 이는 상반기 12만1505가구 보다 4만여가구 늘어난 물량이지만 시기를 잡지 못한 미정물량 6만5000여가구를 제외하면 9만6000여가구 뿐이다.,https://news.naver.com/main/read.nhn?mode=LSD&mid=shm&sid1=260&oid=018&aid=0002452205,284
261302,2011.06.14. 오후 2:26,부동산,이데일리,여야 전월세 상한 공감…정부 반대TV,이데일리 박철응 기자 매매 시장 침체에 전셋값이 급등하면서 하반기 전세 시장에 대한 우려가 높아지고 있습니다. 이에 따라 여야는 전월세 상한제에 공감하고 방안을 찾는 모습이지만 정부는 반대의 뜻을 나타냈습니다. 박철응 기자입니다. 전셋값이 다시 오름세를 보이면서 정치권에서 추진 중인 전월세 상한제에 관심이 집중되고 있습니다. 여야간 도입 방식에 이견이 있었으나 한나라당이 최근 수정된 방식을 검토하는 등 접점을 찾아나가고 있습니다. 민주당은 전월세 인상률 연 5% 제한 및 계약갱신청구권 1회 보장을 당론으로 추진하고 있습니다. 한나라당의 경우 박준선 의원이 지난 3월 발의한 법안이 핵심인데 전월세 가격이 급등한 지역을 관리지역으로 지정해 일정 비율 이상 올리지 못하도록 하는 내용입니다. 적정 상승률은 물가상승률과 이자율 등을 감안해 대통령령으로 정하도록 합니다. 국회 법제사법위원회는 오는 21일 열리는 법안심사소위에서 전월세 상한제를 논의할 예정이다. 하지만 정부는 전월세 상한제 도입에 난색을 표하고 있습니다. 박재완 기획재정부 장관은 지난달 인사청문회에서 전월세 상한제에 대해 단기적인 임대료의 대폭 인상 가능성과 중장기적인 민간 임대주택 공급 축소 등을 들어 반대 입장을 밝혔습니다. 권도엽 국토부장관도 이달 초 취임 직후 기자들과 만나 인위적인 가격 통제는 바람직하지 않다 고 말한 바 있습니다. 이데일리 박철응입니다.,https://news.naver.com/main/read.nhn?mode=LSD&mid=shm&sid1=260&oid=018&aid=0002452198,284
261303,2011.06.14. 오후 2:24,부동산,매일경제,보금자리 시장만죽이고 공급망친 몽니되나,사면초가다. 시장은 시장대로 죽이고 공공분양마저 줄어들게 생겼다. MB정부의 성역으로 통하는 보금자리주택 얘기다. 정부가 당초 내세웠던 수도권 그린벨트 해제지구에서의 보금자리 주택 공급 목표는 총 32만 가구. 그러나 보금자리주택의 주 시행자인 한국토지주택공사 LH SH공사 경기지방공사 등에서 나오는 올해 사업승인물량 4만가구를 밑돌아 최소 연간 8만가구 이상 공급해야 하는 목표치에 크게 미달하게 생겼다. 공급목표가 흔들리고 있는 가장 큰 이유는 3차 보금자리 예정지구 중 무려 6만6000가구가 예정된 광명시흥 보금자리의 사업승인이 차일피일 미뤄지고 있기 때문. 국토부 고위 관계자는 광명시흥의 절반 물량만 사업승인을 받아도 공급량 채우는 것이 한결 수월하다 며 그러나 전체 보상비가 9조원에 달해 LH 사정상 올해 공급은 사실상 불가능 이라고 말했다. 정부의 150만가구 수도권 그린벨트지구.지방 포함 보금자리 공급 계획은 참여정부 시절 국민임대 150만가구 건설계획 과 닮은 꼴이다. 임대주택사업에 분양주택사업이 함께 포함됐다는 게 약간 다를 뿐이다. 그런데도 국토부 공무원들은 참여정부 시절 사업성도 없고 모두가 꺼리는 국민임대 150만가구의 대못 을 박아놔 LH도 재무적으로 힘들고 이제 와 정부가 뒷수습하느라 등골 빠진다 고 곧잘 불만을 터트린다. 그러나 수요자 입장에서 되짚어 보자. 수요 파악없이 마구잡이 지구지정 했다가 한발짝도 못나간 국민임대나 급한 김에 하남 광명 지역에 한꺼번에 10만가구씩 지정해놓고 보상도 시작하지 못하고 있는 보금자리 사업이나 뭐가 다른가. 국민들은 발뻗고 누울 내집이 필요한 것이지 분양도 하기 전 사업승인 기준으로 집계한 국토부 공급 통계가 필요한게 아니다. 보금자리 주택은 이달 초 취임한 권도엽 국토부 장관에게도 가장 큰 몽니 다. 그는 취임식 직후 기자들과 만나 최종적으로 2018년까지 150만가구 공급목표 틀은 그대로 유지하지만 올해 공급계획은 다시 짚어보겠다 고 말했다. 미래에 더 큰 부담을 지지 않기 위해 올해 공급계획 뿐만 아니라 전체적인 공급계획도 되짚어봐야 할 때다. 이지용 기자 r start 화보 전혜빈 핫 한 바디 비법 공개 MB가 공직자 모범사례로 칭찬한 강성태 교수는 닛산 리프 니즈모 RC 르망 24시간 레이스 시범 주행 1600원으로 잭팟 터져 45억 대박 정신질환 40대女 국가상대 7조원대 황당 소송 10kg 감량 영지 고해 열창 새삼 화제…폭풍 고음 박완규 과거 고백 “지난 10년 동안 한 것 없이 막 살았다” r end ⓒ 매일경제 mk.co.kr 무단전재 및 재배포 금지 MBA도 모바일로 공부한다.,https://news.naver.com/main/read.nhn?mode=LSD&mid=shm&sid1=260&oid=009&aid=0002484219,284
261304,2011.06.14. 오후 2:22,부동산,이데일리,신혼부부 전세자금 마련 걱정 끝,이데일리 김동욱 기자 결혼을 2개월 앞둔 A씨는 최근 고민이 많아졌다. 당장 신혼집을 구해야 하는데 자금 마련 방법이 마땅치 않기 때문이다. 집안 사정도 여의치 않아 부모님께 손을 벌릴 수도 없어 A씨는 더욱 답답하다. A씨처럼 결혼을 앞둔 예비 신혼부부라면 국민주택기금 전세자금대출을 이용하는 게 좋다. 금리가 시중은행 대출상품에 비해 낮은 데다 관련 기준도 많이 완화돼 이용하기도 더 쉬워졌기 때문이다. ◇ ① 전세자금 대출 종류 국민주택기금 전세자금대출에는 저소득가구 와 근로자·서민 등 두 가지가 있다. 전세자금 대출뿐만 아니라 월세 임차보증금도 대출할 수 있다. 대학생 부부와 같이 연소득이 거의 없다면 연 2% 금리의 저소득가구 전세자금 을 이용해 볼 수 있다. 서울은 최고 1억원 전세보증금에 대해 최대 5600만원까지 대출이 가능하다. 소득요건은 최저생계비의 2배 이내여야 하며 해당 시장·군수·구청장으로부터 융자대상자로 추천을 받아야 한다. 2인 가족의 최저생계비는 90만7000원으로 부부합산 소득이 월 181만4000원 이내여야 대출을 받을 수 있다. 15년 분할상환이 가능하다. 표 참조 근로자·서민 전세자금은 연 4% 금리로 전셋값의 70% 범위 내에서 최대 8000만원까지 대출받을 수 있다. 소득요건도 부부합산이 아니라 부부개별 방식으로 연소득 3000만원 신혼부부 3500만원 이하라면 신청할 수 있다. 상환조건은 2년 이내 일시상환해야 하지만 2회 연장해서 최장 6년까지 가능하다. 단 연장하면 원금의 20%를 일시상환해야 하며 금리 0.25%가 가산된다. ◇ ② 대출가능여부 상담 국민주택기금 전세대출을 받기로 마음먹었다면 일단 국민주택기금을 취급하는 은행에서 우리 신한 농협 기업 하나 대출가능여부·대출가능금액을 상담 받아야 한다. 특히 국민주택기금 전세대출은 본인의 신용을 담보로 이뤄지기 때문에 주택금융공사의 신용보증 발급 여부를 은행에서 확인해야 한다. 저소득가구 전세자금은 주택금융신용보증서가 없다면 제3자의 연대보증으로도 가능하다. 연대보증으로 하는 경우 신용보증료를 내지 않는다. 예비 신혼부부는 결혼 예정일 2개월 전부터 대출신청이 가능하다. 즉 8월1일에 결혼 한다면 6월1일부터 대출신청이 된다. 따라서 6월1일 전에 미리 대출상담을 받고 대출신청 가능일에 바로 관련 서류를 제출하면 대출을 받는데 걸리는 시간을 줄일 수 있다. ◇ ③ 대출서류 준비 은행 상담결과 대출 가능 판정을 받았다면 본격적으로 대출에 필요한 서류를 준비해야 한다. 필요한 서류는 임대차계약서 보증금의 5%를 계약금으로 치렀음을 증명하는 서류 임차주택의 건물 등기부등본 주민등록등본 가족관계증명서 배우자 포함 소득 확인 서류 등이다. 예비 신혼부부는 추가로 결혼을 증명할 수 있는 예식장 계약서 청첩장 등을 제출해야 한다. 결혼 후에는 혼인증명서를 내야 한다. 결혼사실을 허위로 해 대출을 받은 경우에는 대출금이 회수된다. 특히 임대차계약서를 제출해야 하기 때문에 사전에 상담받은 대출가능금액을 고려해 집을 고르면 된다. 대출 대상주택은 등기부등본상 용도가 주택 으로 명시된 전용면적 85㎡ 이하의 주택만 해당되기 때문에 유의해야 한다. 오피스텔은 주거용으로 사용하더라도 주택이 아니기 때문에 해당되지 않는다. 저소득가구 전세자금대출은 은행에 해당 지역의 장이 저소득가구로 추천한 추천서를 제출해야 하기 때문에 미리 해당 지역에서 추천에 필요한 서류를 준비해야 한다. 지역마다 제출해야 할 서류가 다르지만 임대차계약서는 공통으로 준비해야 한다. 따라서 미리 해당 지역에서 추천서를 받을 수 있는지를 확인하고 은행에서 상담 받은 대출가능금액을 고려해 집을 고르면 된다. 보통 근로자·서민 전세자금 대출은 1 2주 정도 소요된다. 서류를 검토하는 데 3 5일 정도 걸리고 그후 주택금융공사에서 발급받은 신용보증서에 대한 보증료를 납부하면 된다. 보증료는 대출받은 금액의 90%에 수수료율 0.3% 신혼부부 0.2% 와 전세기간 2년 을 곱한 금액이다. 가령 7000만원 대출 받았다면 보증료는 37만8000원이다. ◇ ④ 보너스 Tip 주택금융신용보증서가 발급되지 않으면 집주인이 전세계약 만료 후 보증금을 일시에 은행으로 반환하겠다는 임차보증금반환확약서 를 제출하면 보증서를 대체할 수 있다. 다만 금리가 1%씩 가산돼 근로자·서민 전세자금 대출은 5% 저소득가구 전세대출은 3%가 된다. 근로자서민 전세자금은 최대 대출금액도 3000만원으로 줄어든다. 근로자·서민 전세대출을 받을 때 주택금융공사의 보증 외에 연대보증을 세우면 보증 한도를 우대받을 수 있다. 가령 대출가능금액이 5000만원인데 연대보증을 세우면 최대 7000만원까지 보증금액을 높일 수 있다. 기본적으로 친족간의 임대계약은 대출이 이뤄지지 않는다. 법인의 공공주택도 임대인을 통해 법인등기부등본을 확인해야 한다. 가령 소기업이 주택판매를 목적으로 집을 지었으나 판매가 시원치 않아 임대로 돌린 경우는 법인등기부등본상 사업목적이 건설 로 돼 있는데 LH나 SH가 분양하는 임대주택처럼 부동산임대업 으로 명시된 주택에만 대출이 가능하다.,https://news.naver.com/main/read.nhn?mode=LSD&mid=shm&sid1=260&oid=018&aid=0002452196,284
261305,2011.06.14. 오후 2:21,부동산,디지털타임스,올해 보금자리 공급 계획 물량 6만가구 축소,서민들 주택난 현실화 되나 올해 계획됐던 21만 가구 보금자리 주택 공급 계획이 사실상 축소 조정될 것으로 보인다. 정부는 가급적 중소형 물량 중심으로 주택수급에 차질이 없도록 하겠다는 방침이지만 LH 한국토지주택공사 의 경영난 부동산 시장 악화 지방자치단체 재정난 등 악재가 겹쳐있어 대책 마련에 골몰하고 있다. 14일 국토해양부와 LH에 따르면 LH는 올해 보금자리주택 전체 사업승인 물량을 10만 가구로 책정해 국토부에 보고했다. 국토부도 올해 공급 물량을 당초 계획했던 21만 가구에서 15만 가구 수준으로 축소하는 방안을 마련 중이다. 국토부는 수정된 보금자리주택 공급 계획을 이르면 6월 말 경 발표할 계획이다. 하지만 통상적으로 보금자리주택 공급 계획의 80%를 LH가 감당하는 전례를 봤을 때 LH가 10만 가구 이상의 물량을 소화해낼 여력이 없을 경우 올해 공급량은 15만 가구 이하로 조정될 가능성도 있다. 또 이 중 관심이 집중되는 수도권 그린벨트 지역 내 보금자리주택 공급물량도 4만여 가구에 그칠 예정이어서 당초 정부가 약속했던 내년까지 32만 가구 공급 계획이 현실적으로 불가능할 전망이다. LH는 이와 관련 성남 고등 서울 양원지구 등 2만2000여 가구를 그린벨트 지역 내 보금자리주택 사업승인을 예정지로 국토부에 보고했다. 또 국토부에 따르면 기타 SH공사 경기지방공사 등 지자체 산하 지방공사의 그린벨트 지역 보금자리주택 사업승인 물량은 1만5000여 가구에 그치고 있는 것으로 알려졌다. 정부는 이에 따라 오는 2012년까지 그린벨트 보금자리주택 32만 가구를 공급하겠다는 당초 계획의 기간을 좀 더 연장하는 방안을 마련 중이다. 또 보금자리주택 공급 확대를 위해 현재 전체 중 50% 비중으로 돼 있는 전용면적 60㎡ 이상의 소형주택 비율을 최대한 늘이고 지자체 분담률을 높이거나 민간 건설사의 보금자리주택사업 참여를 확대할 수 있도록 인센티브를 제공하는 방안 등을 검토하고 있다. 국토부 관계자는 이와 관련 장기적으로 오는 2018년까지 150만 가구를 공급하기로 한 큰 틀은 유지하되 시장 상황을 감안해 연간 공급계획은 조정할 것 이라고 말했다. 권도엽 국토부 장관도 지난 1일 취임 직후 기자들과 만난 자리에서 장기적인 보금자리주택 공급 계획은 유지하되 공급일정은 조절할 수 있다는 입장을 피력한 바 있다. 국토부 관계자는 LH의 공급계획이 아직 확정된 안이 아니며 지자체 및 민간의 사업참여를 확대하는 방안을 검토 중이라고 설명했다. 그는 보금자리주택 사업에 민간이 참여할 수 있도록 하는 개정안을 발표한 바 있으며 민간 참여 확대를 위한 다양한 인센티브를 검토 중 이라고 말했다. 하지만 LH와 지자체의 재정난 부동산 시장 악화에 따른 민간 업체의 소극적 태도 등 난관이 있음을 인정하면서 시장 혼란을 막기 위해 가급적 6월 중 수정된 계획안을 발표하고자 노력 중이지만 장담할 순 없으며 7월 초까지 갈 수도 있다 고 대책 마련이 쉽지 않음을 토로했다 한편 부동산 전문가들은 보금자리주택 공급 계획이 예상을 밑돌 경우 연간 40만 가구 주택공급계획에도 차질이 빚어져 집 값 불안 및 전셋값 급등 등 서민주거안정에 위협이 될 것이라고 우려를 나타내고 있다.,https://news.naver.com/main/read.nhn?mode=LSD&mid=shm&sid1=260&oid=029&aid=0002068841,284
261306,2011.06.14. 오후 2:17,부동산,파이낸셜뉴스,서울 서초보금자리지구서 첫 준주거및업무시설용지 공급,서울 서초 보금자리주택지구에서 처음으로 준주거 및 업무시설용지가 공급된다. 한국토지주택공사 LH 는 서울 서초 준주거 및 업무시설용지 5필지와 인천 영종하늘도시 단독주택용지 283필지 김포한강신도시 공동주택용지 1필지 등 수도권에서 용지 289필지를 공급한다고 14일 밝혔다. 서울 서초 준주거 및 업무시설용지 5필지는 보금자리주택지구에서 처음으로 공급되는 용지로 인터넷 입찰방식을 통해 일반 실수요자에게 분양된다. 준주거용지는 360∼2120㎡규모로 공급 예정가는 23억∼139억7080만원이다. 업무시설용지는 2970㎡ 6880㎡ 규모로 공급 예정가는 각각 181억7640만원 432억7520만원이다. 계약금은 계약시 낙찰가의 10%이며 중도금은 3년동안 6개월 간격으로 15%씩 6회 분할하면 된다. 토지사용시기는 2012년 6월30일 이후다. 분양신청은 오는 23일부터 이틀간 오전 10시∼오후4시까지 LH 토지청약시스템 hp buy.1h.or.kr 에서 하면 된다. 인천 영종하늘도시 단독주택용지 283필지는 점포겸용 161필지와 주거전용 122필지다. 점포전용 단독주택 용지는 251∼470㎡ 규모로 공급가격은 2억6104만∼5억2098만원이다. 공고일 기준 인천시에 거주하는 무주택 세대주가 1순위 일반실수요자에게 2순위 자격이 주어지며 추첨을 통해 당첨자를 가린다. 신청 접수는 오는 23일 1순위 24일 2순위를 대상으로 LH 토지청약시스템 hp buy.1h.or.kr 에서 가능하다. 대금납부조건을 5년 무이자 할부로 진행해 계약과 동시에 일시불 완납시 약 14%의 할인효과가 있다. 김포한강신도시 공동주택용지 1필지는 2만9495㎡규모로 공급예정가는 619억8403만원이다. 전용면적 60∼85㎡ 분양아파트 550가구를 지을 수 있다. 오는 23일 LH 토지청약시스템 hp buy.1h.or.kr 에서 신청 접수받는다.,https://news.naver.com/main/read.nhn?mode=LSD&mid=shm&sid1=260&oid=014&aid=0002456328,284
261307,2011.06.14. 오후 2:12,부동산,머니투데이,공정위 프라임개발 등에 8억여원 과징금,머니투데이 이재경 MTN기자 공정거래위원회는 공정거래법상 지주회사 및 자회사의 계열사간 출자금지 규정을 위반한 프라임그룹의 프라임개발과 동아건설산업에 대해 주식처분 명령을 내리고 각각 1억1 500만원과 6억700만원의 과징금을 부과했습니다. 일반지주회사인 프라임개발은 자회사가 아닌 계열회사인 일산프로젝트의 주식 6.87%를 소유했습니다. 프라임개발의 자회사인 동아건설산업은 손자회사가 아닌 계열회사인 한국인프라개발의 주식 43.33%와 경기복합물류공사 주식 9.58%를 소유했습니다. 공정거래법은 지주회사 자회사 손자회사 증손회사 로 이어지는 수직적 출자만 허용하고 계열회사간 수평적 순환출자 행위를 금지하고 있습니다.,https://news.naver.com/main/read.nhn?mode=LSD&mid=shm&sid1=260&oid=008&aid=0002555028,284
261308,2011.06.14. 오후 2:02,부동산,MBN,현장취재①금리 인상…집값 더 하락한다,앵커멘트 거래가 뚝 끊긴 주택시장은 금리 인상 이후 꽁꽁 얼어붙고 있습니다. 그래서 집값이 더 하락할 것이란 전망이 나오고 있습니다. 최윤영 기자가 보도합니다. 기자 저밀도 아파트가 모여 있는 서울 개포지구입니다. 지난달 재건축 재정비안이 통과됐다는 대형 호재가 발표됐지만 시장은 꽁꽁 얼어붙어 있습니다. 매매가격은 석 달 사이 1억 원 가까이 떨어졌습니다. 인터뷰 서울 개포동 중개업소 대표 올 초대비 평균 9천만 원 정도 떨어져 있어 투자자 입장에서 보면 들어올 시기이나 금리가 올라가 있기 때문에 매수가 실종된 상태입니다. 집값이 하락하는데다 금리마저 오르자 대출을 받아 집은 산 경우 이자가 큰 부담으로 작용합니다. 인터뷰 서울 개포동 대출받았으니 이자 내고 한 달에 200만 원씩 내고 좁은 집에서 사는 거에요. 거래라도 시켜야지. 거래도 안 되고. 팔려 해도 팔 수가 없는 거에요. 수도권 다른 곳의 상황도 비슷합니다. 인터뷰 조민이 부동산1번지 팀장 금리 인상 자체가 주택시장에 악재로 작용하기 때문에 최근처럼 거래가 약세인 가운데 금리 인상이 발표되면서 거래시장 더욱 위축될 가능성 있습니다. 집값 하락세는 당분간 더 이어질 것으로 내다보는 시각이 우세합니다. 인터뷰 정태희 부동산써브 과장 현재 금리가 인상됐고 6월 장마철과 7 8월 휴가철이 겹치면서 거래 더 줄어들 가능성 있습니다. 거래 줄어든 만큼 가격도 하락할 것으로 보입니다. 스탠딩 최윤영 기자 하반기에 한 두 차례 더 금리 인상이 예고되고 있습니다. 특단의 대책이 없다면 주택시장의 침체는 더 깊어질 전망입니다. MBN뉴스 최윤영입니다.,https://news.naver.com/main/read.nhn?mode=LSD&mid=shm&sid1=260&oid=057&aid=0000167054,284
261309,2011.06.14. 오후 1:58,부동산,매일경제,역세권 아파트 신분당선  수원 영덕 센트레빌,2012년부터 신분당선 연장구간이 개통되는 수원지역에도 역세권 아파트가 블루칩 으로 떠오르고 있다. 수원에는 기존에 국철 1호선이 지나지만 아파트가 몰려 있는 주거지역에서 거리가 떨어져 있었다. 신분당선 연장구간은 수원의 강남으로 불리는 영통지구를 지나기 때문에 역세권으로 꼽히는 아파트가 늘어날 것으로 예상된다. 동부건설이 현재 예비 입주자를 모집 중인 영덕역 센트레빌 은 입주 이전 분당선 연장구간 개통으로 역세권 프리미엄 효과가 기대되고 있다. 분당선은 선릉 수서 모란 서현 정자 죽전 보정을 운행하고 있는 노선이며 연장구간은 북쪽으로 선릉 왕십리역 남쪽으로는 죽전 수원역까지 연결된다. 분당선 남쪽 연장구간의 정식 명칭은 오리 수원역 간 복선전철. 2013년까지 단계적으로 개통될 예정이다. 우선 죽전 기흥 구간은 올 9월 연결된다. 2단계는 기흥에서 상갈 영덕 영통을 거쳐 방죽역까지 2012년에 개통된다. 영덕역 센트레빌 단지는 영덕역까지 직선거리고 불과 700 800ｍ 거리다. 도보로도 충분히 이용 가능하다는 얘기다. 지하철뿐만 아니라 육상교통 여건도 좋다. 단지에서 용인 서울고속도로 흥덕IC까지는 2.2㎞ 떨어져 있다. 경부고속도로 수원IC까지는 직선거리로 3㎞쯤이어서 서울 강남으로 출퇴근도 수월한 편이다. 분양가는 3.3㎡당 1000만 1100만원 수준. 최근 분양한 영통 래미안 분양가가 1300만원 내외였던 점을 감안하면 가격 경쟁력이 있다는 평가다. 분양 규모는 총 233가구로 지하 2층 지상 20층 총 3개동이며 전용면적 84㎡ 101㎡ 두 주택형으로 구성되어 있다. 부동산시장 침체기에도 수요자를 대거 끌어 모았던 수도권 남부의 인기 청약지인 광교신도시와 흥덕지구가 단지와 근거리에 위치해 미래가치가 기대되는 곳이다. 영덕역 센트레빌은 풍부한 녹지가 조성되어 있는 녹색 아파트다. 약 59만㎡의 영흥공원이 단지와 바로 접해 있어 영흥공원 조망권을 누릴 수 있다. 조망권을 극대화하기 위해 아파트 내부 거실 전층에 강화유리 난간을 적용하고 타사 대비 보다 넓은 거실 폭을 계획했다. 견본주택은 기흥구 영덕동 1053 4 5번지 영통입구사거리에 있다. 1588 9551 r start 화보 전혜빈 핫 한 바디 비법 공개 MB가 공직자 모범사례로 칭찬한 강성태 교수는 닛산 리프 니즈모 RC 르망 24시간 레이스 시범 주행 1600원으로 잭팟 터져 45억 대박 정신질환 40대女 국가상대 7조원대 황당 소송 10kg 감량 영지 고해 열창 새삼 화제…폭풍 고음 박완규 과거 고백 “지난 10년 동안 한 것 없이 막 살았다” r end ⓒ 매일경제 mk.co.kr 무단전재 및 재배포 금지 MBA도 모바일로 공부한다.,https://news.naver.com/main/read.nhn?mode=LSD&mid=shm&sid1=260&oid=009&aid=0002484198,284
261310,2011.06.14. 오후 1:57,부동산,매일경제,역세권 아파트 수인선 복선전철  송도 더샵그린스퀘어,내년 6월 수인선 복선전철 송도 오이도 구간 개통으로 송도국제도시는 경기 및 인천지역 이동이 한층 수월해진다. 포스코건설은 최근 송도국제도시 5공구 Rc3블록에서 송도 더샵 그린스퀘어 아파트를 선보인 데 이어 11블록 16블록 분양도 하반기 중 계획하고 있다. 송도 더샵 그린스퀘어는 64㎡ 소형물량이 포함되고 인근 아파트 시세보다 분양가도 저렴해 실수요자들이 주목할 만하다. 잔여물량을 분양하고 있다. 송도 더샵 그린스퀘어 는 지하 1층 지상 42층 12개동 1516가구 규모로 지어진다. 아파트로는 송도국제도시에서 유일하게 1500가구가 넘는 대단지다. 전용면적별로는 △64㎡ 45가구 △84㎡ 754가구 △98㎡ 398가구 △115㎡ 238가구 △125㎡ 81가구 등이다. 12개 전체 주동에 2개층 높이 6ｍ 필로티를 계획해 저층부를 과감히 없앤 것이 특징이다. 84㎡ 주택형을 판상형 구조에 4베이를 적용해 개방성과 채광을 극대화했다. 98㎡는 발코니 확장을 할 경우 대형 아파트 못지않은 넓은 거실공간을 확보할 수 있도록 했다. 송도 더샵 그린스퀘어는 송도지역 최초로 9%대 9.77% 의 건폐율이 적용됐다. 송도에 공급된 아파트 대부분이 18 19% 정도 건폐율이 적용된 점을 고려하면 무려 두 배가량 건폐율이 낮게 설계된 것이다. 건폐율은 건축면적의 용지에 대한 비율로 건폐율이 낮을수록 용지 내 건축물이 차지하는 면적이 낮아 쾌적성도 높아지게 된다. 실제 국내에서 가장 높은 가격을 형성하고 있는 서울 강남구 삼성동 아이파크의 건폐율이 9%대다. 단지 내에는 1㎞ 이상의 산책로와 자전거 전용도로를 조성한다. 입주민 건강을 고려해 실내 부대시설 이외 외부 주민운동시설을 3곳이나 더 마련했다. 이 밖에 어린이 놀이터 5개소 휴게소 4개소를 설치하는 등 송도 내 단일 아파트 중 최대 면적의 녹지공간과 부대시설을 갖췄다. 송도 더샵 그린스퀘어가 위치한 5공구는 최근 삼성그룹이 2020년까지 2조원을 들여 차세대 바이오제약 사업단지를 건설키로 하면서 풍부한 배후수요가 예상되는 지역이다. 이 밖에 5공구 일대는 지난 2일 연세대 송도캠퍼스가 의예ㆍ치의예과를 비롯해 약대 자유전공 언더우드국제대학을 개설하는 등 교육환경이 개선되고 있다. 1544 3399 r start 화보 전혜빈 핫 한 바디 비법 공개 MB가 공직자 모범사례로 칭찬한 강성태 교수는 닛산 리프 니즈모 RC 르망 24시간 레이스 시범 주행 1600원으로 잭팟 터져 45억 대박 정신질환 40대女 국가상대 7조원대 황당 소송 10kg 감량 영지 고해 열창 새삼 화제…폭풍 고음 박완규 과거 고백 “지난 10년 동안 한 것 없이 막 살았다” r end ⓒ 매일경제 mk.co.kr 무단전재 및 재배포 금지 MBA도 모바일로 공부한다.,https://news.naver.com/main/read.nhn?mode=LSD&mid=shm&sid1=260&oid=009&aid=0002484197,284
261311,2011.06.14. 오후 1:57,부동산,매일경제,역세권 아파트 분당선 연장구간  수원 권선 현대아이파크 3차,분당선 연장선은 서울 왕십리에서 수원까지 수도권 남북으로 광범위하게 잇는다는 점에서 최근 떠오르는 교통호재 가운데서도 단연 돋보인다. 서울시와 경기도 등지에 따르면 최초 선릉과 분당 오리를 잇는 분당선은 향후 공사를 거쳐 북측으로는 선릉에서 왕십리까지 남측으로는 분당 오리에서 수원까지 대폭 확대된다. 현재 선릉에서 경기 용인 보정까지 개통된 상태다. 올해 말까지 죽전 기흥구간이 열릴 예정이다. 이어 오는 2012년 말에는 선릉 왕십리 구간 2013년 말에는 기흥 수원역 구간이 순차적으로 개통된다. 이 라인은 특히 죽전 기흥 영통 등지를 분당 서울 강남과 연결해 줌으로써 일대 주거가치 상승에 크게 기여할 것으로 평가받고 있다. 이들 지역에 주택 수요자 관심이 모이는 것도 이 같은 이유 때문이다. 현대산업개발은 수원에서 총 99만㎡ 규모 미니신도시급 수원 아이파크 시티 를 조성한다. 수원시 권선구 권선동 일대에 들어서는 총 6585가구 규모 민간 중심 도시개발 프로젝트로 주거시설과 더불어 테마쇼핑몰 복합상업시설 공공시설 등이 동시에 개발된다. 오는 10월 1차 분양분 1336가구 입주가 진행되고 이와 동시에 하반기에는 1077가구가 3차로 분양 공급된다. 수원 아이파크 시티 3차 5ㆍ6블록은 지하 2층 지상 14층 20개동 전용면적 64 116㎡ 공급 80 151㎡ 규모로 조성된다. 이 단지는 도시개발사업으로 진행되는 만큼 기존 아파트 단지와는 차별화된 실내외 공간을 갖춘 것이 특징이다. 우선 자연미를 살린 디자인이 관심거리다. 세계적인 건축가 벤 판 베르켈이 디자인한 아파트 입면은 숲과 계곡 대지 물의 파동 지평선 등 자연을 모티브로 각각 파크 Park 워터 Water 빌리지 Village 시티 City 필드 Field 타입으로 나뉜다. 이 중 파크 빌리지 워터 타입에는 아파트 외벽 위에 디자인 외벽이 추가로 설치되는 더블스킨 공법이 적용된다. 동수원로를 따라 들어서는 건물에는 물의 파동을 형상화한 시티타입 입면디자인이 적용된다. 평면 설계에도 새로운 시도가 돋보인다. 각 주택형 별로 오픈방식 다이닝 키친과 가족실이 제공돼 입주자들이 취향에 맞게 주택을 꾸밀 수 있도록 했다. 031 232 1700 r start 화보 전혜빈 핫 한 바디 비법 공개 MB가 공직자 모범사례로 칭찬한 강성태 교수는 닛산 리프 니즈모 RC 르망 24시간 레이스 시범 주행 1600원으로 잭팟 터져 45억 대박 정신질환 40대女 국가상대 7조원대 황당 소송 10kg 감량 영지 고해 열창 새삼 화제…폭풍 고음 박완규 과거 고백 “지난 10년 동안 한 것 없이 막 살았다” r end ⓒ 매일경제 mk.co.kr 무단전재 및 재배포 금지 MBA도 모바일로 공부한다.,https://news.naver.com/main/read.nhn?mode=LSD&mid=shm&sid1=260&oid=009&aid=0002484196,284
261312,2011.06.14. 오후 1:57,부동산,매일경제,역세권 아파트 7호선 연장구간  부평5구역 재개발,7호선 연장선은 부천 인천 등 경기 서남권 지역의 교통 숨통을 트여줄 호재로 주목받고 있다. 특히 이들 지역을 서울 강남 중심인 고속터미널 반포 청담 등지와 연결시켜 줌으로써 서울 강남으로의 출퇴근 여건이 대폭 개선될 것으로 관측된다. 이 라인은 내년 말 개통 예정으로 인천 부천 시민들이 이용하는 경인전철의 이용객을 분산시켜 부평 부천 중동신도시 교통환경이 크게 좋아질 것으로 기대하고 있다. 삼성물산 건설 부문과 풍림산업은 인천 부평동 부평5구역을 재개발해 올 하반기 중 공급에 나선다. 지상 최고 33층 18개동 규모에 총 1381가구가 들어선다. 전용면적 39 114㎡ 대단지로 이중 조합원 물량을 제외한 579가구가 일반 공급된다. 이 단지는 입주민 안전과 주거쾌적성을 높인 일대 랜드마크 주거지로 꾸며진다. 우선 단지 북측에는 굴포공원과 신트리공원이 있어 입주민들에게 주거 쾌적성을 제공할 것으로 보인다. 상동호수공원과 원적산도 인근에 위치하고 있다. 입주민들의 안전을 고려해 단지 내 차량 동선은 최소화했다. 단지 주변의 공원 대중교통 이용을 고려해 보행전용 출입구도 설치된다. 단지 주변으로 마련된 순환 산책로는 휴게공원 어린이 놀이터 등과 연결돼 있어 생활 편의성을 더욱 높인다는 계획이다. 아파트는 타워형과 판상형을 혼합 배치해 단지의 단조로움을 최대한 줄였다. 동별로 최고 층수를 달리해 자연스러운 스카이라인과 더불어 동별 조망권 확보에도 성공했다. 인천 부평의 장점은 서울과의 접근성에 있다. 지하철 광역버스 등 대중교통망을 비롯한 각종 도로가 잘 마련돼 있어 서울과 인천을 잇는 거점 구실을 톡톡히 하고 있다. 특히 부평 5구역은 부평 내에서도 교통환경이 우수한 곳으로 꼽힌다. 인천지하철 1호선 부평구청역과 부평시장역이 걸어서 10분 이내 거리에 위치하고 있어 서울로 오가기 편리하다는 평가를 받는다. 또 경인고속도로 부평나들목이 차량으로 5분 거리에 위치하고 있다. 특히 7호선 연장선이 내년 중 개통하면 서울 강남을 비롯한 서울 각지로의 접근성이 대폭 개선된다. 삼성물산 건설부문에 따르면 최근 부평 5구역에 대한 설계변경을 진행하고 있다. 이에 따라 단지 배치와 전경 등 전체적인 외형은 조감도와 다소 달라질 것으로 예상된다. r start 화보 전혜빈 핫 한 바디 비법 공개 MB가 공직자 모범사례로 칭찬한 강성태 교수는 닛산 리프 니즈모 RC 르망 24시간 레이스 시범 주행 1600원으로 잭팟 터져 45억 대박 정신질환 40대女 국가상대 7조원대 황당 소송 10kg 감량 영지 고해 열창 새삼 화제…폭풍 고음 박완규 과거 고백 “지난 10년 동안 한 것 없이 막 살았다” r end ⓒ 매일경제 mk.co.kr 무단전재 및 재배포 금지 MBA도 모바일로 공부한다.,https://news.naver.com/main/read.nhn?mode=LSD&mid=shm&sid1=260&oid=009&aid=0002484195,284
261313,2011.06.14. 오후 1:53,부동산,매일경제,오산 세교신도시 일자리교통환경 3박자 골고루 갖췄다,수도권 중남부 대표 도시로 꼽히는 세교신도시는 교통과 환경 일자리 등 삼박자를 갖춘 도시다. 동탄신도시 서남쪽 오산시 북쪽에 자리를 잡은 세교신도시는 603㎡ 규모다. 동탄신도시 경계와의 거리가 2 3㎞에 불과해 동탄 생활권으로 분류된다. 계획된 주택 규모는 총 2만9000여 가구고 모두 8만6000여 명이 거주할 예정이다. 세교신도시는 수도권 진입이 수월한 교통망을 갖추고 있다는 평가를 받고 있다. 이미 지구 내에 오산대역과 세마역이 개통돼 있고 1호선 급행열차를 타면 오산역에서 서울역까지 1시간 내에 도착할 수 있다. 오산과 강남을 연결하는 광역버스 노선도 있다. 노선은 오산대학 오산대역 수변공원 죽미마울 세마역 동탄신도시 4개소 동탄IC 강남역 이다. 7대의 버스가 하루에 총 47차례 운행한다. 강남권 진입 광역버스 노선 개통은 최고 호재로 꼽힌다. 아울러 인근에 있는 세교IC를 통하면 경부고속도로와 제2수도권 외곽순환고속도로로 쉽게 접근할 수 있다. 승용차를 타고 경부선이나 용인 서울 고속도로를 이용하면 서울 강남권까지 50분 정도 소요된다. 인근에 조성된 화성동탄신도시의 개발과 연계돼 건설될 예정인 수도권 광역교통망을 이용하면 그 혜택도 고스란히 받을 수 있다. 지구 내 교통환경 개선사업도 이어지고 있다. 지구 내 세마대 사거리 일대 지하차도 상ㆍ하행선이 완전히 개통됐다. 이번 지하차도 개통으로 국도1호선과 서부우회도로 봉담 동탄 고속도로 경부고속도로 동탄신도시 등과의 연결이 원활해져 외부 지역에서 오산시로 진입하는 게 한층 쉬워졌다. 세교신도시 인근에는 총 150만㎡ 규모 기장산업단지가 4단계를 걸쳐 개발될 예정이다. 신도시 내 도시지원시설용지에도 첨단제조업과 벤처기업 등을 유치할 계획이다. 세교신도시는 녹색도시이기도 하다. 신도시 내에 공원이 모두 30여 곳이나 되고 친수 공간도 많다. 특히 주변 환경과 조화를 이루는 도시환경을 조성하기 위해 지구 내부와 외부를 잇는 자연생태 녹지축을 만들었고 지구 중앙에는 대규모 생활체육공원을 조성해 시민들이 건강생활을 추구하도록 했다. 이와 더불어 도시 곳곳에서 근린생활공원과 체육공원 등을 만날 수 있다. 주민의 다양한 문화활동을 위해 시립도서관과 문화센터도 건립된다. 인구 고령화에 대비한 노인복지관 맞벌이 부부를 위한 시립어린이집 사회 소외계층을 위한 장애인복지관과 보훈회관 등을 통합한 종합사회복지타운이 마련될 예정이다. 각종 상업시설과 쇼핑시설이 늘어나 생활 편의성도 한층 좋아질 전망이다. 세교신도시는 전체 지구 내 상업시설 용지가 3.4%에 불과해 상권이 경쟁력을 갖췄다는 평가를 받고 있다. 분당은 상업시설 용지가 5.31%에 달한다. 세교신도시는 유비쿼터스 도시를 구현할 것으로 예상된다. 교통 방범 등 공공 인프라스트럭처를 구축하고 첨단 홈네트워크 시스템을 설치해 각 가정에서 난방 전기 가스 등 원격 검침이 가능한 서비스가 제공될 예정이다. 세교1지구는 수목원 가까워 친환경 복합도시 각광 세교1지구는 오산 세교동 금암동 내ㆍ외삼미동 수청동 일대에 조성되는 323만㎡ 규모 택지지구다. 전원형 복합도시를 추구하는 택지지구로 인구 4만8000명을 수용하는 1만6000가구 주택이 조성되고 있다. 오산 세교1지구가 주목받는 이유는 편리한 교통망과 자연 친화적인 환경을 갖춘 주거지역이라는 점 때문이다. 오산 세교1지구는 오산 북부지역에 위치해 국도1호선과 경부고속도로 등 기간교통망이 잘 갖춰져 있다. 수원으로 연결되는 수도권 전철역 세마역이나 오대산역을 통해 서울 강남권 출근이 가능하다. 또 오산IC를 통하면 경부고속도로까지 5분 안팎이 걸린다. 주거 환경도 쾌적하다. 지구 남쪽에 경기도가 자랑하는 물향기수목원이 접해 있고 주변 구릉산지를 살리면서 개발이 됐기 때문에 친환경 웰빙단지로 손색이 없다. 지구 내부에 도시형 공장도 유치해 자족 기능도 갖출 계획이다. 교육 환경도 나쁘지 않다. 오산세교1지구에 유치원 6곳 초등학교 6곳 중학교 3곳 고등학교 3곳이 순차적으로 개교할 예정이다. 오산대학이 지구와 접해 있고 한신대학교 수원대학교 경희대학교 경기대학 등도 도시 주변에 있다. 또 2007년 초 입주를 시작한 동탄신도시와는 불과 3㎞가량 떨어져 있어 생활편의시설 등을 함께 이용할 수 있는 장점도 있다. 세교1지구는 2009년 임대아파트 6753가구에 첫 입주가 시작됐으며 작년 10월 C블록에서 태영건설이 세교휴먼시아 데시앙 총 1060가구를 준공하면서 입주가 본격화했다. 올해도 C1블록 297가구와 C4블록 580가구 B3블록 772가구 입주가 이어질 예정이다. 세교2지구는 인근에 가장산업단지…자족기능 갖춰 세교2지구는 오산시 궐동 금암동 가수동 탑동 일원에 조성되는 택지지구다. 280㎡ 규모로 1만3000가구 주택이 건설되고 4만여 명이 거주하게 된다. 세교2지구 인근에는 111만여 ㎡ 규모 가장산업단지가 조성된다. 여기에 오산역 남쪽에 위치한 중소형 공장들이 단계적으로 이전될 예정이다. 이외에도 전자 IT 등 고부가치 첨단산업 육성도 추진되고 있다. 세교2지구는 풍부한 수풀을 갖추고 있고 서쪽에 오산천이 흘러 친환경적 도시이기도 하다. 자족기능과 쾌적한 자연환경을 함께 갖췄다는 것이 세교2지구의 최대 장점이다. 세교2지구는 세교1지구와 마찬가지로 경부고속도로 국도 1호선에 인접한 교통의 요충지이기도 하다. 지구 내에 경부선 전철 오산대역과 오산역이 있어서 1호선과 대중교통 이용이 편리하다. 아울러 서수원 평택 고속도로가 지구 내를 관통해 도로 진입도 한층 쉬워졌다. 세곡2지구가 자족여건을 갖춘다면 젊은층 인구 유입을 기대할 수 있어 일부 신도시에서 나타나는 고령화 현상에서 좀 더 자유로워질 수도 있을 것으로 보인다. r start 화보 전혜빈 핫 한 바디 비법 공개 MB가 공직자 모범사례로 칭찬한 강성태 교수는 닛산 리프 니즈모 RC 르망 24시간 레이스 시범 주행 1600원으로 잭팟 터져 45억 대박 정신질환 40대女 국가상대 7조원대 황당 소송 10kg 감량 영지 고해 열창 새삼 화제…폭풍 고음 박완규 과거 고백 “지난 10년 동안 한 것 없이 막 살았다” r end ⓒ 매일경제 mk.co.kr 무단전재 및 재배포 금지 MBA도 모바일로 공부한다.,https://news.naver.com/main/read.nhn?mode=LSD&mid=shm&sid1=260&oid=009&aid=0002484189,284
261314,2011.06.14. 오후 1:53,부동산,경향신문,대전 노은 ‘한화 꿈에그린’ 최고경쟁률 66대1로 청약마감,한화건설 대표이사 이근포 이 대전 유성구 지족동 노은4지구에서 분양한 ‘대전 노은 한화 꿈에그린’ 1885가구 이 최고 66대 1의 청약 경쟁률을 기록하면서 3순위 마감됐다. 14일 금융결제원에 따르면 9 13일간 진행된 ‘대전 노은 한화 꿈에그린’의 일반 청약 접수결과 특별공급 물량을 제외한 1765가구 모집에 5120명이 청약해 평균 2.9대 1의 경쟁률로 전 주택형이 청약 마감됐다. 1블록은 총 860가구 모집에 2835명이 청약해 3.3대 1의 경쟁률을 보였다. 2블록은 총 905가구 모집에 2285명이 청약해 2.5대 1이었다. 특히 이번 청약에서 2블록은 1순위에서 전 주택형이 마감되는 등 인기를 끌었다. 1블록은 부적격 당첨자나 미계약자가 나오면 계약할 수 있는 3순위 예비당첨자 모집에 1699명이 몰려 관계자들을 놀라게 했다. 최고경쟁률 66대1도 1블록 84㎡ A타입 3순위 청약에서 나왔다. 김경수 분양소장은 “유성구에서는 1·2순위 청약자격이 대전광역시 내 주민등록을 마친 후 3개월 이상 거주한 자에게만 주어지기 때문에 제약조건이 없는 3순위 청약에 투자수요가 급격히 몰린 것 같다”고 말했다. 업체 측은 청약자들의 대부분이 해당 지역의 실수요자인 점에 미뤄 높은 계약률을 예상하고 있다. 한화건설 신완철 상무는 “이번 청약 결과는 대전 과학벨트 유치 열기와 세종시 개발 호재가 반영된 듯 하다”며 “노은지구의 주거선호도가 높고 우수한 교육환경을 누릴 수 있어 청약열기가 높은 계약률로 이어질 것”이라고 말했다. 당첨자는 21일 발표되며 27 29일 계약이 진행된다. 입주는 2014년 2월 예정이다. 디지털뉴스팀 박용하 기자 yong14h kyunghyang.com 경향신문 ‘오늘의 핫뉴스’ 서울대생 절대 대통령 안돼야할 인물 1위 박근혜의 ‘한마디’와 노무현의 ‘한마디’ 서러운 알바 여대생… 내가 사람이긴 한 건가 “겁많은 여학생이지만 너무 화나고 견딜수없어” 직장인이 부모님께 드리는 용돈… 평균 얼마 취업 면접때 ‘딱 걸리는 거짓말’… 1위는 공식 SNS 계정 경향 트위터 미투데이 페이스북 세상과 경향의 소통 Khross ⓒ 경향신문 경향닷컴 www.khan.co.kr 무단전재 및 재배포 금지 〈경향닷컴은 한국온라인신문협회 www.kona.or.kr 의 디지털뉴스이용규칙에 따른 저작권을 행사합니다.,https://news.naver.com/main/read.nhn?mode=LSD&mid=shm&sid1=260&oid=032&aid=0002141894,284
261315,2011.06.14. 오후 1:48,부동산,파이낸셜뉴스,대우건설 쿠알라룸푸르에 6성급 호텔 짓는다,대우건설은 말레이시아 수도 쿠알라룸푸르 반다라야 지구에 지하 3층∼지상 48층 규모의 6성급 호텔 및 레지던스를 건설하는 ‘원 IFC 프로젝트’를 1억9000만달러에 수주 13일 현지시간 계약을 체결했다.서종욱 대우건설 사장 오른쪽 과 추아마유 원 IFC 레지던스 회장이 쿠알라룸푸르의 원 IFC레지던스 사무실에서 서명한 계약서를 들고 기념촬영하고 있다.,https://news.naver.com/main/read.nhn?mode=LSD&mid=shm&sid1=260&oid=014&aid=0002456296,284
261316,2011.06.14. 오후 1:47,부동산,동아일보,교하신도시 롯데캐슬 견본주택에 무슨일이…,동아닷컴 견본주택에 가온호수공원이 들어왔다. 롯데건설이 지난 주말 교하신도시 운정지구 롯데캐슬 견본주택을 오픈해 실수요자들의 관심이 높은 가운데 견본주택 1층 내 단지 모형과 더불어 단지 바로 앞에 위치해 있는 가온호수공원 모형을 설치해 눈길을 끌고 있다. 견본주택 오픈 첫 주말 동안 3만여명의 고객들이 몰려 교하신도시 운정지구 롯데캐슬의 인기를 실감케 했으며 견본주택 내 설치된 각 주택형 유닛에 대한 관심도 뜨거웠다. 교하신도시 운정지구 롯데캐슬은 전용 59A㎡는 전면 4BAY로 일조권 및 조망권을 최대한 확보하고 드레스룸 및 부부욕실에 샤워부스를 설계해 편의성을 높였다. 전용 84A㎡ 101A㎡ 113A㎡는 전 후면에 발코니를 배치해 맞통풍이 가능하며 보관이 불편한 청소기 교자상 장난감 등 부피가 큰 물품을 수납할 수 있는 넉넉한 팬트리 Pantry 가 주방에 설치해 수납공간을 특화했다. 단지 내 조경도 뛰어나다. 단지의 절반을 테마공원으로 조성하기 때문이다. 자낙나무숲길 메타세콰이어길 단풍나무길 억새밭길 등 숲과 나무 사이로 1.1Km의 테마산책로와 약 700m에 달하는 자전거 도로가 조성되며 편백나무 동산 숲속놀이터 미디어폴의 빛과 바닥분수의 물줄기가 오케스트라의 음악에 맞춰 춤을 추는 빛의 광장도 들어설 예정이다. 커뮤니티 시설도 잘 갖춰진다. 영 유아 및 부모들을 위한 캐슬 맘 키즈 카페가 조성된다. 키즈 카페에서는 실내 테마놀이터 파티룸 동화구연실이 꾸며질 예정이며 맘스카페에서는 아이를 보며 육아 정보를 교류할 수 있고 소규모 강좌도 가능하도록 공간을 구성할 계획이다. 또한 돌잔치 가족모임 등 다양한 행사를 열 수 있는 연회장과 외부 손님과 친척 방문 시 사용할 수 있는 게스트하우스 등도 제공된다. 피트니스클럽에는 20여종의 운동시설과 GX룸이 갖춰진다. 이 밖에 탁구장 사우나시설 웰빙테라피룸도 갖출 예정이다. 실내골프 클럽은 일반타석 16타석 스크린골프장 2개소 퍼팅그린 공간을 갖춘다. 이 외에도 도서관 독서실 100여석 도 조성한다. 단지 인근 생활 편의 시설도 뛰어나다. 통일동산 헤이리 예술마을 영어마을 첼시 프리미엄아울렛 등이 인근에 위치해 있다. 단지 바로 뒷 편에 교하가람행복센터가 2012년 상반기 중에 완공될 예정이다. 교하가람행복센터에는 공공청사 및 청소년 노인 복지시설 및 헬스장 수영장이 포함된 체육시설 공연장 전시장 등으로 구성된다. 교통도 편리하다. 경의선 운정역과 가깝고 제2자유로 김포 관산간 도로 개통으로 서울 접근성이 뛰어나다. 견본주택은 지하철3호선 마두역 4번 출구 인근 뉴코아 사거리에 위치해 있다. 교하신도시 운정지구 롯데캐슬은 지하 1층 지상 18 30층 20개동 규모로 전용면적 59A㎡ 130가구 59B㎡ 48가구 84A㎡ 650가구 84B㎡ 217가구 101A㎡ 195가구 101B㎡ 21가구 113A㎡ 231가구 113B㎡ 120가구 113C㎡ 120가구 126A㎡ 75가구 126B㎡ 73가구 등 총 1880가구로 구성된다. 청약은 6월 14일 특별공급 15일 1순위 16일 2순위 17일 3순위 접수가 진행될 예정이다. 분양문의 031 908 1880 본 자료는 해당기관에서 제공한 보도 자료입니다.,https://news.naver.com/main/read.nhn?mode=LSD&mid=shm&sid1=260&oid=020&aid=0002251112,284
261317,2011.06.14. 오후 1:47,부동산,이데일리,63빌딩보다 높은 초고층빌딩은 어디,이데일리 이진철 기자 최근 서울 잠실 롯데슈퍼타워 123층 555m 가 본격적인 공사에 들어가면서 국내 초고층 빌딩에 대한 관심이 높아지고 있다. 14일 업계에 따르면 롯데슈퍼타워 를 제외하고 국내에서 이미 준공됐거나 착공된 빌딩으로 가장 높은 건축물은 68층 305ｍ 높이로 골조와 외관 공사가 마무리된 인천 송도국제도시에 위치한 동북아트레이드타워 오피스빌딩이다. 도심의 초고층 마천루는 대부분 주상복합아파트가 차지하고 있는 것도 특징이다. 내년 1월 입주를 앞두고 있는 부산 해운대의 두산 위브더제니스는 80층 1788가구 규모이며 오는 10월 준공을 앞둔 해운대 아이파크 1631가구 가 최고 72층이다. 해운대 일대에는 현재 40층 이상의 주상복합아파트가 빼곡히 들어서 있다는 점에서 70층 이상 높이의 주상복합단지가 완공되면 스카이라인이 달라질 것으로 예상된다. 현재 서울에서 가장 높은 건물도 주상복합아파트로 지상 69층 높이의 양천구 목동 하이페리온 과 도곡동 타워펠리스 3차 가 있다. 수도권 주상복합 중에선 화성 동탄신도시 메타폴리스 A동 66층 부천 중동신도시 리첸시아 중동 66층 이 가장 높은 초고층빌딩에 속한다. 이밖에도 인천 송도 더샵퍼스트월드 64층 부산 해운대 더샵센텀스타 60층 일산 두산 위브더제니스 59층 서울 광진구 자양동 더샵 스타시티 58층 청라 푸르지오 58층 등이 초고층빌딩 상위순위를 차지하고 있다. 초고층 주상복합아파트는 랜드마크가 될지 아니면 애물단지가 될지는 부동산 경기상황에 달려 있다. 도곡동 타워팰리스 목동 하이페리온 주상복합의 경우 분양 당시 미분양으로 애를 먹었지만 시간이 지나면서 몸값이 지속적으로 상승해 지역을 대표하는 랜드마크로 자리매김한 대표적인 사례로 꼽힌다.,https://news.naver.com/main/read.nhn?mode=LSD&mid=shm&sid1=260&oid=018&aid=0002452177,284
261318,2011.06.14. 오후 1:46,부동산,매일경제,분당 서현동처럼 광교·강일·세교 택지내 상가 뜬다,오산 세교지구 조감도. 대형 할인마트가 지역마다 확고히 자리 잡으며 소비행태에도 변화가 왔다. 이런 추세는 아파트 단지 내 상가 공급이 감소하는 원인으로 작용하고 있다. 실제 상권 경쟁이 치열해지며 단지 내 상가 인기는 예전만 못하다. 규모도 줄고 수익성도 감소하고 있다. 단지 내 상가에 입주하는 상권도 정형화하고 있다. 공인중개사 사무실과 피아노 태권도 등 학원 세탁소 등 소매점이 기본 입점업체로 자리하고 있다. 단지 내 상가 규모가 축소되면서 상대적으로 택지지구 내 중심상업지역 상가는 반사이익을 보고 있다. 중심상업지역은 택지지구의 가장 핵심이 되는 곳이나 중심 권역으로 발전시키기 위해 조성되는 곳을 말한다. 이들 지역은 전철역 인근 역세권이나 유동인구가 가장 많은 곳에 자리 잡는 것이 대다수다. 중심상업지역 내 상가는 단지 내 상가처럼 과도한 경쟁으로 낙찰가격이 급등할 우려가 적다. 규모가 넓어 다양한 상권을 유치할 수 있기 때문. 외부로부터 인구가 유입되는 지역이기 때문에 시장 창출력을 가진 점이 단지 내 상가와 다른 점이다. 이런 이유로 가격 경쟁력을 확보할 수 있는 것이 중심상업지역의 장점으로 꼽힌다. 다양한 업종을 유치할 수 있어 업종 간 시너지 효과도 기대할 수 있다. 1기 신도시인 분당의 경우 서현동이 이런 역할을 하고 있다. 백화점을 중심축으로 다양한 상권이 대대적으로 입점해 중심상권 역할을 하고 있다. 주말에 인구 유입을 주도하는 핵심상권으로 자리잡은 지 오래다. 올해 입주가 시작되는 경기 수원시 광교신도시는 총 7만7500명 규모의 인구가 들어올 예정이다. 상가정보연구소에 따르면 현재 광교 내 5곳이 토지사용허가를 얻어 조만간 정식 분양할 것으로 전망된다. 이 지역은 작년 9월 LH 한국토지주택공사 에서 광교에 분양했던 16개 점포 중 14개가 팔리면서 투자자들의 높은 관심을 한몸에 받은 곳이다. 지난해 6월 말 입주가 시작된 청라지구는 앞으로 인근 수변공간을 중심으로 상가가 줄지어 들어설 예정이다. 환경과 연계된 상권 발달이 기대된다. 서울 도심 내 택지지구로 관심을 모았던 전체 6509가구 규모 강일지구도 작년 4월부터 입주가 이어지며 상권이 빠르게 형성되고 있다. 최근 들어 가장 주목받는 곳으로는 오산 세교신도시 중심 상업지역이 꼽힌다. 오산세교지구는 오산시 세교동 일대 325만㎡에 달하는 신도시급 택지개발지구. 세교2택지개발지구와 통합하여 신도시로 개발될 예정이다. 입지조건이 우수하고 교통 접근성 등을 갖추고 있어 실수요자들의 관심이 높다. 동탄신도시에 인접했으며 수도권 중남부의 전원형 최첨단 신도시를 표방한다. 주변에 물향기수목원 팔봉산 등 우수한 자연경관요소가 두루 갖춰져 주거환경이 뛰어난 편이다. 지구를 통과하는 서수원 오산 평택 간 민자고속도로를 통해 경부고속도로와 서해안고속도로를 쉽게 이용할 수 있다. 용인 서울 간 고속도로를 통해 서울 왕래도 어렵지 않다. 특히 지하철 1호선 세마역과 오산대역이 지구를 관통하고 있으며 세교2지구 동측에 오산역이 자리 잡고 있다. 여기에 세교 강남 간 광역버스가 운행 중으로 세교지구 거주자들 불만이었던 광역교통문제가 상당수 해결됐다. 이런 이유로 지구 내 중심가인 세마역을 중심으로 역세권 핵심상권이 조성되고 있다. 2005년 개통된 국철1호선 세마역은 세교지구 입주가 시작되면서 유동인구가 가파르게 늘고 있다. 이 일대는 임대수요가 풍부한 것이 장점이다. 세교지구에는 2만9000여 가구 9만명의 상주인구가 배후수요로 자리를 잡게 된다. 주변에 100만㎡를 웃도는 기장산업단지가 조성된다. 2015년에는 1000병상 규모 오산 서울대 병원이 들어선다. 이 같은 입지적 장점을 노리고 다양한 상가가 최근 이 일대 분양을 시작하고 있다. 세마역 바로 앞에 위치한 CL타워 가 대표적이다. 일반상업지역으로 유치업종에 제한이 없다. 세마역 광장 앞에 위치해 금융시설 소매업 편의점ㆍ이동통신ㆍ약국ㆍ화장품 식품업 아이스크림ㆍ커피숍ㆍ죽전문점 등 업종이 관심을 보이고 있다. r start 화보 전혜빈 핫 한 바디 비법 공개 MB가 공직자 모범사례로 칭찬한 강성태 교수는 닛산 리프 니즈모 RC 르망 24시간 레이스 시범 주행 1600원으로 잭팟 터져 45억 대박 정신질환 40대女 국가상대 7조원대 황당 소송 10kg 감량 영지 고해 열창 새삼 화제…폭풍 고음 박완규 과거 고백 “지난 10년 동안 한 것 없이 막 살았다” r end ⓒ 매일경제 mk.co.kr 무단전재 및 재배포 금지 MBA도 모바일로 공부한다.,https://news.naver.com/main/read.nhn?mode=LSD&mid=shm&sid1=260&oid=009&aid=0002484184,284
261319,2011.06.14. 오후 1:45,부동산,파이낸셜뉴스,오피스텔 아파트처럼 다양한 커뮤니티 도입 실수요자 공략,오피스텔이 아파트에서 볼수 있었던 다양한 커뮤니티를 채택해 실수요자를 공략하고 있다. 오피스텔에 주거기능이 대폭 보강되면서 아파트의 각종 커뮤니트를 도입 경쟁력을 강화하고 있다. 14일 건설업계에 따르면 이달 서울 송파지역에 분양을 앞두고 있는 대우건설 ‘송파 푸르지오 시티’는 지하층에 중앙 선큰 광장을 조성하고 1인 거주 주거상품의 필수 시설인 사우나 헬스장 골프연습장 등의 스포츠 시설과 게스트룸 등의 커뮤니티 시설을 조성키로 했다. 또 상업시설과 오피스텔 공용부는 신재생 에너지인 지열 발전과 태양광 발전을 활용 관리비를 크게 절감시킬 계획이다. 삼성에버랜드의 ‘판교 엠타워’는 718㎡의 옥상정원을 조성하고 6층 가구에 전용 서비스공간으로 조성되는 조경공간을 제공한다. 두산건설이 분양하는 ‘상암 두산 위브센티움’은 옥상에 녹지 공간을 확보할 예정이다. 대우건설이 분양을 준비 중인 ‘야탑 여수 엠타워’는 오피스텔 4층과 10층의 일부 가구에 개인 테라스를 도입해 기존의 답답한 오피스텔 환경에서 개방감을 확보했다. 오피스텔 가구당 1대의 주차공간을 마련할 방침이다. KCC의 ‘판교역 KCC 웰츠타워’의 경우 전용 74∼84㎡의 대형 오피스텔 A동 18실 B동 28실로 구성돼 ‘오피스텔은 소형만 있다’는 기존 통념을 깼다. 회사 관계자는 “오피스텔에도 과감하게 대형을 도입 소형 아파트 대체 상품으로 경쟁력을 키워야 한다”고 말했다. 전용 84㎡는 일반 아파트와 비슷하게 침실 2개 욕실 2개로 구성됐다.,https://news.naver.com/main/read.nhn?mode=LSD&mid=shm&sid1=260&oid=014&aid=0002456289,284
261320,2011.06.14. 오후 1:45,부동산,파이낸셜뉴스,대전 노은 한화 꿈에그린 최고 66대 1로 청약 마감,한화건설이 대전 유성구 지족동 노은4지구에서 분양한 총 1885가구 규모의 ‘대전 노은 한화 꿈에그린’이 최고 66.26대 1의 경쟁률을 기록하며 전 주택형이 마감됐다. 14일 금융결제원에 따르면 지난 9∼13일 진행된 ‘대전 노은 한화 꿈에그린’의 일반청약 접수 결과 1765가구 특별공급 120가구 제외 모집에 5120명이 청약 평균 2.90대 1의 경쟁률을 기록하면서 전 주택형이 순위 내에서 청약 마감됐다. 청약접수는 2개 블록으로 나눠 받았는데 1블록은 860가구 모집에 2835명이 몰려 3.30대 1 2블록은 905가구 모집에 2285명이 청약해 2.52대 1의 경쟁률을 각각 나타냈다. 특히 2블록은 1순위에서 전 주택형이 마감돼 과학벨트 유치 이후 대전 부동산시장의 뜨거운 열기를 반영했다. 또 1블록 84㎡A와 84㎡B의 경우 2순위에서 사실상 청약인원을 모두 채웠으나 예비당첨자 당첨자수의 20% 미달분을 모집하기 위해 3순위 청약이 진행됐는데 부적격당첨자나 미계약이 나올 경우에만 계약이 가능함에도 1699명이나 몰렸다. 1블록 84㎡A의 경우 3순위 청약에서 예비당첨자 19가구를 모집하는데 1259명이 청약해 66.26대 1의 최고경쟁률을 보였다. 한화건설 관계자는 “아파트가 위치한 유성구의 경우 1·2순위 청약자격이 대전에 주민등록을 마친 뒤 3개월 이상 거주한 자에게만 주어지기 때문에 제약조건이 없는 3순위 청약에 투자수요가 급격히 몰린 것으로 풀이된다”고 말했다. 당첨자는 오는 21일 발표되며 27∼29일 계약이 진행된다. 입주는 2014년 2월로 예정돼 있다. 모델하우스는 대전 서구 둔산동 갤러리아백화점 타임월드점 맞은편에 있다.,https://news.naver.com/main/read.nhn?mode=LSD&mid=shm&sid1=260&oid=014&aid=0002456288,284
261321,2011.06.14. 오후 1:44,부동산,아시아경제,롯데건설 ‘교하신도시 롯데캐슬’ 1880가구 분양,‘교하신도시 롯데캐슬’ 조감도 롯데건설 아시아경제 배경환 기자 롯데건설이 경기도 파주시에서 ‘교하신도시 롯데캐슬’ 1880가구를 분양 중이다. 지난 10일 견본주택을 개관한 ‘교하신도시 롯데캐슬’에는 주말에만 3만여명의 인파가 몰렸다. 지하 1층 지상 18 30층 20개동의 대규모 단지라는 점이 실수요자와 투자자들의 관심을 끌었다. 단지 남쪽에 위치한 72만6733㎡ 규모의 가온 호수공원과 인접한 것도 한 몫했다. 공원 조망은 물론 이용도 편리하다. 가온 호수공원의 녹지를 단지내까지 끌어들인 그린 네트워크 개념을 적용해 조경면적이 전체 면적의 50%로 배치했다. 왈츠를 주제로 한 4개의 테마공원은 친환경 주거단지로서 높은 평가를 받았다. 친환경 설계안은 입주자들을 위한 커뮤니티 시설에도 적용됐다. 아파트 단지 내에 어린이 복합놀이공간과 부모들의 휴식공간을 결합한 ‘캐슬 맘 키즈 카페’가 처음 도입된다. 돌잔치 가족모임 등 다양한 행사를 열수 있는 연회장과 외부 손님이나 친척 방문을 배려한 게스트하우스도 찾아볼 수 있다. 20여종의 다양한 운동시설과 GX룸 등을 갖춘 피트니스 클럽 탁구장 사우나시설도 조성된다. 실내골프 클럽과 작은 도서관 독서실 100여석도 배치된다. 단지 바로 뒷편 교하가람행복센터가 2012년 상반기 중에 완공되면 생활은 더욱 편리해진다. 이곳에는 공공청사 및 청소년·노인 복지시설 및 헬스장 수영장이 포함된 체육시설 공연장 전시장 등이 들어선다. 인근에 일산신도시와 교하지구 파주LCD단지 등이 위치해 개발 잠재력도 크다. 신도시내 이마트가 입점 준비중으로 인근 생활 편의시설로는 통일동산 헤이리 예술마을 영어마을 등이 있다. 이밖에 경의선 운정역 인근으로 제2자유로 김포관산도로 경의선 복선전철화 및 서울 일산 교하신도시 문산간 고속도로 등의 개발도 계획됐다. 오는 14일 특별공급을 시작으로 15 17일 순위 접수가 진행된다. 견본주택은 지하철 3호선 마두역 4번 출구 인근 뉴코아 사거리에 위치했다.,https://news.naver.com/main/read.nhn?mode=LSD&mid=shm&sid1=260&oid=277&aid=0002622861,284
261322,2011.06.14. 오후 1:44,부동산,파이낸셜뉴스,대우건설 말레이시아 쿠알라룸푸르에서 6성급 호텔 짓는다,대우건설이 말레이시아의 수도 쿠알라룸푸르 중심에 말레이시아 최초의 6성급 호텔을 건설한다. 대우건설은 지난 13일 서종욱 사장이 말레이시아를 방문 쿠알라룸푸르 반다라야 지구에 지하 3∼지상 48층 규모의 6성급 호텔 및 레지던스를 건설하는 ‘원 IFC 프로젝트’를 수주했다고 14일 밝혔다. 총 공사금액 1억9000만달러 규모의 이 호텔은 말레이시아 최초의 6성급 호텔로 쿠알라룸푸르의 중앙역인 KL센트럴역 앞에 위치해 쿠알라룸푸르의 상징적인 건축물이 될 것이라고 회사 측을 밝혔다. 대우건설은 이번 수주로 말레이시아에서 총 11개 프로젝트 누계 16억 달러의 수주고를 올리게 됐다. 대우건설은 올해 아프리카와 중동 중심에서 동남아시아와 남미 등으로 진출지역을 다변화하고 있으며 올들어 약 15억6000만달러의 수주실적을 기록하고 있다. 올해 해외 수주 목표는 총 53억달러다.,https://news.naver.com/main/read.nhn?mode=LSD&mid=shm&sid1=260&oid=014&aid=0002456287,284
261323,2011.06.14. 오후 1:43,부동산,매일경제,역세권 상가 오산 세마역 CL타워,경기도 오산시 세교동 세교지구에서 CL타워가 분양 중이다. 지하 3층 지상 10층에 걸쳐 총 점포 수 123개로 이뤄져 있다. 연면적 2만2866.94㎡ 규모로 지하 3층 지하 1층은 주차장으로 구성됐다. 지상 1층은 의류ㆍ음료ㆍ기호음식 커피전문점 브랜드 매장 등으로 이뤄진다. 지상 2 3층은 금융ㆍ미용ㆍ뷰티 패밀리레스토랑 등이 주류를 이룬다. 지상 4 7층에는 학원과 메디컬센터가 지상 8 10층은 스카이라운지와 스포츠용품점이 들어선다. 3.3㎡당 분양가는 지상 1층 1501만 2798만원대 지상 2층 840만 879만원 지상 3층 760만 790만원 선이다. 시행은 KAIT한국자산신탁 시공은 HHI흥화가 맡았으며 2012년 10월 입점 예정이다. 지하철 1호선 세마역이 인근에 위치한 역세권이다. 집객 효과가 높은 세마역 광장이 상가 전면에 자리 잡고 있다. 이 일대를 방문하는 하루 10만여 명 유동인구를 흡수하기에 유리한 위치다. 상가 바로 뒤에는 1060가구로 이뤄진 아파트 단지가 자리 잡고 있다. 전용면적 84㎡가 주류를 이룬 중소형 중심이다. 소비 성향이 적극적인 인구가 주로 거주하고 있어 생활밀착형 업종으로 상가에 입점할 경우 수익을 기대할 수 있는 구조다. 인근에 버스터미널이 신설될 예정이어서 추가 개발될 여지가 있다. 또 오산가장1ㆍ2산업단지 조성과 세교지구 자족시설을 위한 아파트형공장 공급도 예정돼 있어 추가 수요를 기대해볼 만하다. 상가가 위치한 세교신도시 안에 총 30여 곳의 공원과 수목원 등 쾌적한 환경이 조성되는 것도 장점이다. 오산대와 한신대 문시초ㆍ중학교 세마고가 인근에 있다. 수도권 남부에서 교육열이 높은 지역 중 하나로 학원 수요도 높을 전망이다. 교통망도 우수하다. 세교지구는 수도권 지하철 병점역 영통역 등과 연결돼 있다. 경부고속도로까지 5분 내 진입할 수 있다. 오산터미널을 통해 강남을 잇는 광역버스 개통까지 이어지며 강남 접근성이 나쁘지 않다. 오산세교신도시의 중심상권에서 3㎞ 떨어진 동탄 수요도 끌어들일 수 있을 것으로 전망된다. 택지지구 내 상업용지가 3.4%에 불과하다는 점도 CL타워 로서는 이득이다. 상업용지 비율이 높으면 상가수익률이 떨어지기 때문이다. 업계 관계자는 수도권 주요 상권에 비해 상가 비율이 낮은 이 일대는 상가 경쟁이 치열해 상대적으로 높은 수익을 기대해볼 만하다 고 말했다. CL타워 분양조건은 계약금 10% 중도금 10% 4회 입주 시 잔금 50%다. 융자도 가능하다. r start 화보 전혜빈 핫 한 바디 비법 공개 MB가 공직자 모범사례로 칭찬한 강성태 교수는 닛산 리프 니즈모 RC 르망 24시간 레이스 시범 주행 1600원으로 잭팟 터져 45억 대박 정신질환 40대女 국가상대 7조원대 황당 소송 10kg 감량 영지 고해 열창 새삼 화제…폭풍 고음 박완규 과거 고백 “지난 10년 동안 한 것 없이 막 살았다” r end ⓒ 매일경제 mk.co.kr 무단전재 및 재배포 금지 MBA도 모바일로 공부한다.,https://news.naver.com/main/read.nhn?mode=LSD&mid=shm&sid1=260&oid=009&aid=0002484179,284
261324,2011.06.14. 오후 1:43,부동산,파이낸셜뉴스,경남기업 베트남 하노이하이퐁 고속도로 4공구 수주,경남기업은 베트남에서 1억5764만달러 규모의 고속도로 건설공사를 수주했다고 14일 밝혔다. 베트남 인프라개발 및 재무투자회사 VIDIFI 가 발주한 이 공사는 하노이 수도권과 남부 도로 및 베트남 북부 핵심경제구역인 하이퐁 항구를 연결하는 동서축 고속도로 신설 공사로 총 연장 105.5㎞ 중 경남기업은 4공구 15㎞ 6차로 를 건설하게 된다. 공사기간은 착공 후 36개월이며 착수금으로 공사대금의 10%인 171억원을 받는다. 경남기업 관계자는 “이번 공사는 베트남 개발은행의 재원으로 추진되며 171억원을 선수금으로 수령하기 때문에 해외사업에 따른 위험이 거의 없다”고 말했다. 경남기업은 1967년 베트남에 첫 진출한 이래 지금까지 18건 15억500만달러어치의 공사를 수주했으며 현재 경남하노이 랜드마크72 및 골든팰리스 건축공사와 노이바이∼라오까이 도로공사 4·5공구 및 락지아 우회 도로 등 총 5건 공사를 진행 중이다.,https://news.naver.com/main/read.nhn?mode=LSD&mid=shm&sid1=260&oid=014&aid=0002456284,284
261325,2011.06.14. 오후 1:42,부동산,파이낸셜뉴스,건설협회 ‘경영자문단 서비스’ 개시,대한건설협회는 15일부터 중소건설업체의 경영 애로사항을 해소하기 위해 ‘경영자문단 서비스’를 시작한다고 14일 밝혔다. 대형건설사 퇴직 임원 등 건설 전문가들로 구성된 경영자문단은 토목·건축 기술 회계·자금조달 해외진출 하도급 원가관리 등의 다양한 분야에서 맞춤형 자문 서비스를 제공한다.,https://news.naver.com/main/read.nhn?mode=LSD&mid=shm&sid1=260&oid=014&aid=0002456281,284
261326,2011.06.14. 오후 1:42,부동산,이데일리,대전 한화 꿈에그린 순위내 청약마감..2.9대 1,1765가구 모집에 5120명 접수 이데일리 이태호 기자 대전 노은지구에 들어서는 한화 꿈에그린 아파트가 평균경쟁률 2.9대 1로 순위내 전 타입 청약을 마감했다. 14일 금융결제원에 따르면 지난 9일부터 13일까지 진행된 일반청약 접수 결과 1765가구 특별공급 120가구 제외 모집에 총 5120명이 접수했다. 1블록 84㎡A와 84㎡B 타입의 경우 2순위에서 청약 인원을 모두 채웠으나 예비당첨자 당첨자수의 20% 미달분 모집을 위해 3순위 청약을 진행했다. 이 과정에서 1블록 84㎡A 타입의 경우 예비당첨자 19가구 모집에 1259명이 청약 66.26대 1의 최고경쟁률을 기록했다. 신완철 한화건설 상무는 대전 과학벨트 유치 열기와 세종시 개발 호재가 청약 관심으로 이어졌다 며 주거선호도가 높은 노은지구에 위치하고 우수한 교육환경을 누릴 수 있어 높은 계약률로 이어질 것 이라고 말했다. 노은 한화 꿈에그린의 당첨자는 오는 21일 발표되며 27일부터 29일까지 3일간 당첨자 계약이 진행된다. 입주는 2014년 2월 예정이다.,https://news.naver.com/main/read.nhn?mode=LSD&mid=shm&sid1=260&oid=018&aid=0002452172,284
261327,2011.06.14. 오후 1:41,부동산,매일경제,분양 삼성물산 래미안 전농 크레시티,삼성물산이 서울시 동대문구 전농ㆍ답십리 뉴타운에서 전농7구역을 재개발해 래미안 전농 크레시티 를 분양한다. 지하철 1호선 청량리역을 걸어서 이용할 수 있고 2호선 신답역과 5호선 답십리역이 가까운 트리플 역세권이다. 단지 남측으로 내부순환도로 마장램프와 사근램프가 위치해 종로 강남권으로 이동도 쉬운 편이다. 지하 3층 지상 22층 31개동으로 전용 59㎡ 550가구 84㎡ 977가구 121㎡ 457가구 등 총 2397가구 규모 대단지다. 일반분양 물량은 59㎡ 156가구 84㎡ 44가구 121㎡ 286가구 등 총 486가구다. 개발 호재도 풍부하다. 래미안 전농 크레시티 는 최근 문을 연 청량리 민자역사의 대표적인 수혜단지로 꼽히고 있다. 청량리 민자역사와 접해 있는 청량리 균형발전촉진지구에는 54층 규모 랜드마크 빌딩과 40층 규모 주상복합아파트 등이 들어설 예정이다. 단지 인근에 롯데백화점 홈플러스 이마트 동대문구청 등이 있고 청계천 8경 중 하나인 버들습지와 배봉산근린공원 답십리공원 간데메공원 등 녹지 공간도 풍부하다. 02 765 3342 r start 화보 전혜빈 핫 한 바디 비법 공개 MB가 공직자 모범사례로 칭찬한 강성태 교수는 닛산 리프 니즈모 RC 르망 24시간 레이스 시범 주행 1600원으로 잭팟 터져 45억 대박 정신질환 40대女 국가상대 7조원대 황당 소송 10kg 감량 영지 고해 열창 새삼 화제…폭풍 고음 박완규 과거 고백 “지난 10년 동안 한 것 없이 막 살았다” r end ⓒ 매일경제 mk.co.kr 무단전재 및 재배포 금지 MBA도 모바일로 공부한다.,https://news.naver.com/main/read.nhn?mode=LSD&mid=shm&sid1=260&oid=009&aid=0002484178,284
261328,2011.06.14. 오후 1:41,부동산,매일경제,분양 계룡건설 예산일반산업단지,계룡건설이 충남 예산군 삽교읍 일원에 예산일반산업단지를 분양한다. 이 산업단지는 저렴한 분양가와 각종 개발 호재로 서해안 중심 산업단지로 부상하고 있다. 예산일반산업단지 3.3㎡당 공급 가격은 평균 54만원으로 수도권은 물론 충청지역의 청원 천안 아산과 비교할 때 30%가량 분양가가 저렴하다. 5 7년간 법인세 혜택 면제 및 감면 을 비롯해 취득세 면제 재산세 감면과 지방이전 투자에 따른 입지 보조금 등의 혜택을 받을 수 있다. 총 150만3502㎡ 규모로 조성되며 식료품과 섬유제품 펄프 및 종이제품 비금속광물제품 1차금속제품 금속가공제품과 전자부품 및 통신장비 전기장비 자동차 및 트레일러 기타 기계와 장비 화학 등의 업종을 중심으로 유치ㆍ개발한다. 특히 이곳은 충남도청 이전 예정지인 내포신도시와 3분 예산IC와 3분 거리로 향후 개발 후광 효과를 누릴 것으로 기대된다. 2009년 6월 첫 삽을 뜬 내포신도시는 995만㎡에 2020년까지 인구 10만명 수용 규모로 조성되며 2012년 말부터 도청과 도의회 등 대전 소재 기관과 단체 136여 개가 차례로 입주하게 된다. 1577 6384 r start 화보 전혜빈 핫 한 바디 비법 공개 MB가 공직자 모범사례로 칭찬한 강성태 교수는 닛산 리프 니즈모 RC 르망 24시간 레이스 시범 주행 1600원으로 잭팟 터져 45억 대박 정신질환 40대女 국가상대 7조원대 황당 소송 10kg 감량 영지 고해 열창 새삼 화제…폭풍 고음 박완규 과거 고백 “지난 10년 동안 한 것 없이 막 살았다” r end ⓒ 매일경제 mk.co.kr 무단전재 및 재배포 금지 MBA도 모바일로 공부한다.,https://news.naver.com/main/read.nhn?mode=LSD&mid=shm&sid1=260&oid=009&aid=0002484177,284
261329,2011.06.14. 오후 1:40,부동산,파이낸셜뉴스,정부 보금자리주택 공급 차질 공급 목표치 축소 추진,서울을 비롯한 수도권에서 공공주택 공급을 도맡아 오던 보금자리주택 사업에 빨간불이 켜졌다. 국토해양부와 한국토지주택공사 LH 에 따르면 LH는 올해 보금자리주택 전체 사업승인 물량을 10만가구로 책정하고 최근 국토부에 이를 보고했다. 이는 지난해말 업무보고에서 정부가 공급하겠다고 밝힌 보금자리주택 21만가구 중 LH가 건설해야 할 16만8000가구에서 6만8000가구가 모자란 수치다. 이 가운데 그린벨트 지역내 보금자리주택 사업승인 예정물량은 성남 고등 서울 양원지구 등 2만2000가구에 불과해 연 8만가구 이상 공급하기로 한 목표치에 절반에도 못미치는 것으로 나타났다. 또 그린벨트 보금자리주택이 도입된 2009년부터 지난해까지 2년여간 사업승인을 받은 물량도 9만5000가구에 불과해 올해 물량을 합치더라도 전체 목표치인 32만가구의 42%인 13만5000여가구에 그치게 된다. 이 때문에 정부와 LH는 내년까지 보금자리주택 32만가구의 사업승인을 받는 것은 현실적으로 어렵다고 보고 공급목표를 하향조정하는 것을 검토중이다. 국토부는 그린벨트 보금자리주택 공급 계획연도와 목표물량을 모두 재조정해 조만간 공개할 것으로 알려졌다. 이와함께 보금자리주택을 현재 물량의 80%를 차지하는 전용 60∼85㎡ 규모의 중형 대신 전용 60㎡이하의 소형위주로 공급방식을 재편할 방침이다. 국토부는 지난해 업무보고를 통해 60㎡이하 주택 비중을 현행 분양물량의 20%에서 50%로 확대하기로 했었다. 국토부는 이달 중 발표할 예정인 주택종합계획에서 LH 지방공사 등이 그린벨트 보금자리주택지구와 택지지구 등에서 공급할 보금자리주택의 신규 사업승인 물량을 15만가구로 잠정 책정하고 이 가운데 80%인 12만가구를 LH에 맡길 것으로 알려졌다. 하지만 LH가 올해 목표로 세운 사업승인물량 10만가구 가운데 주택종합계획에 반영되는 신규 물량은 7만가구에 그쳐 목표달성이 쉽지 않은 상황이다. 특히 LH가 사업재조정으로 최근 아산탕정 오산세교3 인천검단2 등 대규모 신도시나 택지지구 사업을 철회 또는 축소한 상황이어서 공급물량은 더 축소될 전망이다. 이 때문에 2018년까지 보금자리주택 150만가구를 공급하기로 한 서민주택 공급계획도 흔들릴 수밖에 없을 것으로 분석되고 있다.,https://news.naver.com/main/read.nhn?mode=LSD&mid=shm&sid1=260&oid=014&aid=0002456276,284
261330,2011.06.14. 오후 1:39,부동산,매일경제,분양 한신공영 해운대 한신휴플러스,한신공영은 이달 중순 해운대구 우동에 240가구 규모의 주상복합 아파트 해운대 한신휴플러스를 선보일 예정이다. 기존 해운대 마린티시 및 센텀시티에서는 보기 드문 전용 84㎡ 3개 타입으로 공급될 예정이다. 해운대 한신휴플러스 주상복합아파트 42층 240가구 오피스텔 39층 932실 의 2개동 총 1172가구로 구성된다. 지하철 동백역 도보 3분 거리의 역세권에 위치해 있으며 해운대 마린시티와도 가깝다. 해운대 한신휴플러스는 부산시 도시 색채계획 반영으로 주변 환경과 조화로운 건물 외관으로 꾸며진다. 단지 내부 산책로가 단지 주변 송림공원과 바닷가로 이어져 체력단련과 휴식을 취할 수 있도록 설계됐다. 또한 헬리포트와 피난층 23층 의 설치로 입주민들의 안전까지 배려했다. 지난달 선보인 932실 오피스텔은 해운대에서 보기 드문 소형 상품 구성과 저렴한 분양가 3.3㎡당 600만원대 로 평균 청약률 20대1을 기록하며 성공리에 청약을 마감했다. 일부 잔여 가구는 선착순 분양 중이다. 모델하우스는 해운대 마린시티 내 해운대소방서 인근 모델하우스촌에 있다. 051 746 8006 r start 화보 전혜빈 핫 한 바디 비법 공개 MB가 공직자 모범사례로 칭찬한 강성태 교수는 닛산 리프 니즈모 RC 르망 24시간 레이스 시범 주행 1600원으로 잭팟 터져 45억 대박 정신질환 40대女 국가상대 7조원대 황당 소송 10kg 감량 영지 고해 열창 새삼 화제…폭풍 고음 박완규 과거 고백 “지난 10년 동안 한 것 없이 막 살았다” r end ⓒ 매일경제 mk.co.kr 무단전재 및 재배포 금지 MBA도 모바일로 공부한다.,https://news.naver.com/main/read.nhn?mode=LSD&mid=shm&sid1=260&oid=009&aid=0002484173,284
261331,2011.06.14. 오후 1:36,부동산,매일경제,분양 태남건설 안산프라움시티 오피스텔,태남건설은 안산시청 인근에 오피스텔 안산프라움시티 회사 보유분을 분양 중이다. 분양가는 3.3㎡당 510만원대로 주변 시세에 비해 저렴한 편이며 지하 4층 지상 20층 2개동 288가구 단지로 전매제한이 없다. 지하철 4호선 중앙역 5분 거리 역세권이며 서해안ㆍ영동 고속도로와 외곽순환도로에 연계된 교통망을 갖추고 있어 서울 및 수도권 접근이 용이하다. 2016년 신안산선까지 개통되면 여의도까지 30분 내외에 도착할 수 있어 서울 접근성이 크게 개선될 전망이다. 주변에 안산시청 검찰청 지방법원 안산 스타디움 등이 있으며 안산천 화랑저수지 자연식물원 등 자연 녹지공간 또한 풍부하다. 또한 근접 거리에 홈플러스 아웃렛 롯데시네마 GS스퀘어 등 편의시설이 있다. 인근에 고잔초 중앙중 경안고 등이 있어 교육환경도 좋은 편이다. 입주민들의 편의를 위한 주거환경도 잘 마련돼 있다. 차량도착 알림 서비스로 주차관제 시스템과 연동해 집 안에서 차량도착 서비스를 받을 수 있으며 난방ㆍ가스밸브 및 방범 제어가 원격으로 가능하다. 031 411 1349 r start 화보 전혜빈 핫 한 바디 비법 공개 MB가 공직자 모범사례로 칭찬한 강성태 교수는 닛산 리프 니즈모 RC 르망 24시간 레이스 시범 주행 1600원으로 잭팟 터져 45억 대박 정신질환 40대女 국가상대 7조원대 황당 소송 10kg 감량 영지 고해 열창 새삼 화제…폭풍 고음 박완규 과거 고백 “지난 10년 동안 한 것 없이 막 살았다” r end ⓒ 매일경제 mk.co.kr 무단전재 및 재배포 금지 MBA도 모바일로 공부한다.,https://news.naver.com/main/read.nhn?mode=LSD&mid=shm&sid1=260&oid=009&aid=0002484171,284
261332,2011.06.14. 오후 1:36,부동산,헤럴드경제,잡아라 한강 프리미엄 최초 천만원대 마지막 기회,☞중도금 무이자 ☞계약금 5% ☞생태공원 18만 바로 앞 위치 ☞한강 조망권 ☞여의도 19분 쾌속 교통망 김포 한강로 직접 연결 ☞녹지율 53% 지방 분양시장의 분양열기가 수도권 시장에도 전해지고 있다. 4월 중순 문을 연 ‘한강신도시 한라비발디’ 견본주택에는 많은 인파가 다녀가면서 수도권 분양시장에도 훈풍이 불고 있다. 한라건설에 따르면 김포한강신도시에 분양하는 ‘한강신도시 한라비발디’는 견본주택 개관 첫날 7500명 주말에 약 2만여 명이 다녀가 3일 동안 약 2만 8천 여명이 견본주택을 다녀갔다. 견본주택 앞에는 개관 전부터 방문객들로 인해 줄이 길게 늘어서는 진풍경이 펼쳐졌고 견본주택 안에도 분양상담을 받으려는 방문객들로 내내 인산인해를 이뤘다. 한라건설 관계자는 “김포한강신도시는 8월에 김포한강로가 개통되면 서울 접근성이 좋아지며 특히 운양용화사IC가 택지내에서 가장 근거리에 위치해 서울로 이동이 수월하다”고 말했다. 또 “한강신도시 한라비발디 분양가는 3.3㎡ 당 1060만원으로 타 지역보다 저렴한 분양가로 한강과 조류생태공원 등을 조망할 수 있다는 것이 가장 큰 장점”이라고 덧붙였다. ‘한강신도시 한라비발디’는 지하2층 지상19층 12개 동 총857가구의 대단지로 전용면적 기준 105㎡형 513가구 106㎡형 284가구 126㎡형 60가구로 구성됐다. 분양가는 3.3㎡ 당 1060만원으로 계약금 5%씩 2회 분납 중도금 60% 전액 무이자가 적용된다. 전매는 계약 1년 후부터 가능하다. ‘한강신도시 한라비발디’ 견본주택은 김포시 고촌읍 신곡리에 위치해 있다. 선착순 특별 분양이므로 신청금 입금 후 방문하는 것이 유리하다.,https://news.naver.com/main/read.nhn?mode=LSD&mid=shm&sid1=260&oid=016&aid=0000386668,284
261333,2011.06.14. 오후 1:35,부동산,매일경제,분양 동탄세비앙 오피스텔,동탄세비앙 오피스텔 187실이 분양 중이다. 경기도 화성시 반월동 석우동에 위치한 삼성전자 화성캠퍼스 정문에 지어진 오피스텔로 지하 3층 지상 13층 연면적 1만2258㎡ 규모다. 평형대는 49 52㎡로 구성돼 있다. 한림대학 종합병원과 삼성전자 화성캠퍼스로 출퇴근 하는 직장인들을 상대로 임대사업을 하기에 적당한 곳이다. 동탄세비앙 오피스텔은 4방향 모두 확 트인 전망을 자랑한다. 전 가구를 소형 평수로 기획하고 내부를 트렌디한 스타일로 인테리어했다. 교통여건도 편리하다. 향후 KTX GTX가 개통되면 강남까지 30분 내 접근도 가능해진다. 이 외에도 동탄의 메타폴리스와 이마트 홈플러스 롯데마트 등이 위치해 있어 쇼핑과 문화생활을 누리기에 불편함이 없다. 2013년 5월 입주 예정인 동탄 세비앙 오피스텔은 분양권 전매가 가능하다. 분양가는 1억 1억2000만원대다. 031 8015 4040 r start 화보 전혜빈 핫 한 바디 비법 공개 MB가 공직자 모범사례로 칭찬한 강성태 교수는 닛산 리프 니즈모 RC 르망 24시간 레이스 시범 주행 1600원으로 잭팟 터져 45억 대박 정신질환 40대女 국가상대 7조원대 황당 소송 10kg 감량 영지 고해 열창 새삼 화제…폭풍 고음 박완규 과거 고백 “지난 10년 동안 한 것 없이 막 살았다” r end ⓒ 매일경제 mk.co.kr 무단전재 및 재배포 금지 MBA도 모바일로 공부한다.,https://news.naver.com/main/read.nhn?mode=LSD&mid=shm&sid1=260&oid=009&aid=0002484168,284
261334,2011.06.14. 오후 1:34,부동산,매일경제,분양 한일건설 회기동 베라체캠퍼스,한일건설은 서울시 회기동에 소형 아파트 베라체캠퍼스 264가구를 분양한다. 지하철 1호선ㆍ중앙선 환승역인 회기역과 경희대학교가 가깝다. 베라체캠퍼스 는 회기역에서 걸어서 3분 거리에 있는 역세권 수익형 부동산으로 지하 4층 지상 14층으로 구성되어 있다. 반경 1㎞ 내에 경희대 한국외대 서울시립대 등 서울 주요 대학이 몰려 있어 임대 수요가 풍부하다. 264가구 중 90% 이상이 전용 24㎡인 초소형으로 구성됐다. 임대사업자로 등록하면 종합부동산세 양도세 취득세 면제 혜택을 받을 수 있다. 또한 재산세 감면도 받을 수 있다. 오피스텔과 달리 발코니를 확장하면 전용면적 비율이 월등히 높아진다. 분양가는 3.3㎡당 800만원대로 분양 후 임대시 높은 임대수익률을 기대할 수 있을 것으로 보인다. 입주는 2013년 1월이며 대한주택보증에서 분양보증을 받았다. 02 2214 3900 r start 화보 전혜빈 핫 한 바디 비법 공개 MB가 공직자 모범사례로 칭찬한 강성태 교수는 닛산 리프 니즈모 RC 르망 24시간 레이스 시범 주행 1600원으로 잭팟 터져 45억 대박 정신질환 40대女 국가상대 7조원대 황당 소송 10kg 감량 영지 고해 열창 새삼 화제…폭풍 고음 박완규 과거 고백 “지난 10년 동안 한 것 없이 막 살았다” r end ⓒ 매일경제 mk.co.kr 무단전재 및 재배포 금지 MBA도 모바일로 공부한다.,https://news.naver.com/main/read.nhn?mode=LSD&mid=shm&sid1=260&oid=009&aid=0002484166,284
261335,2011.06.14. 오후 1:32,부동산,매일경제,분양 남양주시 수미소 근린상가,SH종합개발은 경기도 남양주시 가운택지지구의 수미소 근린상가를 선임대 후 분양한다. 수미소 근린상가는 지하 3층 지상 8층 건물로 연면적은 8910㎡다. 편의점 약국 오피스 학원 등으로 임대 가능하다. 3.3㎡당 분양가는 500만 2500만원이며 분양가의 15%를 할인하고 있다. 031 554 5516 r start 화보 전혜빈 핫 한 바디 비법 공개 MB가 공직자 모범사례로 칭찬한 강성태 교수는 닛산 리프 니즈모 RC 르망 24시간 레이스 시범 주행 1600원으로 잭팟 터져 45억 대박 정신질환 40대女 국가상대 7조원대 황당 소송 10kg 감량 영지 고해 열창 새삼 화제…폭풍 고음 박완규 과거 고백 “지난 10년 동안 한 것 없이 막 살았다” r end ⓒ 매일경제 mk.co.kr 무단전재 및 재배포 금지 MBA도 모바일로 공부한다.,https://news.naver.com/main/read.nhn?mode=LSD&mid=shm&sid1=260&oid=009&aid=0002484164,284
261336,2011.06.14. 오후 1:26,부동산,매일경제,분양 일산 자이 위시티,GS건설이 경기도 고양시 일산동구 식사지구에서 일산 자이 위시티 4683가구를 분양한다. 공급 규모는 아파트 41개동 20 30층 주상복합 2개동 24 25층 이다. 인근에 경의선 백마역 풍산역 지하철 3호선 정발산역이 있다. 계약금 5%와 중도금 15% 납입 시 즉시 입주할 수 있다. 031 969 1790 r start 화보 전혜빈 핫 한 바디 비법 공개 MB가 공직자 모범사례로 칭찬한 강성태 교수는 닛산 리프 니즈모 RC 르망 24시간 레이스 시범 주행 1600원으로 잭팟 터져 45억 대박 정신질환 40대女 국가상대 7조원대 황당 소송 10kg 감량 영지 고해 열창 새삼 화제…폭풍 고음 박완규 과거 고백 “지난 10년 동안 한 것 없이 막 살았다” r end ⓒ 매일경제 mk.co.kr 무단전재 및 재배포 금지 MBA도 모바일로 공부한다.,https://news.naver.com/main/read.nhn?mode=LSD&mid=shm&sid1=260&oid=009&aid=0002484161,284
261337,2011.06.14. 오후 1:25,부동산,매일경제,분양 브라운스톤 청계 조합원 모집,청계이수지역주택조합 추진위원회는 서울시 성동구 용답동 일대에 브라운스톤 청계를 건설하기 위해 이수건설을 시공사로 선정하고 왕십리역 9번 출구 앞 견본주택에서 조합원을 모집한다. 브라운스톤 청계는 전용면적 59㎡의 소형에 총 320가구 규모로 건설될 예정이다. 02 3395 8880 r start 화보 전혜빈 핫 한 바디 비법 공개 MB가 공직자 모범사례로 칭찬한 강성태 교수는 닛산 리프 니즈모 RC 르망 24시간 레이스 시범 주행 1600원으로 잭팟 터져 45억 대박 정신질환 40대女 국가상대 7조원대 황당 소송 10kg 감량 영지 고해 열창 새삼 화제…폭풍 고음 박완규 과거 고백 “지난 10년 동안 한 것 없이 막 살았다” r end ⓒ 매일경제 mk.co.kr 무단전재 및 재배포 금지 MBA도 모바일로 공부한다.,https://news.naver.com/main/read.nhn?mode=LSD&mid=shm&sid1=260&oid=009&aid=0002484158,284
261338,2011.06.14. 오후 1:25,부동산,매일경제,분양 길동역 인근 오피스텔 청광플러스원큐브,청광건설은 강동구 길동역 인근에 도시형 생활주택과 오피스텔로 구성된 수익형 부동산 청광플러스원큐브를 분양 중이다. 대한주택보증의 분양보증을 받았으며 중도금 무이자 융자 외에 추가 기금대출 등의 금융혜택이 있다. 분양권은 계약 즉시 전매 가능하다. 견본주택은 5호선 길동역 2번 출구에 있으며 입주는 2012년 말 예정이다. 02 473 0720 r start 화보 전혜빈 핫 한 바디 비법 공개 MB가 공직자 모범사례로 칭찬한 강성태 교수는 닛산 리프 니즈모 RC 르망 24시간 레이스 시범 주행 1600원으로 잭팟 터져 45억 대박 정신질환 40대女 국가상대 7조원대 황당 소송 10kg 감량 영지 고해 열창 새삼 화제…폭풍 고음 박완규 과거 고백 “지난 10년 동안 한 것 없이 막 살았다” r end ⓒ 매일경제 mk.co.kr 무단전재 및 재배포 금지 MBA도 모바일로 공부한다.,https://news.naver.com/main/read.nhn?mode=LSD&mid=shm&sid1=260&oid=009&aid=0002484156,284
261339,2011.06.14. 오후 1:25,부동산,매일경제,분양 광교 오피스텔·상가 킴앤코시티하임,경기도 광교신도시에서 킴앤코시티하임 의 오피스텔과 상업시설을 특별 분양한다. 신분당선 개통 예정 신대역 출구 바로 앞에 들어서는 킴앤코시티하임 은 상가와 오피스텔로 이뤄진 복합건물이다. 지하 3층 지하 1층은 주차장 지상 1 6층은 근린생활시설 지상 7 9층은 오피스텔로 구성돼 있다. 오피스텔 면적은 계약면적 기준 48 58㎡다. 계약 즉시 전매가 가능하다. 031 213 3366 r start 화보 전혜빈 핫 한 바디 비법 공개 MB가 공직자 모범사례로 칭찬한 강성태 교수는 닛산 리프 니즈모 RC 르망 24시간 레이스 시범 주행 1600원으로 잭팟 터져 45억 대박 정신질환 40대女 국가상대 7조원대 황당 소송 10kg 감량 영지 고해 열창 새삼 화제…폭풍 고음 박완규 과거 고백 “지난 10년 동안 한 것 없이 막 살았다” r end ⓒ 매일경제 mk.co.kr 무단전재 및 재배포 금지 MBA도 모바일로 공부한다.,https://news.naver.com/main/read.nhn?mode=LSD&mid=shm&sid1=260&oid=009&aid=0002484155,284
261340,2011.06.14. 오후 1:24,부동산,매일경제,분양 인천 파스톤빌리지,원웅건설은 인천광역시 강화군 하점면 장정리에 전원주택단지 파스톤빌리지를 분양한다. 가구당 분양 대지면적은 330 1320㎡고 주택 면적은 72 165㎡다. 인근에 봉천산과 고려산이 위치해 자연환경이 좋다. 서울에서 42㎞ 거리며 승용차로 50분가량 소요된다. 032 932 2011 r start 화보 전혜빈 핫 한 바디 비법 공개 MB가 공직자 모범사례로 칭찬한 강성태 교수는 닛산 리프 니즈모 RC 르망 24시간 레이스 시범 주행 1600원으로 잭팟 터져 45억 대박 정신질환 40대女 국가상대 7조원대 황당 소송 10kg 감량 영지 고해 열창 새삼 화제…폭풍 고음 박완규 과거 고백 “지난 10년 동안 한 것 없이 막 살았다” r end ⓒ 매일경제 mk.co.kr 무단전재 및 재배포 금지 MBA도 모바일로 공부한다.,https://news.naver.com/main/read.nhn?mode=LSD&mid=shm&sid1=260&oid=009&aid=0002484154,284
261341,2011.06.14. 오후 1:23,부동산,매일경제,분양 대명리조트 소노펠리체 504실,대명리조트는 강원도 홍천면 비발디파크 내에 있는 소노펠리체 504실을 특별 분양한다. 개인이 6분의 1계좌를 가지는 노블리안객실 420실과 364일 개인별장처럼 이용할 수 있는 전용 객실인 레지던스가 분양 대상이다. 특별분양 회원에게는 비발디파크CC 주중 2인 회원 대우자격도 준다. 02 2222 5930 r start 화보 전혜빈 핫 한 바디 비법 공개 MB가 공직자 모범사례로 칭찬한 강성태 교수는 닛산 리프 니즈모 RC 르망 24시간 레이스 시범 주행 1600원으로 잭팟 터져 45억 대박 정신질환 40대女 국가상대 7조원대 황당 소송 10kg 감량 영지 고해 열창 새삼 화제…폭풍 고음 박완규 과거 고백 “지난 10년 동안 한 것 없이 막 살았다” r end ⓒ 매일경제 mk.co.kr 무단전재 및 재배포 금지 MBA도 모바일로 공부한다.,https://news.naver.com/main/read.nhn?mode=LSD&mid=shm&sid1=260&oid=009&aid=0002484152,284
261342,2011.06.14. 오후 1:23,부동산,매일경제,분양 가평 전원주택 파라다이스 빌리지,전원주택 개발전문회사 강산애가 가평 운악산 자락에 별장형 전원주택 파라다이스 빌리지를 분양 중이다. 전체 70여 가구 중 1차 30여 가구는 분양이 완료돼 입주 중이며 2차 20여 가구가 분양을 시작했다. 공급면적은 토지 386 900㎡로 다양하며 주택은 기본형 76㎡부터 신축 가능하다. 분양가는 토지와 주택 포함 1억5000만원대부터 시공이 가능하다. 031 584 1004 r start 화보 전혜빈 핫 한 바디 비법 공개 MB가 공직자 모범사례로 칭찬한 강성태 교수는 닛산 리프 니즈모 RC 르망 24시간 레이스 시범 주행 1600원으로 잭팟 터져 45억 대박 정신질환 40대女 국가상대 7조원대 황당 소송 10kg 감량 영지 고해 열창 새삼 화제…폭풍 고음 박완규 과거 고백 “지난 10년 동안 한 것 없이 막 살았다” r end ⓒ 매일경제 mk.co.kr 무단전재 및 재배포 금지 MBA도 모바일로 공부한다.,https://news.naver.com/main/read.nhn?mode=LSD&mid=shm&sid1=260&oid=009&aid=0002484148,284
261343,2011.06.14. 오후 1:23,부동산,매일경제,알펜시아 리조트 타임셰어 회원 모집,알펜시아 리조트가 강원 평창군 알펜시아 타운 내 특1급 호텔과 콘도미니엄의 타임셰어 회원을 모집한다. 타임셰어는 이용자가 1년 중 자신이 원하는 특정 기간을 일주일 단위로 구매하는 방식이다. 회원비는 특1급 호텔 홀리데이 인 리조트가 성수기 1800만 2500만원 평수기 500만 900만원 비수기 300만원이다. 02 567 6777 575 5225 r start 화보 전혜빈 핫 한 바디 비법 공개 MB가 공직자 모범사례로 칭찬한 강성태 교수는 닛산 리프 니즈모 RC 르망 24시간 레이스 시범 주행 1600원으로 잭팟 터져 45억 대박 정신질환 40대女 국가상대 7조원대 황당 소송 10kg 감량 영지 고해 열창 새삼 화제…폭풍 고음 박완규 과거 고백 “지난 10년 동안 한 것 없이 막 살았다” r end ⓒ 매일경제 mk.co.kr 무단전재 및 재배포 금지 MBA도 모바일로 공부한다.,https://news.naver.com/main/read.nhn?mode=LSD&mid=shm&sid1=260&oid=009&aid=0002484145,284
261344,2011.06.14. 오후 1:21,부동산,매일경제,분양 공덕 래미안 5차 단지 내 상가,공덕 제5구역 주택재개발 정비사업조합은 서울시 마포구 공덕동 래미안 5차의 단지 내 상가 1층 총 10실을 분양한다. 실당 분양면적은 66 145㎡이고 분양가는 1300만 2500만원이다. 앞으로 조성될 아현3지구 3867가구와 연결되는 길목에 있다. 뉴타운을 순환하는 15m 순환도로가 바로 연결된 도로변 스트리트형 상가로 단지 내 이용 고객뿐만이 아닌 외부 고객 유입도 가능하다. 02 717 0600 r start 화보 전혜빈 핫 한 바디 비법 공개 MB가 공직자 모범사례로 칭찬한 강성태 교수는 닛산 리프 니즈모 RC 르망 24시간 레이스 시범 주행 1600원으로 잭팟 터져 45억 대박 정신질환 40대女 국가상대 7조원대 황당 소송 10kg 감량 영지 고해 열창 새삼 화제…폭풍 고음 박완규 과거 고백 “지난 10년 동안 한 것 없이 막 살았다” r end ⓒ 매일경제 mk.co.kr 무단전재 및 재배포 금지 MBA도 모바일로 공부한다.,https://news.naver.com/main/read.nhn?mode=LSD&mid=shm&sid1=260&oid=009&aid=0002484142,284
261345,2011.06.14. 오후 1:21,부동산,매일경제,분양 동두천 지행역 동양엔파트 특별 분양,동양메이저건설은 경기도 동두천시에서 지행역 동양엔파트 회사 보유분을 특별 분양한다. 지행역 동양엔파트는 전용면적 84㎡ 356가구 104㎡ 144가구로 총 500가구 규모다. 주변에 지행초등학교 중앙고등학교와 동두천외국어고등학교가 있어 교육환경이 좋다. 분양가는 3.3㎡당 700만원대며 계약금은 85㎡ 1500만 원 104㎡ 2000만원이다. 031 876 7720 r start 화보 전혜빈 핫 한 바디 비법 공개 MB가 공직자 모범사례로 칭찬한 강성태 교수는 닛산 리프 니즈모 RC 르망 24시간 레이스 시범 주행 1600원으로 잭팟 터져 45억 대박 정신질환 40대女 국가상대 7조원대 황당 소송 10kg 감량 영지 고해 열창 새삼 화제…폭풍 고음 박완규 과거 고백 “지난 10년 동안 한 것 없이 막 살았다” r end ⓒ 매일경제 mk.co.kr 무단전재 및 재배포 금지 MBA도 모바일로 공부한다.,https://news.naver.com/main/read.nhn?mode=LSD&mid=shm&sid1=260&oid=009&aid=0002484140,284
261346,2011.06.14. 오후 1:21,부동산,매일경제,분양 인천 청라 센타시아 오피스텔,서후개발이 인천 청라국제도시에서 센타시아 오피스텔 226가구를 분양한다. 중심상업지에 있는 센타시아는 지하 6 13층 규모로 분양가는 3.3㎡당 500만원부터다. 인천국제공항철도의 청라역과 가깝고 인천국제공항 고속도로 제2외곽순환 고속도로 등과 연결돼 교통이 편리하다. 계약금은 300만원부터 시작하고 중도금 50%까지 무이자 융자가 가능하다. 1544 6300 r start 화보 전혜빈 핫 한 바디 비법 공개 MB가 공직자 모범사례로 칭찬한 강성태 교수는 닛산 리프 니즈모 RC 르망 24시간 레이스 시범 주행 1600원으로 잭팟 터져 45억 대박 정신질환 40대女 국가상대 7조원대 황당 소송 10kg 감량 영지 고해 열창 새삼 화제…폭풍 고음 박완규 과거 고백 “지난 10년 동안 한 것 없이 막 살았다” r end ⓒ 매일경제 mk.co.kr 무단전재 및 재배포 금지 MBA도 모바일로 공부한다.,https://news.naver.com/main/read.nhn?mode=LSD&mid=shm&sid1=260&oid=009&aid=0002484137,284
261347,2011.06.14. 오후 1:20,부동산,아시아경제,영덕역 센트레빌 최고 2.33대 1로 순위내 마감,영덕역 센트레빌 조감도 동부건설 아시아경제 배경환 기자 동부건설이 용인 기흥구 영덕동에 분양한 ‘영덕역 센트레빌’이 2.33대 1의 경쟁률로 순위내 마감됐다. 14일 금융결제원에 따르면 주택형별로는 84㎡가 총 156가구 모집에 249명이 청약해 1.60대 1의 청약 경쟁률을 보였다. 101㎡는 77가구 모집에 133명이 청약해 1.73대 1을 기록했다. 특히 13일 실시한 3순위 청약접수에서는 101㎡ A형 수도권 물량이 2.33대1의 경쟁률을 올렸다. 그동안 청약 성적이 좋지 않던 용인에서 이같은 호조세가 나타난 것은 역세권은 물론 강남과의 접근성이 큰 역할을 했다. 3.3㎡당 분양가를 1219만원에 심의 통과했음에도 1000만 1100만원대로 낮게 책정한 것도 한몫했다. 이상욱 동부건설 소장은 “영덕역 센트레빌의 청약 성적은 그동안 분위기가 좋지 않던 수도권 분양시장 상황을 감안하면 이례적인 결과로 용인 분양시장의 부활을 알리는 신호탄이 될 것”이라고 밝혔다. 한편 당첨자 발표는 17일로 계약은 22 24일 3일간 진행된다. 견본주택은 기흥구 영덕동 1053 4 5번지 영통 입구사거리에 위치한다.,https://news.naver.com/main/read.nhn?mode=LSD&mid=shm&sid1=260&oid=277&aid=0002622844,284
261348,2011.06.14. 오후 1:20,부동산,헤럴드경제,부평 역세권 소형 오피스텔 신일 유스테이션 특별 분양,☞ 계약금 5% 약 500만원 만 내시면 입주때 까지 들어가는 돈이 없다. ☞ 중도금 전액 무이자 ☞ 풀옵션 특별 제공 ☞ 1가구 2주택 무관 ☞ 서울 7호선 부평구청역과 인천 지하철 1호선 환승역세권·서울 1호선 부평역 신일건업이 인천 부평구 부평역과 부평 구청역 2분거리에 오피스텔 ‘신일 유스테이션’을 분양 중이다. 지난번 문을 연 신일 유스테이션 견본주택은 개관 3일 동안 1만 명이 넘는 관람객이 찾아 청약돌풍을 예고했다. 최근 3년 동안 주변지역에 신규오피스텔이 없었다는 측면에서 수익률에 대한 투자자들의 기대가 컸던 것으로 보인다고 회사측은 밝혔다. 신일 유스테이션은 지하 7층∼지상 20층 규모의 주상복합 오피스텔로 64.46㎡ 19형 108실 마감 70.61㎡ 21형 224실 82.85㎡ 25형 18실 103.31㎡ 31형 32실 등으로 총 382실로 구성됐다. 분양가와 계약조건도 우수하다. 분양가는 3.3㎡당 400만원 대로 저렴하며 중도금 무이자 혜택 무제한 전매제한 풀옵션 무상제공 등 혜택이 소액투자자들의 관심을 끌 것으로 보인다. 소형오피스텔이지만 20층 규모의 랜드마크적 외관 고급커뮤니티와 풀옵션 및 세련된 마감자재를 활용한 점도 눈에 띈다. 인천지하철 1호선과 환승될 예정인 7호선 부평구청역이 2012년 개통 예정으로 오피스텔 완공과 함께 도보 5분에 바로 이용가능한 더블 역세권 으로 강남까지 50분대면 이동할 수 있게 된다. 근처에 공단이 있어 공실이 거의 없는 안정적인 임대수요를 제공한다오후 4 30 2011 06 08. 북측에 GM대우 자동차공단 1만2000여명 부평공단 2만356명 이 있고 남측으로는 부평시장 상권이 자리한다. 또한 바로옆에는 부평구청이 위치해 있어 공실 걱정은 없을 듯 하다. 신일 유스테이션 관계자는 “싼 분양가와 최근 주변지역에 신규오피스텔이 없었다는 점에 수요자들이 매력을 느낄 것으로 판단된다”고 말했다. 견본주택은 롯데마트 삼산점과 삼산체육관 인근에 위치해 있다. ◈ 신청금 100만원을 입금하시고 방문하시면 호수 지정에 유리하다. ◈ 신청계좌 국민은행 392001 04 162963 ◈ 예금주 u3000신일건업 정 계약시에는 자금관리 신탁사로 입금합니다.,https://news.naver.com/main/read.nhn?mode=LSD&mid=shm&sid1=260&oid=016&aid=0000386667,284
261349,2011.06.14. 오후 1:19,부동산,매일경제,분양 가평 아인스 힐 주말별장 35가구,아인스 힐이 경기도 가평군에서 별장형 주말주택을 분양한다. 총 35가구가 들어설 예정이며 대지면적은 1만2000㎡다. 단지 앞에 아침고요수목원이 있고 뒤로는 축령산이 있어 자연환경이 좋다. 기본 토지와 주택 텃밭 외에 공동과수원도 제공한다. 분양가는 1억원 초반대다. 031 584 0918 r start 화보 전혜빈 핫 한 바디 비법 공개 MB가 공직자 모범사례로 칭찬한 강성태 교수는 닛산 리프 니즈모 RC 르망 24시간 레이스 시범 주행 1600원으로 잭팟 터져 45억 대박 정신질환 40대女 국가상대 7조원대 황당 소송 10kg 감량 영지 고해 열창 새삼 화제…폭풍 고음 박완규 과거 고백 “지난 10년 동안 한 것 없이 막 살았다” r end ⓒ 매일경제 mk.co.kr 무단전재 및 재배포 금지 MBA도 모바일로 공부한다.,https://news.naver.com/main/read.nhn?mode=LSD&mid=shm&sid1=260&oid=009&aid=0002484133,284
261350,2011.06.14. 오후 1:19,부동산,매일경제,분양 용인 성복 힐스테이트,현대건설이 경기도 용인시 수지구 성복동에서 용인 성복 힐스테이트를 특별 분양한다. 총 2157가구로 전용면적은 95 194㎡다. 분양 금액의 20% 중 분양면적에 따라 계약금 4000만원을 낸 후 3개월 내 잔금을 납입하면 입주할 수 있다. 분양 금액의 60%에 대해 2년간 대출 이자를 지원한다. 2년 후 현재 분양가 대비 매매가가 5000만원 이상 오르지 않으면 해당 금액을 환급하는 프리미엄 보장제도도 실시한다. 031 896 0887 r start 화보 전혜빈 핫 한 바디 비법 공개 MB가 공직자 모범사례로 칭찬한 강성태 교수는 닛산 리프 니즈모 RC 르망 24시간 레이스 시범 주행 1600원으로 잭팟 터져 45억 대박 정신질환 40대女 국가상대 7조원대 황당 소송 10kg 감량 영지 고해 열창 새삼 화제…폭풍 고음 박완규 과거 고백 “지난 10년 동안 한 것 없이 막 살았다” r end ⓒ 매일경제 mk.co.kr 무단전재 및 재배포 금지 MBA도 모바일로 공부한다.,https://news.naver.com/main/read.nhn?mode=LSD&mid=shm&sid1=260&oid=009&aid=0002484131,284
261351,2011.06.14. 오후 1:19,부동산,이데일리,대정하우징 전원주택단지 현장답사 버스투어 실시,이데일리 이진철 기자 전원주택업체인 대정하우징과 전원주택박람회는 공동으로 오는 18일과 25일 양일간에 걸쳐 전원주택단지 현장답사 버스투어 를 실시한다. 이번 답사는 경기도 용인 수지 양지 및 화성일대 6 7개 주요 전원주택단지를 둘러본다. 이동중 차내에서 지역별 전원주택부지 정보 및 건축에 관한 대정하우징 박철민 사장의 강의가 진행된다. 각기 40명 선착순 마감하며 참가자에게는 전원주택정보지 및 중식 7월15일 삼성동 코엑스에서 열리는 전원주택박람회 무료입장권을 제공한다. 당일 오전 9시 지하철 3호선 학여울역 1번 출구 앞에서 출발한다.,https://news.naver.com/main/read.nhn?mode=LSD&mid=shm&sid1=260&oid=018&aid=0002452161,284
261352,2011.06.14. 오후 1:17,부동산,머니투데이,서울시 청년인턴 950명 정규직 전환,머니투데이 박동희 MTN기자 서울시는 지난해 선발한 청년인턴 1 626명 가운데 58%인 950명이 정규직으로 채용되었다고 밝혔습니다. 청년인턴은 서울시의 지원을 받아 기업들이 인턴을 채용한 다음 정규직 전환 여부를 결정하는 제도로 지금까지 2 628명이 참여해 45%인 1 194명이 정규직으로 전환됐습니다. 인턴기간 평균임금은 143만 원 정규직으로 전환됐을 때 임금은 155만 원인 것으로 나타났습니다. 청년인턴들은 서비스업과 컴퓨터관련업 인쇄출판업 등에서 근무했으며 이들의 평균연령은 27.3세로 집계됐습니다.,https://news.naver.com/main/read.nhn?mode=LSD&mid=shm&sid1=260&oid=008&aid=0002554975,284
261353,2011.06.14. 오후 1:16,부동산,머니투데이,공사장 소음..시공사 9500만원 배상,머니투데이 박동희 MTN기자 서울시 환경분쟁조정위원회는 서울 성동구 한 재개발아파트 신축공사장 소음 발생과 관련해 시공사가 인근 주민들에게 9 500만 원을 배상하라고 권고했습니다. 환경분쟁조정위원회는 거주지에 측정한 소음이 환경피해 인정 기준을 초과했고 시공사가 방음대책을 소홀했다 고 밝혔습니다. 이에따라 환경분쟁조정의 신청한 53가구는 950만 원을 나머지 455가구는 8 550만 원을 배상받게 됩니다. 이번 배상액은 1991년 환경분쟁조정위원회 출범이후 최대 금액입니다.,https://news.naver.com/main/read.nhn?mode=LSD&mid=shm&sid1=260&oid=008&aid=0002554973,284
261354,2011.06.14. 오후 1:08,부동산,세계일보,떠오르는 송도 부동산시장 분양가 5천만원대에 월세가 60만원,세계닷컴 □ 5000만원대 수익형 풀옵션 싱글하우스 □ 호실별 개별 등기분양 □ 연 10%이상 임대수익 인천대 연세대 삼성 바이오기지 등 □ 편리한 교통 접근성 지하철 역세권 광역버스 서울 강남까지 40분대 □ 시행회사 임대 및 월 수익 책임관리 □ 상담신청접수 032 832 0071 아파트 분양시장이 위축돼 있는 요즘에도 원룸텔 소형오피스텔에 대한 청약 열풍은 지속되고 있다. 부동산 투자수익과 월 고정수익을 동시에 거머쥐는 재테크 수단으로 여겨지고 있기 때문이다. 도시형생활주택 즉 싱글하우스는 타 수익형 부동산에 비해 임대 수요가 많아 수익률이 보장되며 주로 퇴직자나 전업주부 등 투자의 경험이 많지 않은 사람도 운영이 가능하고 투자 후 3개월 후면 사업 안정권에 접어들기 때문에 개인 시간이 많아진다는 장점을 갖고 있다. 송도 국제도시 내 경제자유구역은 소형 원룸이 많이 부족하다. 게다가 주위 고시텔도 부족하다 보니 월세를 45만원에서 47만원까지 받는 곳도 있다. 실 거주자에겐 안타까운 소식이지만 투자자에겐 기쁜 소식이 아닐 수 없다. 송도 국제도시는 학생 직장인 상권 종사자 등 풍부하고 탄탄한 배후 임대 수요층이 확보돼 있는 지역이기 때문에 소형 원룸의 수요는 지속적으로 늘어날 전망이다 이러한 송도 국제도시에 싱글하우스 ‘포레스트’가 분양 중이다. 송도 ‘포레스트’의 분양은 투자자들의 관심을 끌기에 충분하다. 5천만원대 분양가에 50 60만원이상의 월세수익을 노릴 수 있고 게다가 호실 별 개별등기까지 가능하기 때문이다. 송도 ‘포레스트’가 위치한 송도 국제 자유구역에는 바로 옆 해양경찰청과 인근 인천대 연세대 신축공사 중 등의 대학과 트레이드타워 국제 비즈니스센터 등의 경제 업무지구와 함께 미추홀 공원 해돋이공원 센트럴파크 등의 휴식공간까지 아우르는 최고의 입지조건으로 손꼽힌다. 탄탄한 배후 임대 수요층이 확보돼 있는 지역이며 이미 인천 지하철 1호선 동막역부터 캠퍼스타운역 테크노파크역 등 국제업무지구까지 아우르는 역세권에 위치하여 대중교통편까지 완벽한 지역이라 하겠다. 싱글하우스의 주요고객인 젊은층의 1인 가구는 대중교통이 편리하면서 많은 사람들이 쉽게 접근할 수 있는 곳을 선호하기 때문에 송도 ‘포레스트’는 주목을 받을 수 밖에 없다. 특히 주변의 센트럴파크와 미추홀공원 해돋이공원 아트센터 등 휴식공간과 취미생활을 마음껏 향유할 수 있는 최적의 입지조건으로 싱글족들의 관심이 높아질 전망이다. 풀옵션 싱글하우스 송도 ‘포레스트’는 현재 선착순 자리배정하기 때문에 향후 위치에 따라 프리미엄 및 월세가 달라질 수 있다. 최고를 누리기 위해선 서두르는 것이 유리하다. 자리배정은 선착순 호수 지정이며 신청접수를 통해 배정을 받을 수 있다. 신청금 100만원 미 계약시 환불 입금계좌 우리은행 1005 801 841070 예금주 주 씨 유 신청접수 032 832 0071 ※본 콘텐츠는 기업 제공 자료로 세계닷컴의견과 다를수 있습니다. Segye.com Segye.com 인기뉴스 여친이 에이즈에 걸려… 이제 죽겠다 K팝 첫 유럽 상륙 성공했지만… 불리한 진술해 …공범 불태워 살해한 전직경찰 만취한 여성이 스마트폰을 건네준다면… 한국女 토막살인 살인 아니다 日판결에… ⓒ 세계일보 Segye.com 무단 전재 및 재배포 금지 금융전문뉴스 세계파이낸스 모바일로 만나는 세계닷컴 세계닷컴은 한국온라인신문협회 www.kona.or.kr 의 디지털뉴스이용규칙에 따른 저작권을 행사합니다.,https://news.naver.com/main/read.nhn?mode=LSD&mid=shm&sid1=260&oid=022&aid=0002274894,284
261355,2011.06.14. 오후 1:06,부동산,세계일보,넘치는 임대수요 오피스텔 및 도시형생활주택로 임대사업 해볼까,1억이면 3채 수익형 부동산 비즈트위트 선착순 분양 세계닷컴 서울시 구로구 구로동 신도림역 1·2호선 환승역 과 대림역 2호선 더블 역세권에 위치한 문영비즈트위트 오피스텔 및 도시형생활주택을 선착순 분양중이다. 비즈트위트 는 1인 2인 세대를 겨냥한 초소형 오피스텔과 도시형 생활주택으로 지하3층 지상19층 분양 면적 기준 32.55㎡ 46.37㎡ 총 436세대로 구성됐으며 여타 도시형 생활주택과 차별되는 주민공동시설을 별도로 마련해 입주민 편의시설을 최대한 제공했다. 고급 마감재 사용과 시스템 에어컨 빌트인 시스템 TV 비데를 무상으로 제공하고 세대별 구분등기 각종 세제혜택이 주어진다. 계약금은 10% 중도금 60% 무이자대출 잔금 30%로 입주 시 까지 추가부담 없이 투자가 가능하다. 주택임대사업을 계획하는 투자자는 수도권 3주택만 구입하면 임대사업을 할 수 있어 적은 투자금액으로도 안정적인 수익을 얻을 수 있다. 신도림역과 대림역 구로역 주변은 홈플러스 테크노마트 이마트 애경백화점 등 대형 편의시설이 입점 영업 중이다. 신도림역과 연결되는 약 40만㎡ 규모의 디큐브시티 내 디큐브백화점 쉐라톤호텔 뮤지컬 전용극장 콘서트홀 오피스사무 동 주상복합아파트 등 올해 8월 27일 오픈 예정으로 신도림역을 기준으로 일대 변혁이 예상된다. 또한 목동 이대병원 고대 구로병원 등 대형의료 시설도 인접해 있어 투자에 좋은 조건을 충족하고 있다. 디지털 단지 등 IT 밸리 종사자 약 23만 명과 강남지역 출·퇴근자 사업지 인근 직장인 등 상주인구와 유동인구를 동시에 아우르고 풍부한 임대수요를 바탕으로 공실이 없다는 것이 큰 장점이다. 실투자금은 3000만원대로 전매가 자유롭다. 2012년 12월 입주 예정이다. 신청방법은 선착순 호수지정 신청금 100만원 이며 신청금은 미계약시 전액환불된다. 입급계좌는 우리은행 1005 601 836687이며 예금주는 주 문영종합개발이다. 분양문의 02 2111 6620 ※본 콘텐츠는 기업 제공 자료로 세계닷컴의견과 다를수 있습니다. Segye.com Segye.com 인기뉴스 K팝 첫 유럽 상륙 성공했지만… 불리한 진술해 …공범 불태워 살해한 전직경찰 만취한 여성이 스마트폰을 건네준다면… 여친이 에이즈에 걸려… 이제 죽겠다 한국女 토막살인 살인 아니다 日판결에… ⓒ 세계일보 Segye.com 무단 전재 및 재배포 금지 금융전문뉴스 세계파이낸스 모바일로 만나는 세계닷컴 세계닷컴은 한국온라인신문협회 www.kona.or.kr 의 디지털뉴스이용규칙에 따른 저작권을 행사합니다.,https://news.naver.com/main/read.nhn?mode=LSD&mid=shm&sid1=260&oid=022&aid=0002274893,284
261356,2011.06.14. 오후 1:05,부동산,세계일보,한강이 한 눈에…김포 한강신도시 ‘한라비발디’,세계닷컴 ☞ 중도금 무이자 계약금 5% ☞ 생태공원 18만 바로 앞 위치 ☞ 한강 조망권 ☞ 여의도 19분 쾌속 교통망 김포 한강로 직접 연결 ☞ 녹지율 53% 지방 분양시장의 분양열기가 수도권 시장에도 전해지고 있다. 지난 4월중순 문을 연 ‘한강신도시 한라비발디’ 견본주택에는 많은 인파가 다녀가면서 수도권 분양시장에도 훈풍이 불고 있다. 한라건설에 따르면 김포한강신도시에 분양하는 ‘한강신도시 한라비발디’는 견본주택 개관 첫날 7500명 주말에 약 2만여 명이 다녀가 3일 동안 약 2만 8천 여명이 견본주택을 다녀갔다. 견본주택 앞에는 개관 전부터 방문객들로 인해 줄이 길게 늘어서는 진풍경이 펼쳐졌고 견본주택 안에도 분양상담을 받으려는 방문객들로 내내 인산인해를 이뤘다. 한라건설 관계자는 “김포한강신도시는 7월에 김포한강로가 개통되면 서울 접근성이 좋아지며 특히 운양용화사IC가 택지내에서 가장 근거리에 위치해 서울로 이동이 수월하다”고 말했다. 또 “한강신도시 한라비발디 분양가는 3.3㎡ 당 1060만원으로 타 지역보다 저렴한 분양가로 한강과 조류생태공원 등을 조망할 수 있다는 것이 가장 큰 장점”이라고 덧붙였다. ‘한강신도시 한라비발디’는 지하2층 지상19층 12개 동 총857가구의 대단지로 전용면적 기준 105㎡형 513가구 106㎡형 284가구 126㎡형 60가구로 구성됐다. 분양가는 3.3㎡ 당 1060만원으로 계약금 5%씩 2회 분납 중도금 60% 전액 무이자가 적용된다. 전매는 계약 1년 후부터 가능하다. ‘한강신도시 한라비발디’ 견본주택은 김포시 고촌읍 신곡리에 위치해 있다. 선착순 특별 분양이므로 신청금 입금 후 방문하는 것이 유리하다. 동·호수 지정계좌 우리은행 1005 601 820602 예금주 한라건설 신청금 100만원 분양문의 031 984 9444 홈페이지 blog.naver.com stxkan1999 ※본 콘텐츠는 기업 제공 자료로 세계닷컴의견과 다를수 있습니다. Segye.com Segye.com 인기뉴스 K팝 첫 유럽 상륙 성공했지만… 불리한 진술해 …공범 불태워 살해한 전직경찰 만취한 여성이 스마트폰을 건네준다면… 여친이 에이즈에 걸려… 이제 죽겠다 한국女 토막살인 살인 아니다 日판결에… ⓒ 세계일보 Segye.com 무단 전재 및 재배포 금지 금융전문뉴스 세계파이낸스 모바일로 만나는 세계닷컴 세계닷컴은 한국온라인신문협회 www.kona.or.kr 의 디지털뉴스이용규칙에 따른 저작권을 행사합니다.,https://news.naver.com/main/read.nhn?mode=LSD&mid=shm&sid1=260&oid=022&aid=0002274892,284
261357,2011.06.14. 오후 1:05,부동산,헤럴드경제,수원광교 오피스텔 최저가 분양시작,☞ 경기대 도보 3분 경기대역 도보2분 거리의 초역세권 ☞ 전매 무제한 1가구 2주택 미적용 ☞ 광교 신도시 최저 분양가 ☞ 오피스텔 600만원대 상가 2 000만원대 ☞ 선착순 호수 지정 계약 ☞ 고품격 풀옵션 미래 가치 상승과 프리미엄 기대 ☞ 소액투자 가능 투자 대비 임대수익 안정적 ☞ 전세가 높아 환금성 유리 ☞ 부동산 투자 전문가들이 말하는 최고의 상업지역 ☞ 광교 테크노밸리 바로옆에 위치 ☞ 동수원 IC 최단거리 약 100m ☞ 주 풍산건설 책임준공 국제신탁 자금관리 2011년 새해 부동산 시장에서 사람들에게 가장 뜨거운 관심을 받고 있는 지역은 어디일까 모든 부동산 전문가들은 한목소리로 광교 신도시를 1순위로 지목하고 있다. 그 동안 논란을 거듭해온 경기도청 수원지방법원 수원지방검찰청 이전이 확정되면서 118 218㎡ 약35 760평 규모의 행정타운과 65 858㎡ 약19 922평 법조타운이 조성되고 신분당선 연장선의 실시계획승인으로 1월에 착공이 들어가면서 지하철 개통으로 인한 역세권 호재까지 반영되며 상업시설이 살아나고 임대 수요 또한 폭발적으로 늘어날 것이라는 것이 전문가들의 공통된 의견이다. 광교신도시는 경기도 수원시 영통구 이의동 원천동 하동과 팔달구 우만동 장안구 하광교동 상광교동 및 용인시 수지구 상현동 일원 등 2개의 시에 걸쳐서 산업단지와 상업 주거 행정이 어우러져 개발되는 자족 신도시이다. 도시 중심성을 확보할 수 있는 도시공간구조 형성 및 친환경적 도시환경 조성으로 수원시와 용인시 서북부 지역의 발전 도모를 목적으로 하고 있으며 총 면적은 1130만 1699㎥ 약341만8000평 이며 강남 분당 판교를 잇는 경부축 연결 선상에 위치하고 있다. 광교신도시는 영동고속도로 경부고속도로 용인서울고속도로 북수원 상현IC간 도로 흥덕 하동간 도로 동수원 성북IC간 도로 교차지점에 입지하고 있으며 지구내의 동수원 나들목 광교 나들목 신대 나들목의 이용으로 사통팔달 동서남북 어디든지 신속하게 갈 수 있다. 현재 용인서울간고속도로 이용하면 강남까지 30분정도 소요되며 2015년에는 정자역에서 광교신도시에 이르는 신분당선이 개통돼 강남까지 30분이면 도달이 가능하게 되며 지하철 버스를 통해 외부 대중교통을 최대 60%까지 분담하게 된다. 또한 광교신도시의 교육기관은 신설될 학교를 포함해 초등학교 9곳 중학교 6곳. 고등학교 8곳이며 특히 서울대학교 융합과학기술대학원 아주대학교 경기대학교 경희대학교 합동신학대학원대학교등 대학교 5곳도 입지하게 된다. 더불어 경기과학고 서울국제학교 성남 성균관대학교 경희대학교 국제캠퍼스 등 의 학교들도 인근지역에 위치하고 있으며 광교신도시 주변에 아주대병원 빈센트 병원 등 800병상 이상의 대형병원이 입지하고 있으며 추후 동백연세대 의료원과 을지병원 등이 추가로 입지할 예정이다. 녹지율은 국내 신도시 최고 수치인 41 7% 주택용지비율은 18.8% 자족용지비율은 27%이며 20만평 2 043 858㎥ 넓이의 원천 신대호수를 포함하고 있다. TOD Transit Oriented Developement 압축도시 지향으로 인구밀도는 69 ha로 국내 신도시 중 최저이며 주택은 아파트 23 227세대 연립주택 2 149세대 주상복합 5 624세대로 총 31 000세대가 공급된다. 특히 광교테크노밸리는 26만 9404㎡ 약81 495평 의 대규모 부지로 경기도에서 1990년대 후반부터 추진한 사업단지로 총 사업비만 5728억원이상 투입됐다. 2001년부터 운영중인 경기중소기업지원센터를 필두로 2006년에 개원한 나노소자특화팹센터 2007년에 완공된 경기바이오센터와 경기R D센터를 비롯해 차세대융합기술연구원 중소기업지원센터 등 5개 기관과 기업 224개 업체가 입주해 있고 주변으로는 첨단바이오특화단지 경기도청을 포함한 광교행정타운 법조타운과 같은 대형 산업 및 업무시설이 조성되고 있다. 이곳에 풍산건설이 책임준공하고 국제신탁이 자금관리 하는 이스턴타워 오피스텔과 상가를 지하4층 지상10층 규모로 공사진행중이며 분양을 시작했다. 이스턴타워 오피스텔.상가는 경기대와 경기대역 광교테크노 밸리를 연결하는 트라이앵글 삼각축 의 중심축에 위치하고 있으며 광교테크노밸리에 입주한 224개 기업체의 약 4천여명의 상주인원과 제약 첨단바이오 특화단지 조성으로 향후 상주인원은 1만2천여명 일이용객 1만여명 교육연구연인원 7만여명의 이상의 대규모 상권이 유입되면서 2만여 가구에 달하는 배후세대와 경기대학교 약2만여명 아주대학교 약1만2천여명 경희대학교 서울대학교 융합 기술대학원 아주대병원 합동신학대학원대학교 등의 교육시설이 밀집돼 있고 비즈니스파크 및 R D단지등이 가까워 소형 오피스텔을 찾는 직장인 연구원 신혼부부 대학생 등의 풍부한 임대수요가 기대된다. 부동산 전문가들은 광교는 명품신도시 이미지로 현재 중대형 아파트가 주류를 이루고 있고 소형평형 아파트의 공급률이 낮고 오피스텔 용지 광교 6% 분당 9% 판교 8% 일산 8% 부족으로 오피스텔 공급이 턱 없이 부족해 위의 상주인원들의 수용이 한정될 수밖에 없으므로 광교신도시의 완공 후 중소형 오피스텔은 물론 산가도 품귀현상이 바로 나타날 것으로 예상되다 보니 광교신도시의 이스턴타워 오피스텔 상가를 최고의 투자처로 손꼽을수 있다고 말하고 있다. 이스턴타워 오피스텔 상가는 현재 지하 토목공사가 완료 단계로 공정률 20%이상 진행중이고 분양가에서도 거품을 모두 빼고 광교신도시에서 사상 최초의 최저 분양가를 책정하였다. 많은 투자자들이 앞다퉈 이스턴타워 오피스텔 상가 신축 현장을 찾고 있으므로 수익형 부동산에 관심을 갖는분들이나 안정된 투자처를 찾는분 미래가치를 생각하는분 첫투자 하시는 분들은 하루 빨리 방문하는 것이 좋으며 방문전 신청금 입금하시고 호수지정을 받고 방문 상담하시는 것이 유리하다.,https://news.naver.com/main/read.nhn?mode=LSD&mid=shm&sid1=260&oid=016&aid=0000386665,284
261358,2011.06.14. 오후 12:55,부동산,매일경제,종잣돈 3천만 원 있다면 동대문 밀리오레 잡아라,“가난하게 살 사람은 돈이 생겼을 경우 어디에 돈을 쓸까 생각하지만 부자로 살 사람은 어디에 투자를 할 것인가를 생각한다” 종자돈이 모이기까지는 많은 시간이 걸린다. 단순 무식하게 열심히 투자만 한다고 돈을 벌던 시대는 지났으며 이제는 흐름과 방향을 잘 파악해야만 한다. 저금리 시대에 수익형 부동산의 비중이 높아지고 있다. 상황이 이렇게 되자 최근 경기 회복에 대한 기대감으로 고정적인 수익을 얻을 수 있는 상가가 투자 상품으로 부상 하고 있다. 그중에서 주목받는 곳이 서울시가 1조 원의 사업비를 들여 동대문 운동장의 공원화 2012년 말 등 동대문 시장을 세계적인 패션 관광명소로 개발한다고 발표함 서울시 홈페이지 참조 에 따라 동대문 시장의 붐을 예측하는 창업자들과 투자자들의 관심이 몰리고 있다. 얼마전 동대문 패션의 신화를 창조한 동대문 밀리오레 가 13년 만에 개별호수를 등기분양 하고 있어 화제다. 동대문 밀리오레는 지하철 동대문역사문화공원역 2 4 5호선 동대문역 1 4호선 역세상권과 40여 개의 버스노선이 지나며 동대문과 청계천을 하나로 잇는 동선의 중심에 위치한다. 동대문 시장상권은 세계 최대 규모의 의류 패션 상권이자 서울 패션사업의 중심지로 현재 밀리오레 두타 APM 등 37개의 대규모 패션 도소매 상가 3만5천 개의 점포에 하루 유동인구가 60만 명에 이르고 연간 280만 명의 해외관광객이 방문하고 있으며 하루 평균 매출만 무려 400억 원에 이르고 있다. 서울시는 1조 원 규모 개발계획 발표로 도심 재창조 프로젝트 의 핵심 사업 동대문운동장 공원화 사업이 2012년 완공 예정인 동대문 디자인 플라자 파크를 서울의 랜드마크로 만들어 동대문 시장의 현재 연 매출 10조 원에서 15조 원으로 높이고 일일 유동인구 60만 명에서 75만 명으로 외국인 관광객은 현재 연 280만 명에서 300만 명의 경제 효과를 바라보고 있고 추가로 국립의료원 기동대 한양공고 등의 부지에 호텔 컨벤션센터의 조성 계획도 수립했다. 동대문 개발 프로젝트의 수혜 지역으로 떠오르는 곳이 바로 동대문 상권 중심에 위치한 밀리오레 이다. 동대문은 청계천 복원 성공이후 동대문 상권 매출이 2 3배 이상 올라간 것으로 비춰 봤을 때 동대문 운동장 사업이 완료 되면 상권일대 시세 월세 권리금이 상승 할 것으로 예상된다. 회사 관계자는 “밀리오레는 현재 공실 없이 임대가 맞춰져 있으며 실투자금 3 4천만 원대 투자로 등기 이전이 가능하며 은행 이자의 3 4배의 임대 수익이 보장되기에 조기 마감이 예상 된다” 며 안정된 임대 수익을 원한다면 서두르는 것이 좋다고 밝혔다. 신청접수 순서에 따라 개별호수가 지정되는 등기분양 방식이다. 접수문의 02 2118 8611 자료제공 동대문 밀리오레 ⓒ 매일경제 mk.co.kr 무단전재 및 재배포 금지 MBA도 모바일로 공부한다.,https://news.naver.com/main/read.nhn?mode=LSD&mid=shm&sid1=260&oid=009&aid=0002484117,284
261359,2011.06.14. 오후 12:51,부동산,매일경제,삼성반도체의 배후수요로 동탄 오피스텔 투자자 관심 집중,소형 오피스텔이나 도시형 생활주택 소형 아파트 등 수익형 부동산에 대한 투자자들의 관심이 몰리는 가운데 주 에스원디엔씨는 경기도 화성 동탄신도시 택지지구 내 삼성반도체 정문 인근에 ‘동탄 에스원스마트빌’ 소형 오피스텔과 도시형 생활주택 소형 아파트 154실을 신규 분양한다. ‘동탄 에스원스마트빌’은 지하3층 지상12층 규모로 주 두손건설이 시공을 맡았고 대한주택보증에서 분양보증과 자금관리를 맡았다. 1층은 상가 5실로 구성됐고 2층 3층은 55㎡ 60㎡ 소형 오피스텔 28실과 4층 12층은 29㎡ 30㎡ 도시형 생활주택 소형 아파트 126실이 들어서는데 전세대 발코니 확장형으로 실면적 5.5㎡가 서비스로 제공된다. 오피스텔 분양 관계자는 “동탄신도시는 삼성전자 화성공장 등이 있어 수도권 신도시 중 자족성이 가장 높은 곳”이라며 “12만 명 이상으로 예상되는 삼성전자 관련 유동인구가 잠재고객이라는 점을 감안하면 상권가치가 탁월할 것”이라고 기대했다. 동탄신도시는 현재 건설이 추진 중인 수도권 급행전철 GTX가 계획대로 지어지면 이곳에서 서울 강남까지 18분 만에 도착이 가능하게 돼 교통여건이 크게 개선될 전망이다. 상가 전체가 테라스형으로 조성될 근린상업시설은 삼성반도체 버스정거장 앞 편의점 부동산 약국 제과점 은행 분식점 등을 유망 업종으로 들었다. 홈페이지 hp sonesmartvill.com 분양문의 1661 8903 자료제공 동탄 에스원스마트빌 ⓒ 매일경제 mk.co.kr 무단전재 및 재배포 금지 MBA도 모바일로 공부한다.,https://news.naver.com/main/read.nhn?mode=LSD&mid=shm&sid1=260&oid=009&aid=0002484115,284
261360,2011.06.14. 오후 12:47,부동산,한국경제TV,대전 노은 한화 꿈에그린 최고 경쟁률 66대 1,한화건설의 대전 노은 한화 꿈에 그린 이 최고 66.26대 1의 경쟁률을 기록해 모든 주택형이 순위내 마감했습니다. 금융결제원에 따르면 대전 노은 한화 꿈에그린 의 일반청약 접수 결과 1천765가구 모집에 5천120명이 몰려 평균 2.9대 1의 경쟁률로 3순위 마감됐습니다. 1블록은 860가구 모집에 2천835명이 청약해 3.3대 1의 경쟁률을 보였고 2블록의 경우 총 905가구 모집에 2천285명이 신청해 1순위에서 청약을 마쳤습니다. 신완철 한화건설 상무는 이번 청약 결과는 대전 과학벨트 유치 열기와 세종시 개발 호재가 반영됐다 고 설명했습니다.,https://news.naver.com/main/read.nhn?mode=LSD&mid=shm&sid1=260&oid=004&aid=0002082041,284
261361,2011.06.14. 오후 12:46,부동산,한국경제TV,동부건설 영덕역 센트레빌 3순위 마감,동부건설이 용인 기흥구 영덕동에 분양하는 영덕역 센트레빌 이 최고 2.33대 1의 청약 경쟁률을 기록해 순위 내 분양을 마감했습니다. 금융결제원에 따르면 영덕역 센트레빌 의 청약접수 결과 233가구 모집에 382명이 신청해 평균 1.64대 1로 마감됐습니다. 주택형별로는 84㎡가 156가구 모집에 239명이 신청해 1.6대 1을 기록했고 101㎡는 77가구 모집에 133명이 청약해 1.73대 1의 경쟁률을 나타냈습니다. 이상욱 동부건설 분양소장은 2012년 개통예정인 분당선 영덕역 역세권과 주변시세 보다 저렴한 분양가 등이 청약 호조로 이어졌다 고 설명했습니다.,https://news.naver.com/main/read.nhn?mode=LSD&mid=shm&sid1=260&oid=004&aid=0002082040,284
261362,2011.06.14. 오후 12:45,부동산,아시아경제,투자0 순위 역세권 오피스텔,최근 수도권 전세난 심화와 1 2인 가구의 급격한 증가로 소형 위주의 주거형 상품들이 품귀현상을 보이고 있다. 소형주택이 투자상품으로 급격히 인기를 끌고 있는 이유는 1인 주거문화가 급격히 확산되고 있기 때문이다. 통계청에 따르면 지난 10년 사이 400만 가구로 3배 이상 증가한 것으로 나타났다. 이 때문에 싱글족을 겨냥한 상품과 서비스 주거환경 등 싱글산업 규모 역시 올해는 8조 원 이상으로 성장할 것으로 보인다. 무엇보다 소형주택은 1가구 2주택 제외 대상이며 분양가 상한제의 적용을 받지 않기 때문에 소액투자자들에게 주목 받고 있다. 소형오피스텔은 불황기에도 비교적 경기 영향을 받지 않으며 매월 고정된 현금수입과 임대 기간중 재산세 종부세 등 각종 세금 비과세 혜택을 받을 수 있다. 수도권의 대표적인 중심지구 중 하나인 송내역 앞 로데오거리에 수익성 안전성 입지 등 부동산 투자의 3박자를 고루 갖춘 풀옵션 원룸형 미니오피스 레전드빌 이 분양중이다. 수도권의 대표적인 중심상권에 위치하고 있으며 부천지방검찰청 지방법원 법조타운 등 관공서 밀집지역과 인접해 풍부한 임대수요가 상시 대기하고 있다. 또한 인근대학교의 학생 직장인 1인 창업자 유흥업소 종사자등의 유입은 늘고 있으나 주변 역세권에 오피스텔의 공급은 부족한 상태이므로 임대수요가 많아 안정적인 수익창출이 가능하다. 교통환경도 뛰어나다. ‘레전드빌 은 지하철 1호선 송내역이 도보로 2분 거리이며. 경인고속도로 서울 외곽순환도로 중동대로를 이용하면 서울에 10분 대에 진입이 가능해 수도권 출퇴근이 용이하다. ‘레전드빌 은 기존 오피스텔과 차별화된 호텔형 풀옵션 미니오피스를 표방하며 실수요자가 선호하는 맞춤형 생활공간으로 투자자들의 인기를 한 몸에 받고 있으며 주거와 사무기능을 동시에 누릴 수 있는 큰 장점을 가지고 있다. 시행사에서 직접운영 관리하고 있어 소유권 이전과 동시에 임대차 계약이 가능하다. 입주민을 위해 삼성제품인 에어컨 냉장고 세탁기 붙박이장 등의 풀옵션에 시행사 임대책임 보장제를 실시하며 주변 오피스텔과 달리 관리비가 저렴하다. DTI적용 제외로 계약금은 약 2 000만 원이며 잔금 30%는 신협에서 융자를 받을 수 있으며 2011년 7월부터 임대수익을 볼 수 있다. 청약통장이 필요 없고 지금 호수지정 선착순 분양하고 있다. 신청금은 100만원 입금 후 방문한다면 더 좋은 호수를 배정 받을 수 있다. 신청접수 문의 032 324 7337 ※ 본 내용은 아시아경제 편집 방향과 무관하며 모든 책임은 정보 제공자에게 있습니다.,https://news.naver.com/main/read.nhn?mode=LSD&mid=shm&sid1=260&oid=277&aid=0002622824,284
261363,2011.06.14. 오후 12:45,부동산,머니투데이,5000만원대 수익형 풀옵션 싱글하우스 포레스트,머니투데이 □ 5000만원대 수익형 풀옵션 싱글하우스 □ 호실별 개별 등기분양 □ 연 10%이상 임대수익 인천대 연세대 삼성 바이오기지 등 □ 편리한 교통 접근성 지하철 역세권 광역버스 서울 강남까지 40분대 □ 시행회사 임대 및 월 수익 책임관리 □ 상담신청접수 032 832 0071 아파트 분양시장이 위축돼 있는 요즘에도 원룸텔 소형오피스텔에 대한 청약 열풍은 지속되고 있다. 부동산 투자수익과 월 고정수익을 동시에 거머쥐는 재테크 수단으로 여겨지고 있기 때문이다. 도시형생활주택 즉 싱글하우스는 타 수익형 부동산에 비해 임대 수요가 많아 수익률이 보장되며 주로 퇴직자나 전업주부 등 투자의 경험이 많지 않은 사람도 운영이 가능하고 투자 후 3개월 후면 사업 안정권에 접어들기 때문에 개인 시간이 많아진다는 장점을 갖고 있다. 송도 국제도시 내 경제자유구역은 소형 원룸이 많이 부족하다. 게다가 주위 고시텔도 부족하다 보니 월세를 45만원에서 47만원까지 받는 곳도 있다. 실 거주자에겐 안타까운 소식이지만 투자자에겐 기쁜 소식이 아닐 수 없다. 송도 국제도시는 학생 직장인 상권 종사자 등 풍부하고 탄탄한 배후 임대 수요층이 확보돼 있는 지역이기 때문에 소형 원룸의 수요는 지속적으로 늘어날 전망이다 이러한 송도 국제도시에 싱글하우스 ‘포레스트’가 분양 중이다. 송도 ‘포레스트’의 분양은 투자자들의 관심을 끌기에 충분하다. 5천만원대 분양가에 50 60만원이상의 월세수익을 노릴 수 있고 게다가 호실 별 개별등기까지 가능하기 때문이다. 송도 ‘포레스트’가 위치한 송도 국제 자유구역에는 바로 옆 해양경찰청과 인근 인천대 연세대 신축공사 중 등의 대학과 트레이드타워 국제 비즈니스센터 등의 경제 업무지구와 함께 미추홀 공원 해돋이공원 센트럴파크 등의 휴식공간까지 아우르는 최고의 입지조건으로 손꼽힌다. 탄탄한 배후 임대 수요층이 확보돼 있는 지역이며 이미 인천 지하철 1호선 동막역부터 캠퍼스타운역 테크노파크역 등 국제업무지구까지 아우르는 역세권에 위치하여 대중교통편까지 완벽한 지역이라 하겠다. 싱글하우스의 주요고객인 젊은층의 1인 가구는 대중교통이 편리하면서 많은 사람들이 쉽게 접근할 수 있는 곳을 선호하기 때문에 송도 ‘포레스트’는 주목을 받을 수 밖에 없다. 특히 주변의 센트럴파크와 미추홀공원 해돋이공원 아트센터 등 휴식공간과 취미생활을 마음껏 향유할 수 있는 최적의 입지조건으로 싱글족들의 관심이 높아질 전망이다. 풀옵션 싱글하우스 송도 ‘포레스트’는 현재 선착순 자리배정하기 때문에 향후 위치에 따라 프리미엄 및 월세가 달라질 수 있다. 최고를 누리기 위해선 서두르는 것이 유리하다. 자리배정은 선착순 호수 지정이며 신청접수를 통해 배정을 받을 수 있다. 신청금 100만원 미 계약시 환불 입금계좌 우리은행 1005 801 841070 예금주 주 씨 유 신청접수 032 832 0071 ※ 본 자료는 해당 업체에서 제공한 비즈니스정보입니다.,https://news.naver.com/main/read.nhn?mode=LSD&mid=shm&sid1=260&oid=008&aid=0002554960,284
261364,2011.06.14. 오후 12:38,부동산,파이낸셜뉴스,일산 매머드급 단지 ‘덕이 아이파크’ 수도권 주거중심지로 부상,경기도 일산 마지막 랜드마크 일산덕이 아이파크 1 5단지의 입주가 1월 중순부터 시작하여 지금 막바지에 이르고 있다. 분양 당시부터 화제를 모았던 덕이지구 아이파크는 부동산 침체 속에서 매머드급 단지가 입주하면서 일시적으로 가격약세를 보였지만 입주시작과 함께 분위기가 다소 회복되고 있다. 현재는 일부 급매물이 소진되면서 동호수가 좋은 세대는 자취를 감추었고 가격 하락은 서서히 멈추고 있는 상태이다. “일산덕이 아이파크”는 브랜드 규모 단지시설 세대 인테리어등 어느 하나 빠질 것 없는 조건으로 일산의 랜드마크로 자리매김이 기대되는 단지이다. 덕이지구는 지역주민의 주거선호도가 높아서 아파트가 10년 이상 된 일산권 지역 주민들이나 파주권에서 이전수요가 높으며 지금도 입주하려는 입주자들과 전세를 구하려는 수요로 분주하다고 한다. 자유로 1 2 강변북로 외곽순환도로를 이용하여 서울로의 접근 편의성 1 556가구 규모의 대단지 덕이지구 총 4 872가구 현대산업개발의 “아이파크” 브랜드까지 더해지면서 일산권 뿐 만 아니라 수도권에서 이만한 단지가 없을 것으로 보여진다. 일산덕이 아이파크는 주변 주거환경과 비교할 때 당연 뛰어나다고 할 수 있다. 이미 일산 신시가지 내 단지들은입주연차가 10년 이상 된 경우가 많기 때문에 대규모 새 아파트의 등장은 매우 반가운 일이 아닐 수 없다. 일산덕이 아이파크 1단지는 693가구 주택형 111 207m2으로 구성되어 있으며 5단지는 863가구 주택형 111 210m2으로 구성되어 있어 대형외에도 중소형을을 찾는 수요자들도 관심을 가질 수 있다. 일산덕이 아이파크가 자리한 일산 서구지역은 국내 최대 규모의 국제전시장 킨텍스 롯데 현대백화점 기존 신세계백화점 2012년 예정 한류월드 예정 레이킨스 몰 농수산물 종합유통센터 이마트등이 위치하여 대한민국 쇼핑과 문화 콘텐츠의 천국으로 우뚝 설 것으로 보이며 이에 따라 향후 일산덕이 아이파크가 일산 서구 지역 개발의 최대 수혜 단지가 될 것은 명확한 사실이다. 또한 단지 인근의 중앙공원은 물론 호수공원과 고양종합운동장 등에서 여가를 즐길 수 있는 쾌적한 환경과 탄현역 역세권 기존 자유로 1 2 및 외곽순환도로를 이용한 서울로의 뛰어난 접근성과 경의선 확충 서울 문산 고속도로 2014년 예정 일산 GTX 2017년 예정 일산 제2의 강남으로 급부상 등으로 수도권 교통의 중심지로 우뚝 설 것으로 기대되며 덕이지구내 백송 한산초교 덕이중교 덕이고교 공사중 가 개교하였거나 예정이며 교육도시 일산의 교육시설과 명문학원 파주 영어마을을 편리하게 이용할 수 있는 교육환경의 중심지를 자랑한다. 전망 채광과 통풍을 고려한 타워형 설계와 녹지율을 높이고 100% 지하주차장 설계 1 5단지 로 안전한 보행 환경과 쾌적한 생활환경을 제공하였으며 넓은 중앙공원과 생태공원을 바라보며 생활할 수 있는 탁월한 조망권을 확보하였으며 전세대를 남향 위주로 배치한 것도 주요 특징이다. 또한 다양한 운동과 휴식을 즐길 수 있는 주민운동시설 및 휘트니스센터 실내 골프연습장 동호회실등 꼭 필요한 시설만을 갖춘 커뮤니티센터가 가장 큰 자랑거리이다. 인근 식사지구 및 덕이지구내 신동아 파밀리에등 한꺼번에 많은 물량이 입주를 시작하면서 전세가격은 주변보다 저렴한 편이다. 일산덕이 아이파크는 신규 아파트임에도 불구하고 기존 아파트와 전세가격 차이가 많이 나지 않자 봄철 수요가 몰리면서 전세거래가 활발하여 현재는 남은 물량이 마무리로 진행 중에 있다. 매매가격은 약보합세를 유지하고 있지만 4월말 기점으로 분양가보다 약 10% 가량 저렴한 매물들이 눈에 띄게 소진되었으며 이전에는 단지 전체의 30% 가량이 급매물로 나왔지만 임대가 활발하여 매매가 임대로 전환되면서 급매물양이 크게 감소하였으며 이로 인해 매매가도 분양가 수준으로 회복되는 모습을 보이고 있다. 지금은 가격이 빠지면서 40평형이상을 중심으로 분양가보다 낮은 가격에 매물이 나오지만 입주가 마무리 되면서 가격이 바닥이라고 인식한 수요자들이 급매물을 매수하고 있는 분위기이다. 일산덕이아이파크 임대 및 매매 문의 031 902 3807 902 3813 903 1645 오늘의 핫뉴스 이벤트 “축하 메세지 남기고 대박선물 받자” 카카오톡 “짜증나네”…아무나 친구추가 美 ‘인기폭발’ 없어서 못파는 한국차가 있다 묶음상품 사면 ‘바보’…낱개보다 2배 비싸 온라인몰 ‘대형마트 타도’ 전면전 본 자료는 해당 업체에서 제공한 보도 자료입니다.,https://news.naver.com/main/read.nhn?mode=LSD&mid=shm&sid1=260&oid=014&aid=0002456244,284
261365,2011.06.14. 오후 12:35,부동산,머니투데이,2011년 황금알을 낳는 오피스텔,머니투데이 최근 수도권 전세난 심화와 1 2인 가구의 급격한 증가로 소형 위주의 주거형 상품들이 품귀현상을 보이고 있다. 소형주택이 투자상품으로 급격히 인기를 끌고 있는 이유는 1인 주거문화가 급격히 확산되고 있기 때문이다. 통계청에 따르면 지난 10년 사이 400만 가구로 3배 이상 증가한 것으로 나타났다. 이 때문에 싱글족을 겨냥한 상품과 서비스 주거환경 등 싱글산업 규모 역시 올해는 8조 원 이상으로 성장할 것으로 보인다. 무엇보다 소형주택은 1가구 2주택 제외 대상이며 분양가 상한제의 적용을 받지 않기 때문에 소액투자자들에게 주목 받고 있다. 소형오피스텔은 불황기에도 비교적 경기 영향을 받지 않으며 매월 고정된 현금수입과 임대 기간중 재산세 종부세 등 각종 세금 비과세 혜택을 받을 수 있다. 수도권의 대표적인 중심지구 중 하나인 송내역 앞 로데오거리에 수익성 안전성 입지 등 부동산 투자의 3박자를 고루 갖춘 풀옵션 원룸형 미니오피스 레전드빌 이 분양중이다. 수도권의 대표적인 중심상권에 위치하고 있으며 부천지방검찰청 지방법원 법조타운 등 관공서 밀집지역과 인접해 풍부한 임대수요가 상시 대기하고 있다. 또한 인근대학교의 학생 직장인 1인 창업자 유흥업소 종사자등의 유입은 늘고 있으나 주변 역세권에 오피스텔의 공급은 부족한 상태이므로 임대수요가 많아 안정적인 수익창출이 가능하다. 교통환경도 뛰어나다. ‘레전드빌 은 지하철 1호선 송내역이 도보로 2분 거리이며. 경인고속도로 서울 외곽순환도로 중동대로를 이용하면 서울에 10분대에 진입이 가능해 수도권 출퇴근이 용이하다. ‘레전드빌 은 기존 오피스텔과 차별화된 호텔형 풀옵션 미니오피스를 표방하며 실수요자가 선호하는 맞춤형 생활공간으로 투자자들의 인기를 한 몸에 받고 있으며 주거와 사무기능을 동시에 누릴 수 있는 큰 장점을 가지고 있다. 시행사에서 직접운영 관리하고 있어 소유권 이전과 동시에 임대차 계약이 가능하다. 입주민을 위해 삼성제품인 에어컨 냉장고 세탁기 붙박이장 등의 풀옵션에 시행사 임대책임 보장제를 실시하며 주변 오피스텔과 달리 관리비가 저렴하다. DTI적용 제외로 계약금은 약 2 000만 원이며 잔금 30%는 신협에서 융자를 받을 수 있으며 2011년 6월부터 임대수익을 볼 수 있다. 청약통장이 필요 없고 지금 호수지정 선착순 분양하고 있다. 신청금은 100만원 입금 후 방문한다면 더 좋은 호수를 배정 받을 수 있다. 신청접수 문의 032 324 7337 ※ 본 자료는 해당 업체에서 제공한 비즈니스정보입니다.,https://news.naver.com/main/read.nhn?mode=LSD&mid=shm&sid1=260&oid=008&aid=0002554955,284
261366,2011.06.14. 오후 12:32,부동산,파이낸셜뉴스,동탄신도시 삼성반도체 최고 수혜입지 오피스텔은,주 에스원디엔씨는 화성 동탄신도시 택지개발지구내에 삼성반도체 정문 앞 소형 오피스텔과 도시형생활주택 아파트 “에스원스마트빌“을 분양 할 예정이다. 지하3층 지상12층 건물로 지상1층은 근린상업시설 삼성반도체 버스정거장 앞 편의점 부동산 제과점 은행 분식점 약국 입점예정 지상2층 지상3층은 55㎡ 60㎡ 의 소형 오피스텔 지상4층 지상12층은 동탄신도시 1호 도시형생활주택 소형 아파트 으로 구성된다. 오피스텔 분양가는 3.3㎡당 600만원대로 동탄신도시 최저 분양가를 자랑하고 저렴한 비용으로 임대사업을 계획하는 은퇴자들의 관심과 기대가 집중되고 있다. 특히 동탄신도시 1호 도시형생활주택으로 소형 아파트가 부족한 동탄신도시로서는 이슈가 될거같고 게다가 정부에서 시행하는 세제들이 모두 소형으로 몰리기 때문에 유리한 조건이다. 회사 측은 분양가가 동탄신도시에서 가장 낮은 수준 이라며 동탄신도시 내 소형 오피스텔 공급이 턱없이 부족한 상황이어서 투자자를 비롯한 수요자들에게 인기가 높을 것 이라고 말했다. 참고로 동탄신도시내는 엘드로자벨 유진마젤란 지웰에스테이트 석진파아란 서해그랑블 동양파라곤 삼성쉐르빌등이 있으나 대부분이66㎡ 132㎡ 구 20 40평 이다 임대사업자로써 투자금액 대비 수익률을 고려한다면 소형을 2 3채 분양 받는 것이 중 대형을 분양 받는것 보다 수익률 면에서 유리하다고 지적한다. 동탄신도시는 삼성전자 화성공장 5월17일 이건희회장 26조투자 발표 등이 자리잡고 있어 수도권 신도시 중에서 자족성이 가장 높은 곳이라는 평가를 받고 있다. 상가는 전체가 테라스형으로 조성된다. 특히 12만명 이상으로 예상되는 삼성전자 관련 유동인구가 잠재 고객이라는 점을 감안하면 상권 가치가 탁월한 것으로 평가된다. 더구나 삼성전자는 서울 본사 인력 중 상당수 인력을 동탄 등 지방 사업장으로 분산시킬 계획이어서 동탄신도시의 자족성이 더욱 높아질 것으로 예상된다. 최근 투자자들이 동탄신도시를 다시 주목하는 것도 이런 이유에서다. 동탄신도시는 또 수도권 급행전철인 GTX 건설 추진으로 더욱 관심을 끌고 있다. 계획대로 추진될 경우 동탄에서 서울 강남까지 38㎞ 구간을 단 18분 만에 주파할 수 있게 돼 교통 여건이 획기적으로 개선된다. 익현 관계자는 GTX가 건설될 경우 접근성이 다소 떨어진다는 동탄의 약점이 사라지게 된다 며 오피스텔 등의 수요가 크게 늘면서 투자가치도 덩달아 높아질 것으로 기대된다 고 말했다. 홈페이지 hp sonesmartvill.com 문의 1661 8903 오늘의 핫뉴스 이벤트 “축하 메세지 남기고 대박선물 받자” 카카오톡 “짜증나네”…아무나 친구추가 美 ‘인기폭발’ 없어서 못파는 한국차가 있다 묶음상품 사면 ‘바보’…낱개보다 2배 비싸 온라인몰 ‘대형마트 타도’ 전면전 본 자료는 해당 업체에서 제공한 보도 자료입니다.,https://news.naver.com/main/read.nhn?mode=LSD&mid=shm&sid1=260&oid=014&aid=0002456241,284
261367,2011.06.14. 오후 12:30,부동산,세계일보,수원의 중심 광교신도시 오피스텔 이스턴타워,세계닷컴 ☞ 경기대 도보 3분 경기대역 도보2분 거리의 초역세권 ☞ 전매 무제한 1가구 2주택 미적용 ☞ 광교 신도시 최저 분양가 ☞ 오피스텔 600만원대 상가 2 000만원대 ☞ 선착순 호수 지정 계약 ☞ 고품격 풀옵션 미래 가치 상승과 프리미엄 기대 ☞ 소액투자 가능 투자 대비 임대수익 안정적 ☞ 전세가 높아 환금성 유리 ☞ 부동산 투자 전문가들이 말하는 최고의 상업지역 ☞ 광교 테크노밸리 바로옆에 위치 ☞ 동수원 IC 최단거리 약 100m ☞ 주 풍산건설 책임준공 국제신탁 자금관리 2011년 부동산 시장에서 사람들에게 가장 뜨거운 관심을 받고 있는 지역은 어디일까 모든 부동산 전문가들은 한목소리로 광교 신도시를 1순위로 지목하고 있다. 그 동안 논란을 거듭해온 경기도청 수원지방법원 수원지방검찰청 이전이 확정되면서 118 218㎡ 약35 760평 규모의 행정타운과 65 858㎡ 약19 922평 법조타운이 조성되고 신분당선 연장선의 실시계획승인으로 1월에 착공이 들어가면서 지하철 개통으로 인한 역세권 호재까지 반영되며 상업시설이 살아나고 임대 수요 또한 폭발적으로 늘어날 것이라는 것이 전문가들의 공통된 의견이다. 광교신도시는 경기도 수원시 영통구 이의동 원천동 하동과 팔달구 우만동 장안구 하광교동 상광교동 및 용인시 수지구 상현동 일원 등 2개의 시에 걸쳐서 산업단지와 상업 주거 행정이 어우러져 개발되는 자족 신도시이다. 도시 중심성을 확보할 수 있는 도시공간구조 형성 및 친환경적 도시환경 조성으로 수원시와 용인시 서북부 지역의 발전 도모를 목적으로 하고 있으며 총 면적은 1130만 1699㎥ 약341만8000평 이며 강남 분당 판교를 잇는 경부축 연결 선상에 위치하고 있다. 광교신도시는 영동고속도로 경부고속도로 용인서울고속도로 북수원 상현IC간 도로 흥덕 하동간 도로 동수원 성북IC간 도로 교차지점에 입지하고 있으며 지구내의 동수원 나들목 광교 나들목 신대 나들목의 이용으로 사통팔달 동서남북 어디든지 신속하게 갈 수 있다. 현재 용인서울간고속도로 이용하면 강남까지 30분정도 소요되며 2015년에는 정자역에서 광교신도시에 이르는 신분당선이 개통돼 강남까지 30분이면 도달이 가능하게 되며 지하철 버스를 통해 외부 대중교통을 최대 60%까지 분담하게 된다. 또한 광교신도시의 교육기관은 신설될 학교를 포함해 초등학교 9곳 중학교 6곳. 고등학교 8곳이며 특히 서울대학교 융합과학기술대학원 아주대학교 경기대학교 경희대학교 합동신학대학원대학교등 대학교 5곳도 입지하게 된다. 더불어 경기과학고 서울국제학교 성남 성균관대학교 경희대학교 국제캠퍼스 등 의 학교들도 인근지역에 위치하고 있으며 광교신도시 주변에 아주대병원 빈센트 병원 등 800병상 이상의 대형병원이 입지하고 있으며 추후 동백연세대 의료원과 을지병원 등이 추가로 입지할 예정이다. 녹지율은 국내 신도시 최고 수치인 41 7% 주택용지비율은 18.8% 자족용지비율은 27%이며 20만평 2 043 858㎥ 넓이의 원천 신대호수를 포함하고 있다. TOD Transit Oriented Developement 압축도시 지향으로 인구밀도는 69 ha로 국내 신도시 중 최저이며 주택은 아파트 23 227세대 연립주택 2 149세대 주상복합 5 624세대로 총 31 000세대가 공급된다. 특히 광교테크노밸리는 26만 9404㎡ 약81 495평 의 대규모 부지로 경기도에서 1990년대 후반부터 추진한 사업단지로 총 사업비만 5728억원이상 투입됐다. 2001년부터 운영중인 경기중소기업지원센터를 필두로 2006년에 개원한 나노소자특화팹센터 2007년에 완공된 경기바이오센터와 경기R D센터를 비롯해 차세대융합기술연구원 중소기업지원센터 등 5개 기관과 기업 224개 업체가 입주해 있고 주변으로는 첨단바이오특화단지 경기도청을 포함한 광교행정타운 법조타운과 같은 대형 산업 및 업무시설이 조성되고 있다. 이곳에 풍산건설이 책임준공하고 국제신탁이 자금관리 하는 이스턴타워 오피스텔과 상가를 지하4층 지상10층 규모로 공사진행중이며 분양을 시작했다. 이스턴타워 오피스텔. 상가는 경기대와 경기대역 광교테크노밸리를 연결하는 트라이앵글 삼각축 의 중심축에 위치하고 있으며 광교테크노밸리에 입주한 224개 기업체의 약 4천여명의 상주인원과 제약 첨단바이오 특화단지 조성으로 향후 상주인원은 1만2천여명 일이용객 1만여명 교육연구연인원 7만여명의 이상의 대규모 상권이 유입되면서 2만여 가구에 달하는 배후세대와 경기대학교 약2만여명 아주대학교 약1만2천여명 경희대학교 서울대학교 융합 기술대학원 아주대병원 합동신학대학원대학교 등의 교육시설이 밀집돼 있고 비즈니스파크 및 R D단지등이 가까워 소형 오피스텔을 찾는 직장인 연구원 신혼부부 대학생 등의 풍부한 임대수요가 기대된다. 부동산 전문가들은 광교는 명품신도시 이미지로 현재 중대형 아파트가 주류를 이루고 있고 소형평형 아파트의 공급률이 낮고 오피스텔 용지 광교 6% 분당 9% 판교 8% 일산 8% 부족으로 오피스텔 공급이 턱 없이 부족해 위의 상주인원들의 수용이 한정될 수밖에 없으므로 광교신도시의 완공 후 중소형 오피스텔은 물론 산가도 품귀현상이 바로 나타날 것으로 예상되다 보니 광교신도시의 이스턴타워 오피스텔 상가를 최고의 투자처로 손꼽을수 있다고 말하고 있다. 이스턴타워 오피스텔 상가는 현재 지하 토목공사가 완료 단계로 공정률 20%이상 진행중이고 분양가에서도 거품을 모두 빼고 광교신도시에서 사상 최초의 최저 분양가를 책정하였다. 많은 투자자들이 앞다퉈 이스턴타워 오피스텔 상가 신축 현장을 찾고 있으므로 수익형 부동산에 관심을 갖는분들이나 안정된 투자처를 찾는분 미래가치를 생각하는분 첫투자 하시는 분들은 하루 빨리 방문하는 것이 좋으며 방문전 신청금 입금하시고 호수지정을 받고 방문 상담하시는 것이 유리하다. ◈ 신청금 계좌 수협은행 205 13 0053 76 ◈ 예 금 주 국제신탁㈜ ◈ 신 청 금 100만원 ◈ 문의 전화 031 264 4500 ※본 콘텐츠는 기업 제공 자료로 세계닷컴의견과 다를수 있습니다. Segye.com Segye.com 인기뉴스 K팝 첫 유럽 상륙 성공했지만… 불리한 진술해 …공범 불태워 살해한 전직경찰 만취한 여성이 스마트폰을 건네준다면… 여친이 에이즈에 걸려… 이제 죽겠다 한국女 토막살인 살인 아니다 日판결에… ⓒ 세계일보 Segye.com 무단 전재 및 재배포 금지 금융전문뉴스 세계파이낸스 모바일로 만나는 세계닷컴 세계닷컴은 한국온라인신문협회 www.kona.or.kr 의 디지털뉴스이용규칙에 따른 저작권을 행사합니다.,https://news.naver.com/main/read.nhn?mode=LSD&mid=shm&sid1=260&oid=022&aid=0002274888,284
261368,2011.06.14. 오후 12:24,부동산,매일경제,실 투자 2700만 원 부천 역세권 복층형 소형주택 인기,도시형 생활주택이 주목을 받고 있다. 매매시장의 침체로 가격 상승에 대한 기대감이 꺾이면서 언제 오를지 모르는 아파트에 큰 돈을 들이는 것보다 적은 돈을 투자해 매달 안정적인 임대수익을 올리는 게 낫다는 생각에서다. 분양가 혹은 매매가 도 저렴하면서 임대수요가 풍부하고 매매 환금성 가 잘 되는 소형 아파트인 역세권 도시형 생활주택 쁘띠하임 은 전세대가 소형이면서 복층 구조로 돼있고 주변 시세보다 저렴해 침체된 부동산 분양시장에서 화제다. 주변 생활편의시설과 임대수요층을 살펴보면 롯데백화점 ·현대백화점·이마트·홈플러스·자유시장 등과 부천대학 서울신학대학 부천성모병원 세종병원 부천대성병원 부천시청 세무서 등이 있고 지하철 1·2호선 환승역인 서울 신도림역과 10분대로 출퇴근이 가능해 서울 직장인들에게도 각광 받아 높은 임대수익을 기대할 수 있다. 쁘띠하임 의 가장 큰 장점은 교통여건이 우수하다는 점과 전세대가 복층구조로 되어 있다는 점이다. 도시형 생활주택 쁘띠하임 은 부천역과 반경 200m 지점에 위치해 도보로 3분이면 이용할 수가 있다. 주변에 30여 개의 버스 노선이 통과해 서울을 비롯한 수도권을 편리하게 오갈 수 있다. 경인고속도로 외곽순환도로 등의 이용도 편리하다. 더불어 지하철 7호선 연장선 2012년 12월 개통 예정 으로 인해 더 많은 임대수요를 기대할 수 있다. 분양가는 낮고 수익률과 환금성은 높고 혜택은 많은 역세권 소형주택 쁘띠하임 의 가구당 분양가는 6 300만 원대로 융자를 받고 실 투자금만으로 분양 받을 시 1채 구입 가격은 2 700만 원 으로도 가능하다. 주변 임대시세는 전용면적 20 27㎡의 경우 보증금 500만 원 매달 임대료 50 60만 원대로 형성돼 쁘띠하임 의 경우 연간 임대 수익률이 14%가 넘을 것으로 기대된다. 소형 주택이나 소형 오피스텔의 필수 사항은 개별 구분등기와 주변 시세대비 분양가격 임대수요 및 임대가격 그리고 주택의 구조이다. 2011년 8월 입주 예정이다. 청약통장과 관계없이 선착순 분양 청약금 100만 원 으로 투자자가 원하는 좋은 층·호수를 분양 받을 수 있다. 분양문의 1588 5259 자료제공 쁘띠하임 ⓒ 매일경제 mk.co.kr 무단전재 및 재배포 금지 MBA도 모바일로 공부한다.,https://news.naver.com/main/read.nhn?mode=LSD&mid=shm&sid1=260&oid=009&aid=0002484104,284
261369,2011.06.14. 오후 12:20,부동산,아시아경제,송도 국제도시 하숙대란 투자자에겐 최고 투자처,□ 5000만원대 수익형 풀옵션 싱글하우스 □ 호실별 개별 등기분양 □ 연 10%이상 임대수익 인천대 연세대 삼성 바이오기지 등 □ 편리한 교통 접근성 지하철 역세권 광역버스 서울 강남까지 40분대 □ 시행회사 임대 및 월 수익 책임관리 □ 상담신청접수 032 832 0071 아파트 분양시장이 위축돼 있는 요즘에도 원룸텔 소형오피스텔에 대한 청약 열풍은 지속되고 있다. 부동산 투자수익과 월 고정수익을 동시에 거머쥐는 재테크 수단으로 여겨지고 있기 때문이다. 도시형생활주택 즉 싱글하우스는 타 수익형 부동산에 비해 임대 수요가 많아 수익률이 보장되며 주로 퇴직자나 전업주부 등 투자의 경험이 많지 않은 사람도 운영이 가능하고 투자 후 3개월 후면 사업 안정권에 접어들기 때문에 개인 시간이 많아진다는 장점을 갖고 있다. 송도 국제도시 내 경제자유구역은 소형 원룸이 많이 부족하다. 게다가 주위 고시텔도 부족하다 보니 월세를 45만원에서 47만원까지 받는 곳도 있다. 실 거주자에겐 안타까운 소식이지만 투자자에겐 기쁜 소식이 아닐 수 없다. 송도 국제도시는 학생 직장인 상권 종사자 등 풍부하고 탄탄한 배후 임대 수요층이 확보돼 있는 지역이기 때문에 소형 원룸의 수요는 지속적으로 늘어날 전망이다 이러한 송도 국제도시에 싱글하우스 ‘포레스트’가 분양 중이다. 송도 ‘포레스트’의 분양은 투자자들의 관심을 끌기에 충분하다. 5천만원대 분양가에 50 60만원이상의 월세수익을 노릴 수 있고 게다가 호실 별 개별등기까지 가능하기 때문이다. 송도 ‘포레스트’가 위치한 송도 국제 자유구역에는 바로 옆 해양경찰청과 인근 인천대 연세대 신축공사 중 등의 대학과 트레이드타워 국제 비즈니스센터 등의 경제 업무지구와 함께 미추홀 공원 해돋이공원 센트럴파크 등의 휴식공간까지 아우르는 최고의 입지조건으로 손꼽힌다. 탄탄한 배후 임대 수요층이 확보돼 있는 지역이며 이미 인천 지하철 1호선 동막역부터 캠퍼스타운역 테크노파크역 등 국제업무지구까지 아우르는 역세권에 위치하여 대중교통편까지 완벽한 지역이라 하겠다. 싱글하우스의 주요고객인 젊은층의 1인 가구는 대중교통이 편리하면서 많은 사람들이 쉽게 접근할 수 있는 곳을 선호하기 때문에 송도 ‘포레스트’는 주목을 받을 수 밖에 없다. 특히 주변의 센트럴파크와 미추홀공원 해돋이공원 아트센터 등 휴식공간과 취미생활을 마음껏 향유할 수 있는 최적의 입지조건으로 싱글족들의 관심이 높아질 전망이다. 풀옵션 싱글하우스 송도 ‘포레스트’는 현재 선착순 자리배정하기 때문에 향후 위치에 따라 프리미엄 및 월세가 달라질 수 있다. 최고를 누리기 위해선 서두르는 것이 유리하다. 자리배정은 선착순 호수 지정이며 신청접수를 통해 배정을 받을 수 있다. 신청금 100만원 미 계약시 환불 입금계좌 우리은행 1005 801 841070 예금주 주 씨 유 신청접수 032 832 0071 ※ 본 내용은 아시아경제 편집 방향과 무관하며 모든 책임은 정보 제공자에게 있습니다.,https://news.naver.com/main/read.nhn?mode=LSD&mid=shm&sid1=260&oid=277&aid=0002622815,284
261370,2011.06.14. 오후 12:16,부동산,매일경제,없어서 못파는 역세권 오피스텔 1억에 3채,최근 수도권 전세난 심화와 1 2인 가구의 급격한 증가로 소형 위주의 주거형 상품들이 품귀현상을 보이고 있다. 소형주택이 투자상품으로 인기를 끌고 있는 이유는 1인 주거문화가 급격히 확산되고 있기 때문이다. 통계청에 따르면 지난 10년 사이 400만 가구로 3배 이상 증가한 것으로 나타났다. 이 때문에 싱글족을 겨냥한 상품과 서비스 주거환경 등 싱글산업 규모 역시 올해는 8조 원 이상으로 성장할 것으로 보인다. 무엇보다 소형주택은 1가구 2주택 제외 대상이며 분양가 상한제의 적용을 받지 않기 때문에 소액투자자들에게 주목 받고 있다. 소형오피스텔은 불황기에도 비교적 경기 영향을 받지 않으며 매월 고정된 현금수입과 임대 기간중 재산세 종부세 등 각종 세금 비과세 혜택을 받을 수 있다. 수도권의 대표적인 중심지구 중 하나인 송내역 앞 로데오거리에 수익성 안전성 입지 등 부동산 투자의 3박자를 고루 갖춘 풀옵션 원룸형 미니오피스 레전드빌 이 분양 중이다. 수도권의 중심상권에 위치하며 부천지방검찰청 지방법원 법조타운 등 관공서 밀집지역과 인접해 풍부한 임대수요가 상시 대기하고 있다. 인근대학교의 학생 직장인 1인 창업자 유흥업소 종사자등의 유입은 늘고 있으나 주변 역세권에 오피스텔의 공급은 부족한 상태이므로 임대수요가 많아 안정적인 수익창출이 가능하다. 교통환경도 뛰어나다. ‘레전드빌 은 지하철 1호선 송내역이 도보로 2분 거리이며 경인고속도로 서울 외곽순환도로 중동대로를 이용하면 서울에 10분 대에 진입이 가능해 수도권 출퇴근이 용이하다. ‘레전드빌 은 기존 오피스텔과 차별화된 호텔형 풀옵션 미니오피스를 표방하며 실수요자가 선호하는 맞춤형 생활공간으로 투자자들의 인기를 한 몸에 받고 있으며 주거와 사무기능을 동시에 누릴 수 있다. 시행사에서 직접운영 관리하고 있어 소유권 이전과 동시에 임대차 계약이 가능하다. 입주민을 위해 삼성제품인 에어컨 냉장고 세탁기 붙박이장 등의 풀옵션에 시행사 임대책임 보장제를 실시하며 주변 오피스텔과 달리 관리비가 저렴하다. DTI적용 제외로 계약금은 약 2 000만 원이며 잔금 30%는 신협에서 융자를 받을 수 있으며 2011년 7월부터 임대수익을 볼 수 있다. 청약통장이 필요없고 지금 호수지정 선착순 분양하고 있다. 신청금은 100만 원 입금 후 방문하면 더 좋은 호수를 배정 받을 수 있다. 신청접수 문의 032 324 7337 자료제공 레전드빌 ⓒ 매일경제 mk.co.kr 무단전재 및 재배포 금지 MBA도 모바일로 공부한다.,https://news.naver.com/main/read.nhn?mode=LSD&mid=shm&sid1=260&oid=009&aid=0002484099,284
261371,2011.06.14. 오후 12:10,부동산,헤럴드경제,가산 디지털 단지에 드디어 오피스텔 들어선다.,가산 디지털 단지 램킨 푸르지오 시티 오피스텔 분양 현재 입주업체만 1만500여개 12만 7천여명이 근무하고 있는 디지털 산업단지에 드디어 오피스텔이 들어설 예정이다. 가산디지털 단지는 제조업으로 시작하여 시대의 흐름에 맞춰 변해오다가 2000년대에 들어서면서 디지털 단지로 변모하였다. 현재는 입주업체의 81%이상이 IT업종일 만큼 도심속의 실리콘 밸리로서 국내 대표적인 디지털단지이다. 그러나 디지털 단지 대부분의 용지는 준공업 용지이다 보니 아파트형 공장으로 들어서 있어 폭발적으로 수요가 증가하는 오피스텔은 공급은 전무한 상황이었다. 극히 작은 상업용지의 희소성 때문에 수요가 넘쳐나도 오피스텔이 들어설 자리가 없었던 것이다. 이번에 들어서는 램킨 푸르지오 시티 오피스텔은 최근 추세에 맞추어 전 평형이 소형평형이며 270세대의 대단지로 구성되어 있어 규모와 입지면에서 디지털단지의 랜드마크가 될 예정이다. 실투자금 4 5천만원대이고 시공은 대우건설이 맡고 있다. 모델하우스가 가산디지털 단지내 현장 주변에 위치해 있어 현장 주변을 직접 확인 할 수 있기 때문에 투자자들에게 믿음을 주고 있다.,https://news.naver.com/main/read.nhn?mode=LSD&mid=shm&sid1=260&oid=016&aid=0000386660,284
261372,2011.06.14. 오후 12:06,부동산,헤럴드경제,“대기업에서 월세받고 초기 3년간 확정수익 또 받고”,선임대후분양으로 “치솟는 물가 불안한 연금 한번에 해결했어요” 가정주부 이모씨 49세 는 남편 월급이외에 소형매장 3개를 뉴코아에 임대주고 매달 300만원 가량의 임대수익을 올리고 있다. 내집마련과 함께 소액의 수익상가를 먼저 사둔 것이 남들과 차별화된 재테크 전략이라고 말한다. 월급만으로 물가상승 자녀교육비 급증과 노후대책을 동시에 감당하기는 불가능하다는 것이다. 베이비붐 세대의 대규모 은퇴와 보금자리주택 등 정부의 적극적인 임대주택 공급으로 점차 주택가격은 하락할 전망이지만 빨라지는 정년과 평균수명연장 등은 노후생계를 위협하므로 생계유지수입원 확보에 빨간불이 들어왔다. 이런 사회분위기에 맞게 ‘선임대후분양’에 확정수익율 보장까지 되는 임대수익의 2중3중 안정장치가 되어있는 부천터미널 ‘소풍’은 분양특수를 맞고 있다. 등기이전받고 10년동안 뉴코아에서 월세받고 초기 3년간 총 18% 확정수익 또 받고.. ‘소풍’은 신도시의 탁월한 입지와 이랜드 그룹 뉴코아 킴스클럽이 10년 임대의 장기 계약조건으로 입점 임대계약기간 2009.9 2019.9 함으로써 10년동안 공실 및 건물관리 염려 없이 대기업으로부터 안정적으로 월세를 받을 수 있다. 실투자금 7천만원대 매장을 분양받으면 기다릴 필요없이 등기이전 후 바로 보증금과 익월 최저 85만원 120만원의 임대수익이 지급되며 무엇보다 초기 3년간 최저 18%수익보장이 되어 초기 투자리스크가 전혀 없다는 것이 강점이다. 롯데백화점 본점 약 7.8배의 대규모 유통센터로 알려진 이곳은 현재 부천종합터미널과 11개관의 프리머스영화관 컨벤션웨딩홀 스포츠 센터가 단일건물 내 입점하여 집객파워 및 매출 시너지가 무엇인지 보여주고 있다. 이중 1층부터 5층 까지 도심형 최대 프리미엄 아울렛인 뉴코아와 킴스클럽이 입점한 매장을 등기분양 한다. 이랜드가 선점한 이곳은 교통의 요지이며 지하철1호선과 2012년 개통예정인 7호선 상동역의 더블역세권형성으로 상권성장 잠재력과 시세차익이 기대되는 곳이다. 또한 현재 완공 후 영업중인 것을 분양 받으므로 투자 후 바로 수익이 발생하고 소유권 이전 받기 전까지 분양대금을 한국자산신탁에서 안전하게 관리 해준다는 것이 투자자들이 선호하는 큰 이유중에 하나다.,https://news.naver.com/main/read.nhn?mode=LSD&mid=shm&sid1=260&oid=016&aid=0000386659,284
261373,2011.06.14. 오후 12:03,부동산,매일경제,풀옵션 싱글하우스 포레스트 투자수익과 고정수익을 동시에,아파트 분양시장이 위축돼 있는 요즘 원룸텔 소형오피스텔에 대한 청약 열풍은 지속되고 있다. 부동산 투자수익과 월 고정수익을 동시에 거머쥐는 재테크 수단으로 여겨지고 있기 때문이다. 도시형 생활주택 즉 싱글하우스는 타 수익형 부동산에 비해 임대 수요가 많아 수익률이 보장되며 주로 퇴직자나 전업주부 등 투자의 경험이 많지 않은 사람도 운영이 가능하고 투자 후 3개월 후면 사업 안정권에 접어들기 때문에 개인 시간이 많아진다. 송도 국제도시 내 경제자유구역은 소형 원룸이 많이 부족하다. 주위 고시텔도 부족하다 보니 월세를 45만 원에서 47만 원까지 받는 곳도 있다. 송도 국제도시는 학생 직장인 상권 종사자 등 배후 임대 수요층이 확보돼 있는 지역이기 때문에 소형 원룸의 수요는 지속적으로 늘어날 전망이다. 이러한 송도 국제도시에 싱글하우스 ‘포레스트’가 분양 중이다. 5천만 원대 분양가에 50 60만 원이상의 월세수익을 노릴 수 있고 호실별 개별등기까지 가능하다. 송도 국제 자유구역에는 바로 옆 해양경찰청과 인근 인천대 연세대 신축공사중 등의 대학과 트레이드타워 국제 비즈니스센터 등의 경제 업무지구와 함께 미추홀 공원 해돋이 공원 센트럴파크 등의 휴식공간이 있다. 탄탄한 배후 임대 수요층이 확보돼 있는 지역이며 이미 인천 지하철 1호선 동막역부터 캠퍼스타운역 테크노파크역등 국제업무지구까지 아우르는 역세권에 위치해 대중교통편까지 완벽한 지역이라 하겠다. 싱글하우스의 주요 고객인 젊은 층의 1인 가구는 대중교통이 편리하면서 많은 사람들이 쉽게 접근할 수 있는 곳을 선호하기 때문에 송도 ‘포레스트’는 주목을 받을 수 밖에 없다. 풀옵션 싱글하우스 송도 ‘포레스트’는 현재 선착순 자리배정하기 때문에 향후 위치에 따라 프리미엄 및 월세가 달라질 수 있다. 자리배정은 선착순 호수 지정이며 신청접수를 통해 배정을 받을 수 있다. 문의 032 832 0071 자료제공 송도 포레스트 ⓒ 매일경제 mk.co.kr 무단전재 및 재배포 금지 MBA도 모바일로 공부한다.,https://news.naver.com/main/read.nhn?mode=LSD&mid=shm&sid1=260&oid=009&aid=0002484080,284
261374,2011.06.14. 오후 12:00,부동산,SBS Biz,뉴타운 대형주택 평수 다이어트 바람…중대형→중소형 인기,앵커 서울 뉴타운 지역에 기존 대형 평형을 중소형으로 바꾸는 이른바 평수 줄이기 바람이 거셉니다. 중소형주택 선호 현상과 부동산 시장 침체가 맞물리면서 나타난 이런 현상은 뉴타운 곳곳으로 확산되고 있습니다. 박경철 기자입니다. 기자 중소형 대형 평형을 합쳐 모두 4천 가구가 들어설 예정인 서울 서대문구 가재울 뉴타운. 하지만 이번에 설계를 변경해 전용면적 150㎡ 이상 대형평형 380가구 가운데 260가구를 중소형 주택으로 리모델링했습니다. 이에 따라 전체 가구 수는 4천 300가구로 300가구 늘었습니다. 송파구 거여·마천 뉴타운도 상황은 비슷합니다. 거여2 구역은 대형주택 평수를 조정해 소형 주택 공급량을 700가구에서 900가구로 늘렸고 마천 3구역은 소형 주택을 기존보다 280여 가구 늘렸습니다. 이밖에 성북구 장위 뉴타운과 길음 뉴타운 등도 중대형 평형 위주로 구성된 단지 설계를 중소형으로 바꾸는 방안을 검토 중입니다. 이렇게 서울지역 뉴타운에서 평형조정이 활발한 이유는 부동산 시장의 장기 침체로 대형 아파트가 외면받고 있기 때문입니다. 대형 평형이 미분양되면 시공비에 대한 이자부담이 증가해 결국 조합원 부담이 커지기 때문입니다. 여기에다 최근 서울시가 대형주택을 소형주택으로 변경할 때 필요한 행정절차 소요기간을 단축시켜 준 것도 평수 줄이기 바람에 한 몫 했습니다. 부동산 시장 침체가 길어지면서 평형조정에 대한 공감대가 확산되고 있는 가운데 뉴타운 평수 줄이기 바람은 앞으로 더욱 거세질 전망입니다. SBS CNBC 박경철입니다.,https://news.naver.com/main/read.nhn?mode=LSD&mid=shm&sid1=260&oid=374&aid=0000006175,284
261375,2011.06.14. 오후 12:00,부동산,SBS CNBC,뉴타운 대형주택 평수 다이어트 바람…중대형→중소형 인기,앵커 서울 뉴타운 지역에 기존 대형 평형을 중소형으로 바꾸는 이른바 평수 줄이기 바람이 거셉니다. 중소형주택 선호 현상과 부동산 시장 침체가 맞물리면서 나타난 이런 현상은 뉴타운 곳곳으로 확산되고 있습니다. 박경철 기자입니다. 기자 중소형 대형 평형을 합쳐 모두 4천 가구가 들어설 예정인 서울 서대문구 가재울 뉴타운. 하지만 이번에 설계를 변경해 전용면적 150㎡ 이상 대형평형 380가구 가운데 260가구를 중소형 주택으로 리모델링했습니다. 이에 따라 전체 가구 수는 4천 300가구로 300가구 늘었습니다. 송파구 거여·마천 뉴타운도 상황은 비슷합니다. 거여2 구역은 대형주택 평수를 조정해 소형 주택 공급량을 700가구에서 900가구로 늘렸고 마천 3구역은 소형 주택을 기존보다 280여 가구 늘렸습니다. 이밖에 성북구 장위 뉴타운과 길음 뉴타운 등도 중대형 평형 위주로 구성된 단지 설계를 중소형으로 바꾸는 방안을 검토 중입니다. 이렇게 서울지역 뉴타운에서 평형조정이 활발한 이유는 부동산 시장의 장기 침체로 대형 아파트가 외면받고 있기 때문입니다. 대형 평형이 미분양되면 시공비에 대한 이자부담이 증가해 결국 조합원 부담이 커지기 때문입니다. 여기에다 최근 서울시가 대형주택을 소형주택으로 변경할 때 필요한 행정절차 소요기간을 단축시켜 준 것도 평수 줄이기 바람에 한 몫 했습니다. 부동산 시장 침체가 길어지면서 평형조정에 대한 공감대가 확산되고 있는 가운데 뉴타운 평수 줄이기 바람은 앞으로 더욱 거세질 전망입니다. SBS CNBC 박경철입니다.,https://news.naver.com/main/read.nhn?mode=LSD&mid=shm&sid1=260&oid=375&aid=0000007374,284
261376,2011.06.14. 오전 11:57,부동산,연합뉴스,日 쓰나미 피해지역 부동산 가격 급등,재개발 노린 투기 수요 때문 도쿄 연합뉴스 이충원 특파원 동일본대지진으로 쓰나미 피해를 본 일본 도호쿠 東北 지방 바닷가 지역의 부동산 가격이 뛰어오르고 있다고 도쿄신문이 14일 보도했다. 신문에 따르면 미야기 宮城 현 나토리 名取 시의 중고 아파트는 대지진 전보다 3.3㎡ 1평 당 20% 가량 높은 98만엔 전후에 거래되고 있다. 미야기현 이시노마키 石卷 시의 경우에도 대지진 전까지 3.3㎡ 1평 당 15만엔 정도였던 토지 가격이 최근 20만∼25만엔으로 올랐다. 이시노마키시 바닷가의 택지도 대지진 전까지 6년간 살 사람이 없어 방치돼 있었지만 최근 모두 팔려나갔다. 신문은 도호쿠 東北 지방의 고용 등이 장기적으로 악화할 것으로 예상되는 가운데 유독 바닷가 부동산 가격이 오르는 것은 조만간 일본 정부가 예산을 투입해 재개발에 나설 것으로 본 단기적인 투기 수요 때문일 공산이 크다고 분석했다.,https://news.naver.com/main/read.nhn?mode=LSD&mid=shm&sid1=260&oid=001&aid=0005111624,284
261377,2011.06.14. 오전 11:56,부동산,헤럴드경제,수원 광교신도시에서 명품 오피스텔 분양 받는법,☞ 경기대 도보 3분 경기대역 도보2분 거리의 초역세권 ☞ 전매 무제한 1가구 2주택 미적용 ☞ 광교 신도시 최저 분양가 ☞ 오피스텔 600만원대 상가 2 000만원대 ☞ 선착순 호수 지정 계약 ☞ 고품격 풀옵션 미래 가치 상승과 프리미엄 기대 ☞ 소액투자 가능 투자 대비 임대수익 안정적 ☞ 전세가 높아 환금성 유리 ☞ 부동산 투자 전문가들이 말하는 최고의 상업지역 ☞ 광교 테크노밸리 바로옆에 위치 ☞ 동수원 IC 최단거리 약 100m ☞ 주 풍산건설 책임준공 국제신탁 자금관리 2011년 새해 부동산 시장에서 사람들에게 가장 뜨거운 관심을 받고 있는 지역은 어디일까 모든 부동산 전문가들은 한목소리로 광교 신도시를 1순위로 지목하고 있다. 그 동안 논란을 거듭해온 경기도청 수원지방법원 수원지방검찰청 이전이 확정되면서 118 218㎡ 약35 760평 규모의 행정타운과 65 858㎡ 약19 922평 법조타운이 조성되고 신분당선 연장선의 실시계획승인으로 1월에 착공이 들어가면서 지하철 개통으로 인한 역세권 호재까지 반영되며 상업시설이 살아나고 임대 수요 또한 폭발적으로 늘어날 것이라는 것이 전문가들의 공통된 의견이다. 광교신도시는 경기도 수원시 영통구 이의동 원천동 하동과 팔달구 우만동 장안구 하광교동 상광교동 및 용인시 수지구 상현동 일원 등 2개의 시에 걸쳐서 산업단지와 상업 주거 행정이 어우러져 개발되는 자족 신도시이다. 도시 중심성을 확보할 수 있는 도시공간구조 형성 및 친환경적 도시환경 조성으로 수원시와 용인시 서북부 지역의 발전 도모를 목적으로 하고 있으며 총 면적은 1130만 1699㎥ 약341만8000평 이며 강남 분당 판교를 잇는 경부축 연결 선상에 위치하고 있다. 광교신도시는 영동고속도로 경부고속도로 용인서울고속도로 북수원 상현IC간 도로 흥덕 하동간 도로 동수원 성북IC간 도로 교차지점에 입지하고 있으며 지구내의 동수원 나들목 광교 나들목 신대 나들목의 이용으로 사통팔달 동서남북 어디든지 신속하게 갈 수 있다. 현재 용인서울간고속도로 이용하면 강남까지 30분정도 소요되며 2015년에는 정자역에서 광교신도시에 이르는 신분당선이 개통돼 강남까지 30분이면 도달이 가능하게 되며 지하철 버스를 통해 외부 대중교통을 최대 60%까지 분담하게 된다. 또한 광교신도시의 교육기관은 신설될 학교를 포함해 초등학교 9곳 중학교 6곳. 고등학교 8곳이며 특히 서울대학교 융합과학기술대학원 아주대학교 경기대학교 경희대학교 합동신학대학원대학교등 대학교 5곳도 입지하게 된다. 더불어 경기과학고 서울국제학교 성남 성균관대학교 경희대학교 국제캠퍼스 등 의 학교들도 인근지역에 위치하고 있으며 광교신도시 주변에 아주대병원 빈센트 병원 등 800병상 이상의 대형병원이 입지하고 있으며 추후 동백연세대 의료원과 을지병원 등이 추가로 입지할 예정이다. 녹지율은 국내 신도시 최고 수치인 41 7% 주택용지비율은 18.8% 자족용지비율은 27%이며 20만평 2 043 858㎥ 넓이의 원천 신대호수를 포함하고 있다. TOD Transit Oriented Developement 압축도시 지향으로 인구밀도는 69 ha로 국내 신도시 중 최저이며 주택은 아파트 23 227세대 연립주택 2 149세대 주상복합 5 624세대로 총 31 000세대가 공급된다. 특히 광교테크노밸리는 26만 9404㎡ 약81 495평 의 대규모 부지로 경기도에서 1990년대 후반부터 추진한 사업단지로 총 사업비만 5728억원이상 투입됐다. 2001년부터 운영중인 경기중소기업지원센터를 필두로 2006년에 개원한 나노소자특화팹센터 2007년에 완공된 경기바이오센터와 경기R D센터를 비롯해 차세대융합기술연구원 중소기업지원센터 등 5개 기관과 기업 224개 업체가 입주해 있고 주변으로는 첨단바이오특화단지 경기도청을 포함한 광교행정타운 법조타운과 같은 대형 산업 및 업무시설이 조성되고 있다. 이곳에 풍산건설이 책임준공하고 국제신탁이 자금관리 하는 이스턴타워 오피스텔과 상가를 지하4층 지상10층 규모로 공사진행중이며 분양을 시작했다. 이스턴타워 오피스텔.상가는 경기대와 경기대역 광교테크노 밸리를 연결하는 트라이앵글 삼각축 의 중심축에 위치하고 있으며 광교테크노밸리에 입주한 224개 기업체의 약 4천여명의 상주인원과 제약 첨단바이오 특화단지 조성으로 향후 상주인원은 1만2천여명 일이용객 1만여명 교육연구연인원 7만여명의 이상의 대규모 상권이 유입되면서 2만여 가구에 달하는 배후세대와 경기대학교 약2만여명 아주대학교 약1만2천여명 경희대학교 서울대학교 융합 기술대학원 아주대병원 합동신학대학원대학교 등의 교육시설이 밀집돼 있고 비즈니스파크 및 R D단지등이 가까워 소형 오피스텔을 찾는 직장인 연구원 신혼부부 대학생 등의 풍부한 임대수요가 기대된다. 부동산 전문가들은 광교는 명품신도시 이미지로 현재 중대형 아파트가 주류를 이루고 있고 소형평형 아파트의 공급률이 낮고 오피스텔 용지 광교 6% 분당 9% 판교 8% 일산 8% 부족으로 오피스텔 공급이 턱 없이 부족해 위의 상주인원들의 수용이 한정될 수밖에 없으므로 광교신도시의 완공 후 중소형 오피스텔은 물론 산가도 품귀현상이 바로 나타날 것으로 예상되다 보니 광교신도시의 이스턴타워 오피스텔 상가를 최고의 투자처로 손꼽을수 있다고 말하고 있다. 이스턴타워 오피스텔 상가는 현재 지하 토목공사가 완료 단계로 공정률 20%이상 진행중이고 분양가에서도 거품을 모두 빼고 광교신도시에서 사상 최초의 최저 분양가를 책정하였다. 많은 투자자들이 앞다퉈 이스턴타워 오피스텔 상가 신축 현장을 찾고 있으므로 수익형 부동산에 관심을 갖는분들이나 안정된 투자처를 찾는분 미래가치를 생각하는분 첫투자 하시는 분들은 하루 빨리 방문하는 것이 좋으며 방문전 신청금 입금하시고 호수지정을 받고 방문 상담하시는 것이 유리하다.,https://news.naver.com/main/read.nhn?mode=LSD&mid=shm&sid1=260&oid=016&aid=0000386657,284
261378,2011.06.14. 오전 11:54,부동산,세계일보,부평 부천역 신일 소형오피스텔 선착순 분양,세계닷컴 ☞ 계약금 5% 약 500만원 만 내시면 입주때까지 들어가는 돈 ‘無’ ☞ 중도금 전액 무이자 ☞ 풀옵션 특별 제공 ☞ 1가구 2주택 무관 ☞ 서울 7호선 부평구청역과 인천 지하철 1호선 환승역세권 · 서울 1호선 부평역 신일건업이 인천 부평구 부평역과 부평 구청역 2분거리에 오피스텔 ‘신일 유스테이션’을 분양 중이다. 지난번 문을 연 신일 유스테이션 견본주택은 개관 3일 동안 1만 명이 넘는 관람객이 찾아 청약돌풍을 예고했다. 최근 3년 동안 주변지역에 신규오피스텔이 없었다는 측면에서 수익률에 대한 투자자들의 기대가 컸던 것으로 보인다고 회사측은 밝혔다. 신일 유스테이션은 지하 7층∼지상 20층 규모의 주상복합 오피스텔로 64.46㎡ 19형 108실 마감 70.61㎡ 21형 224실 82.85㎡ 25형 18실 103.31㎡ 31형 32실 등으로 총 382실로 구성됐다. 분양가와 계약조건도 우수하다. 분양가는 3.3㎡당 400만원 대로 저렴하며 중도금 무이자 혜택 무제한 전매제한 풀옵션 무상제공 등 혜택이 소액투자자들의 관심을 끌 것으로 보인다. 소형오피스텔이지만 20층 규모의 랜드마크적 외관 고급커뮤니티와 풀옵션 및 세련된 마감자재를 활용한 점도 눈에 띈다. 인천지하철 1호선과 환승될 예정인 7호선 부평구청역이 2012년 개통 예정으로 오피스텔 완공과 함께 도보 5분에 바로 이용가능한 더블 역세권 으로 강남까지 50분대면 이동할 수 있게 된다. 근처에 공단이 있어 공실이 거의 없는 안정적인 임대수요를 제공한다오후 4 30 2011 06 08. 북측에 GM대우 자동차공단 1만2000여명 부평공단 2만356명 이 있고 남측으로는 부평시장 상권이 자리한다. 또한 바로옆에는 부평구청이 위치해 있어 공실 걱정은 없을 듯 하다. 신일 유스테이션 관계자는 “싼 분양가와 최근 주변지역에 신규오피스텔이 없었다는 점에 수요자들이 매력을 느낄 것으로 판단된다”고 말했다. 견본주택은 롯데마트 삼산점과 삼산체육관 인근에 위치해 있다. ◈ 신청금 100만원을 입금하시고 방문하시면 호수 지정에 유리 ◈ 신청계좌 국민은행 392001 04 162963 ◈ 예금주 신일건업 정 계약시에는 자금관리 신탁사로 입금 ◈ 홈페이지 hp blog.naver.com eco2800 ◈ 분양문의 032 439 4600 ※본 콘텐츠는 기업 제공 자료로 세계닷컴의견과 다를수 있습니다. Segye.com Segye.com 인기뉴스 K팝 첫 유럽 상륙 성공했지만… 불리한 진술해 …공범 불태워 살해한 전직경찰 만취한 여성이 스마트폰을 건네준다면… 여친이 에이즈에 걸려… 이제 죽겠다 한국女 토막살인 살인 아니다 日판결에… ⓒ 세계일보 Segye.com 무단 전재 및 재배포 금지 금융전문뉴스 세계파이낸스 모바일로 만나는 세계닷컴 세계닷컴은 한국온라인신문협회 www.kona.or.kr 의 디지털뉴스이용규칙에 따른 저작권을 행사합니다.,https://news.naver.com/main/read.nhn?mode=LSD&mid=shm&sid1=260&oid=022&aid=0002274876,284
261379,2011.06.14. 오전 11:53,부동산,세계일보,대명리조트 회원권하나로 전국을 여행한다.,1 230만원 실속형 특별상품 한정회원모집 세계닷컴 온 가족이 즐기는 4계절 종합휴양지 대명리조트1 230만원 실속형 특별상품 한정회원모집 ㆍ골프 스키 오션월드 리조트를 회원권하나로 ㆍ국내 최대 규모 6 704실의 숙박시설 ㆍ전국 12개지역 직영체인망ㆍ세계적 수준의 사계절 복합리조트 비발디파크 ㆍ세계6대 워터파크 오션월드 국내레저업계 1위인 대명리조트가 거제 여수착공을 기념해 “한정상품”으로 1 230만원 하프패밀리 실속형 회원권을 특별 모집 중이다. 이 상품은 연간 20일을 사용하는 하프패밀리형 상품으로 일시불 가입 시 약10%정도 할인혜택이 주어지며 분양즉시 회원 앞으로 소유권 등기이전을 할 수 있다. 오너쉽 분양권이므로 법적재산권을 보장받으며 다양한 회원혜택과 가입자격의 제한도 개인기명 무기명 및 법인업체 명의로도 다양하게 분양을 받을 수 있다. 회원가입 시 골프 스키 오션월드 및 각 지역 아쿠아시설의 무료 및 할인혜택이 신규 특별혜택으로 부여되며 회원가입과 동시에 회원자격이 부여되어 전국의 대명콘도 8곳 설악 경주 양평 홍천 양양 변산 단양 제주 직영리조트와 2곳의 해운대 도고 체인콘도 등 전국12곳을 회원자격으로 언제든지 자유롭게 이용할 수 있다. 양양 바닷가에 위치한 쏠비치 호텔 리조트는 지중해풍의 수려한 외관과 바다의 풍광이 어우러져 해외의 유명리조트와 견주어도 손색이 없으며 최근 오픈한 대명리조트 변산은 격포 해수욕장앞에 위치해 채석강 내수사 등 명승지로 유명하며 먹을거리 또한 지천이다. 비발디파크는 4계절 내내 색다른 즐거움을 느낄 수 있는 곳으로 스키월드 정규골프장C.C 오션월드 퍼블릭골프장 등 각종 부대시설과 2 600여 객실이 있으며. 서울 춘천간 고속도로 개통으로 서울에서 1시간 정도면 부담 없이 찾을 수 있는 점도 큰 매력이다. 또한 설악ㆍ경주ㆍ단양ㆍ양평ㆍ변산. 제주리조트 등도 뛰어난 입지조건으로 고객들에게 인기를 끌고 있으며 추가로 여수 세계엑스포를 기점으로 남해안 관광시대를 이끄는 여수를 대표하는 여수리조트의 착공으로 해양레저의 메카로 조성해 나갈 것이다. 또한 한려해상국립공원에 위치한 대명리조트 거제도 착공에 들어가 국내 최고수준의 남부지역 4계절 종합 해양리조트로 재탄생할 예정이다. 대명리조트는 매년 새로운 고품격 리조트를 오픈하면서 편리한 예약 시스템과 철저한 회원관리로 대한민국 대표리조트의 명성을 지켜내고 있다. 리조트를 이용 시 불편함이나 번거로움이 전혀 없도록 각 회원담당자가 최초계약에서부터 예약관리까지 철저하게 1 1담당제로 회원을 관리한다. 모든 회원님들이 최고의 품격을 가지고 가족과 여유로움을 즐길 수 있도록 최상의 서비스를 제공하는 것이다. 산 바다 온천 스키 그리고 4계절이 함께하는 곳 대명리조트에서 가족과 삶의 여유를 즐기고 싶다면 바로 지금이 바로 대명회원권을 구입할 수 있는 절호의 기회이다 이번 특별회원모집에 대한 자세한 입회내용 및 안내책자 분양카다로그 원하면 무료로 배송해준다. 대명리조트 본사 02 2186 5661 ※본 콘텐츠는 기업 제공 자료로 세계닷컴의견과 다를수 있습니다. Segye.com Segye.com 인기뉴스 K팝 첫 유럽 상륙 성공했지만… 불리한 진술해 …공범 불태워 살해한 전직경찰 만취한 여성이 스마트폰을 건네준다면… 여친이 에이즈에 걸려… 이제 죽겠다 한국女 토막살인 살인 아니다 日판결에… ⓒ 세계일보 Segye.com 무단 전재 및 재배포 금지 금융전문뉴스 세계파이낸스 모바일로 만나는 세계닷컴 세계닷컴은 한국온라인신문협회 www.kona.or.kr 의 디지털뉴스이용규칙에 따른 저작권을 행사합니다.,https://news.naver.com/main/read.nhn?mode=LSD&mid=shm&sid1=260&oid=022&aid=0002274875,284
261380,2011.06.14. 오전 11:49,부동산,매일경제,경남기업 워크아웃 졸업 후 첫 해외수주,경남기업이 1710억원 규모 베트남 하노이 하이퐁 고속도로 공사를 수주했다고 14일 밝혔다. 하노이 하이퐁 고속도로는 베트남 인프라개발.재무투자회사 VIDIFI 가 발주한 공사로 수도 하노이와 북부 핵심경제구역인 하이퐁 항구를 연결하는 베트남 최대 규모 도로 건설사업이다. 총 연장 105.5㎞ 도로로 경남기업은 이 가운데 15㎞ 구간 6차선 인 4공구를 낙찰받았다. 공사금액은 1710억원이며 기간은 착공 후 36개월이다. 이 공사는 베트남 개발은행의 재원으로 추진되며 공사대금의 10%를 선수금으로 수령할 예정이어서 사업 위험이 크지 않다. 경남기업 관계자는 중국 업체들과의 치열한 경쟁을 통해 낙찰을 받았다 며 워크아웃 졸업 후 첫 해외수주라는 점에서 의미가 크다 고 말했다. 경남기업은 1967년 베트남에 처음 진출해 지금까지 모두 18건 누적 수주고 15억달러 의 공사를 수행했다. 이은아 기자 r start 화보 전혜빈 핫 한 바디 비법 공개 MB가 공직자 모범사례로 칭찬한 강성태 교수는 닛산 리프 니즈모 RC 르망 24시간 레이스 시범 주행 1600원으로 잭팟 터져 45억 대박 정신질환 40대女 국가상대 7조원대 황당 소송 10kg 감량 영지 고해 열창 새삼 화제…폭풍 고음 박완규 과거 고백 “지난 10년 동안 한 것 없이 막 살았다” r end ⓒ 매일경제 mk.co.kr 무단전재 및 재배포 금지 MBA도 모바일로 공부한다.,https://news.naver.com/main/read.nhn?mode=LSD&mid=shm&sid1=260&oid=009&aid=0002484070,284
261381,2011.06.14. 오전 11:48,부동산,머니투데이,노은 한화 꿈에그린 2.9대 1 전 주택형 마감,머니투데이 조정현 MTN기자 한화건설이 대전 노은4지구에 분양한 노은 한화 꿈에그린이 평균 2.9대 1로 순위 내에서 모든 주택형이 마감됐습니다. 금융결제원에 따르면 지난 9일부터 어제까지 진행된 노은 한화 꿈에그린 일반 청약접수 결과 1 765세대에 5 120명이 청약했습니다. 1블록 84제곱미터A형에 3순위 청약에서 예비당첨자 19세대 모집에 1 259명이 청약해 66대 1의 최고 경쟁률을 보였습니다. 한화건설 측은 이번 청약 결과에 대해 노은 한화 꿈에그린이 있는 유성구의 경우 대전광역시에서 석달 이상 거주한 사람에게만 1 2순위 청약 자격이 있기 때문에 제약 조건이 없는 3순위 청약에서 투자 수요가 급격하게 몰린 것으로 풀이된다 고 설명했습니다. 한화건설 신완철 상무는 대전 과학벨트 유치 열기와 세종시 개발 호재가 청약 결과에 반영된 듯하다 며 노은지구의 주거 선호도가 높고 단지 내 대치 에듀센터 같은 차별화된 공동시설을 도입해 계약률도 높게 나올 것 으로 내다봤습니다.,https://news.naver.com/main/read.nhn?mode=LSD&mid=shm&sid1=260&oid=008&aid=0002554910,284
261382,2011.06.14. 오전 11:48,부동산,세계일보,트리플 역세권 강남역 아이파크 에비뉴 상가분양,세계닷컴 서초구 서초동 1303 16 1309 2번지에 ‘강남역 아이파크 에비뉴’ 1 2차 상가가 분양을 시작했다. 강남역 아이파크 에비뉴 1 2차의 경우 업무시설인 오피스텔 288실 99실이 분양이 100%로 완료된 상태다. 1차 상가의 경우 지하 7 지상 15층 중 상가는 지하 2층 지상 3층 연면적 7 182.5㎡ 2 172.7평 2차 상가의 경우 지하 5 지상 15층 중 상가는 지하 1 지상 3층 연면적 1 692.56㎡ 511.99평 규모다. 상가는 각각 1차 58개 2차 14개로 구성되어 있으며 3.3㎡당 분양가는 1차의 경우 2500만원 1억1천만원대 2차의 경우 2150만원 1억원대이고 추천업종으로는 편의점 약국 안경점 금융기관 메디컬 전문식당가 등이다. ‘강남역 아이파크 에비뉴’ 상가에서 가장 눈에 띠는 점포는 전문식당가다. 지하 전문식당가는 총 17개 점포로 김밥집 우동집 돈까스 중국전문점 등이 추천업종이다. 계약면적 40.85㎡ 103.06㎡ 전용면적 21.74㎡ 54.85㎡으로 투자시 보증금 1억에 임대료 350만원 450만원이 예상되며 수익률은 7%선이다. 강남역 아이파크 에비뉴 상가가 입지한 강남역상권의 경우 2호선 강남역 신분당선 강남역 2011년 9월 개통 예정 9호선 교보타워역 트리플 역세권으로 버스노선만 50여개인 교통의 최중심지로 하루 유동인구만 30만명을 자랑한다. 계약금 10% 중도금 무이자 융자 30%로 계약 후 무제한 전매가 가능하다. 모델하우스는 2호선 삼성역 2번 출구에 있으며 입점은 1차 2차 각각 2013년 1월 2월 예정이다. 분양문의 02 2052 6225 Segye.com 인기뉴스 K팝 첫 유럽 상륙 성공했지만… 불리한 진술해 …공범 불태워 살해한 전직경찰 만취한 여성이 스마트폰을 건네준다면… 여친이 에이즈에 걸려… 이제 죽겠다 한국女 토막살인 살인 아니다 日판결에… ⓒ 세계일보 Segye.com 무단 전재 및 재배포 금지 금융전문뉴스 세계파이낸스 모바일로 만나는 세계닷컴 세계닷컴은 한국온라인신문협회 www.kona.or.kr 의 디지털뉴스이용규칙에 따른 저작권을 행사합니다.,https://news.naver.com/main/read.nhn?mode=LSD&mid=shm&sid1=260&oid=022&aid=0002274872,284
261383,2011.06.14. 오전 11:46,부동산,헤럴드경제,서울 올림픽대로가 연장  한라비발디 단지 앞으로 ...,한강신도시 한라비발디 특별분양 ♣서울 올림픽 대로가 연장 “한라비발디” 단지 앞으로 다음달 김포한강로 개통 IC 바로인접 여의도 20분 강남 40분 조류 생태공원 맨 앞 자리 ♣인근 강 산 공원을 끼고 있는 자연친화적 아파트 ♣계약금 5% 전세대 중도금 전액 무이자 한강과 맞닿은 한강신도시. 오는 2013년 조성이 완료되는 한강신도시는 서울에서 서쪽으로 약 12km내 거리에 자리한다 수도권 2기 신도시에 길이 열린다. 한강과 한강의 물줄기를 끌어들여 수변도시로 개발된다. 한강신도시는 김포시 장기동 운양동 양촌면 일대에 조성된 곳으로 이름에서도 유추할 수 있듯이 한강이 메인이 되는 도시다. 특히 한강 하류를 활용한 생태공원과 친환경 수로로 주목을 받고 있는 도시이기도 하다. 때문에 ‘한국의 베니스’로 불리기도 한다. 이곳 한강신도시는 크게 3개의 콘셉트로 개발된다. 한강변에 가장 가까운 곳에 생태환경지구가 조성된다. 생태환경지구는 생태체험. 학습공간이 도입되고 문화예술의 거리 아트빌리지 등 문화도시에 필요한 기반시설이 갖춰질 예정이다. 생태환경지구 남쪽으로는 문화교류지구와 서쪽으로는 중심상업지구가 있는 복합업무지구가 들어선다. 전문가들은 한강신도시에서 주거환경과 올림픽대로를 통한 강남접근성 등을 따져볼 때 생태환경지구의 주거가치가 상대적으로 클 것이라는 평가다. 한강신도시 “한라비발디”는 지하 2층 지상 19층 12개동으로 총 857가구의 대단지로 구성되 있으며 105m2 구 39평 형 대로 잔여세대를 분양하고 있다. 타지역보다 저렴한 분양가로 한강신도시 내에서 가장 금싸라기 땅에 들어선다. 한강신도시 대부분의 아파트는 중도금 이자 후불제로 진행하나 “한라비발디” 계약조건으로는 계약금 5% 2회분납 하면 중도금 60%전액 무이자로 추가 금액 부담이 전혀 없다 서둘러야 선호하는 동호수를 지정할수 있다. 또 전매제한이 없어 투자자들이 몰리는 추세이다. 현재 견본주택을 통해 신청접수를 받고 있으며 신청금 100만원을 우리은행 1005 601 820602 예금주 한라건설 주 입금하면 누구나 한강신도시 한라비발디의 주인이 될수 있다.,https://news.naver.com/main/read.nhn?mode=LSD&mid=shm&sid1=260&oid=016&aid=0000386648,284
261384,2011.06.14. 오전 11:45,부동산,머니투데이,대기업에서 월세 받으니 남편보다 든든해요,머니투데이 선임대후분양으로 “치솟는 물가 불안한 연금 한번에 해결했어요” 가정주부 이모씨 49세 는 남편 월급이외에 소형매장 3개를 뉴코아에 임대주고 매달 300만원 가량의 임대수익을 올리고 있다. 내집마련과 함께 소액의 수익상가를 먼저 사둔 것이 남들과 차별화된 재테크 전략이라고 말한다. 월급만으로 물가상승 자녀교육비 급증과 노후대책을 동시에 감당하기는 불가능하다는 것이다. 베이비붐 세대의 대규모 은퇴와 보금자리주택 등 정부의 적극적인 임대주택 공급으로 점차 주택가격은 하락할 전망이지만 빨라지는 정년과 평균수명연장 등은 노후생계를 위협하므로 생계유지수입원 확보에 빨간불이 들어왔다 이런 사회분위기에 맞게 ‘선임대후분양’에 확정수익율 보장까지 되는 임대수익의 2중3중 안정장치가 되어있는 부천터미널 ‘소풍’은 분양특수를 맞고 있다. 등기이전받고 10년동안 뉴코아에서 월세받고 초기 3년간 총 18% 확정수익 또 받고.. ‘소풍’은 신도시의 탁월한 입지와 이랜드 그룹 뉴코아 킴스클럽이 10년 임대의 장기 계약조건으로 입점 임대계약기간 2009.9 2019.9 함으로써 10년동안 공실 및 건물관리 염려 없이 대기업으로부터 안정적으로 월세를 받을 수 있다. 실투자금 7천만원대 매장을 분양받으면 기다릴 필요없이 등기이전 후 바로 보증금과 익월 최저 85만원 120만원의 임대수익이 지급되며 무엇보다 초기 3년간 최저 18%수익보장이 되어 초기 투자리스크가 전혀 없다는 것이 강점이다. 롯데백화점 본점 약 7.8배의 대규모 유통센터로 알려진 이곳은 현재 부천종합터미널과 11개관의 프리머스영화관 컨벤션웨딩홀 스포츠 센터가 단일건물 내 입점하여 집객파워 및 매출 시너지가 무엇인지 보여주고 있다. 이중 1층부터 5층 까지 도심형 최대 프리미엄 아울렛인 뉴코아와 킴스클럽이 입점한 매장을 등기분양 한다. 이랜드가 선점한 이곳은 교통의 요지이며 지하철1호선과 2012년 개통예정인 7호선 상동역의 더블역세권형성으로 상권성장 잠재력과 시세차익이 기대되는 곳이다. 또한 현재 완공 후 영업중인 것을 분양 받으므로 투자 후 바로 수익이 발생하고 소유권 이전 받기 전까지 분양대금을 한국자산신탁에서 안전하게 관리 해준다는 것이 투자자들이 선호하는 큰 이유중에 하나다. 분양문의 1588 4937 신청접수 방법 신청금 100만원 신청계좌 하나은행 100 910026 09904 예금주 한국자산신탁회사 ※ 본 자료는 해당 업체에서 제공한 비즈니스정보입니다.,https://news.naver.com/main/read.nhn?mode=LSD&mid=shm&sid1=260&oid=008&aid=0002554901,284
261385,2011.06.14. 오전 11:45,부동산,경향신문,롯데건설 교하신도시운정지구 롯데캐슬 1880가구 선보여,지하 1층 지상 18 30층 20개동 대단지 전용면적 59 126㎡ 총 1880가구 규모 롯데건설은 경기도 파주시 교하신도시 운정지구 A14 블록에서 교하신도시 운정지구 롯데캐슬을 지난 6월 10일 견본주택을 오픈하고 본격 분양중이다. 교하신도시 운정지구 롯데캐슬은 지하 1층 지상 18 30층 20개동 규모로 전용면적 59A㎡ 130가구 59B㎡ 48가구 84A㎡ 650가구 84B㎡ 217가구 101A㎡ 195가구 101B㎡ 21가구 113A㎡ 231가구 113B㎡ 120가구 113C㎡ 120가구 126A㎡ 75가구 126B㎡ 73가구 등 총 1880가구로 구성된다. 교하신도시 운정지구 롯데캐슬은 단지 남쪽에 726 733㎡ 규모의 가온 호수공원이 위치해 있는 호수 조망권 단지이며 공원이 인접해 그린 프리미엄도 기대할 수 있다. 단지 내 조경도 뛰어나다. 단지의 절반을 테마공원으로 조성하기 때문이다. 자낙나무숲길 메타세콰이어길 단풍나무길 억새밭길 등 숲과 나무 사이로 1.1Km의 테마산책로와 약 700m에 달하는 자전거 도로가 조성되며 편백나무 동산 숲속놀이터 미디어폴의 빛과 바닥분수의 물줄기가 오케스트라의 음악에 맞춰 춤을 추는 빛의 광장도 들어설 예정이다. 커뮤니티 시설도 잘 갖춰진다. 영 유아 및 부모들을 위한 캐슬 맘 키즈 카페가 조성된다. 키즈 카페에서는 실내 테마놀이터 파티룸 동화구연실이 꾸며질 예정이며 맘스카페에서는 아이를 보며 육아 정보를 교류할 수 있고 소규모 강좌도 가능하도록 공간을 구성할 계획이다. 또한 돌잔치 가족모임 등 다양한 행사를 열 수 있는 연회장과 외부 손님과 친척 방문 시 사용할 수 있는 게스트하우스 등도 제공된다. 피트니스클럽에는 20여종의 운동시설과 GX룸이 갖춰진다. 이 밖에 탁구장 사우나시설 웰빙테라피룸도 갖출 예정이다. 실내골프 클럽은 일반타석 16타석 스크린골프장 2개소 퍼팅그린 공간을 갖춘다. 이 외에도 도서관 독서실 100여석 도 조성한다. 단지 설계도 뛰어나다. 전용 59A㎡는 전면 4BAY로 일조권 및 조망권을 최대한 확보하고 드레스룸 및 부부욕실에 샤워부스를 설계해 편의성을 높였다. 전용 84A㎡ 101A㎡ 113A㎡는 전 후면에 발코니를 배치해 맞통풍이 가능하며 보관이 불편한 청소기 교자상 장난감 등 부피가 큰 물품을 수납할 수 있는 넉넉한 팬트리 Pantry 가 주방에 설치해 수납공간을 특화했다. 단지 인근 생활 편의 시설도 뛰어나다. 통일동산 헤이리 예술마을 영어마을 첼시 프리미엄아울렛 등이 인근에 위치해 있다. 단지 바로 뒷 편에 교하가람행복센터가 2012년 상반기 중에 완공될 예정이다. 교하가람행복센터에는 공공청사 및 청소년·노인 복지시설 및 헬스장 수영장이 포함된 체육시설 공연장 전시장 등으로 구성된다. 교통도 편리하다. 경의선 운정역과 가깝고 제2자유로 김포 관산간 도로 개통으로 서울 접근성이 뛰어나다. 견본주택은 지하철3호선 마두역 4번 출구 인근 뉴코아 사거리에 위치해 있다. 분양문의 031 908 1880 본 자료는 해당 업체에서 제공한 보도 자료입니다. 경향신문 ‘오늘의 핫뉴스’ 박근혜의 ‘한마디’와 노무현의 ‘한마디’ 서러운 알바 여대생… 내가 사람이긴 한 건가 무라카미 하루키 “일본의 지옥문 열렸다” “겁많은 여학생이지만 너무 화나고 견딜수없어” 직장인이 부모님께 드리는 용돈… 평균 얼마 취업 면접때 ‘딱 걸리는 거짓말’… 1위는 공식 SNS 계정 경향 트위터 미투데이 페이스북 세상과 경향의 소통 Khross ⓒ 경향신문 경향닷컴 www.khan.co.kr 무단전재 및 재배포 금지 〈경향닷컴은 한국온라인신문협회 www.kona.or.kr 의 디지털뉴스이용규칙에 따른 저작권을 행사합니다.,https://news.naver.com/main/read.nhn?mode=LSD&mid=shm&sid1=260&oid=032&aid=0002141866,284
261386,2011.06.14. 오전 11:44,부동산,세계일보,1억이면 3채 수익형 부동산 비즈트위트 선착순 분양,넘치는 임대수요 오피스텔 및 도시형생활주택로 임대사업 해볼까 세계닷컴 서울시 구로구 구로동 신도림역 1·2호선 환승역 과 대림역 2호선 더블 역세권에 위치한 문영비즈트위트 오피스텔 및 도시형생활주택을 선착순 분양중이다. 비즈트위트 는 1인 2인 세대를 겨냥한 초소형 오피스텔과 도시형 생활주택으로 지하3층 지상19층 분양 면적 기준 32.55㎡ 46.37㎡ 총 436세대로 구성됐으며 여타 도시형 생활주택과 차별되는 주민공동시설을 별도로 마련해 입주민 편의시설을 최대한 제공했다. 고급 마감재 사용과 시스템 에어컨 빌트인 시스템 TV 비데를 무상으로 제공하고 세대별 구분등기 각종 세제혜택이 주어진다. 계약금은 10% 중도금 60% 무이자대출 잔금 30%로 입주 시 까지 추가부담 없이 투자가 가능하다. 주택임대사업을 계획하는 투자자는 수도권 3주택만 구입하면 임대사업을 할 수 있어 적은 투자금액으로도 안정적인 수익을 얻을 수 있다. 신도림역과 대림역 구로역 주변은 홈플러스 테크노마트 이마트 애경백화점 등 대형 편의시설이 입점 영업 중이다. 신도림역과 연결되는 약 40만㎡ 규모의 디큐브시티 내 디큐브백화점 쉐라톤호텔 뮤지컬 전용극장 콘서트홀 오피스사무 동 주상복합아파트 등 올해 8월 27일 오픈 예정으로 신도림역을 기준으로 일대 변혁이 예상된다. 또한 목동 이대병원 고대 구로병원 등 대형의료 시설도 인접해 있어 투자에 좋은 조건을 충족하고 있다. 디지털 단지 등 IT 밸리 종사자 약 23만 명과 강남지역 출·퇴근자 사업지 인근 직장인 등 상주인구와 유동인구를 동시에 아우르고 풍부한 임대수요를 바탕으로 공실이 없다는 것이 큰 장점이다. 실투자금은 3000만원대로 전매가 자유롭다. 2012년 12월 입주 예정이다. 신청방법은 선착순 호수지정 신청금 100만원 이며 신청금은 미계약시 전액환불된다. 입급계좌는 우리은행 1005 601 836687이며 예금주는 주 문영종합개발이다. 분양문의 02 2111 6620 ※본 콘텐츠는 기업 제공 자료로 세계닷컴의견과 다를수 있습니다. Segye.com Segye.com 인기뉴스 北평양 보름에 닷새 배급…간부들도 강냉이 죽 먹어 불리한 진술해 …공범 불태워 살해한 전직경찰 만취한 여성이 스마트폰을 건네준다면… 여친이 에이즈에 걸려… 이제 죽겠다 한국女 토막살인 살인 아니다 日판결에… ⓒ 세계일보 Segye.com 무단 전재 및 재배포 금지 금융전문뉴스 세계파이낸스 모바일로 만나는 세계닷컴 세계닷컴은 한국온라인신문협회 www.kona.or.kr 의 디지털뉴스이용규칙에 따른 저작권을 행사합니다.,https://news.naver.com/main/read.nhn?mode=LSD&mid=shm&sid1=260&oid=022&aid=0002274868,284
261387,2011.06.14. 오전 11:42,부동산,매일경제,리츠 옥석가리기 본격화,다산리츠 상장폐지에 이어 최근 인가가 취소되는 자기관리 리츠가 잇따르면서 국토해양부가 리츠 부동산투자회사 옥석가리기에 나섰다. 리츠가 부동산 프로젝트파이넨싱 PF 대안으로 주목받자 최근 부실한 자기관리리츠가 난립하며 투자자들의 피해가 이어지고 있는데 따른 것이다. 국토해양부는 이에 따라 리츠 인가심사 강화와 상시감독 체계 구축 등을 담은 리츠 관리감독 강화방안 을 시행한다고 15일 밝혔다. 앞으로 자기관리리츠 영업인가 심사시 현장실사가 의무화된다. 기존에는 심사 인력 부족등을 이유로 서류심사에만 의존하는 경우가 많았다. 투자위험이 높은 개발전문 자기관리리츠의 경우 현장실사가 의무화되고 인가 후에는 초기 개발사업 변경이 제한된다. 해당 사업장에 대한 감정평가를 의무화해 토지매입가를 부풀려 횡령 등으로 이어지는 악순환을 끊을 방침이다. 또 상시감독체계가 구축돼 리츠나 자산관리회사 AMC 에 대한 정기조사가 확대되고 상장리츠에 대한 불시검사도 강화된다. 현재 신규리츠를 포함해 활동중인 리츠는 65개 이중 자기관리 리츠는 18개에 달한다. 인가 심사중인 자기관리리츠만 15개다. 올해들어 리츠 설립이 불허된 경우가 3건 영업인가가 취소된 경우가 1건이다. 또 국토부와 증권거래소는 리츠 상장요건 강화방안을 이르면 내주중 발표할 계획이다. 국토부 관계자는 규제를 너무 강화하면 리츠의 특수성이 훼손되기 때문에 적정한 수준에서 감독을 강화할 것 이라며 투자자 보호방안을 마련함으로써 이번 기회에 리츠가 투명성을 확보하는 계기가 될 것 이라고 설명했다. 임성현 기자 r start 화보 전혜빈 핫 한 바디 비법 공개 MB가 공직자 모범사례로 칭찬한 강성태 교수는 닛산 리프 니즈모 RC 르망 24시간 레이스 시범 주행 1600원으로 잭팟 터져 45억 대박 정신질환 40대女 국가상대 7조원대 황당 소송 10kg 감량 영지 고해 열창 새삼 화제…폭풍 고음 박완규 과거 고백 “지난 10년 동안 한 것 없이 막 살았다” r end ⓒ 매일경제 mk.co.kr 무단전재 및 재배포 금지 MBA도 모바일로 공부한다.,https://news.naver.com/main/read.nhn?mode=LSD&mid=shm&sid1=260&oid=009&aid=0002484063,284
261388,2011.06.14. 오전 11:39,부동산,매일경제,대전분양시장에 솔솔부는 세종시효과,세종시 효과가 대전지역 아파트시장에 훈풍을 불러오고 있다. 한화건설이 대전 유성구 지족동 노은4지구에서 분양한 대전 노은 한화 꿈에그린 1 885세대 이 최고 66.26대 1의 경쟁률을 기록한 가운데 순위 내 전 주택형이 마감됐다. 특히 2블록의 경우 1순위에서 전 주택형이 마감되는 등 과학벨트 유치 발표 이후 대전 부동산 시장의 뜨거운 열기가 반영되었다는 평가다. 금융결제원에 따르면 6월 9일 목 부터 13일 월 까지 진행된 대전 노은 한화 꿈에그린의 일반청약 접수 결과 1 765세대 특별공급 120세대 제외 모집에 5 120명이 청약 평균 2.90대 1의 경쟁률을 기록하면서 전 주택형이 순위내 청약 마감됐다. 2개 블록으로 나눠 받은 청약접수에서 1블록은 총 860세대 모집에 2 835명이 청약 3.30대 1의 경쟁률을 보였으며 2블록은 총 905세대 모집에 2 285명이 청약 2.52대 1의 경쟁률을 보였다. 1블록 84㎡A와 84㎡B의 경우 2순위에서 사실상 청약인원을 모두 채웠으나 예비당첨자 당첨자수의 20% 미달분을 모집하기 위해 3순위 청약이 진행되었다. 부적격당첨자나 미계약 세대가 나올 경우에만 추가로 계약이 가능한 예비당첨자 모집임에도 불구하고 총 1 699명이 3순위 청약을 해 관계자들을 놀라게 했다. 1블록 84㎡A의 경우 3순위 청약에서 예비당첨자 19세대를 모집하는데 1 259명이 청약 66.26대 1의 최고경쟁률을 보였고 1블록 84㎡B는 예비당첨자 26세대를 모집하는데 440명이 청약 16.92대 1의 경쟁률을 보였다. 이 같은 결과는 대전 노은 한화 꿈에그린이 위치한 유성구의 경우 1 2순위 청약자격이 대전광역시 내 주민등록을 마친 후 3개월 이상 거주한 자에게만 주어지기 때문에 제약조건이 없는 3순위 청약에 투자수요가 급격히 몰린 것으로 풀이된다. 반대로 대전 노은 한화 꿈에그린의 청약자들은 대부분 대전 당해지역의 실수요자들로 이뤄져 높은 계약률이 예상되고 있다. 한화건설 신완철 상무는 이번 청약 결과는 대전 과학벨트 유치 열기와 세종시 개발 호재가 반영된 듯 하다 며 대전 노은 한화 꿈에그린은 주거선호도가 높은 노은지구에 위치하고 단지 내 대치에듀센터 도입 등 우수한 교육환경을 누릴 수 있어 높은 계약률로 이어질 것으로 기대된다 고 말했다. .한편 대전 노은 한화 꿈에그린의 당첨자는 오는 21일 발표되며 27일부터 29일까지 3일간 정당 당첨자에 대한 계약이 진행된다. 입주는 2014년 2월 예정이다. 모델하우스는 대전 서구 둔산동 1362번지 갤러리아백화점 타임월드점 맞은편에 위치하고 있다. 분양문의 1644 9100 매경닷컴 연기홍기자 r start 화보 전혜빈 핫 한 바디 비법 공개 MB가 공직자 모범사례로 칭찬한 강성태 교수는 닛산 리프 니즈모 RC 르망 24시간 레이스 시범 주행 1600원으로 잭팟 터져 45억 대박 정신질환 40대女 국가상대 7조원대 황당 소송 10kg 감량 영지 고해 열창 새삼 화제…폭풍 고음 윤계상 겨땀 굴욕 수많은 취재진에 진땀 r end ⓒ 매일경제 mk.co.kr 무단전재 및 재배포 금지 MBA도 모바일로 공부한다.,https://news.naver.com/main/read.nhn?mode=LSD&mid=shm&sid1=260&oid=009&aid=0002484058,284
261389,2011.06.14. 오전 11:39,부동산,매일경제,대전 노은 한화꿈에그린 2.9대 1,한화건설이 대전 유성구 지족동 노은4지구에서 분양한 대전 노은 한화 꿈에그린 이 평균 2.9대 1의 경쟁률로 모든 평형이 마감됐다. 14일 금융결제원에 따르면 대전 노은 한화 꿈에그린 은 13일 3순의 청약을 마감한 결과 일반분양 1765가구 모집에 5120명이 청약해 평균 2.9대의 경쟁률을 기록했다. 1블록 84㎡A타입은 66대 1로 최고 경쟁률을 보였다. 또 부적격당첨자나 미계약자가 나올 경우 계약할 수 있는 예비당첨자 모집에도 1699명이 몰려 대전.충남 지역 부동산 시장 열기를 반영했다. 김경수 분양소장은 유성구는 대전광역시 내 주민등록을 마친 후 3개월 이상 거주한 사람에게만 1 2순위 청약자격을 주기 때문에 제약조건이 없는 3순위에 투자수요가 급격히 몰렸다 며 대전 과학벨트 유치와 세종시 개발호재가 반영된 것으로 보인다 고 설명했다. 당첨자 발표는 21일이며 계약은 27 29일 진행된다. 이은아 기자 r start 화보 전혜빈 핫 한 바디 비법 공개 MB가 공직자 모범사례로 칭찬한 강성태 교수는 닛산 리프 니즈모 RC 르망 24시간 레이스 시범 주행 1600원으로 잭팟 터져 45억 대박 정신질환 40대女 국가상대 7조원대 황당 소송 10kg 감량 영지 고해 열창 새삼 화제…폭풍 고음 윤계상 겨땀 굴욕 수많은 취재진에 진땀 r end ⓒ 매일경제 mk.co.kr 무단전재 및 재배포 금지 MBA도 모바일로 공부한다.,https://news.naver.com/main/read.nhn?mode=LSD&mid=shm&sid1=260&oid=009&aid=0002484056,284
261390,2011.06.14. 오전 11:35,부동산,머니투데이,대전 노은 한화꿈에그린 2.9대1로 마감,머니투데이 전예진 기자 한화건설이 대전 유성구 지족동 노은4지구에서 분양한 대전 노은 한화 꿈에그린 이 평균 2.9대1로 전 주택형 마감됐다. 14일 한화건설에 따르면 지난 9일부터 13일까지 특별공급을 제외한 1765가구에 대해 청약접수를 받은 결과 5120명이 신청했다. 2순위에서 모집가구수를 채운 1블록은 총 860가구 모집에 2835명이 청약해 평균 경쟁률이 3.30대1로 나타났다. 1순위에서 마감된 2블록은 총 905가구 모집에 2285명이 신청 2.52대1의 경쟁률을 보였다. 부적격 당첨자와 미계약 가구를 위한 예비당첨자 모집에도 약 1700명이 몰렸다. 1블록 전용 84㎡는 3순위 예비당첨자 45가구 모집에 1699명이 신청해 경쟁률이 최고 66대1까지 치솟았다. 한화건설 신완철 상무는 대전 과학벨트 유치 열기와 세종시 개발 호재로 청약열기가 뜨거웠다 며 청약자들은 대부분 대전 당해지역의 실수요자들로 이뤄져 높은 계약률이 예상된다 고 말했다. 당첨자는 오는 21일 발표되며 27일부터 29일까지 3일간 계약이 진행된다. 입주는 2014년 2월 예정이다.,https://news.naver.com/main/read.nhn?mode=LSD&mid=shm&sid1=260&oid=008&aid=0002554892,284
261391,2011.06.14. 오전 11:35,부동산,아시아경제,한화건설 대전 노은 한화 꿈에그린 최고 66대 1의 경쟁률.. 청약 마감,한화건설 대전 노은 한화 꿈에그린 모델하우스 전경. 아시아경제 문소정 기자 한화건설 대표이사 이근포 이 대전 유성구 지족동 노은4지구에서 분양한 대전 노은 한화 꿈에그린 이 최고 66.26대 1의 경쟁률을 기록하면서 순위 내 전 주택형이 마감됐다. 14일 금융결제원에 따르면 지난 9일부터 13일까지 진행된 대전 노은 한화 꿈에그린 의 일반청약 접수 결과 1765가구 특별공급 120가구 제외 모집에 5120명이 몰려 평균 2.90대 1의 경쟁률을 보였다. 2개 블록으로 나눠 이뤄진 청약에서 1블록은 총 860가구 모집에 2835명이 신청 3.30대 1의 경쟁률을 2블록은 총 905가구에 2285명이 접수해 2.52대 1의 경쟁률을 나타냈다. 특히 2블록은 1순위에서 모든 주택형의 청약이 끝났다. 1블록 84㎡A와 84㎡B는 2순위에서 청약 인원을 모두 채웠으나 예비당첨자 당첨자수의 20% 미달분을 모집하기 위해 3순위 청약이 진행됐다. 1블록 84㎡A은 19가구 모집에 1259명이 청약해 66.26대 1의 최고경쟁률을 달성했으며 같은 블록 84㎡B는 26가구에 440명이 신청 16.92대 1의 경쟁률이 나왔다. 신완철 한화건설 상무는 이번 청약 결과는 대전 과학벨트 유치 열기와 세종시 개발 호재가 반영된 듯 하다 며 대전 노은 한화 꿈에그린 은 주거선호도가 높은 노은지구에 위치하고 단지 내 대치에듀센터 도입 등 우수한 교육환경을 누릴 수 있어 높은 계약률로 이어질 것으로 기대된다 고 말했다. 당첨자는 오는 21일 발표되며 27일부터 29일까지 3일간 정당 당첨자에 대한 계약이 진행된다. 입주는 2014년 2월 예정이다. 모델하우스는 대전 서구 둔산동 1362 갤러리아백화점 타임월드점 맞은편에 위치하고 있다.,https://news.naver.com/main/read.nhn?mode=LSD&mid=shm&sid1=260&oid=277&aid=0002622780,284
261392,2011.06.14. 오전 11:33,부동산,머니투데이,워크아웃 졸업한 경남기업 해외서 펄펄 나네,머니투데이 김창익 기자 1700억 베트남 고속도로 시공권 따내 워크아웃 졸업후 첫 해외 수주 지난달 30일 워크아웃을 조기 졸업한 경남기업이 1700억원 규모의 베트남 고속도로 공사를 수주하며 해외시장에서 선전하고 있다. 경남기업은 베트남 인프라개발·재무투자회사가 발주한 하노이 하이퐁 고속도로 4공구 시공권을 1704억원에 따냈다고 14일 밝혔다. 하노이와 북부 경제중심지역의 하이퐁 항구를 연결하는 이 공사는 베트남 최대 도로건설 프로젝트다. 총 길이 105.5㎞ 중 경남기업은 4공구 15㎞ 6차선 에 대한 공사를 진행하며 공사기간은 착공 후 3년이다. 경남기업 관계자는 중국 업체들과의 치열한 경쟁을 통해 낙찰받았다 며 워크아웃 졸업후 첫 해외 수주라는 점에서 의미가 있다 고 말했다. 경남기업은 1967년 베트남에 첫 진출한 후 지금까지 총 18건 150억달러 규모의 공사를 했다. 현재 주상복합과 오피스 호텔 등이 결합된 복합건물 하노이 랜드마크72 등의 공사를 진행하고 있다.,https://news.naver.com/main/read.nhn?mode=LSD&mid=shm&sid1=260&oid=008&aid=0002554891,284
261393,2011.06.14. 오전 11:33,부동산,매일경제,용인영덕 센트레빌 순위내 마감,동부건설이 용인 기흥구 영덕동에 분양하는 영덕역 센트레빌 아파트 청약접수를 받은 결과 3순위 최고 2.33대1의 청약경쟁률을 기록하며 순위 내 분양을 마감했다. 금융결제원에 따르면 지난 9일 10일 13일 3일간 실시한 영덕역 센트레빌 청약접수결과 233세대 모집에 382명이 신청해 평균 1.64대1로 청약 마감했다. 주택형별로는 84㎡가 총 156세대 모집에 249명이 청약해 1.60대1의 청약경쟁률을 보였다. 101㎡는 77세대 모집에 133명이 청약해 1.73대 1의 성적으로 청약접수를 마쳤다. 특히 13일 실시한 3순위 청약접수에서는 101㎡ A형 수도권 물량이 2.33대1을 기록하는 등 높은 인기를 보였다. 이 같은 영덕역 센트레빌 의 청약성적은 그동안 청약실적이 좋지 않았던 수도권 분양시장 상황을 감안하면 이례적인 결과로 용인 분양시장의 부활을 알리는 신호탄이라는 평가다. 동부건설 이상욱 소장은 영덕역 센트레빌이 이처럼 청약 호조를 보인 이유로 2012년 개통예정인 분당선 영덕역 역세권 영흥공원이 한눈에 내려다보이는 조망권 주변시세 대비 저렴한 분양가 를 꼽았다. 영덕역 센트레빌은 수도권의 마지막 황금노선이라 불리는 분당선 연장선 영덕역 2012년 개통예정 역세권으로 수원역은 물론 강남 접근성이 뛰어난 것이 장점이다. 단지 대부분의 세대에서 영흥공원을 내려다볼 수 있는 조망특화 아파트란 점도 청약률을 높이는데 일조했다는 평가다. 또 분양가 3.3㎡당 1219만원에 분양가 심의를 통과했음에도 불구하고 주변 시세를 고려해 1000만원대에서 층과 향이 좋은 곳은 1100만원대까지로 분양가를 책정해 수요자들의 관심이 집중된 것으로 풀이된다. 이는 인근 수원 신동에서 분양한 래미안 영통 마크원의 1300만원 내외의 분양가와 비교했을 때 저렴한 수준이다. 당첨자 발표는 6월 17일 금 이며 계약은 22일 24일 3일간 실시한다. 견본주택은 기흥구 영덕동 1053 4 5번지 영통입구사거리에 위치한다. 동부건설은 만일의 부적격자 발생에 대비하여 4순위 청약을 14일 화 부터 견본주택에서 선착순으로 추가 접수할 계획이다. 영덕역 센트레빌 의 분양규모는 총 233세대로 지하 2층 지상 19·20층 총 3개 동이며 전용면적 84㎡ 101㎡형으로 구성된다. 분양 문의 1588 9551 매경닷컴 연기홍기자 r start 화보 전혜빈 핫 한 바디 비법 공개 MB가 공직자 모범사례로 칭찬한 강성태 교수는 닛산 리프 니즈모 RC 르망 24시간 레이스 시범 주행 1600원으로 잭팟 터져 45억 대박 정신질환 40대女 국가상대 7조원대 황당 소송 10kg 감량 영지 고해 열창 새삼 화제…폭풍 고음 윤계상 겨땀 굴욕 수많은 취재진에 진땀 r end ⓒ 매일경제 mk.co.kr 무단전재 및 재배포 금지 MBA도 모바일로 공부한다.,https://news.naver.com/main/read.nhn?mode=LSD&mid=shm&sid1=260&oid=009&aid=0002484045,284
261394,2011.06.14. 오전 11:32,부동산,세계일보,전세난 심화로 인해 오피스텔 분양시장은 활기,세계닷컴 수도권 지역에 공급되는 오피스텔이 올 봄 분양시장에서 특별한 관심을 받고 있다. 주택시장 장기침체의 영향으로 전세난이 심화되면서 오피스텔에 대한 실수요자와 투자자들의 관심이 집중되고 있기 때문인데 부동산 시장의 침체로 아파트 분양이 저조한 성적을 보이는 반면 오피스텔의 경우 청약열풍이 이어지면서 대형 건설업체에서도 오피스텔 분양에 적극적으로 나서려는 움직임을 보이고 있다. 특히 안정적인 임대수익을 목적으로 하는 소형 위주의 오피스텔이 강세를 보이고 있는데 이는 소형 주택의 대체재 역할을 할 수 있는 소형 오피스텔이 아파트 전세 값 폭등으로 인한 대체 투자처로 부각되면서 실수요자 뿐만 아니라 투자자들의 관심을 받고 있는 것으로 업계는 보고 있다. 그 중에서도 동탄 신도시에 삼성반도체 및 LG전자 등 산업단지 조성과 인구유입 증가와 맞물려 전문가들 사이에서도 그 투자가치가 새롭게 조명되고 있는 “동탄 센트럴시티 오피스텔”이 세간의 이목을 집중시키고 있어 귀추가 주목되고 있다. 동탄 센트럴시티 오피스텔은 전 세대 9층 이상 남향배치로 주거환경의 쾌적성을 높였으며 분양가 또한 거품을 제거하여 3.3㎡당 평균 600만원대를 실현 인근 동탄 신도시 내 오피스텔에 비해 3.3m²당 분양가가 약50만원에서 150만원이상 저렴하여 투자비용 대비 높은 투자수익을 얻을 수 있다. 또한 가격만 저렴한 것이 아니라 시스템창과 커튼월이 시공되고 실내인테리어는 기존의 오피스텔에서는 볼 수 없었던 고급 주상복합을 연상케 하는 실내를 구성하여 고급 오피스텔의 장을 열었다며 주변 부동산과 전문가들은 입을 모으고 있다. 교통면에서도 KTX GTX 외에 서울 동탄간 도로개통으로 동탄에서 강남까지 20여분이면 도착이 가능하며 제2외곽순환도로가 일부 개통되면서 서해안에서 양지까지 시간이 단축되어 서울 도심으로의 진입이 용이하다. 여기에 동탄 센트럴시티” 바로 앞에 동탄의 핵심인 메타폴리스가 마주하고 있어 쇼핑 문화생활이 원스탑으로 가능하다. 이런 면에서 안전성과 수익성은 물론 교통의 편의성을 갖추고 임대수요 또한 풍부한 “동탄 센트럴시티 오피스텔”은 눈 여겨 볼만한 투자 상품임이 확실해 보인다. 오는 2011년 9월말 입주예정인 센트럴시티 오피스텔은 분양권 전매가 가능하며 중도금 40%무이자 대출과 42인치 TV를 비롯해 삼성전자 빌트인 시스템 에어콘 건조기능 드럼세탁기 냉장고 이 풀옵션으로 무상제공 된다. 문의 031 8003 0600 ※본 콘텐츠는 기업 제공 자료로 세계닷컴의견과 다를수 있습니다. Segye.com Segye.com 인기뉴스 K팝 첫 유럽 상륙 성공했지만… 불리한 진술해 …공범 불태워 살해한 전직경찰 만취한 여성이 스마트폰을 건네준다면… 여친이 에이즈에 걸려… 이제 죽겠다 한국女 토막살인 살인 아니다 日판결에… ⓒ 세계일보 Segye.com 무단 전재 및 재배포 금지 금융전문뉴스 세계파이낸스 모바일로 만나는 세계닷컴 세계닷컴은 한국온라인신문협회 www.kona.or.kr 의 디지털뉴스이용규칙에 따른 저작권을 행사합니다.,https://news.naver.com/main/read.nhn?mode=LSD&mid=shm&sid1=260&oid=022&aid=0002274860,284
261395,2011.06.14. 오전 11:29,부동산,세계일보,동북부의 판교 ‘별내신도시를 잡아라 별내 남광하우스토리’ 잔여세대 조건변경 분양,세계닷컴 남광토건이 분양 중에 있는 별내 하우스토리는 “동북부의 판교”로 불리는 별내 신도시내에서도 환경이 뛰어난 단지로 손꼽힌다. 별내신도시는 지하철및 도로 신설계획과 맞물려 상대적으로 저렴한 주택가격이 매력이다. 별내 IC와 외곽순환도로를 통해 서울 도심 종로 및 강남까지 3 40분대에 연결된다. 또한 경춘선 복선전철 별내역 2011년 이후 이 신설될 예정이고 지하철 8호선 별내 암사 연장 계획도 장기 계획으로 추진될 예정 2017년 이후 이며 별내 상봉간 급행버스 체계인 BRT 및 환승센터도 마련될 계획이어서 뛰어난 교통편과 쾌적한 환경 서울이 가까운 입지이면서 상대적으로 저렴한 가격조건으로 투자및 실거주자들에게 대단한 미래가치를 가진 곳이 별내신도시이다. 별내신도시 A4블록에 건립되는 별내 하우스토리는 지하 2층 지상 18층 14개동으로 전용면적 103 174㎡ 로 구성되어 있다. 별내 하우스토리의 공급 주택형은 103㎡A 구39형 246가구 103㎡B 구39형 30가구 123㎡ 구46형 132가구 124㎡ 구46형 202가구 133㎡ 구50형 98가구 170㎡ 구65형 5가구 171㎡ 구65형 3가구 174㎡ 구65형 4가구로 총 720가구가 중대형으로 구성되었다. 계약금 5% 중도금 60%전액무이자융자 발코니 무료확장으로 조건을 변경하여 분양중이다. 분양가는 3.3㎡ 당 평균1 100만원대이며 입주시기 2012년 7월 예정이다. 별내 하우스토리는 대지 면적의 50%를 녹지로 조성하여 풍부한 녹지를 확보한 것이 가장 큰 장점이다. 특히 약 6 000㎡의 ‘Story Park’는 숲 수경시설 자연형 연못 데크로 이어지는 휴게공간으로서 입주민들의 “자연 이야기”가 가득한 열린 공간이 될 것이다. 전면 4 BAY 설계 103 124 133㎡ 적용 와 3면 개방 123㎡ 으로 개방감을 확보하고 가변형 벽체로 다양하게 공간을 활용할 수 있다. 부부 욕실은 채광과 조망을 최대한 살리면서 발코니와도 연결하여 활용할 수 있다. 별내 하우스토리는 2가구 주거의 분리 또는 통합이 가능하도록 슬라이딩 도어와 공간의 효율성이 큰 것이 특징인데 자녀 ZONE에는 전실 공간을 두어 새로운 공간을 제공하였고 Family Room은 주방과 연계되어 부분 오픈이 가능하여 다목적으로 쓸 수 있다. 현관의 대형 수납장과 주방의 다양한 수납공간도 평형에 따라 제공되며 기존아파트와 달리 신개념공간 활용은 실수요자들의 많은 호평을 받고 있어 모델하우스에 방문객들의 발길이 이어지고 있다. 분양문의 02 3452 7089 ※본 콘텐츠는 기업 제공 자료로 세계닷컴의견과 다를수 있습니다. Segye.com Segye.com 인기뉴스 여친이 에이즈에 걸려… 이제 난 죽겠다 이 사람 만큼은 절대 대통령이 돼선 안돼 촛불집회 연행 여학생 속옷 벗게 해 물의 부업으로 성매매 알선한 현직경찰… 왜 불리한 진술해 …공범 불태워 살해한 전직경찰 ⓒ 세계일보 Segye.com 무단 전재 및 재배포 금지 금융전문뉴스 세계파이낸스 모바일로 만나는 세계닷컴 세계닷컴은 한국온라인신문협회 www.kona.or.kr 의 디지털뉴스이용규칙에 따른 저작권을 행사합니다.,https://news.naver.com/main/read.nhn?mode=LSD&mid=shm&sid1=260&oid=022&aid=0002274857,284
261396,2011.06.14. 오전 11:27,부동산,서울경제,리츠 영업인가 심사·관리감독 강화,인가 심사때 현장실사 실시 부동산 간접투자상품인 리츠 REITs 에 대한 영업인가 심사 및 관리감독이 강화된다. 국토해양부는 최근 사업실현 가능성이 불투명한 리츠의 영업인가 신청이 늘어나고 운영주체의 도덕적 해이로 운영이 부실해지는 등의 문제가 발생함에 따라 이 같은 내용으로 관리 감독을 강화한다고 14일 밝혔다. 국토부는 우선 자기관리 리츠의 영업인가 심사시 의무적으로 인허가 부서 협의와 현장 실사를 실시하기로 했다. 해당 부동산 개발사업에 대한 지구단위계획 변경 가능성이나 개발제한구역 해제 가능성 등을 관련 지방자치단체 등에 조회한 후 적정하다고 판단되는 경우에만 인허가를 해줄 방침이다. 특히 투자위험이 높은 개발전문 리츠에 대해서는 투자 부동산에 대한 현장실사는 물론 경영진 등과의 인터뷰도 진행된다. 영업인가 후에는 인가시의 초기사업 변경을 엄격히 제한하고 감정평가를 의무화해 토지매입가를 부풀리지 못하도록 했다. 리츠 및 자산관리회사 AMC 의 운용실태에 대한 정기조사를 확대하고 상장리츠 및 상장예정리츠에 대한 불시검사도 강화할 방침이다. 국토부는 한국거래소 등 관계 기관과 협의해 자기관리리츠에 대한 주식시장 상장요건을 강화하는 방안도 추진하기로 했다. 국토부에 따르면 현재 자기관리 리츠는 총 18개가 설립돼 있으며 15개의 영업인가 심사가 진행 중이다.,https://news.naver.com/main/read.nhn?mode=LSD&mid=shm&sid1=260&oid=011&aid=0002159747,284
261397,2011.06.14. 오전 11:27,부동산,서울경제,중앙신체검사소 대구혁신도시서 15일 착공,국토해양부는 병역의무자의 병역판정 및 정밀신체 검사기관인 중앙신체검사소가 15일 대구혁신도시 사업지구에서 청사 기공식을 한다고 14일 밝혔다. 대구혁신도시에서 이전 공공기관이 청사 기공식을 하는 것은 이번이 처음이다. 중앙신체검사소는 에너지 효율 1등급 친환경 건축물 그린 1등급의 에너지 절약형 청사로 신축된다. 혁신도시는 아니지만 여수로 이전하는 해양경찰학교와 원주로 이전하는 산림항공본부도 15일 동시에 기공식을 한다. 국토부 관계자는 “올해 안에 61개 공공기관이 청사 착공을 추진하고 총 80개 공공기관의 청사가 공사에 들어간다”며 “공공기관 지방이전과 지역별 혁신도시 건설에 박차를 가하겠다”고 말했다.,https://news.naver.com/main/read.nhn?mode=LSD&mid=shm&sid1=260&oid=011&aid=0002159744,284
261398,2011.06.14. 오전 11:26,부동산,뉴시스,김해시 자전거도로 포장 누가 더 잘하나,김해 뉴시스 강정배 기자 누가 누가 더 잘하나 경남 김해시가 전국에서 처음으로 자전거도로 샘플시공 업체들의 참여 신청을 받아 시공 후 평가를 통해 우수제품 및 업체를 선정 시공토록 할 예정이어서 눈길을 끌고 있다. 시는 지난 4월 시내 삼계동 삼계중 경전철 장신대역간 총연장 900m 너비 1.8m의 자전거도로 시범포장사업을 벌여 이달 말께 완료할 예정이라고 14일 밝혔다. 시범포장사업에는 업체당 30m다. 이 사업에는 ㈜알디케이 등 모두 26개 업체가 참여한 가운데 3공구로 나눠 착공에 들어갔다. 1공구는 총연장 330m로 ㈜알디케이 등 7개 업체가 참여해 시공을 완료한 상태며 2공구 270m 는 ㈜상산 등 9개 업체가 참여한 가운데 현재 66%의 공사 진척을 보이고 있다. 3공구 300m 는 대동안전㈜등 10개 업체가 참여하고 있으나 조만간 착공에 들어갈 예정이다. 이번 시범포장 구간에는 시공업체가 비용을 들여 자사 제품을 자율적으로 시공토록 하고 업체의 제품을 홍보할 수 있는 회사로고 등을 표시해 이용시민 누구나 쉽게 평가할 수 있도록 했다. 특히 시는 이번 시범포장 샘플시공에 참여한 업체 중 최고 수준의 우수업체 제품에 대해서는 자전거도로를 우선 시공할 수 있도록 인센티브를 부여한다는 계획이다. 시 관계자는 이번 자전거도로 시범포장사업을 추진으로 1억원의 예산절감효과를 거두게 됐다 면서 사업 전 구간이 완료되면 시민 이용 후 평가를 거쳐 우수제품 및 업체를 결정할 것 이라고 말했다. 그는 또 자전거도로의 이용율 확대를 위해 이번 조직개편 때 자전거도로 담당부서를 신설했다 고 덧붙였다. 한편 이번 해반천 자전거도로 시범포장사업에는 한국투수개발㈜ 등 모두 36개 업체 40개 제품 가 참여 신청을 해 이 중 26개 업체로 축소했다고 시는 밝혔다.,https://news.naver.com/main/read.nhn?mode=LSD&mid=shm&sid1=260&oid=003&aid=0003908452,284
261399,2011.06.14. 오전 11:23,부동산,아시아경제,이수건설 당산 브라운스톤 회사 보유분 조합원 모집,아시아경제 조민서 기자 이수건설이 서울시 영등포구 당산동 1 5번지 일대 브라운스톤 당산 회사 보유분 잔여세대인 15가구에 대한 조합원을 특별 모집한다. 공급면적 109㎡ 구 33평형 단일면적으로 지하철 2호선 영등포구청역 600m 5호선 영등포시장역 500m 9호선 당산역 700m 트리플 역세권에 위치해있다. 올림픽대로 자유로 경인고속도로 등과 인접해 있어 여의도 강남 수도권 지역 등 사통팔달 교통망을 자랑한다. 인근에 한강시민공원 선유도공원 여의도공원 등이 가깝고 타임스퀘어 롯데마트 홈플러스 코스트코 등 생활 편의시설 이용도 편리하다. 여의도 대규모 복합타운 조성계획과 영등포시장 일대 뉴타운 개발계획으로 투자가치 및 주거환경이 좋아질 것으로 예상된다. 이수건설의 책임시공으로 착공이 지연될 경우 착공시점까지 계약금에 대한 이자를 지급하므로 조합아파트의 착공지연에 대한 단점을 보완했다. 현재 조합승인 및 추가 조합승인이 끝난 상태며 올해 6월 프로젝트파이낸싱 PF 확정으로 8월부터 착공예정이다. 분양가는 3.3㎡당 1360만 1810만원이며 같은 단지내 신축아파트 반도 유보라 시세인 2300만원 2500만원과 롯데캐슬 분양 예정가인 2300만원에 비해 저렴한 편이다. 서울에 거주하는 무주택 세대주라면 누구나 조합원 신청자격이 되며 청약통장이 없어도 가능하다. 계약시 벽걸이 TV 40인치 LED 를 증정하며 2013년 8월 입주예정이다.,https://news.naver.com/main/read.nhn?mode=LSD&mid=shm&sid1=260&oid=277&aid=0002622768,284
261400,2011.06.14. 오전 11:21,부동산,연합뉴스,대전 한화 꿈에그린 최고경쟁률 66대1,평균 2.9대1‥전 주택형 순위내 청약마감 서울 연합뉴스 이유진 기자 한화건설이 대전 유성구 지족동 노은4지구에서 분양한 대전 노은 한화 꿈에그린 1천885가구 이 최고 66대1의 청약경쟁률을 기록하면서 3순위 마감됐다. 14일 금융결제원에 따르면 9 13일간 진행된 대전 한화 꿈에그린의 일반청약 접수 결과 특별공급 물량을 제외한 1천765가구 모집에 5천120명이 청약해 평균 2.9대1의 경쟁률로 전 주택형이 마감됐다. 1블록은 총 860가구 모집에 2천835명이 몰려 3.3대1의 경쟁률을 보였고 2블록은 총 905가구 모집에 2천285명이 청약해 경쟁률이 2.52대1이었다. 특히 2블록은 1순위에서 전 주택형이 마감되는 등 인기를 끌었다. 또 부적격당첨자나 미계약자가 나올 경우에만 계약할 수 있는 3순위 예비당첨자 모집에 1천699명이 청약해 대전 부동산열풍을 반영했다. 최고경쟁률 66대1도 1블록 84㎡ A타입 3순위 청약에서 나온 기록이다. 김경수 분양소장은 유성구는 대전광역시 내 주민등록을 마친 후 3개월 이상 거주한 사람에게만 1 2순위 청약자격을 주기 때문에 제약조건이 없는 3순위에 투자수요가 급격히 몰린 것 같다 고 풀이했다. 한편 청약자의 대다수가 인근 지역에 거주하는 실수요자임을 감안하면 계약률도 좋은 성과를 거둘 수 있을 전망이라고 업체 측은 전했다. 한화건설 신완철 상무는 이번 청약 결과는 대전 과학벨트 유치와 세종시 개발 호재가 반영된 것으로 보인다 면서 노은지구의 주거선호도가 높고 교육환경도 우수해 청약 열기가 계약률로도 이어질 것 이라고 말했다. 당첨자는 21일 발표되고 27 29일간 계약이 진행된다.,https://news.naver.com/main/read.nhn?mode=LSD&mid=shm&sid1=260&oid=001&aid=0005111531,284
261401,2011.06.14. 오전 11:20,부동산,머니투데이,영덕역 센트레빌 1.64대1로 순위 내 마감,머니투데이 전예진 기자 동부건설이 경기 용인 기흥구 영덕동에서 분양한 영덕역 센트레빌 이 평균 1.64대1의 경쟁률로 순위내 마감을 기록했다. 14일 금융결제원에 따르면 동부건설이 지난 9일부터 3일간 영덕역 센트레빌 233가구에 대해 청약접수를 받은 결과 382명이 신청해 모든 주택형이 마감됐다. 84㎡ 이하 전용면적 는 총 156가구 모집에 249명이 청약해 1.60대1 101㎡는 77가구 모집에 133명이 청약해 1.73대1로 청약접수를 마쳤다. 이상욱 동부건설 분양 소장은 분양가가 인근 수원 래미안 영통 마크원보다 200만원 가량 저렴한 3.3㎡당 1000만 1100만원 대여서 수요자들의 관심이 집중됐다 고 말했다. 당첨자 발표는 17일이며 계약은 22일부터 3일간 실시한다. 모델하우스는 기흥구 영덕동 1053 4 5번지 영통입구사거리에 위치한다. 동부건설은 만일의 부적격자 발생에 대비해 이날 4순위 청약을 선착순으로 추가 접수할 계획이다.,https://news.naver.com/main/read.nhn?mode=LSD&mid=shm&sid1=260&oid=008&aid=0002554873,284
261402,2011.06.14. 오전 11:18,부동산,머니투데이,대우건설 말련서 2억달러 규모 6성급 호텔 수주,머니투데이 김창익 기자 ↑서종욱 오른쪽 대우건설 사장이 지난 13일 쿠알라룸푸르에서 추아마유 원IFC레지던스 사장과 IFC 프로젝트 수주건에 서명한 뒤 기념촬영을 하고 있다. 사장이 룸푸르에서 대우건설 서종욱 사장 오른쪽 과 원 IFC 레지던스 추아마유 Chua Ma Yu 회장 왼쪽 이 원 IFC 프로젝트 공사추진에 최종합의하고 서명식을 가졌다. 대우건설이 약 2억달러 규모의 말레이시아 최초 6성급 호텔을 건설한다. 대우건설은 말레이시아 수도 쿠알라룸푸르 반다랴야 지구에 들어설 6성급 호텔과 레지던스 프로젝트를 1억9000만 달러에 수주했다고 14일 밝혔다. 말레이시아 최대 부동산 투자개발회사인 MRCB가 발주한 이 호텔은 지하 3층 지상 48층의 초고층으로 쿠알라룸푸르 중앙역 앞에 위치해 지역내 랜드마크가 될 것이란 게 대우건설의 설명이다. 대우건설 관계자는 일본과 중국의 유력 건설업체와 제한입찰 경쟁을 거쳐 최종 시공사로 선정됐다 며 그동안 말레이시아에서 보여준 시공 능력과 신뢰가 수주에 결정적인 역할을 했다 고 말했다. 대우건설은 이번 수주로 말레이시아에서 총 11개 프로젝트 누적 16억달러의 수주고를 기록했다. 1983년 말레이시아에 처음 진출한 대우건설은 플라자 라키아트 비전시티 등을 공사했다. 특히 1998년 완공된 말레이시아 텔레콤 사옥은 77층 규모의 초고층으로 말레이시아의 랜드마크로 자리매김했다. 올 한해 53억 달러의 해외공사 수주를 목표로 하는 대우건설은 이번 프로젝트 시공권을 확보함에 따라 15억6000만달러를 수주했다.,https://news.naver.com/main/read.nhn?mode=LSD&mid=shm&sid1=260&oid=008&aid=0002554872,284
261403,2011.06.14. 오전 11:14,부동산,매일경제,국토부 리츠 관리감독 대폭 강화,최근 부동산시장 안정 및 PF사업 침체 등으로 부동산 간접투자기구인 부동산투자회사 리츠 가 새로운 대안으로 주목받고 있다. 특히 ’09.6월 2개에 불과했던 자기관리리츠는 현재 18개이며 영업인가 심사 중인 자기관리리츠도 현재 15개에 달한다. 그간 국토해양부에서는 사업계획이 부실하거나 최저자본금을 충족하지 못한 리츠 등에 대하여 불인가 또는 인가 취소처분 을 하는 등 관리감독을 강화하여 왔다. 하지만 투자자 모집 및 상장을 주된 목적으로 사업실현 가능성이 불투명한 리츠의 영업인가 신청이 여전히 증가하고 있으며 운영주체들의 도덕적 해이로 인한 부실한 운영 등으로 일부 리츠의 상장폐지가 진행되는 등 리츠의 신뢰성 훼손이 우려됨에 따라 리츠에 대한 인가심사 및 관리감독을 대폭 강화하는 내용의 ‘리츠 관리감독 강화방안’을 15일 발표하였다. 이에 따라 사업성 평가 등 자기관리 리츠 영업인가 심사가 강화된다. 국토부는 앞으로 자기관리 리츠의 영업인가 심사시 인허가 부서 협의 및 현장실사를 의무적으로 실시할 예정이다. 해당 부동산 개발사업에 대한 지구단위계획 변경 가능성 개발제한구역 해제 가능성 등에 대해 관련 지자체 및 인허가부서 의견조회 후 적정하다고 판단되는 경우에만 인가하고 특히 투자위험이 높은 개발전문 리츠에 대해서는 영업인가시 투자부동산에 대한 현장실사를 의무적으로 실시하고 매도자·경영진 등과의 인터뷰도 진행할 계획이다. 아울러 영업인가 후에는 인가시의 초기사업 변경을 엄격히 제한하여 안정적인 사업추진을 도모하며 감정평가 의무화 등을 통해서는 토지매입가를 부풀릴 가능성을 원천 차단할 계획이다. 리츠 상시 감독체계 구축 및 준법감시 활동도 강화된다. 국토부는 리츠 및 자산관리회사 AMC 의 운용실태에 대한 정기조사를 확대 실시하여 위법행위 적발시 시정명령 업무정지 영업인가 취소 등 엄격한 조치를 취하고 상장리츠 및 상장예정리츠에 대한 불시검사를 실시하여 투자자 보호 및 이해상충방지를 위한 감독을 강화할 예정이다. 또한 윤리강령 이해상충 주식거래 등 관련 임직원 교육프로그램을 실시하도록 하여 리츠 내부의 준법감시 활동 및 내부통제 능력 향상을 유도하고 리츠사의 결재 절차에서 대표이사 결재 이전에 법령상 규정하고 있는 준법감시인의 업무수행 범위 내에서 준법감시인이 결재 절차를 이행토록 하고 인감관리·회계처리 등 자기관리리츠의 일부 사무업무에 대해서는 외부위탁 권고도 검토할 계획이다. 이와 함께 국토부는 일반 기업에 비해 상당히 완화되어 있는 자기관리리츠에 대한 주식시장 상장요건 강화방안도 한국거래소 등 관계기관과 협의 중이다. 국토부는 “그간 리츠 시장의 활성화를 위해 자본금 인하 개발사업 범위 확대 등 규제완화를 지속적으로 추진해왔다. 다만 리츠의 도덕적 해이 방지와 리츠 시장의 지속가능성 확보를 위해 이번 관리감독 강화방안을 마련한 것이며 이와 동시에 리츠의 건전한 육성을 통하여 투기적 부동산 시장을 안정적인 투자시장으로 전환하기 위한 노력도 병행할 계획”이라고 말했다. 매경닷컴 조은영 기자 ⓒ 매일경제 mk.co.kr 무단전재 및 재배포 금지 MBA도 모바일로 공부한다.,https://news.naver.com/main/read.nhn?mode=LSD&mid=shm&sid1=260&oid=009&aid=0002484015,284
261404,2011.06.14. 오전 11:12,부동산,한국경제TV,건설협회 맞춤형 경영 자문단 서비스 개시,대한건설협회 회장 최삼규 가 중소건설업계의 경영애로를 해소하고 대·중소기업간 동반성장을 해 15일부터 경영 자문단 서비스 를 실시합니다. 경영자문단은 대형건설사 퇴직임원 등 현장경험이 풍부한 전문가로 구성되며 토목 과 건축기술 분야 회계와 자금조달 해외진출 하도급과 클레임 분야 원가관리 등으로 상담분야를 세분화해 맞춤형 자문서비스가 가능토록 했습니다. 건설협회는 위촉된 자문위원은 오랜 기간 동안 건설업에 종사하면서 축적된 경험과 노하우 전문 지식을 중소건설업체에게 전수해 중소건설업체의 경쟁력 강화와 경영애로 해소에 크게 기여 할 것으로 기대된다 며 대형건설사와 중소건설업체간 멘토 멘티 관계를 구축해 산업내 동반성장 기반을 마련하는 모범 사례가 될 것으로 기대된다 고 전했습니다. 향후 협회는 지역소재 중소건설업체의 편의제공을 위해 지역 순회 상담을 실시하는 등 중소건설업체의 경영지원을 위한 신규 사업도 지속적으로 발굴할 계획입니다.,https://news.naver.com/main/read.nhn?mode=LSD&mid=shm&sid1=260&oid=004&aid=0002082023,284
261405,2011.06.14. 오전 11:12,부동산,이데일리,법정관리 신창건설 새주인 찾는다,이데일리 이지현 기자 중견건설회사 신창건설이 인수합병 M A 을 통해 새주인 찾기에 나선다. 신창건설은 14일 주간사인 한울회계법인을 통해 M A 공고를 내고 오는 22일까지 입찰 제안서를 접수받는다고 밝혔다. 신창건설측은 입찰 제안서 심사를 통해 이르면 내달 14일 우선협상자를 선정할 계획이다. M A는 제3자 배정 유상증자 방식으로 추진된다. 신창건설은 이번 M A로 우량 투자자를 유치해 회사 정상화를 모색한다는 계획이다. 다만 최근 건설경기 침체 장기화와 건설업계 구조조정 등으로 건설사 M A 메리트가 낮다는 점에서 인수에 나설 후보군을 쉽게 찾을 수 있을 지는 미지수라는 게 업계의 시각이다. 신창건설은 시공능력평가순위 114위의 중견업체로 비바패밀리 라는 아파트 브랜드로 알려져 있다. 2009년 법정관리를 신청한 후 지난해 4월 수원지방법원의 회생관리인가를 받은 상태다.,https://news.naver.com/main/read.nhn?mode=LSD&mid=shm&sid1=260&oid=018&aid=0002452098,284
261406,2011.06.14. 오전 11:09,부동산,한국경제TV,한강밤섬자이 4년전 분양가로 공격 분양 눈길,GS건설이 한강밤섬자이 아파트를 4년전 분양가로 공급해 눈길을 끌고 있습니다. 마포구 하중동에 위치한 한강밤섬자이 는 입주 2년차 단지로 지상 최고 25층 7개동 488가구로 이뤄져 있습니다. 이번 분양물량은 전용 84 132㎡ 46가구로 2009년 도정법 개정에 따라 임대에서 일반분양으로 전환된 물량입니다. 특히 118과 132㎡형의 경우 3.3㎡당 2 014 2 053만원으로 4년전 분양가 수준으로 가격경쟁력이 우수한 편입니다. 오는 17일 단지내 샘플하우스를 일반에 개방할 예정이며 계약금은 분양가의 5% 중도금은 10%이며 잔금 85%는 6개월 후 납입하는 조건입니다. GS건설 관계자는 이미 지역내 랜드마크 아파트 단지로 이번에 분양가를 4년전 가격으로 공급하는 만큼 큰 인기를 끌 것 이라고 말했습니다.,https://news.naver.com/main/read.nhn?mode=LSD&mid=shm&sid1=260&oid=004&aid=0002082021,284
261407,2011.06.14. 오전 11:05,부동산,한국경제TV,리츠 인가심사시 현장실사 의무화,부동산투자회사 리츠에 대한 인가심사와 관리감독이 대폭 강화됩니다. 국토해양부는 사업성이 불투명한 리츠의 영업인가 신청이 늘고 있어 투자자들의 피해가 우려된다며 이 같은 내용의 ‘리츠 관리감독 강화방안’을 마련했습니다. 이에 따라 앞으로 리츠의 영업인가를 심사할 때 현장실사가 의무적으로 실시되고 투자위험이 높은 리츠의 경우 매도자와 경영진 인터뷰도 진행됩니다. 이밖에 상장 리츠에 대한 정기조사와 불시검사 등 상시감독 체계도 구축됩니다.,https://news.naver.com/main/read.nhn?mode=LSD&mid=shm&sid1=260&oid=004&aid=0002082018,284
261408,2011.06.14. 오전 11:04,부동산,아시아경제,경남기업 1710억원 베트남 고속도로 수주,아시아경제 조민서 기자 경남기업이 워크아웃 기업개선작업 졸업 이후 첫 해외수주를 달성했다. 경남기업은 지난 13일 베트남 하노이 하이퐁 고속도로 4공구에 대한 낙찰통지서 LOA 를 받았다고 14일 밝혔다. 총 연장 15Km 6차선 공사비 약 1710억원 규모다. 베트남 인프라 개발 및 재무투자회사 VIDIFI 가 발주한 이번 공사는 하노이 수도권과 남부도로와 베트남 북부 핵심경제구역의 하이퐁 항구를 연결하는 동서축 고속도로를 짓는 사업이다. 하노이 흥엔 하이증 및 하이퐁 4개의 주요 거점도시를 신속하게 연결해 물류의 효율성 제고 및 베트남 북부지역의 균형적 경제발전을 도모하는 베트남 최대 도로건설 프로젝트라는 게 관계자의 설명이다. 이번에 경남기업이 수주한 고속도로는 총 105.5Km 중 15Km 6차선 공사이며 기간은 착공 후 36개월이 소요될 것으로 보인다. 베트남 개발은행 재원으로 추진되며 공사대금의 10%인 약 171억원이 선수금으로 수령될 예정이다. 경남기업 관계자는 중국 업체들과의 치열한 경쟁을 통해 낙찰을 받았다 라며 워크아웃 졸업 후 첫 해외수주라는 점에서 의의가 크다. 앞으로도 베트남 스리랑카 등 해외사업장에서 정부재원 또는 차관공사 등 양질의 공사 수주에 최선을 다할 것 이라 말했다.,https://news.naver.com/main/read.nhn?mode=LSD&mid=shm&sid1=260&oid=277&aid=0002622731,284
261409,2011.06.14. 오전 11:04,부동산,한국경제TV,대우건설 말레이시아 1.9억달러 호텔공사 수주,대우건설이 말레이시아에서 1억 9천만 달러 규모의 호텔 공사를 수주했습니다. 대우건설은 서종욱 사장이 지난 13일 말레이시아를 방문해 쿠알라룸푸르 반다라야 지구에 48층짜리 6성급 호텔과 레지던스를 건설하는 원 IFC 프로젝트를 수주했다고 밝혔습니다. 총 공사 금액은 1억 9천만 달러이며 발주처는 말레이시아 최대 규모의 부동산 투자개발회사인 MRCB와 CMY 캐피탈의 합작회사인 원 IFC 레지던스입니다. 대우건설 관계자는 이번 수주로 말레이시아에서 총 11개 프로젝트 16억 달러의 수주고를 기록하며 말레이시아 건축 시장에서 강자의 위치를 재확인했다 고 말했습니다. 한편 대우건설은 올 들어 약 15억 6천만 달러의 수주고를 올려 올해 해외 수주목표 53억 달러 달성 전망을 밝게 하고 있습니다.,https://news.naver.com/main/read.nhn?mode=LSD&mid=shm&sid1=260&oid=004&aid=0002082016,284
261410,2011.06.14. 오전 11:03,부동산,뉴시스,국토부 리츠 관리감독 강화 나선다,서울 뉴시스 김형섭 기자 부동산투자회사 리츠 에 대한 관리감독이 대폭 강화된다. 국토해양부는 리츠에 대한 인가심사 및 관리감독을 대폭 강화하겠다고 14일 밝혔다. 리츠는 최근 부동산 시장 침체와 PF사업의 어려움으로 주목을 받고 있다. 2009년 6월 2개에 불과했던 자기관리리츠는 현재 18개까지 늘어난 상태이며 영업인가 심사 중인 자기관리리츠도 15개에 달한다. 그러나 투자자 모집이나 상장을 목적으로 사업실현 가능성이 불투명한 리츠의 영업인가 신청이 증가하고 부실 운영으로 일부 리츠가 상장폐지 돼 리츠의 신뢰성 훼손이 우려되고 있다. 이에 따라 국토부는 앞으로 자기관리 리츠의 영업인가 심사시 인허가 부서 협의 및 현장실사를 의무적으로 실시키로 했다. 해당 부동산 개발사업에 대한 지구단위계획 변경 가능성 개발제한구역 해제 가능성 등에 대해 지자체 및 인허가부서의 의견조회 후 적정하다고 판단되는 경우에만 인가할 예정이다. 특히 투자위험이 높은 개발전문 리츠에 대해서는 영업인가시 투자부동산에 대한 현장실사를 의무적으로 실시하고 매도자나 경영진과의 인터뷰도 진행키로 했다. 아울러 영업인가 후에는 인가시의 초기사업 변경을 엄격히 제한하고 감정평가를 의무화할 방침이다. 이와 함께 국토부는 리츠 및 자산관리회사 AMC 의 운용실태에 대한 정기조사를 확대하고 위법행위 적발시에는 시정명령 업무정지 영업인가 취소 등의 조치를 취할 계획이다. 이밖에도 일반 기업에 비해 상당히 완화돼 있는 자기관리리츠에 대한 주식시장 상장요건을 강화하는 방안을 한국거래소와 협의 중이다. 국토부 관계자는 리츠의 도덕적 해이를 막고 리츠 시장의 지속가능성 확보를 위해 이번 관리감독 강화방안을 마련한 것 이라며 리츠의 건전한 육성을 통해 투기적 부동산 시장을 안정적인 투자시장으로 전환하는 노력도 할 계획 이라고 말했다.,https://news.naver.com/main/read.nhn?mode=LSD&mid=shm&sid1=260&oid=003&aid=0003908369,284
261411,2011.06.14. 오전 11:03,부동산,매일경제,나는 뉴코아에서 월세 받는다,선임대후분양으로 “치솟는 물가 불안한 연금 한번에 해결했어요” 가정주부 이모씨 49세 는 남편 월급 이외에 소형매장 3개를 뉴코아에 임대주고 매달 300만 원 가량의 임대수익을 올리고 있다. 내 집 마련과 함께 소액의 수익상가를 먼저 사둔 것이 남들과 차별화된 재테크 전략이라고 말한다. 월급만으로 물가상승 자녀교육비 급증과 노후대책을 동시에 감당하기는 불가능하다는 것이다. 베이비붐 세대의 대규모 은퇴와 보금자리주택 등 정부의 적극적인 임대주택 공급으로 점차 주택가격은 하락할 전망이지만 빨라지는 정년과 평균수명연장 등은 노후생계를 위협하므로 생계유지수입원 확보에 빨간불이 들어왔다. 이런 상황에서 선임대후분양에 수익률 보장까지 되는 임대수익의 2중·3중 안정장치가 돼있는 부천터미널 소풍은 성업을 이루고있다. 등기 이전 받고 10년동안 뉴코아에서 월세 받아…. 소풍은 신도시의 탁월한 입지와 이랜드 그룹 뉴코아 킴스클럽이 10년 임대의 장기 계약조건으로 입점 임대계약기간 2009.9 2019.9 함으로써 10년동안 공실 및 건물관리 염려 없이 대기업으로부터 안정적으로 월세를 받을 수 있다. 실투자금 7천만 원대 매장을 분양 받으면 기다릴 필요 없이 등기 이전 후 바로 보증금과 익월 최저 85만 원 120만 원의 임대수익이 지급된다. 롯데백화점 본점 약 7.8배의 대규모 유통센터로 알려진 이곳은 현재 부천종합터미널과 11개관의 프리머스영화관 컨벤션웨딩홀 스포츠 센터가 단일건물 내 입점해 집객파워 및 매출 시너지가 무엇인지 보여주고 있다. 이중 1층부터 5층 까지 도심형 최대 프리미엄 아울렛인 뉴코아와 킴스클럽이 입점한 매장을 등기분양 한다. 이랜드가 선점한 이곳은 교통의 요지이며 지하철1호선과 2012년 개통예정인 7호선 상동역의 더블 역세권 형성으로 상권성장 잠재력과 시세차익이 기대되는 곳이다. 현재 완공 후 영업중인 것을 분양 받으므로 투자 후 바로 수익이 발생하고 소유권 이전 받기 전까지 분양대금을 한국자산신탁에서 안전하게 관리 해준다는 것이 투자자들이 선호하는 큰 이유중에 하나다. 분양문의 1588 4937 위 내용은 매경닷컴의 편집방향과 무관하며 해당업체에서 제공한 보도자료입니다. ⓒ 매일경제 mk.co.kr 무단전재 및 재배포 금지 MBA도 모바일로 공부한다.,https://news.naver.com/main/read.nhn?mode=LSD&mid=shm&sid1=260&oid=009&aid=0002484003,284
261412,2011.06.14. 오전 11:03,부동산,한국경제TV,경남기업 베트남 고속도로공사 1710억원 수주,경남기업이 베트남으로부터 1710억원 규모의 하노이 하이퐁 고속도로 4공구에 대한 낙찰통지서 LOA 를 받았습니다. 베트남 인프라 개발 및 재무투자회사가 발주한 이번 공사는 하노이 수도권과 남부 도로와 베트남 북부 핵심경제구역의 하이퐁 항구를 연결하는 동서축 고속도로입니다. 이번에 수주한 고속도로는 총 105.5Km 중 경남기업은 15Km 6차선 공사를 낙찰 받았으며 공사기간은 착공후 36개월이 소요될 예정입니다. 이번 공사는 베트남 개발은행 재원으로 추진되며 공사대금의 10%를 선수금 약 171억원 으로 수령할 예정이어서 해외사업에 따른 리스크를 최소화했습니다. 경남기업 관계자는 “중국 업체들과의 치열한 경쟁을 통해 낙찰을 받았는데 이는 경남기업이 보유한 풍부한 해외건설 시공경험 및 경쟁력이 이번 수주에 큰 도움이 됐다”며 “앞으로도 기진출해 있는 해외사업장 베트남 스리랑카 에티오피아 알제리 U.A.E 사우디 등 에서 정부재원 또는 차관공사 등 양질의 공사 수주에 최선을 다할 것 이라고 밝혔습니다.,https://news.naver.com/main/read.nhn?mode=LSD&mid=shm&sid1=260&oid=004&aid=0002082015,284
261413,2011.06.14. 오전 11:02,부동산,뉴시스,대우건설 말레이시아 호텔공사 수주,서울 뉴시스 김형섭 기자 대우건설은 지난 13일 말레이시아 쿠알라룸푸르 반다라야에 지하 3층 지상 48층 규모의 6성급 호텔 및 레지던스를 건설하는 원 IFC 프로젝트 One IFC Project 를 수주했다고 14일 밝혔다. 이 호텔은 말레이시아 최초의 6성급 호텔이다. 쿠알라룸푸르의 중앙역인 KL센트럴역 앞에 들어선다. 총 공사 금액은 1억9000만달러로 발주처는 말레이시아 최대 규모의 부동산 투자개발회사인 MRCB와 CMY 캐피탈의 합작회사인 원 IFC 레지던스다. 대우건설 관계자는 그동안 말레이시아에서 많은 공사를 수행하며 보여준 기술력이 발주처로부터 높은 점수를 받았다 고 말했다. 대우건설은 이번 수주로 말레이시아에서 총 11개 프로젝트 16억달러의 수주고를 기록중이다.,https://news.naver.com/main/read.nhn?mode=LSD&mid=shm&sid1=260&oid=003&aid=0003908368,284
261414,2011.06.14. 오전 11:02,부동산,아시아경제,강남 매매가 대비 전세가율 통계와 현장이 서로 다른 이유는,아시아경제 진희정 기자 현장에서 느끼는 체감과 통계상 수치 사이의 거리가 크다. 현재 86㎡형 아파트의 매매가는 8억원이며 전세가는 4억5000만원에 형성돼 있어 벌써 매매가의 57%선까지 전세가가 올랐다” 대치동 도곡렉슬 인근 L공인중개사 관계자의 설명이다.강남권 전세값은 사상 최고치로 치달으며 집값의 50%선을 훌쩍 넘고 있다. 방학을 이용한 학군 이동과 가을 이사철에 재건축 이주 수요까지 겹치며 전세가율은 60%선에 넘어설 것이란 전망도 고개를 들고 있다. 즉 집값 상승 압력이 더욱 고조돼 전세수요가 집 구입으로 옮겨붙을 가능성이 높아진다는 것을 의미한다. 그러나 현장의 목소리와는 달리 각종 통계는 현실을 반영하지 못하고 있다. KB국민은행의 주택가격동향조사 에 따르면 5월말 현재 서울 전세가율은 47.0%이다. 이 가운데 강남 11개구 전세가율은 42.1%를 기록했다. 기록상으로는 상승 압력이 전혀 없어 보인다. 여기서 주거 환경이 열악한 재건축 예정 아파트를 제외할 경우 사정은 달라진다. 개포동 개포주공 3단지 전용 35㎡의 경우 최근 매매가는 6억6000만원이다. 하지만 이 아파트의 전셋값은 7000만원에 불과하며 전세가율은 10%를 조금 넘는다. 강남권 전체 전세가 전체 평균을 끌어 내리고 있다. 인기 높은 강남권 신규 아파트의 경우 전세가율은 이미 50%를 넘은 상태로 일부 아파트는 60%선까지 돌파했다. 다음달 입주 2년차를 맞는 래미안 퍼스티지 인근 H공인에 따르면 2년전 84㎡기준 4억5000만원에서 현재 전세 호가가 8억원으로 올랐다 며 전세물건이 나오지 않고 있어 비싼 가격에도 바로 계약이 이뤄지고 있다 고 말했다. 현재 매매가 15억5000만원과 비교할 때 50%를 넘는 전세가율을 보이고 있다. 현장에서는 연내 강남권 전세가율이 60%선을 돌파할 것으로 내다보고 있다. 이미 방학 학군 이동과 가을 이사철 수요가 전셋값을 끌어 올리고 있는 가운데 재건축 이주 수요까지 가세한 상황이다. 따라서 통계상 착시현상으로 상승 압력이 전혀 없어 보인다. 지난달 23일 관리처분계획안을 통과시킨 청실아파트는 올 연말까지 1378가구의 이주를 끝내야 한다. 대치동 S공인중개사는 “거래가 전혀 없다가 재건축 관리처분계획안이 통과되자 마자 전세 문의가 빗발치고 있다”며 “주변 단지마다 쌓아두었던 물건이 소진되고 있다”고 말했다. 이어 “최근 강남권에 신규 공급이 부족하기에 앞으로 매매가 대비 전세가율이 60%를 넘어설 수도 있다 고 덧붙였다. 학군이동과 재건축 이주수요 등 하반기 전세시장을 흔들 변수가 여전히 남아있기 때문이다. 여기에 위험 수준까지 올라온 가계 부채를 줄이기 위해 한국은행이 빼든 기준 금리 인상도 전세값 상승에 가속도를 붙일 것으로 예상된다. 대출 금리 인상분을 전셋값에 전가시킬 수 있다는 지적이다. 이에 대해 리얼투데이 양지영 팀장은 강남권의 경우 매매가가 타 지역에 비해 높은 편이지만 전세값은 재건축이 포함돼 있어 평균적으로 낮을 수밖에 없다 며 인기 높은 아파트의 경우 전세가가 높은데다 금리인상의 여파로 대출 금리 인상분을 전셋값에 전가시킬 수 있다 고 풀이했다.,https://news.naver.com/main/read.nhn?mode=LSD&mid=shm&sid1=260&oid=277&aid=0002622726,284
261415,2011.06.14. 오전 11:00,부동산,연합뉴스,국토부 자기관리 리츠 관리감독 강화,영업인가 심사시 현장 실사 인터뷰 진행 서울 연합뉴스 서미숙 기자 앞으로 자기관리리츠의 영업인가 심사시 의무적으로 현장 실사가 진행되고 상시 준법감시 활동이 강화된다. 국토해양부는 부동산투자회사 리츠 의 도덕적 해이와 부실 운영을 막기 위해 이와 같은 내용으로 관리 감독을 강화한다고 14일 밝혔다. 국토부에 따르면 현재 자기관리리츠는 총 18개가 설립돼 있으며 15개의 영업인가 심사가 진행중이다. 국토부는 우선 자기관리 리츠의 영업인가 심사시 인허가 부서 협의와 현장 실사를 의무적으로 진행하기로 했다. 이를 통해 해당 부동산 개발사업에 대한 지구단위계획 변경 가능성이나 개발제한구역 해제 가능성 등을 관련 지자체 등에 조회한 후 적정하다고 판단되는 경우에만 인허가를 해줄 방침이다. 특히 투자위험이 높은 개발전문 리츠에 대해서는 투자 부동산에 대한 현장실사는 물론 매도자 경영진 등과의 인터뷰도 진행하기로 했다. 영업인가 후에는 인가시의 초기사업 변경을 엄격히 제한하고 감정평가를 의무화해 토지매입가를 부풀리지 못하도록 한다. 리츠 및 자산관리회사 AMC 의 운용실태에 대한 정기조사를 확대하고 상장리츠 및 상장예정리츠에 대한 불시검사도 강화할 방침이다. 국토부는 한국거래소 등 관계 기관과 협의해 자기관리리츠에 대한 주식시장 상장요건을 강화하는 방안도 추진하기로 했다. 국토부 백기철 부동산산업과장은 최근 리츠 설립이 활기를 띠면서 사업실현 가능성이 불투명한 리츠의 영업인가 신청이 늘어나고 운영주체의 도덕적 해이로 운영이 부실해지는 등의 문제가 발생하고 있다 며 리츠의 관리감독을 강화해 건전한 육성을 유도할 방침 이라고 말했다.,https://news.naver.com/main/read.nhn?mode=LSD&mid=shm&sid1=260&oid=001&aid=0005111446,284
261416,2011.06.14. 오전 11:00,부동산,헤럴드경제,‘친환경 초일류’쌍용…싱가포르서 그린마크 플래티넘 인증,W호텔 ‘키사이드 아일’ 쌍용건설 회장 김석준 이 해외 건축시장에서 ‘친환경’ 최일류 기업의 명성을 확고히 다지고 있다. 14일 쌍용건설은 싱가포르에서 시공중인 ‘W호텔’의 명품 부띠끄 센터 ‘키사이드 아일 Quayside Isle ’이 최근 싱가포르 건설청 BCA 으로부터 그린마크 Green Mark 최상위 등급인 플래티넘 인증을 받았다고 밝혔다. BCA 그린마크는 싱가포르 정부가 시행하는 건축 관련 세계 최고 권위의 친환경 인증제도다. 쌍용건설이 올해 1월 단독 수주한 ‘키사이드 아일’ 조감도 은 햇빛을 받는 건물 전면에 열전도율이 낮은 이중 특수유리를 사용 실내 온도 24℃를 유지하기 위한 냉방 전력량이 일반 건물의 절반 수준에 불과한 것이 최대 특징이다.,https://news.naver.com/main/read.nhn?mode=LSD&mid=shm&sid1=260&oid=016&aid=0000386549,284
261417,2011.06.14. 오전 11:00,부동산,서울경제,경남기업 베트남 고속도로 공사 수주,경남기업이 워크아웃 졸업 이후 첫 번째 해외공사를 수주했다. 경남기업은 베트남 하노이∼하이퐁 고속도로 4공구에 대한 낙찰통지서 LOA 를 받았다고 14일 밝혔다. 하노이 하이퐁 고속도로는 수도 하노이와 베트남 북부 핵심경제구역인 하이퐁 항구를 연결하는 동서축 고속도로다. 이 도로는 앞으로 하노이ㆍ흥엔ㆍ하이증ㆍ하이퐁 등 4개 주요 거점도시를 신속하게 연결함으로써 베트남 균형발전의 대동맥 역할을 하게 된다. 경남기업은 이번에 총 105.5㎞의 도로 중 15㎞ 구간에 대한 공사를 낙찰 받았으며 공사비는 한화로 약 1 710억원 공사기간은 착공 후 36개월이다. 공사대금의 10% 171억원 는 선수금으로 수령한다.,https://news.naver.com/main/read.nhn?mode=LSD&mid=shm&sid1=260&oid=011&aid=0002159728,284
261418,2011.06.14. 오전 11:00,부동산,파이낸셜뉴스,리츠 영업심사 및 관리감독 대폭 강화한다,앞으로 자기관리 부동산투자회사 리츠 가 영업인가를 받기 위해서는 투자부동산에 대한 현장실사가 의무적으로 이뤄지고 매도자 경영진과의 인터뷰도 진행되는 등 심사가 대폭 강화된다. 국토해양부는 최근 사업실현 가능성이 불투명함에도 투자자 모집 및 상장을 주된 목적으로 하는 영업인가 신청이 증가함에 따라 리츠에 대한 인가심사 및 관리감독을 대폭 강화하는 내용의 ‘리츠 관리감독 강화 방안’을 14일 발표했다. 국토부가 리츠 관리감독을 강화하기로 한 것은 지난 2009년 6월 2개에 불과했던 자기관리 리츠가 현재 18개로 늘고 영업심사 중인 자기관리 리츠도 15개에 달할 만큼 리츠 설립이 크게 증가했지만 운영주체들의 도덕적해이로 일부 리츠가 상장폐지 진행을 밟는 등 신뢰성이 크게 하락하고 있기 때문이다. 이에따라 국토부는 자기관리 리츠의 영업인가 심사때 인허가부서 협의 및 현장실사를 의무적으로 실시하기로 했다. 해당 부동산 개발사업에 대한 지구단위계획 변경 가능성 개발제한구역 해제 가능성 등에 대해 관련 지자체 및 인허가부서 의견조회 후 적정하다고 판단되는 경우에만 인가하기로 했다. 특히 투자위험이 높은 개발전문 리츠에 대해서는 영업인가시 현장실사를 의무적으로 실시하고 매도자경영진 등과의 인터뷰도 진행하기로 했다. 또 영업인가 후에는 인가받은 초기사업의 변경을 엄격히 제한해 안정적인 사업추진을 도모하도록 했다. 감정평가도 의무화 해 토지매입가격을 부풀릴 가능성을 원천 차단하기로 했다. 리츠 상시 감독체계도 구축하고 준법감시 활동도 강화된다. 국토부는 리츠 및 자산관리회사 AMC 의 운용실태에 대한 정기조사를 확대 실시해 위법행위 적발시 시정명령 업무정지 영업인가 취소등 엄격한 조치를 취하고 상장 리츠 및 상장예정 리츠에 대한 불시검사를 실시해 투자자 보호 및 이해상충방지를 위한 감독도 강화한다. 리츠사의 결재 절차에서 대표이사 결재 이전에 법령상 규정하고 있는 준법감시인의 업무수행 범위내에서 준법감시인이 결재 절차를 이행하도록 하고 인감관리 회계처리 등 자기관리 리츠의 일부 사무업무에 대해서는 외부위탁 권고도 검토하기로 했다. 국토부는 또 일반기업에 비해 상당히 완화돼 있는 자기관리리츠에 대한 주식시장 상장요건 강화도 한국거래소 등 관계기관과 협의중이다. 국토부 관계자는 “이번 감독강화 방안은 리츠의 도덕적 해이 방지와 리츠 시장의 지속가능성 확보를 위한 것”이라며 “리츠의 건전한 육성을 통해 투기적 부동산 시장을 안정적인 투자시장으로 전환하기 위한 노력도 병행할 계획”이라고 말했다.,https://news.naver.com/main/read.nhn?mode=LSD&mid=shm&sid1=260&oid=014&aid=0002456165,284
261419,2011.06.14. 오전 11:00,부동산,이데일리,리츠 영업인가·사업변경 까다로워진다,국토부 리츠 관리감독 강화방안 발표 이데일리 이태호 기자 앞으로는 부동산투자회사 이하 리츠 영업인가를 받을 때 훨씬 까다로운 절차를 밟아야 할 전망이다. 14일 국토해양부는 리츠 인가심사와 관리감독을 대폭 강화하는 내용의 리츠 관리감독 강화방안 을 발표했다. 투자자 모집을 주된 목적으로 사업 실현가능성이 불투명한 리츠의 영업인가 신청이 늘고 운영주체들의 도덕적 해이로 인한 부실한 운영 등으로 일부 리츠가 상장폐지 절차를 밟게 된 데 따른 우려를 반영한 조치다. 이에 따라 국토부는 앞으로 자기관리리츠의 영업인가 심사시 인허가 부서 협의와 현장실사를 의무적으로 실시할 예정이다. 해당 부동산 개발사업에 대한 지구단위계획 변경 가능성 개발제한구역 해제 가능성 등에 대해 관련 지자체 의견을 조회하고 적정하다고 판단하는 경우에만 인가가 이뤄진다. 특히 투자위험이 높은 개발전문 리츠에 대해서는 현장실사를 의무적으로 실시하고 매도자·경영진 인터뷰도 진행할 계획이다. 아울러 영업인가 후에는 인가시의 초기사업 변경을 엄격히 제한키로 했다. 감정평가 의무화 등을 통해 토지매입가를 부풀릴 가능성도 원천 차단한다. 또 리츠와 자산관리회사 AMC 의 운용실태에 대한 정기조사를 확대 실시해 위법행위 적발시 시정명령 업무정지 영업인가 취소 등 엄격한 조치를 취할 예정이다. 상장리츠나 상장예정리츠에 대한 불시검사를 실시해 투자자 보호와 이해상충방지를 위한 감독도 강화한다. 국토부는 리츠의 도덕적 해이 방지와 리츠 시장의 지속가능성 확보를 위해 이번 관리감독 강화 방안을 마련했다 고 말했다.,https://news.naver.com/main/read.nhn?mode=LSD&mid=shm&sid1=260&oid=018&aid=0002452080,284
261420,2011.06.14. 오전 11:00,부동산,머니투데이,대구혁신도시 중앙신체검사소 내일 착공,머니투데이 이군호 기자 국토부 해양경찰학교 여수 ·산림항공본부 원주 도 첫삽 ↑대구혁신도시에 건설되는 중앙신체검사소 조감도 대구혁신도시로 이전하는 병무청 중앙신체검사소가 첫 삽을 뜬다. 국토해양부와 병무청 청장 김영후 은 오는 15일 대구혁신도시 사업지구 내에서 중앙신체검사소 기공식을 개최한다고 14일 밝혔다. 중앙신체검사소는 병역의무자의 병역면제 판정과 정밀신체검사를 받는 최종 병역판정기관이다. 이전 완료시 연간 1만3000여명의 병역 의무자와 동반가족이 대구를 방문할 것으로 국토부는 내다봤다. 청사 건축공사가 시작되면 지역건설사가 총 건축공사비의 40% 이상을 수주하게 돼 지역경제 활성화와 고용창출에 기여할 것으로 기대된다. 실제 중앙신체검사소는 공사비 107억원을 지역건설사가 전액 수주했고 앞으로 한국가스공사 등 대구혁신도시로 이전하는 공공기관 건축공사비 5000억원 중 2000억원 이상을 지역건설사가 수주할 것으로 보인다. 국토부는 중앙신체검사소 기공식과 함께 해양경찰학교 여수 개별이전기관 산림항공본부 원주 개별이전기관 등 3개 공공기관도 같은 날 기공식을 한다고 밝혔다. 국토부 관계자는 올해 80개 공공기관의 청사 착공을 추진해 공공기관의 지방이전을 본격화하고 지역별 혁신도시 건설에 박차를 가하겠다 고 말했다.,https://news.naver.com/main/read.nhn?mode=LSD&mid=shm&sid1=260&oid=008&aid=0002554842,284
261421,2011.06.14. 오전 11:00,부동산,머니투데이,잇단 추문 부실 리츠 발 못붙인다,머니투데이 이군호 기자 국토부 리츠 관리감독 강화방안 발표…영업인사심사 강화 및 정기조사 확대 다산리츠 상장폐지 골든나래리츠 검찰 수사 코리얼리츠 최소자본금 미충족 등 개발전문 자기관리리츠의 부실 운영과 신뢰성 훼손이 잇따르자 정부가 리츠에 대한 관리감독을 강화하고 나섰다. 자기관리리츠의 영업인가 심사 때 인·허가 부서 협의와 현장실사를 의무적으로 실시하고 리츠와 자산관리회사 AMC 운용실태에 대한 정기조사도 확대하는 등 부실원인을 사전에 막기로 했다. 국토해양부는 14일 리츠 인가심사와 관리감독을 대폭 강화하는 내용의 리츠 관리감독 강화방안 을 발표했다. 이번 방안은 최근 운영주체들의 도덕적 해이로 인한 리츠 부실 운영과 신뢰성 훼손 등이 이어진데 따른 조치다. 실제 다산리츠는 임원 개인비리로 오는 24일 상장폐지가 결정됐고 골든나래리츠는 주가조작 혐의로 검찰의 수사를 받고 있는 것으로 알려졌다. 코리얼리츠는 최소자본금을 충족하지 못해 리츠 최초로 영업인가가 취소됐다. 그동안 국토부는 최소자본금을 충족하지 못할 경우 대부분 기한을 연장해줬지만 이번에는 경종을 울리기 위해 영업인가를 취소했다. 이처럼 자기관리리츠의 문제점이 속속 노출되자 국토부는 리츠 관리감독 강화방안 을 통해 시장 정화에 나섰다. 강화방안에 따르면 우선 자기관리리츠의 영업인가 심사 때 인·허가 부서 협의와 현장실사를 의무적으로 실시하기로 했다. 해당 부동산 개발사업에 대한 지구단위계획 변경 가능성 개발제한구역 해제 가능성 등에 대해 관련 지자체와 인·허가 부서의 의견을 조회한 뒤 적정하다고 판단되는 경우에만 인가를 해준다는 것이다. 특히 투자위험이 높은 개발전문 자기관리리츠에 대해서는 영업인가 때 투자부동산에 대한 현장실사를 의무적으로 실시하고 매도자·경영진 인터뷰도 진행할 계획이다. 영업인가 후에는 초기사업 내용의 변경을 엄격히 제한하고 감정평가 의무화를 통해 토지 매입가를 부풀릴 가능성을 원천차단하기로 했다. 리츠와 AMC 운용실태에 대한 정기조사를 확대 실시해 위법행위를 적발하면 시정명령 업무정지 영업인가 취소 등의 조치를 내릴 예정이다. 상장리츠와 상장예정리츠에 대한 불시검사도 실시해 투자자 보호 및 이해상충 방지를 위한 감독도 강화할 계획이다. 일반기업에 비해 상대적으로 완화돼있는 자기관리리츠에 대한 주식시장 상장요건 강화방안도 한국거래소 등 관계기관과 협의하고 있다. 국토부 관계자는 리츠시장 활성화를 위해 자본금 인하 개발사업 범위 확대 등 규제 완화를 추진해왔으며 앞으로도 이 기조는 유지될 것 이라며 다만 도덕적 해이 방지와 시장의 지속가능성을 위해 관리감독 강화방안을 마련하게 됐다 고 말했다. 한편 부동산시장과 프로젝트 파이낸싱 PF 침체로 최근 부동산 간접투자기구인 부동산투자회사 리츠 가 새로운 대안으로 주목받으면서 2009년 2개에 불과했던 자기관리리츠는 현재 18개로 늘었다. 영업인가 심사 중인 자기관리리츠도 15개에 달한다. 국토부는 자기관리리츠가 급증함에 따라 사업계획이 부실한 리츠 3건을 불인가 처리하는 등 관리감독을 강화해왔다.,https://news.naver.com/main/read.nhn?mode=LSD&mid=shm&sid1=260&oid=008&aid=0002554839,284
261422,2011.06.14. 오전 11:00,부동산,아시아경제,2011년 도시대상 20일부터 공모,아시아경제 조민서 기자 우리나라 최고의 명품도시는 어딜까 국토해양부가 주최하고 사 대한국토·도시계획학회와 중앙일보사가 공동으로 주관하는 2011년 도시대상 이 전국 230개 기초지자체를 대상으로 20일부터 공모에 들어간다. 도시대상 은 기초지자체가 지난 1년간 도시 공간과 시민의 삶의 질을 개선시키고 도시의 경쟁력을 향상시키기 위해 노력해 온 성과를 평가하는 것이다. 2000년 지속가능한 도시대상 으로 처음 시작해 올해 제12회에 이르렀다. 올해는 UNEP 유엔환경계획 OECD 및 행정안전부의 지역녹색경쟁력지표 등 다양한 국내·외 도시평가 지표를 평가에 반영했다. 도시정책의 트렌드를 선도하기 위해 새로운 도시문제인 고령친화·다문화 부문과 도시기본계획 부문을 추가하는 등 평가지표도 선진화했다. 특히 도시대상의 활성화를 위해 도시대상 평가 결과를 도시계획정보체계 UPIS 구축사업 등 지자체 국비지원사업 선정에 반영하기로 했다. 이에 국토부는 도시대상의 우수사례를 전파해 모든 지자체가 공유하고 지자체의 응모편의를 돕기 위해 담당공무원을 대상으로 15일 성과토론회 및 사전설명회를 개최한다. 이번 설명회에서는 지난해 도시대상 수상도시 군산시 광주 북구 서울 송파구 의 우수사례를 발표하고 올 해 달라진 평가내용 및 응모요령·확대된 인센티브 등에 대해 상세히 설명할 예정이다. 올해 도시대상은 6월20일부터 7월22일까지 공모기간을 거쳐 응모 지자체에 대해서는 8 9월 전문가의 서류평가 및 실사 평가를 실시한 후 10월10일 도시의 날에 시상할 계획이다. 행사는 지난해 도시대상 대통령상 수상도시인 전북 군산시 시장 문동신 에서 개최된다.,https://news.naver.com/main/read.nhn?mode=LSD&mid=shm&sid1=260&oid=277&aid=0002622721,284
261423,2011.06.14. 오전 11:00,부동산,아시아경제,중앙신체검사소 대구 혁신도시에 첫 삽..15일 기공식,아시아경제 조민서 기자 대구혁신도시 사업으로는 처음으로 중앙신체검사소가 공사에 들어간다. 병무청은 15일 대구혁신도시 사업지구 내에서 중앙신체검사소 기공식을 연다고 14일 밝혔다. 이날 기공식에는 김영후 병무청장을 비롯한 김범일 대구광역시장 유승민 국회의원 오정석 육군 제2 작전사령부 부사령관 박무익 지역발전위원회 지역개발국장 및 지역주민 등이 참석할 예정이다. 중앙신체검사소는 병역의무자의 병역면제 판정 및 정밀신체검사를 받는 최종 병역판정기관이다. 대구혁신도시로 이전이 완료되면 연간 1만3000여명의 병역 의무자와 동반가족이 이 지역을 방문하게 될 것으로 보인다. 총 건축공사비 107억원은 전액 지역업체가 수주했다. 이밖에도 한국가스공사 등 대구 혁신도시로 이전하는 공공기관 건축공사비 약 5000억원 중 2000억원 이상이 지역건설업체가 수주할 것으로 전망된다. 현재 국가계약법시행령에 따라 혁신도시 청사 건축공사는 지역건설회사가 총 건축공사비의 40% 이상을 공동도급하도록 돼 있다. 또 신재생 에너지는 10% 이상 사용하고 기존 건축물 대비 에너지 사용량은 40% 절감하는 에너지 절약형 녹색 청사로 건축해야 한다. 대구 중앙신체검사소 이외에도 해양경찰학교 여수 개별이전기관 산림항공본부 원주 개별이전기관 등이 같은 날인 15일 기공식을 개최한다. 국토부 관계자는 올해 80개 공공기관의 청사착공을 추진해 공공기관의 지방이전을 본격화하고 지역별 혁신도시 건설에 박차를 가할 예정 이라고 말했다.,https://news.naver.com/main/read.nhn?mode=LSD&mid=shm&sid1=260&oid=277&aid=0002622718,284
261424,2011.06.14. 오전 11:00,부동산,아시아경제,리츠 영업인가 심사 강화된다,아시아경제 조민서 기자 부동산 간접투자기구인 부동산투자회사 리츠·Reits 에 대한 감독이 강화된다. 영업인가 심사나 인허가 단계에서 의무적으로 현장실사를 해야 하고 운용실태에 대해서도 정기조사도 확대 실시된다. 국토해양부는 이 같은 내용을 담은 리츠 관리감독 강화방안 을 14일 발표했다. 그간 국토부는 사업계획이 부실하거나 최저자본금을 충족하지 못한 리츠 등에 대해 불인가나 인가 취소처분을 해왔다. 그러나 투자자 모집 및 상장을 주된 목적으로 사업실현 가능성이 불투명한 리츠의 영업인가 신청이 여전히 늘고 있어 관리감독 강화의 필요성이 제기된 상태다. 이번 방안에 따르면 자기관리 리츠의 경우 영업인가 심사 단계에서 인허가 부서 협의 및 현장실사가 의무적으로 실시된다. 해당 부동산 개발사업에 대한 지구단위계획 변경 가능성 개발제한구역 해제 가능성 등에 대해 관련 지자체 및 인허가부서의 의견조회 후 적정하다고 판단되는 경우에만 인가한다. 특히 투자위험이 높은 개발전문 리츠는 영업인가시 투자부동산에 대한 현장실사를 의무적으로 실시하고 매도자·경영진 등과의 인터뷰도 진행할 계획이다. 또 영업인가 후에는 인가시의 초기사업 변경을 엄격히 제한해 안정적인 사업추진을 도모하며 감정평가를 의무적으로 진행해 토지매입가를 부풀릴 가능성을 차단한다는 방침이다. 리츠 운영에 대한 감시도 강화한다. 리츠 및 자산관리회사 AMC 의 운용실태에 대한 정기조사를 확대 실시해 위법행위 적발시 시정명령 업무정지 영업인가 취소 등 엄격한 조치를 취한다. 상장리츠 및 상장예정리츠에 대한 불시검사를 실시해 투자자 보호 및 이해상충방지를 위한 감독도 강화할 예정이다. 아울러 윤리강령·이해상충·주식거래 등 관련 임직원 교육프로그램을 실시해 리츠 내부의 준법감시 활동 및 내부통제 능력 향상을 유도한다. 리츠사의 결재 절차에서 준법감시인이 결재 절차를 이행토록 하고 인감관리·회계처리 등 자기관리리츠의 일부 사무업무에 대해서는 외부위탁 권고도 검토할 계획이다. 국토부는 일반 기업에 비해 상당히 완화돼 있는 자기관리리츠에 대한 주식시장 상장요건 강화방안도 한국거래소 등 관계기관과 협의 중 이며 리츠의 도덕적 해이 방지와 리츠 시장의 지속가능성 확보를 위해 이번 관리감독 강화방안을 마련했다 라고 말했다. 한편 리츠는 최근 부동산시장 안정 및 프로젝트파이낸싱 PF 사업 침체로 새로운 부동산 투자수단으로 주목받고 있다. 2009년 6월 2개에 불과했던 자기관리리츠는 현재 18개이며 영업인가 심사 중인 것도 현재 15개에 달한다. 6월 현재 총 리츠 수는 65개며 자산규모는 7조4000억원이다.,https://news.naver.com/main/read.nhn?mode=LSD&mid=shm&sid1=260&oid=277&aid=0002622712,284
261425,2011.06.14. 오전 10:59,부동산,머니투데이,LH 서울서초·인천영종·김포한강 조성용지 공급,머니투데이 이군호 기자 한국토지주택공사 LH 는 서울 서초지구 준주거·업무시설용지 5필지 인천 영종하늘도시 단독주택용지 283필지 김포 한강신도시 공동주택용지 1필지 등 다양한 수도권용지를 공급한다고 14일 밝혔다. 서울 서초지구 용지는 5필지 1만4260㎡로 보금자리주택지구에서 최초로 공급되는 준주거 3필지 및 업무시설용지 2필지 다. 대금납부는 계약 때 낙찰가의 10%를 계약금으로 납부하고 중도금은 3년동안 6개월 간격으로 15%씩 6회 분할납부하면 된다. 토지사용 가능시기는 2012년 6월 30일 이후며 인근 우면2지구와 함께 수용인구 7000가구 2만명이 이용하는 중심상권이 될 것으로 예상되고 있다. 분양신청은 23 24일 LH 토지청약시스템 hp buy.lh.or.kr 에서 가능하며 24일 개찰 및 낙찰자 발표를 거쳐 28 29일 LH 서초직할사업단에서 계약을 체결한다. 인천 영종하늘도시 단독주택용지는 점포겸용 161필지와 주거전용 122필지로 공급공고일 현재 인천시에 거주하는 무주택세대주가 1순위 일반실수요자가 2순위로 신청가능하다. 토지사용시기는 2012년 6월 말로 2012년 7월부터 시작되는 아파트 주민입주에 맞춰 기반시설을 사용할 수 있다. 23일 1순위 24일 2순위를 대상으로 LH 토지청약시스템 buy.lh.or.kr 을 통해 신청접수를 실시하며 27일 추첨을 거쳐 29일 LH 청라영종사업본부 판매부에서 계약을 체결한다. 영종하늘도시 단독주택지는 대금납부조건을 5년 무이자 할부로 해 계약과 동시에 일시불로 완납하면 14%의 할인효과가 있다. 김포 한강신도시 공동주택용지는 60 85㎡ 분양아파트 550가구를 건축할 수 있으며 면적은 2만9495㎡ 분양가는 619억원이다. 23일 LH 토지청약시스템 buy.lh.or.kr 을 통해 신청접수를 실시하며 24일 추첨을 거쳐 27 28일 LH 김포사업본부 판매부에서 계약을 체결한다.,https://news.naver.com/main/read.nhn?mode=LSD&mid=shm&sid1=260&oid=008&aid=0002554829,284
261426,2011.06.14. 오전 10:56,부동산,경향신문,청주 최저분양가의 중소형아파트 ‘북문로 엘리시아’ 마감 임박,3.3㎡당 570만원대부터...전평형 마감 입박 내집마련 마지막 기회 전용면적 73㎡ 74㎡ 84㎡ 133㎡ 144㎡ 총286세대로 분양중인 북문로 엘리시아는 시청과 도청이 자리하고 무심천과 우암산으로 둘러싸인 청주의 중심에 선보였다. 특히 청주 분양시장의 어려운 환경 속에서도 전평형 마감이 임박해 있다. 특히 청주 성화2지구 다안채 3.3㎡ 평균 670만원대 분양으로 청주 최저 분양가로 분양중인 북문로 엘리시사가 더욱 주목받고 있다. 북문로 엘리시아 드리는 특별한 혜택 최저 570만원대 3.3㎡당 부터 시작되는 합리적인 분양가 중·소형대 평면 위주의 실속형 단지 구성 중도금 60% 무이자 융자 계약금 5% 계약 후 즉시 무제한 전매 가능 대한토지신탁이 시행한 안정성 북문로 엘리시아가 주목받은 이유 중 하나는 입지다. 도심재생사업으로 주목받고 있는 이곳은 무심동로 8차선 확장과 중심 상권인 성안길을 비롯 흥업백화점 홈플러스 육거리시장 CGV 예술의전당 복합문화센터 예정 등을 바로 문 앞에서 누릴 수 있는 생활의 중심이다. 특히 무심천 수변공원이 도보로 약5분 거리에 있고 우암산이 단지에서 약1Km 거리에 있다. 교육환경도 우수하다. 주성초등학교 청주중학교 등이 도보통학 거리에 있고 청주대학교 청소년광장 양업청소년문화센터 예정 등이 바로 인근에 자리하고 있다. 차별화된 외관 디자인과 조망을 고려한 타워형 설계에 이르기까지 엘리시아는 고품격 아파트로 눈길 끌었다. 실수요자를 위한 29 34평면 구성으로 설계해 생활의 가치를 높였으며 랜드마크식 타워형 설계와 최고25층의 탁 트인 전망 채광과 통풍이 우수한 남향 위주 단지 설계 등이 청주시민의 시선을 사로잡았다는 평이다. 대한토지신탁의 시행으로 소비자로부터 믿음을 얻은 것도 성공의 이유 중 하나다. 군인공제회의 자회사인 대한토지신탁은 이미 청평 삼성쉐르빌 부산 문현동 한화 꿈에그린 오산 청호동 엘리시아 등 전국에서 성공적인 분양과 입주로 그 명성을 인정받아온 기업이다. 청주시민들은 제품의 우수성과 완성도로 수도권은 물론 전국에서 이미 알려져 있는 만큼 믿고 분양받을 수 있었다고 한 목소리로 말했다. 선착순 동·호수 지정 계약중에 있다. 분양문의 043 221 2024 본 자료는 해당 업체에서 제공한 보도 자료입니다. 경향신문 ‘오늘의 핫뉴스’ 박근혜의 ‘한마디’와 노무현의 ‘한마디’ 서러운 알바 여대생… 내가 사람이긴 한 건가 무라카미 하루키 “일본의 지옥문 열렸다” “겁많은 여학생이지만 너무 화나고 견딜수없어” 직장인이 부모님께 드리는 용돈… 평균 얼마 취업 면접때 ‘딱 걸리는 거짓말’… 1위는 공식 SNS 계정 경향 트위터 미투데이 페이스북 세상과 경향의 소통 Khross ⓒ 경향신문 경향닷컴 www.khan.co.kr 무단전재 및 재배포 금지 〈경향닷컴은 한국온라인신문협회 www.kona.or.kr 의 디지털뉴스이용규칙에 따른 저작권을 행사합니다.,https://news.naver.com/main/read.nhn?mode=LSD&mid=shm&sid1=260&oid=032&aid=0002141856,284
261427,2011.06.14. 오전 10:56,부동산,헤럴드경제,“공급위축 주범” vs “집값 안전판”,도입 이후 공급량 크게 감소 업계 폐지여론 조성 박차 분양가 급등 소비자에 부담 소비자단체 등은 강력 반대 6월 임시국회가 열리면서 ‘분양가 상한제’ 폐지 논의가 본격화하고 있다. 건설업계는 관련 토론회를 개최하는 등 상한제 폐지를 위한 여론 조성에 박차를 가하고 있다. 민간택지 분양가 상한제 폐지는 정부와 한나라당이 지난 3ㆍ22 부동산 대책에서 4월 임시국회 처리 방침을 천명했지만 끝내 국회 상정이 무산되면서 6월로 미뤄진 상태. 건설업계는 사실상 6월 국회 처리를 위한 배수의 진을 친 모양새다. 논의는 자연스레 상한제의 ‘득과 실’로 모아지는 양상이다. 상한제 실시로 공급이 크게 위축됐다는 건설업체의 주장이 설득력을 얻어가는 가운데 시민단체와 야당은 상한제가 폐지되면 분양가 상승으로 이어져 집값 상승의 도화선이 될 수 있다고 맞서고 있다. 분양가 상한제 폐지를 위한 주된 논거는 상한제 도입 이후 주택 공급이 크게 감소하고 주택 구매 실수요를 위축시켜 전세난을 가중시키는 등 오히러 주거 안정에 부정적 영향을 가져오고 있다는 쪽으로 모아지고 있다. 실제 분양가상한제 도입 이후 민간의 주택공급량은 급감하는 추세. 지난해 2010년 민간주택건설 실적은 25만호로 2007년 대비 37.8% 감소했다. 전국 아파트거래량 또한 2006년 11월 8만9458건이던 것이 지난해 4월에는 5만5586건으로 37.9% 감소했다. 권주안 주택산업연구원 선임연구위원은 “상한제가 폐지될 경우 단기적으로는 분양가격과 기존주택 가격을 상승시킬 수 있지만 장기적으로는 공급확대를 통해 주택가격 안정을 도모할 가능성이 크다”며 “상한제가 폐지되면 서울 지역 집값은 33개월 후 11% 수도권은 36개월 후 5% 떨어진다”고 주장했다. 하지만 반대 여론도 만만치 않다. 상한제 폐지는 곧 분양가 상승으로 이어져 주택 소비자들의 부담을 가중시킬 수 있다는 것. 김성달 경실련 부동산국책사업팀장은 “상한제가 폐지되면 그간 억제되어 오던 분양가가 올라 결국 소비자 부담으로 고스란히 전달될 것”이라고 우려했다. 대한건설협회 등 건설단체들은 지난 13일 정부와 학계 언론계 전문가를 초청해 ‘분양가상한제의 합리적 개선을 위한 정책토론회’를 열었다. 이날 토론회에서는 주택거래 활성화를 위해선 반드시 상한제가 폐지돼야 하지만 당장 전면 폐지가 어렵다면 택지나 건축비 등을 보완해 원가반영율을 높여야 한다는 의견이 제시됐다. 박희철 민주당 의원도 이날 토론회에서 “상한제는 서울 강남 재건축 단지들의 분양가가 폭등하면서 도입된 제도로 이 제도가 폐지될 경우 그때와 같은 일이 반복해서 일어날 것”이라며 “폐지 후 가격폭등에 대한 아무런 대책이 없는 상황에서 상한제 폐지에 반대한다”고 말했다. 하지만 이에 대해 정창무 서울대학교 건설환경공학부 교수는 “주택보급률이 100%를 넘고 저출산ㆍ고령화에 따라 부동산시장이 공급자 우위에서 수요자 우위로 재편되는 시점에서 상한제를 폐지하더라도 분양가격이 크게 올라가기 어려우며 장기적으로는 주택의 원활한 공급을 가져와 시장 안정에 기여할 것”이라고 맞섰다. 한편 6월 임시국회에서는 분양가 상한제 폐지와 함께 전월세 상한제 도입 방안이 동시에 논의돼 절충점을 찾을 수 있을 지 주목된다. 두 차례의 상임위 활동을 거쳐 오는 23일 29일 30일 국회 본회의에서 통과 여부가 최종 확정된다.,https://news.naver.com/main/read.nhn?mode=LSD&mid=shm&sid1=260&oid=016&aid=0000386547,284
261428,2011.06.14. 오전 10:55,부동산,헤럴드경제,올 하반기 최고 분양 블루칩은,예비청약자 대상 설문조사 교통·학군·생활환경 ‘3박자’ 강남권·광교·성남 등 관심 올 하반기 예비청약자들의 관심을 한몸에 받을 최고 ‘블루칩’ 단지는 어디일까 서울은 교통 학군 생활환경 3박자를 두루갖춘 강남권 재건축 단지가 높은 기대를 모았고 경기 및 인천에서는 신도시 광교와 성남시 재개발 현장에 이목이 집중된 것으로 나타났다. 14일 부동산정보업체 닥터아파트가 인터넷 회원 1만 2065명을 대상으로 분양받고 싶은 아파트 ‘베스트5’를 조사한 결과 올 하반기 예비청약자들이 가장 선망하는 단지는 서울 서초구 방배동 ‘롯데캐슬’로 나타났다. ”그 뒤를 울트라건설이 짓는 ‘서초참누리 에코리치’가 이었다. 서초구 우면지구 A1블록에 들어서는 이 단지는 보금자리주택 지구 내 첫 민간아파트. 공급면적 130 213㎡ 총 550가구 규모로 내달 분양이 예정돼 있다. A1블록은 우면산 양재천 등이 인접해 강남권에서 손꼽히게 주거환경이 쾌적하다. 3위에는 현대산업개발이 강남구 역삼동 성보아파트를 재건축한 아이파크가 이름을 올렸다. 오는 10월 전체 411가구 중 83 108㎡ 30가구가 시장에 나온다. 경기ㆍ인천권에서는 광교신도시와 성남시 재개발 단지에 대한 관심이 두드러졌다. 우선 광교 A31블록에 들어서는 ‘광교참누리 총 350가구 ’가 경기권 1위에 올랐다.,https://news.naver.com/main/read.nhn?mode=LSD&mid=shm&sid1=260&oid=016&aid=0000386546,284
261429,2011.06.14. 오전 10:53,부동산,파이낸셜뉴스,GS건설 “한강밤섬자이 4년전 분양가로 모십니다”,GS건설은 서울 마포구 하중동 한강밤섬자이 일부 가구를 4년전 분양가로 신규 분양한다고 14일 밝혔다. 한강밤섬자이는 하중동 101일대를 재건축 한 단지로 지하2층 지상25층 7개 동에 전용면적 84∼168㎡ 488가구로 구성됐다. 이번에 신규 분양되는 물량은 84㎡ 28가구 118㎡ 8가구 132㎡ 10가구 등 총 46가구로 지난 2009년 4월 도시및주거환경정비법 개정에 따라 임대분에서 일반분양분으로 전환된 것이다. 분양가는 84㎡이 3.3㎡당 1987만원 118㎡과 132㎡이 3.3㎡당 2014∼2053만원으로 4년전 분양가격과 비슷하거나 오히려 낮게 책정됐다고 회사측은 설명했다. 한강밤섬자이는 지난 2007년 조합원 물량을 제외한 일반 분양분 118∼168㎡ 75가구 분양 당시 최고 12.7대1의 청약률로 순위내 마감됐었다. 계약금은 5% 중도금 10%이며 잔금 85%는 6개월 후 납입하는 조건이다. 한강밤섬자이는 한강변에 위치해 대부분 동에서 탁트인 한강 전망을 누릴 수 있다는 것이 가장 큰 장점이다. 또 이번 신규 분양물량 중에도 최고 14층도 포함돼 있어 한강조망 프리미엄을 누릴 수 있다. 한강밤섬자이 홈페이지 www.bs xi.co.kr 에 마련된 사이버 모델하우스를 통해 이번에 분양하는 해당 동호수에서 보이는 실제 전망 등을 미리 확인해 볼 수 있다. 오는 17일 단지내 샘플하우스를 일반에 개방한다.,https://news.naver.com/main/read.nhn?mode=LSD&mid=shm&sid1=260&oid=014&aid=0002456154,284
261430,2011.06.14. 오전 10:50,부동산,한국경제,대우건설말레이시아의 첫 6성급 호텔 짓는다,서종욱 대우건설 사장 오른쪽 과 추아마유 Chua Ma Yu 원 IFC 레지던스 회장. 지하 3층 지상 48층에 공사금액은 1억9천만달러 수도 쿠알라룸푸르 중앙역 앞에 위치해 시선 끌 듯 대우건설은 말레이시아 수도 쿠알라룸푸르 중심에 말레이시아 최초의 6성급 호텔을 짓는다고 14일 밝혔다. 지하 3층 지상 48층으로 쿠알라룸푸르 중앙역인 KL센트럴역 앞에 들어서기 때문에 보행자들의 시선도 사로잡을 것으로 기대된다는 평가다. 총 공사 금액은 1억9천만 달러이며 발주처는 말레이시아 최대 규모의 부동산 투자개발회사인 MRCB Malaysian Resources Corporation Berhad 와 CMY 캐피탈의 합작회사인 원 IFC 레지던스 One IFC Residence Sdn. Bhd. 이다. 서종욱 대우건설 사장과 추아마유 Chua Ma Yu 원 IFC 레지던스 회장은 6월13일 현지에서 호텔공사 추진에 최종 합의하고 서명식을 가졌다. 이번 프로젝트는 고도의 기술력과 완성도를 요구하는 최고급 호텔 공사 특성상 자격심사를 통과한 소수의 업체만 참여하는 제한경쟁으로 입찰이 이뤄졌다. 대우건설은 일본과 중국을 대표하는 세계적 수준의 회사들을 제치고 공사를 수주했다고 설명했다. 대우건설 관계자는 “그동안 말레이시아에서 공사를 수행하며 보여준 대우건설의 신뢰와 기술력이 발주처로부터 높은 점수를 받았다”고 밝혔다. 대우건설은 이번 수주로 말레이시아에서 총 11개 프로젝트 누계 16억 달러의 수주고를 기록하게 됐다. 1983년 말레이시아에 진출한 이후 대우건설은 플라자 라키아트 Plaza Rakayat 비전시티 Vision City 등 말레이시아의 굵직한 건축 공사를 수행하며 기반을 다져 왔다. 특히 1998년 완공한 말레이시아 텔레콤 사옥은 77층 규모의 초고층 인텔리전트 빌딩으로 현재까지도 말레이시아 건축 예술의 백미로 꼽히고 있으며 올해 준공을 앞두고 있는 KLCC타워는 이미 쿠알라룸푸르 중심의 새로운 랜드마크로서 자리매김하고 있다고 대우건설은 덧붙였다. 올해 아프리카와 중동 중심에서 동남아시아와 남미 등으로 진출지역을 다변화한다는 전략을 세운 대우건설은 이번 공사를 수주하면서 올해 들어 약 15억 6천만 달러의 수주고를 올렸다. 대우건설의 올해 해외 수주목표 53억 달러이다.,https://news.naver.com/main/read.nhn?mode=LSD&mid=shm&sid1=260&oid=015&aid=0002479120,284
261431,2011.06.14. 오전 10:48,부동산,매일경제,대우건설 말레이시아에서 6성급 호텔 건설 공사 수주,대우건설이 말레이시아의 수도 쿠알라룸푸르 중심에 말레이시아 최초의 6성급 호텔을 건설한다. 대우건설은 지난 13일 말레이시아를 방문 쿠알라룸푸르 반다라야 Bandaraya 지구에 지하 3층 지상 48층 규모의 6성급 호텔 및 레지던스를 건설하는 원 IFC 프로젝트 One IFC Project 를 수주했다고 밝혔다. 이 호텔은 말레이시아 최초의 6성급 호텔로 쿠알라룸푸르의 중앙역인 KL센트럴역 앞에 위치하여 쿠알라룸푸르를 방문하는 이들의 첫눈을 사로잡을 상징적인 건축물이 될 것으로 기대된다. 총 공사 금액은 1억 9천만 달러이며 발주처는 말레이시아 최대 규모의 부동산 투자개발회사인 MRCB Malaysian Resources Corporation Berhad 와 CMY 캐피탈의 합작회사인 원 IFC 레지던스 One IFC Residence Sdn. Bhd. 이다. 이번 프로젝트는 고도의 기술력과 완성도를 요구하는 최고급 호텔 공사로 자격심사를 통과한 소수의 업체만 참여하는 제한경쟁으로 입찰이 이루어졌으며 대우건설은 일본과 중국을 대표하는 세계적 수준의 경쟁사들을 제치고 공사를 수주하게 되었다. 대우건설 관계자는 “그동안 말레이시아에서 많은 공사를 수행하며 보여준 대우건설의 신뢰와 기술력이 발주처로부터 높은 점수를 받았다”고 설명했다. 대우건설은 이번 수주로 말레이시아에서 총 11개 프로젝트 누계 16억 달러의 수주고를 기록하며 말레이시아 건축 시장에서 강자의 위치를 재확인했다. 1983년 말레이시아에 진출한 대우건설은 플라자 라키아트 Plaza Rakayat 비전시티 Vision City 등 말레이시아의 굵직한 건축 공사를 수행하며 기반을 다져 왔다. 특히 1998년 완공한 말레이시아 텔레콤 사옥은 77층 규모의 초고층 인텔리전트 빌딩으로 현재까지도 말레이시아 건축 예술의 백미로 꼽히고 있으며 올해 준공을 앞두고 있는 KLCC타워는 이미 쿠알라룸푸르 중심의 새로운 랜드마크로서 자리매김하고 있다. 올해 아프리카와 중동 중심에서 동남아시아와 남미 등으로 진출지역을 다변화한다는 전략을 세운 대우건설은 이번 공사를 수주하면서 올해 들어 약 15억 6천만 달러의 수주고를 올려 올해 해외 수주목표 53억 달러 달성 전망을 밝게 하고 있다. 매경닷컴 조은영 기자 ⓒ 매일경제 mk.co.kr 무단전재 및 재배포 금지 MBA도 모바일로 공부한다.,https://news.naver.com/main/read.nhn?mode=LSD&mid=shm&sid1=260&oid=009&aid=0002483973,284
261432,2011.06.14. 오전 10:46,부동산,헤럴드POP,LH 서울서초ㆍ인천영종ㆍ김포한강 등 수도권 용지 289필지 공급,LH 한국토지주택공사 사장 이지송 www.lh.or.kr 가 서울 서초 보금자리주택지구에서 준주거 및 업무시설용지 5필지를 분양한다. 또한 인천 영종하늘도시에서 단독주택용지 283필지와 김포한강신도시에서 공동주택용지 1필지 등 수도권에서 다양한 용지를 공급한다. 서울서초 준주거 및 업무시설용지 5필지 1만 4260㎡ 이번 분양하는 용지 5필지 1만4260㎡는 보금자리주택지구에서 최초로 공급되는 준주거 및 업무시설용지로 인터넷 입찰방식으로 일반실수요자에게 공급된다. 대금납부는 계약 시 낙찰가의 10%를 계약금으로 납부하고 중도금은 3년 동안 6개월 준주거 6번은 2년 동안 4개월 간격으로 15%씩 6회 분할납부하면 된다. 토지사용 가능시기는 2012년 6월 30일 이후 준주거용지 6번은 2012년 4월 30일 이후 이다. 분양신청은 6월 23 24일 오전 10시부터 오후 4시까지 LH 토지청약시스템 hp buy.lh.or.kr 에서 가능하다. 24일 개찰 및 낙찰자 발표를 거쳐 28 29일 LH 서초직할사업단에서 계약체결이 실시된다. 서울 서초구 우면동 및 경기도 과천시 주암동 일원에 개발되는 서초지구는 보금자리주택 시범지구로서 편리한 생활 교통 및 문화 등을 누릴 수 있는 여건을 갖추고 있다. 양재IC 과천 우면산간 도시고속화도로 경부고속도로 및 강남순환 도시고속도로 예정 및 지하철 4호선 선바위역 2.3㎞ 3호선 양재역 4.2㎞ 신분당선 매헌역 예정 2.8㎞ 등과 인접하여 교통여건이 다양하고 우수하며 강남중심지역과의 접근성이 좋다. 아울러 코스트코 예술의 전당 경마공원 등의 편의ㆍ문화시설과 현대ㆍ기아자동차본사 KOTRA LG전자 서초R D캠퍼스 등 주요 업무ㆍ연구시설이 근거리에 위치하고 있어 주변 인프라가 풍부하다. 또한 서초지구는 인접한 우면2지구와 함께 수용인구 7000여 세대 2만여 명이 이용하는 중심상권으로서의 성장 가능성이 높을 것으로 전망된다. 02 3497 4513 5 인천 영종하늘도시 단독주택용지 283필지 10만1000㎡ 이번 인천 영종하늘도시에서 공급하는 단독주택용지는 점포겸용 161필지와 주거전용 122필지다. 공급공고일 현재 인천광역시에 거주하는 무주택 세대주가 1순위 일반실수요자가 2순위로 신청가능하다. 필지별 경합 시 신청자를 대상으로 추첨을 통하여 공급대상자를 선정한다. 6월 23일 1순위 24일 금 2순위를 대상으로 LH 토지청약시스템 buy.lh.or.kr 을 통해 신청접수를 실시하며 27일 추첨을 거쳐 29일 LH 청라영종사업본부 판매부에서 계약체결 예정이다. 특히 대금납부조건을 5년 무이자 할부로 실시하여 계약과 동시에 일시불 완납 시 약 14%의 할인효과가 있어 매수자의 자금부담을 경감시켜 줄 것으로 기대된다. 이번에 공급되는 단독주택용지는 역세권 H2BL 아파트 상권 H19BL 친환경단지 H12BL 로 계획되어 있으며 토지사용시기는 2012년 6월말로 2012년 7월부터 시작되는 아파트 주민입주에 맞춰 기반시설을 사용할 수 있다. 역세권 단지로 개발되는 H2블록은 운서역 인근 점포겸용 단독주택용지로 역세권 테마상가 단지로의 활용이 기대되며 향후 외국인 비즈니스 방문 및 관광객의 쇼핑 요식업으로 활성화가 기대되는 지역이다. 또한 운서역 지하보도로 접근성을 개선할 예정이다. 인근에는 과학고 국제고 자사고 연수원 연구원이 배치되어 있다. H19블록은 2012년 7월부터 약 9천여 세대의 아파트 입주가 예정된 지역 인근의 점포겸용단독주택지로 영종하늘도시 내에서 가장 먼저 활성화가 예상되는 대단위 아파트단지 상권으로 약 15만㎡의 근린 공원이 인접하여 공원 내방객의 편익시설로도 활용이 기대된다. H12블록은 주거전용단독주택지로 단지 남측으로 친환경 원형보전 갯벌을 활용한 수변공원이 조성될 계획이다. 서해바다 조망권이 확보돼 노후에 쾌적하고 깨끗한 녹색 주거생활을 원하는 투자자에게 최적의 입지조건을 제공한다. 인천 영종하늘도시는 공항철도 영종대교 인천대교 및 제3연륙교 개통 예정 으로 서울 및 수도권 도심을 직접 연결하는 교통망이 계획돼 있어 우수한 교통여건을 갖추고 있는 것도 장점이다. 032 540 1789 1785 김포한강신도시 공동주택용지 1필지 2만 9495㎡ 이번에 공급하는 공동주택용지는 60 85㎡의 분양아파트 550세대를 건축할 수 있으며 면적은 2만 9495㎡ 분양가는 619억 8400만원이다. 공고일 현재 주택법 제9조에 의한 주택건설업 등록업자가 신청접수 가능하며 전자추첨을 통하여 공급대상자를 선정하게 된다. 23일 LH 토지청약시스템 buy.lh.or.kr 을 통해 신청접수를 실시하며 24일 추첨을 거쳐 27 28일 이틀간 LH 김포사업본부 판매부에서 계약체결 예정이다. 이번에 공급되는 단독주택용지는 역세권 H2BL 아파트 상권 H19BL 친환경단지 H12BL 로 계획되어 있으며 토지사용시기는 2012년 6월말로 2012년 7월부터 시작되는 아파트 주민입주에 맞춰 기반시설을 사용할 수 있다. 역세권 단지로 개발되는 H2블록은 운서역 인근 점포겸용 단독주택용지로 역세권 테마상가 단지로의 활용이 기대되며 향후 외국인 비즈니스 방문 및 관광객의 쇼핑 요식업으로 활성화가 기대되는 지역이다. 또한 운서역 지하보도로 접근성을 개선할 예정이며 인근에는 과학고 국제고 자사고 연수원 연구원이 배치되어 있다. H19블록은 2012년 7월부터 약 9천여 세대의 아파트 입주가 예정된 지역 인근의 점포겸용단독주택지로 영종하늘도시 내에서 가장 먼저 활성화가 예상되는 대단위 아파트단지 상권으로 약 15만㎡의 근린 공원이 인접하여 공원 내방객의 편익시설로도 활용이 기대된다. H12블록은 주거전용단독주택지로 단지 남측으로 친환경 원형보전 갯벌을 활용한 수변공원이 조성될 계획이며 서해바다 조망권이 확보되어 노후에 쾌적하고 깨끗한 녹색 주거생활을 원하는 투자자에게 최적의 입지조건을 제공한다. 인천 영종하늘도시는 공항철도 영종대교 인천대교 및 제3연륙교 개통 예정 으로 서울 및 수도권 도심을 직접 연결하는 교통망이 계획되어 있어 우수한 교통여건을 갖추고 있는 것도 장점이다.이번에 분양하는 공동주택용지는 역세권 아파트 부지일 뿐 아니라 대규모 공원이 인근에 조성될 예정이다. 삼성 래미안 등 민간건설사 아파트가 들어설 지역에 위치해 김포한강신도시에서 가장 눈여겨 볼만한 곳이다. 한강신도시는 올해 6월부터 순차적으로 6 200여 세대가 입주를 시작할 예정으로 6월 김포한강로가 개통되어 올림픽대로와 바로 연결되고 여의도까지 30분 이내에 도착할 수 있다. 김포도시철도 설치 제2외곽순환고속도로 김포 인천 구간 조기 설치 예정에 있어 교통여건이 대폭 개선될 예정이다. 또한 서울시청으로부터 25㎞지점에 위치하는 서울 인근의 대규모 신도시라는 장점과 실개천이 흐르는 수로도시 60만㎡의 대규모 생태공원 호수공원 자전거 전용도로 등이 다양하게 분포돼 있어 생활의 쾌적함과 편리함을 동시에 누릴 수 있다.,https://news.naver.com/main/read.nhn?mode=LSD&mid=shm&sid1=260&oid=112&aid=0002202868,284
261433,2011.06.14. 오전 10:42,부동산,서울경제,대우 말레이시아서 6성급 호텔 수주,대우건설이 말레이시아의 수도 쿠알라룸푸르에 짓는 6성급 호텔 공사를 수주했다. 대우건설은 쿠알라룸푸르 반다라야 지구에 지하 3층 지상 48층 규모의 6성급 호텔 및 레지던스를 건설하는 원 IFC 프로젝트 를 수주했다고 14일 밝혔다. 이 호텔은 말레이시아 최초의 6성급 호텔로 쿠알라룸푸르의 중앙역인 KL센트럴역 앞에 위치해 앞으로 이 일대의 상징적인 랜드마크 가 될 것으로 전망된다. 총공사 금액은 1억9 000만달러이며 발주처는 말레이시아 최대 규모의 부동산 투자개발회사인 MRCB와 CMY캐피탈의 합작회사인 원 IFC 레지던스 이다. 서종욱 오른쪽 대우건설 사장이 최근 말레이시아 쿠알라룸푸르에서 ‘원 IFC 레지던스’의 추아마유 회장과 6성급 호텔 건설공사인‘원 IFC 프로젝트’를 추진하기로 최종 합의한 뒤 계약서를 들어 보이고 있다. 이번 공사는 자격심사를 통과한 소수의 업체만 참여하는 제한경쟁으로 입찰이 이뤄졌다. 고급 호텔 공사는 고도의 기술력과 완성도를 요구하기 때문이다. 대우건설은 이번에 일본과 중국을 대표하는 세계적 수준의 경쟁사들을 제치고 공사를 수주했다. 대우건설의 한 관계자는 1983년 말레이시아에 진출한 대우건설은 플라자라키아트ㆍ비전시티 등 말레이시아의 굵직한 건축 공사를 수행하며 기반을 다져왔다 며 세계적 수준의 랜드마크를 짓겠다 고 말했다.,https://news.naver.com/main/read.nhn?mode=LSD&mid=shm&sid1=260&oid=011&aid=0002159720,284
261434,2011.06.14. 오전 10:41,부동산,매일경제,대우건설 모바일 IR 사이트 오픈,대우건설이 투자자에게 정확한 정보를 리얼타임으로 제공하기 위해 모바일 IR 사이트를 오픈했다. 대우건설은 건설업계 최초로 모바일 IR 사이트를 구축함으로써 스마트폰의 특징인 현장성과 즉시성을 살려 투자자가 언제 어디서나 대우건설 IR 정보를 쉽게 확인하고 문의할 수 있도록 하였다. 또한 대우건설은 업체 탐방 메뉴를 신설하여 실시간으로 방문신청 IR커뮤니티 자료실을 이용할 수 있도록 하는 등 빠르고 효율적인 서비스 제공이 가능토록 하였으며 메인 페이지에 사용자가 주로 사용하는 서비스를 중심으로 노출하여 사용자가 원하는 서비스에 쉽고 빠르게 접근하도록 하였다. 대우건설은 해외 투자자의 사용 편의성 증대를 위해 영문 IR사이트도 대폭 정비하였다. 수주 영상 홍보 동영상 IR 커뮤니티 신설 등 영문 콘텐츠를 보강하고 시스템 안정성을 강화하여 해외 투자자의 접근성을 대폭 강화하였다. 대우건설은 금번 모바일 IR 사이트 오픈을 통해 시장과의 소통을 지속적으로 강화해나가면서 주주가치 제고 노력에도 더욱 주력할 방침이다. 매경닷컴 조은영 기자 ⓒ 매일경제 mk.co.kr 무단전재 및 재배포 금지 MBA도 모바일로 공부한다.,https://news.naver.com/main/read.nhn?mode=LSD&mid=shm&sid1=260&oid=009&aid=0002483964,284
261435,2011.06.14. 오전 10:35,부동산,매일경제,분양 대박낸 동부 대우 롯데 비결은,부산을 제외한 전국의 아파트시장이 꽁꽁 얼어붙어있던 작년 12월. 특히 수도권 분양 시장은 거의 그로기상태일만큼 비관적인 상황이었다. 이런 악조건에서 동부건설이 인천 계양에서 일사천리로 분양에서 대박을 냈다. 자포자기 상태에 있던 주택업체들은 경악했다. ‘계양 센트레빌’이 대박난 비결은 철저한 사전 마케팅에 있었다. 동부건설의 인천 ‘계양 센트레빌’은 지난해 12월 분양에 앞서 1년 전부터 수요조사를 실시하는 한편 현장에 홍보관을 운영했다. 홍보관에서는 경인 아라뱃길에 인접해 교통 여건이 좋은 현장 입지를 적극 알리는 데 주력해 입소문을 냈으며 분양도 인천공항철도 개통 시점에 맞춰 실시해 계약 시작 4개월 만에 100% 분양이 마감됐다. 동부건설이 지난해 12월 인천 계양구 귤현동에 공급하는 인천 계양 센트레빌 1차 아파트가 최고 3.5대 1의 경쟁률을 기록하며 전평형 청약접수 마감이 되어 업계를 놀라게 했다. 이는 당시 서울·수도권 분양시장에서 매우 이례적인 일이었다. 서울·수도권에 분양되는 대부분의 아파트들이 순위 내 청약접수를 마감하지 못하고 있기 때문이다. 특히 인천에서 가장 블루칩으로 꼽히는 송도국제도시에서도 송도 캐슬 해모로 가 3순위에서 미달을 기록했다는 점과 연평도 포격사건이 있은 지 한달도 지나지 않은 상황 속에서 기록한 청약경쟁률이라는 점에서 주목할 만한 일이었다. 성공적인 분양은 계약으로도 이어졌다. 12월 22일부터 계약을 시작해 5월까지 총 693가구가 계약을 완료하는 등 97%의 실계약률을 달성했다. 또한 잔여세대에 대한 가계약도 지속적인 관심으로 인해 조만간 계약체결이 완료될 것으로 보여짐에 따라 사실상 100%의 분양률을 달성했다. 이러한 성공적인 분양 뒤에는 1년 전부터 발로 뛰면서 진행한 사전영업과 입소문 마케팅 등 철저하고 차별화된 전략이 있었기 때문에 가능했다. 분양 6개월 전부터는 아예 인천 사무실로 옮겨 상주하면서 잠재고객수를 확보해 나갔다. 동부건설은 업계 최초로 인근 아파트 주민들로 구성된 홍보단을 운영해 입소문 마케팅을 시작했다. 주변 650개 아파트 단지의 부녀회 관리사무소 중개업소와 접촉해 1300여명의 주부 홍보단을 모집했다. 총 15차례에 거처 인천국제공항철도 계양역에서 김포공학역까지 이동한 후 김포공항 내 이마트 등을 둘러보게 했고 아파트에서 경인아라뱃길과 계양역까지 거리감을 직접 체험토록 했다. 또한 2009년에 입주한 진접 센트레빌 시티를 둘러보며 방범로봇 센트리 등 센트레빌의 범죄예방 설계를 직접 눈으로 확인해 보게 했다. 동부건설 이하징 마케팅 팀장은 계양 서구. 부평구 등 인천은 물론 서울 강서구 시흥시 김포시 등에서 주부 홍보단을 모집했다 면서 입지 상품 특장점 등 말로 설명하는 것보다 직접 눈으로 보여주고 체험하게 함으로써 긍정적인 반응을 얻었고 이것이 입소문으로 퍼지면서 높은 홍보 효과를 얻게 되었다 고 말했다. 동부건설은 오는 8월 계양 센트레빌 2차 총 710가구를 분양할 계획이다. 이하징 마케팅 팀장은 지난해 12월 인천공항철도가 개통되어 인천 계양구에 대한 인식이 많이 달라졌다 며 올해 10월 경인아라뱃길 완공도 예정되어 있어 인천 계양에 대한 주거선호도가 더욱 높아질 것으로 보고 있다 고 말하며 2차에 대한 성공 기대감을 내비쳤다. 롯데건설은 사전에 철저하게 사업지를 잘 골라 성공한 사례이다. 롯데는 충남도청이 들어서는 홍성ㅤㄱㅛㄼ예산일대를 타켓으로 삼았다. 이 지역이 2008년이후 공급이 적었던점과 도청 이전지라는 점을 간파해 신규 아파트 공급에 대한 수요가 많을 것으로 예측했다. 롯데는 충청남도 신청사와 불과 300여m밖에 안 떨어진 곳을 사업지로 골랐다. 아파트 평형 또한 885가구의 대단지에 29 34평형의 중소형 위주로 구성했다. 또 2012년 도청외에 도의회 교육청 경찰청 등이 이전함에 따라 행정 산업 문화를 선도하는 충남의 새로운 중심지역이 될 것이라는 점을 적극 홍보했다. 분양 지역인 홍성ㅤㄱㅛㄼ예산 지역의 주민들을 대상으로 한 전략적 홍보와 함께 대전에서 공무원들을 대상으로 충남도청 내에 홍보부스를 마련하는 등 분양 홍보 이원화 전략을 이색적으로 펼쳤다. 결과는 대성공이었다. 미국발 금융위기이후 부산을 제외하고는 전혀 분양 조차 시도하지 못한 당시 롯데의 홍성 분양 성공 역시 매우 이례적인 사건이었다. 대우건설이 안산에서 이룬 분양 대박은 업체들의 분양마케팅 교본으로 평가받고 있다. 대우는 견본주택 오픈 당시 기존 도우미 이외에 건축설계사 설비기술 전문가 조경 전문가 재테크컨설턴트등을 초빙 소비자들이 궁금해하는 상품의 기술적인 부분에 대해 설명했다. 그동안 대부분 주택업체들은 홍보 도우미들을 배치하고 안내하는 수준이었다. 전문가들을 통해 구매 아파트에 대해 자세히 알 수 있는 기회를 제공해 신뢰도를 높인 것이 적중한 것이다. 대우는 이후 안산 지역에서 푸르지오를 분양할 때마다 부동산 전문가 부동산전문업체 임원 등을 초빙하여 전반적인 부동산 시장에 관한 설명회도 진행했다. 역시 이후 줄줄이 분양에 성공을 거뒀음은 물론이다. 동부의 마케팅 담당자는 아무리 분양시장이 얼어붙어있어도 시장과 소비자의 심리를 파악하면 성공 가능성을 높일 수 있다 면서 지금처럼 시장이 비관적일수록 마케팅의 중요성이 커진다 고 말했다. 매경닷컴 연기홍기자 r start 화보 전혜빈 핫 한 바디 비법 공개 MB가 공직자 모범사례로 칭찬한 강성태 교수는 닛산 리프 니즈모 RC 르망 24시간 레이스 시범 주행 1600원으로 잭팟 터져 45억 대박 정신질환 40대女 국가상대 7조원대 황당 소송 10kg 감량 영지 고해 열창 새삼 화제…폭풍 고음 윤계상 겨땀 굴욕 수많은 취재진에 진땀 r end ⓒ 매일경제 mk.co.kr 무단전재 및 재배포 금지 MBA도 모바일로 공부한다.,https://news.naver.com/main/read.nhn?mode=LSD&mid=shm&sid1=260&oid=009&aid=0002483954,284
261436,2011.06.14. 오전 10:25,부동산,파이낸셜뉴스,롯데건설 황학동  베네치아 메가몰  임대,롯데건설은 서울 중구 황학동에 위치한 초대형 주상복합단지 ‘롯데캐슬 베네치아’의 하층부 상업시설인 ‘베네치아 메가몰’ 상가 조감도 200여개를 임대한다고 14일 밝혔다. 도심형 복합 엔터테인먼트 쇼핑센터인 베네치아 메가몰은 연면적이 13만여㎡로삼성동 코엑스몰보다 약 1.6배 넓다. 지상 2층∼지상 2층 건물에 쇼핑 문화 피트니스 식음 시설 등 각종 생활편의시설이 들어설 예정이다. 이 건물 지하2층에는 대형마트와 사우나 피트니스 골프연습장이 지하 1층에는 키즈파크 엔터테인존 푸드코트 브랜드샵 등 생활문화 시설들이 입점할 예정이다. 또 지상 1층은 오토갤러리와 패스트 푸드존이 지상2층은 메디컬존 뷰티존 학원 전문식당 편의시설 등이 각각 들어서게 된다. 현재 베네치아 메가몰에는 이마트가 입점해 영업 중이며 피트니스 골프연습장 사우나 등과 국내 최대 규모의 실내 키즈파크 입점이 확정됐다. 지하철 신당역 동묘앞역 신설동역이 만나는 트리플 역세권 지역이며 차량930여대가 주차 가능한 공간이 있어 교통이 편리하다는 게 롯데건설측의 설명이다. 또 1870가구가 입주한 황학동 롯데캐슬이 배후 단지로 있고 6000가구 규모의 왕십리 뉴타운이 인근에 개발될 예정이다. 롯데건설 관계자는 “그동안 조합원들 간의 갈등으로 상가 분양에 어려움을 겪었지만 최근 시공사인 롯데건설이 직접 나서 상황을 정리하고 책임 임대를 할 수 있도록 모든 절차를 완료했다”고 말했다.,https://news.naver.com/main/read.nhn?mode=LSD&mid=shm&sid1=260&oid=014&aid=0002456121,284
261437,2011.06.14. 오전 10:07,부동산,아시아경제,대우건설 말레이시아에서 6성급 호텔 공사..1.9억불,아시아경제 이은정 기자 대우건설 이 말레이시아 수도 쿠알라룸푸르 중심에 말레이시아 최초의 6성급 호텔을 짓는다. 대우건설은 서종욱 사장이 말레이시아를 방문 쿠알라룸푸르 반다라야 Bandaraya 지구에 지하 3층 지상 48층 규모의 6성급 호텔 및 레지던스를 건설하는 원 IFC 프로젝트 One IFC Project 를 수주했다고 14일 밝혔다. 이 호텔은 말레이시아 최초의 6성급 호텔로 쿠알라룸푸르의 중앙역인 KL센트럴역 앞에 위치해 쿠알라룸푸르를 방문하는 이들의 첫눈을 사로잡을 상징적인 건축물이 될 것으로 기대된다. 총 공사 금액은 1억9000만달러다. 발주처는 말레이시아 최대 규모의 부동산 투자개발회사인 MRCB Malaysian Resources Corporation Berhad 와 CMY 캐피탈의 합작회사인 원 IFC 레지던스 One IFC Residence Sdn. Bhd. 이다. 1983년 말레이시아에 진출한 대우건설은 이번 수주로 말레이시아에서 총 11개 프로젝트 누계 16억 달러의 수주고를 기록하게 됐다. 회사 관계자는 이번 프로젝트는 고도의 기술력과 완성도를 요구하는 최고급 호텔 공사로 자격심사를 통과한 소수의 업체만 참여하는 제한경쟁으로 입찰이 이뤄졌다 며 일본과 중국 등의 경쟁사들을 제치고 공사를 수주하게 됐다 고 말했다. 한편 올해 아프리카와 중동 중심에서 동남아시아와 남미 등으로 진출지역을 다변화한다는 전략을 세운 대우건설은 이번 공사를 수주하면서 올해 들어 약 15억6000만 달러의 수주고를 올렸다.,https://news.naver.com/main/read.nhn?mode=LSD&mid=shm&sid1=260&oid=277&aid=0002622644,284
261438,2011.06.14. 오전 10:01,부동산,이데일리,대우건설 1.9억불 말레이시아 6성급 호텔 공사수주,이데일리 이진철 기자 대우건설 047040 이 말레이시아의 수도 쿠알라룸푸르 중심에 말레이시아 최초의 6성급 호텔을 짓는다. 대우건설은 말레이시아 쿠알라룸푸르 반다라야 Bandaraya 지구에 지하 3층 지상 48층 규모의 6성급 호텔 및 레지던스를 건설하는 원 IFC 프로젝트 를 수주했다고 14일 밝혔다. 총 공사금액은 1억9000만 달러이며 발주처는 말레이시아 부동산 투자개발회사인 MRCB와 CMY캐피탈의 합작회사인 원 IFC 레지던스 다. 이번 프로젝트는 고도의 기술력과 완성도를 요구하는 최고급 호텔 공사로 자격심사를 통과한 소수의 업체만 참여하는 제한경쟁으로 입찰이 이루어졌으며 대우건설은 일본과 중국을 대표하는 세계적 수준의 경쟁사들을 제치고 공사를 수주한 것으로 알려졌다. 대우건설 관계자는 이번 프로젝트는 말레이시아 최초의 6성급 호텔로 쿠알라룸푸르의 중앙역인 KL센트럴역 앞에 위치해 쿠알라룸푸르를 방문하는 이들의 첫눈을 사로잡을 상징적인 건축물이 될 것으로 기대된다 고 말했다. 대우건설은 이번 수주로 말레이시아에서 총 11개 프로젝트 누계 수주고 16억달러를 기록하며 말레이시아 건축 시장에서 강자의 위치를 재확인했다. 지난 83년 말레이시아에 진출한 대우건설은 플라자 라키아트 Plaza Rakayat 비전시티 Vision City 등 말레이시아의 굵직한 건축 공사를 수행하며 기반을 다져 왔다. 특히 98년 완공한 말레이시아 텔레콤 사옥은 77층 규모의 초고층 인텔리전트 빌딩으로 현재까지도 말레이시아 건축 예술의 백미로 꼽히고 있으며 올해 준공을 앞두고 있는 KLCC타워는 이미 쿠알라룸푸르 중심의 새로운 랜드마크로서 자리매김하고 있다. 대우건설은 올해 아프리카와 중동 중심에서 동남아시아와 남미 등으로 진출지역을 다변화한다는 전략을 세웠다. 이번에 말레이시아에서 공사를 수주하면서 올들어 약 15억6000만 달러의 수주고를 올려 올해 해외 수주목표 53억달러 달성 전망을 밝게 하고 있다. 지난 13일 말레이시아 쿠알라룸푸르에서 대우건설 서종욱 사장 오른쪽 과 원 IFC 레지던스 추아마유 Chua Ma Yu 회장이 원 IFC 프로젝트 공사추진에 최종 합의하고 서명식을 개최했다.,https://news.naver.com/main/read.nhn?mode=LSD&mid=shm&sid1=260&oid=018&aid=0002452029,284
261439,2011.06.14. 오전 10:00,부동산,한국경제TV,현대건설 이수 힐스테이트 680가구 7월 공급,현대건설이 서울시 동작구 동작동 58 1번지 일대에서 이수 힐스테이트를 7월 중 공급합니다. 이수 힐스테이트는 대지면적 48 153㎡에 연면적 115 516.80㎡로 지하2층 지상 8～15층 규모에 15개동으로 신축됩니다. 주택형은 전용면적 기준 59 147㎡대로 구성돼 있어 고품격 주거생활을 원하는 수요자들에게 적합한 단지로 평가되고 있습니다. 가구수는 총 680가구로 59A B C㎡ 171가구 일반분양 171가구 84A㎡ 223가구 일반분양 28가구 84B㎡ 80가구 일반분양 77가구 108㎡ 160가구 일반분양 26가구 133㎡ 13가구 일반분양 1가구 141㎡ 13가구 일반분양 1가구 147㎡ 20세대 일반분양 없음 이며 이중 304가구를 일반분양합니다. 입주는 2013년 2월 예정입니다. 이수 힐스테이트는 에너지절약과 친환경을 고려한 설계와 주차공간을 지하에 설치했으며 용적율 212.88% 건폐율 26.91%의 쾌적한 친환경 주거단지로 조성됩니다. 이수 힐스테이트는 지하철 4호선 총신대입구역 7호선 이수역이 인접 약 600m 하고 있어 편리한 대중교통 여건을 가지고 있으며 동작대로 올림픽대교 강변북로 등을 이용해 도심과 수도권으로의 이동이 양호합니다. 또 주변에 동작초·중교 경문고교 서문여고 등이 도보거리에 위치하고 있어 자녀들을 위한 교육환경도 우수합니다. 생활 편의시설도 풍부합니다. 도보로 10분거리에 태평백화점이 위치하고 있고 신세계백화점 강남점 고속버스터미널 우체국 방배경찰서 법원 검찰청 등이 근거리에 위치해 편리한 생활을 누릴 수 있습니다. 특히 한강시민공원 반포지구 반포종합운동장 서울대공원 서울경마공원 등이 위치하고 있어 풍요로운 생활환경도 갖춰져 있습니다. 모델하우스는 7월 중 오픈 예정이며 지하철4호선 총신대입구역 7호선 이수역 14번 출구에서 약 600m 사업지 내 에 위치하고 있습니다.,https://news.naver.com/main/read.nhn?mode=LSD&mid=shm&sid1=260&oid=004&aid=0002081993,284
261440,2011.06.14. 오전 10:00,부동산,한국경제,한경매물마당 공릉역 수익형 원룸텔 급매 10억9000만원 등 16건,충북 오창과학단지 신축 원룸 월수익 3650만원 천안시 대로변 상업지역 상가 건물 급매 48억원 월수익 603만원 인천 검단신도시 원룸 급매 실투자금 4억원 월수익 350만원 충북 오창과학단지 신축 원룸 실투자금 2억3000만원 서울 강남구 기업 구조조정 빌딩 테헤란로 초역세권 대지 991㎡，연면적 7603㎡의 14층 건물.보증금 13억원，월 1억5500만원에 임대 중.사옥 및 수익용으로 적합.급매.330억원. 02 546 0169 서울 도산대로 상업지역 구조조정 빌딩 역세권 50m 대로변 코너 대지 941㎡，연면적 4263㎡의 9층 건물.공실 없이 임대 중.사옥，병원，금융 매장 등으로 적합.연면적 9917㎡의 지상 15층 규모로 신축 가능.급매.270억원. 02 501 1641 서울 청담동 투자수익용 빌딩 갤러리아 백화점 인근 명품거리 대지 815㎡，연면적 3572㎡의 8층 건물.보증금 15억원，월 1억5000만원에 임대 중.명품거리 중심가에 있어 임대 수익용，명품 매장용으로 적합.230억원. 02 512 7255 서울 신림동 병원 빌딩 준주거지역 20m 도로변 대지 295㎡，연면적 675㎡의 지하 1층 지상 5층 건물.내외관이 수려하고 유동인구가 많은 상권.보증금 7억5000만원，월 3000만원에 병원 등으로 임대 중.급매.55억원.010 3476 0180 경기 시흥시 정왕동 코너 상가주택 사진 올해 신축한 대지 212㎡，연면적 510㎡의 5층 상가주택.대학 및 국가산업단지，철강단지 배후주거지 입지.상가 2개，원룸 20가구를 보증금 6300만원，월 876만원에 공실 없이 임대 중.융자 4억원 포함，13억9000만원. 031 488 8444 경기 화성시 공장 및 물류창고 서해안고속도로 발안나들목에서 차로 5분 걸리는 2차로변 대지 5만2310㎡，연면적 8552㎡의 3개동 건물.연구소，물류창고，공장 등 개발 가능.향남택지개발지구，발안산업단지가 가깝다.,https://news.naver.com/main/read.nhn?mode=LSD&mid=shm&sid1=260&oid=015&aid=0002479060,284
261441,2011.06.14. 오전 10:00,부동산,아시아경제,잠잠하던 서울 전세시장.. 한달만에 다시 꿈틀,아시아경제 문소정 기자 잠잠해진다 싶기가 무섭게 전셋값이 오르고 있다. 전세물건 품귀 현상을 대비해 일찍부터 학군수요가 움직이고 있다. 지난주 금리가 인상되면서 전세물건을 찾는 문의전화가 늘었다. 제 2의 전세대란이 올 수도 있다. 강남구 대치동 D 공인중개소 관계자 잠시 가라앉았던 전세시장이 다시 들썩거리고 있다. 올해 4월 들어 안정세를 보이던 전셋값이 약 한달만에 강남과 목동을 중심으로 상승하는 추세다. 준강남권이라고 불리는 강동지역과 과천도 5차 보금자리주택지구로 지정되면서 매수심리가 위축돼 전세수요가 증가하고 있다. 통상 5월은 전세시장 비수기라고 불리지만 올해 5월은 발 빠른 전세 수요자들로 인해 벌써부터 성수기 초입에 들어갔다. 부동산정보업체 부동산1번지에 따르면 올해 들어 3월까지 플러스 변동률을 보였던 강남은 4월 전셋값이 다소 떨어지면서 마이너스 변동률 0.08% 을 기록했다. 하지만 5월 다시 반등 0.25% 해 6월13일 현재 0.25% 까지 상승하고 있다. 대치동 은마아파트 인근 M부동산 관계자는 전용면적 84㎡가 지난주보다 3000만원 오른 4억3000만원에 거래됐다. 리모델링을 한곳은 4억5000만원까지 호가가 올랐다 며 강남구 전셋값 상승은 재건축 이주를 앞두고 있는 대치동 청실아파트의 영향이 크다 고 전했다. 은마아파트와 같은 동에 위치한 삼성래미안 97㎡도 한달동안 2000만 5000만원이 올라 6억2000만 7억원의 시세가 형성됐다. 도곡동의 도곡렉슬 119㎡도 같은 기간 평균 8억1000만원에서 8억5000만원으로 4000만원이 상승했다. 양천구 역시 전셋값 오름세가 나타나고 있다. 4월 올해 처음 마이너스 0.12% 변동률을 보이다 5월과 6월 모두 0.35% 0.23% 올랐다. 양천구 목동 H중개업소 관계자는 급매물은 이미 많이 빠져서 거의 없다고 보면 된다 며 전세대란을 걱정하는 학군수요나 신혼부부수요가 좋은 전세물건을 선점하고 있다 고 설명했다. 특히 중소형 평형은 벌써부터 대기자가 있을 정도며 발 빠른 수요자만큼 발 빠른 집주인들이 이 때다 하고 호가를 올리고 있다는 것. 목동 금호베스트빌 84㎡의 경우 매물이 없다. 96㎡도 구하기 어렵다. 한달새 호가는 3000만원이 올랐지만 물건이 없어 벌써부터 대기명단이 작성돼 있다. 목동신시가지5단지 95㎡도 5월 초 대비 1000만원 가량 올라 3억7000만 4억원에 거래되고 있다. 강동과 과천은 5차 보금자리 지정으로 매수세가 얼어붙으면서 전셋값의 상승을 이끌었다. 강동구 상일동 중앙하이츠 59㎡와 고덕주공7단지 55㎡는 각각 1000만원 500만원 올라 1억6000만 1억7000만원 8000만 1억원의 가격대가 형성돼 있다. 과천 별양동의 주공2단지 52㎡도 현재 1억2000만 1억4000만원에 거래되면서 한달동안 평균 1000만원이 올랐다. 조민이 부동산114 팀장은 전셋값 상승 현장이 아직까지는 국지적이지만 점점 서울 전역으로 확대될 전망이다 며 특히 예년보다 전셋값 상승 움직임이 빨리 나타나면서 가을 이사철 전에 전세시장이 불안해 질 가능성이 높다 고 진단했다.,https://news.naver.com/main/read.nhn?mode=LSD&mid=shm&sid1=260&oid=277&aid=0002622862,284
261442,2011.06.14. 오전 10:00,부동산,아시아경제,황학동 롯데캐슬 ‘베네치아 메가몰’ 임대,황학동 롯데캐슬 상가 투시도 롯데건설 아시아경제 배경환 기자 롯데건설이 황학동에 위치한 주상복합단지 롯데캐슬 베네치아의 상업시설 ‘베네치아 메가몰’을 임대한다. 총 13만여㎡ 규모의 베네치아 메가몰은 지하 2 지상 2층 규모다. 임대물량은 총 200여개다. 전형적인 도심형 복합 엔터테인먼트 쇼핑센터로 삼성동 코엑스몰보다 약 1.6배 넓다. 쇼핑 문화 생활편의 휘트니스 식음시설 등 생활편의 시설을 한 곳에서 즐길 수 있도록 ‘패밀리 메가몰’로 꾸며진다. 지하 2층에는 대형마트 사우나 휘트니스 골프연습장이 들어선다. 지하 1층에는 키즈파크 엔터테인존 푸드코트 브랜드샵 등 생활문화 시설이 입점한다. 지상 1층은 오토갤러리와 패스트 푸드존으로 지상 2층은 메디컬존 뷰티존 학원 전문식당 편의시설 등으로 구성된다. 현재 베네치아 메가몰에는 지하 2 지상1 층 규모의 E마트가 입점했다. 휘트니스 골프연습장 사우나 등과 실내 키즈파크도 입점이 확정됐다. 베네치아 메가몰이 들어서는 황학동 롯데캐슬은 2008년 1870가구가 입주했다. 청계천의 바로 앞자리에 위치해 유동고객 흡수도 가능하다. 지하철 신당역 동묘앞역 신설동역이 만나는 트리플 역세권이다. 롯데건설 관계자는 “신뢰할 수 있는 대형 시공사가 책임지고 직접 임대에 나섬에 따라 베네치아 메가몰에 대한 수요가 다시 살아날 것으로 기대된다”고 밝혔다.,https://news.naver.com/main/read.nhn?mode=LSD&mid=shm&sid1=260&oid=277&aid=0002622627,284
261443,2011.06.14. 오전 9:58,부동산,연합뉴스,롯데건설 황학동 베네치아 메가몰 임대,서울 연합뉴스 이유진 기자 롯데건설은 서울 중구 황학동 소재 초대형 주상복합단지 롯데캐슬 베네치아 의 하층부 상업시설인 베네치아 메가몰 에서 상가 200여개를 임대한다고 14일 밝혔다. 도심형 복합 엔터테인먼트 쇼핑센터인 베네치아 메가몰은 연면적이 13만여㎡로 삼성동 코엑스몰보다 약 1.6배 넓다. 지상 2층 지상 2층 건물에 쇼핑 문화 피트니스 식음 시설 등 각종 생활편의시설이 들어설 예정이다. 지하2층에는 대형마트 사우나 피트니스 골프연습장이 지하 1층에는 키즈파크 엔터테인존 푸드코트 브랜드샵 등 생활문화 시설들이 입점할 예정이다. 또 지상 1층은 오토갤러리와 패스트 푸드존이 지상2층은 메디컬존 뷰티존 학원 전문식당 편의시설 등이 각각 들어서게 된다. 현재 베네치아 메가몰에는 이마트가 입점해 영업 중이며 피트니스 골프연습장 사우나 등과 국내 최대 규모의 실내 키즈파크 입점이 확정됐다. 지하철 신당역 동묘앞역 신설동역이 만나는 트리플 역세권 지역이며 차량 930여대가 주차 가능한 공간이 있어 교통이 편리하다는 설명이다. 또 1천870가구가 입주한 황학동 롯데캐슬이 배후 단지로 있고 6천가구 규모의 왕십리 뉴타운이 인근에 개발될 예정이라고 업체는 전했다. 롯데건설 관계자는 그간 조합원들 간의 갈등으로 상가 분양에 어려움을 겪었으나 최근 시공사가 직접 나서 상황을 정리하고 책임 임대를 할 수 있도록 모든 절차를 완료했다 고 말했다.,https://news.naver.com/main/read.nhn?mode=LSD&mid=shm&sid1=260&oid=001&aid=0005111314,284
261444,2011.06.14. 오전 9:57,부동산,아시아경제,야반도주한 집 경매 받았으면 가재도구는 공짜,아시아경제 황준호 기자 부동산 경매 전문업체인 지지옥션 www.ggi.co.kr 은 25일 용산구 청파동 주민센터 2층 대강당 오전 10시 12시반 에서 지지옥션 회원들을 위한 명도 특강 통쾌한 명도 비법 을 개최한다. 명도란 무엇인가를 시작으로 실전 경험을 통한 명도 비법을 전수해 주고 각 사례별 명도 기술에 대해 소개해 준다. 이번 명도특강은 20여년 간 부동산 상담 및 경매 자문을 해온 김부철 지지옥션 경매 상담위원이 명도 노하우를 알려줄 예정이다. 1부에서는 인도와 명도의 차이 점유자의 배당금액에 따른 명도 기술 조조명도와 휴일 야간 명도 유인 무인시 대처 방법에 대해 설명한다. 2부에서는 점유자가 야반도주한 경우 환자가 점유하고 있는 경우 다수의 점유자가 단합 하는 경우 점유자가 자해 폭력 화재를 일으킬 경우 등 각 사례별 명도에 대해 자세히 알려준다. 지지옥션 회원들을 위한 무료 강의로 참가자 전원에게 정가 6만원의 서적을 무료로 제공한다. 선착순 300명 정원이며 특강 전날까지 지지옥션 홈페이지 www.ggi.co.kr 를 통해 사전접수 하면 된다.,https://news.naver.com/main/read.nhn?mode=LSD&mid=shm&sid1=260&oid=277&aid=0002622622,284
261445,2011.06.14. 오전 9:56,부동산,머니투데이,경매로 산 집에 TV·가구 남아있다면,머니투데이 전예진 기자 지지옥션 통쾌한 명도 비법 강연회 경매로 산 집에 점유자의 TV와 가구가 남아있다면 어떻게 해야 할까. 부동산 경매정보업체 지지옥션은 이달 25일 이 같은 궁금증을 풀어주는 통쾌한 명도 비법 특강을 개최한다고 14일 밝혔다. 20여년간 부동산 상담과 경매 자문을 해온 김부철 지지옥션 경매 상담위원이 명도란 무엇인가 를 시작으로 실전 경험을 통한 명도 비법과 각 사례별 명도 기술에 대해 소개할 예정이다. 1부에서는 인도와 명도의 차이 점유자의 배당금액에 따른 명도 기술 조조명도와 휴일·야간 명도 유인·무인시 대처 방법에 대해 설명한다. 2부는 점유자가 야반도주한 경우 환자가 점유하고 있는 경우 다수의 점유자가 단합 하는 경우 점유자가 자해 폭력 화재를 일으킬 경우 등 각 사례별 명도에 대해 알려준다. 특강은 용산구 청파동 주민센터 2층 대강당에서 오전 10시부터 두시간 동안 무료로 진행된다. 참가자 전원에게 정가 6만원의 서적도 제공된다. 선착순 300명 정원이며 특강 전날까지 지지옥션 홈페이지 www.ggi.co.kr 를 통해 접수하면 된다.,https://news.naver.com/main/read.nhn?mode=LSD&mid=shm&sid1=260&oid=008&aid=0002554737,284
261446,2011.06.14. 오전 9:49,부동산,매일경제,한강밤섬자이 4년전 분양가로 유혹,한강변의 새로운 랜드마크로 주목받고 있는 ‘한강밤섬자이’가 4년전 분양가로 실수요자들의 관심을 끌고 있다. 한강밤섬자이는 서울 마포구 하중동 101번지 일대를 재건축한 아파트 단지로 지하2층 지상25층 7개동에 전용면적 84 168㎡ 중대형 평형의 총 488가구로 이루어져 있다. 이 중 84㎡ 28가구 118 ㎡ 8가구 132㎡ 10가구 등 총 46가구를 금번 일반분양을 통해 공급할 예정이다. 한강밤섬자이는 입주 2년차 아파트로 이미 지난 2007년에 전용면적 118 168㎡ 75가구를 일반분양해 최고 12.7 1의 경쟁률을 보이며 순위내 마감을 한 인기단지이다. 이번에 공급하는 46가구는 2009년 4월 도정법 도시및주거환경정비법 개정에 따라 임대분에서 일반분양분으로 전환된 물량이다. 당초 조합원들에게 모두 배정되어 이번에 처음 일반분양으로 나오는 84㎡형의 경우 3.3㎡당 평균가 1 987만원으로 주변 시세와 비슷하게 책정되었다. GS건설 분양관계자는 “이 주택형의 경우 지난해 12층과 13층이 8억 이상에 거래되기도 했다”고 전했다. 118 ㎡형과 132㎡형의 경우 3.3㎡당 2 014 2 053만원으로 4년전 분양 당시 가격과 유사하거나 일부 세대는 오히려 낮게 책정되어 가격 경쟁력이 있다는 것이 회사측의 설명이다. 오는 17일 단지내에 샘플하우스를 일반에 개방할 예정이며 계약시 분양대금의 5% 중도금은 10%이며 나머지 잔금 85%는 6개월 후 납입 조건이다. 한강밤섬자이는 한강변에 위치하여 대부분 동에서 탁 트인 한강 전망을 누릴 수 있다는 것이 가장 큰 장점이다. 이번에 분양하는 물량 중에도 최고 14층까지 포함되어 있어 일부 동호수에서는 ‘한강 조망 프리미엄’을 누릴 수 있을 전망이다. 한편 한강밤섬자이는 지하철 6호선 광흥창역이 도보로 5분거리에 위치해 있으며 서울 동과 서를 잇는 강변북로 올림픽 대로가 인접해 있다. 또한 서강대교 및 양화대교가 인접하여 여의도 및 목동 접근이 용이하여 교통환경이 우수하다. 또 단지 인근에는 월드컵 공원 와우산 공원 한강시민공원등 공원시설이 풍부하다. 단지 인근 교육시설로는 연세대 서강대 홍익대 이화여대 광성고 홍익여중고 신수중 광성중 서강초 등이 위치해 있으며 현대백화점 그랜드 백화점 신촌 및 이대 주변 편익시설이 인접해 있어 편리하며 연세대 세브란스 병원등이 근거리에 위치해 있는 등 천혜의 입지 조건을 가지고 있는 알짜 단지이다. 외관 디자인 또한 현대적이고 세련된 외관과 독특한 옥탑디자인으로 설계 되었다. 한강밤섬자의의 야간 경관조명은 한강변에 어울리게 배치시켜 한강변의 새로운 랜드마크로 주목받고 있다. 한강밤섬자이 분양을 총괄하고 있는 김범건 소장은 “입주 2년차를 맞이한 단지라 이미 지역내 랜드마크로 자리 잡혀 있고 입주민들의 입 소문도 많이 퍼져 서울 內에 내집마련을 하고자하는 실수요자. 특히 서울 도심과 여의도 출퇴근 직장인 등으로 부터의 문의가 많다”며 “분양가를 4년전 일반분양 당시 수준에 맞추거나 일부 세대는 오히려 낮게 책정되어 가격 메리트도 있는 만큼 이번 청약에 큰 인기를 끌 것으로 보인다”고 말했다. 매경닷컴 조은영 기자 ⓒ 매일경제 mk.co.kr 무단전재 및 재배포 금지 MBA도 모바일로 공부한다.,https://news.naver.com/main/read.nhn?mode=LSD&mid=shm&sid1=260&oid=009&aid=0002483899,284
261447,2011.06.14. 오전 9:48,부동산,아시아경제,LH 서초 영종 김포 등 수도권 289필지 공급,아시아경제 박충훈 기자 LH 한국토지주택공사 사장 이지송 는 서울서초에서 준주거 및 업무시설용지 5필지 인천 영종하늘도시에서 단독주택용지 283필지 김포한강신도시에서 공동주택용지 1필지 등 수도권 용지를 공급한다. 서울서초 준주거 및 업무시설용지 5필지 1만4260㎡는 보금자리주택지구에서 최초로 공급되는 준주거 및 업무시설용지로 인터넷 입찰방식으로 일반실수요자에게 공급된다. 대금납부는 계약 시 낙찰가의 10%를 계약금으로 납부하고 중도금은 3년 동안 6개월간격으로 15%씩 6회 분할납부하면 된다. 준주거용지는 2년 동안 4개월간격으로 6회 납부한다. 토지사용 가능시기는 내년 6월 30일 이후이며 준주거용지는 내년 4월 30일 이후다. 분양신청은 오는 23일과 24일 토지청약시스템 hp buy.lh.or.kr 에서 할 수 있다. 24일 낙찰 발표 28일 29일에 계약체결이 실시된다. 인천 영종하늘도시 단독주택용지 283필지 10만1000㎡ 는 공급 점포겸용 161필지와 주거전용 122필지다. 공급공고일 현재 인천광역시에 거주하는 무주택 세대주가 1순위 일반실수요자가 2순위로 신청가능하다. 필지별 경합시 신청자를 대상으로 추첨을 통해 공급대상자를 선정한다. 23일 1순위 24일 2순위를 대상으로 LH 토지청약시스템 buy.lh.or.kr 을 통해 신청접수를 실시하며 27일 추첨을 거쳐 29일 계약체결 예정이다. 대금납부조건을 5년 무이자 할부로 실시해 계약과 동시에 일시불 완납시 약 14%의 할인효과가 있다. 김포한강신도시 공동주택용지는 60 85㎡의 분양아파트 550가구를 건축할 수 있다. 면적은 2만9495㎡ 분양가는 619억8400만원이다. 고일 현재 주택법 제9조에 의한 주택건설업 등록업자가 신청접수 가능하며 전자추첨을 통하여 공급대상자를 선정하게 된다. 23일 신청접수를 실시하며 24일 추첨 27일과 28일 양일간 계약체결 예정이다.,https://news.naver.com/main/read.nhn?mode=LSD&mid=shm&sid1=260&oid=277&aid=0002622611,284
261448,2011.06.14. 오전 9:47,부동산,파이낸셜뉴스,경인 아라뱃길 개통 앞두고 인근 아파트 단지 관심,한강과 서해바다를 연결하는 친환경 친수공간인 ‘경인아라뱃길’ 개통이 4개월 앞으로 다가온 가운데 주변 아파트단지에 대한 관심도 높아지고 있다. 오는 10월 개통 예정인 ‘경인아라뱃길’은 현재 81%의 공정률을 보이고 있는데 경인 아라뱃길이 뚫리게 되면 그 동안 저평가를 받았던 인천 계양구와 서구가 친환경 생태도시로 주목 받게 될 전망이다. 14일 건설·부동산 업계에 따르면 경인 아라뱃길과 인천공항철도의 가장 수혜지로 꼽히는 인천시 계양구 일대에는 동부건설이 오는 7월 귤현동에 ‘계양 센트레빌 2차’를 분양할 예정이다. 전용면적 84∼145㎡ 규모로 조성될 예정이며 총 710가구가 일반에 분양된다. 기존 1차 아파트와 합칠 경우 1425가구의 대단지가 조성될 예정이다. 이 아파트는 오는 10월 경인 아라뱃길이 개통됨에 따라 한강 조망권 프리미엄을 얻을 전망이다. 인천지하철 1호선 귤현역과 도보 5분 거리에 위치해 있으며 인천공항철도와 인천지하철 1호선 환승역인 계양역과도 가까워 서울역까지 30분대 진입이 가능하다. 경인아라뱃길 개통시 인근에 친수 공간과 주민쉼터가 마련돼 입주민들의 쾌적한 생활이 보장된다. 한양은 계양구 박촌동에 전용면적 59∼120㎡ 376가구로 구성된 한양수자인을 분양 중에 있다. 이 단지는 인천지하철과 인천공항고속철도 인천지하철 계양역 환승을 통해 인천공항 및 김포공항을 20분내 이용이 가능하고 서울외곽순환고속도로와 경인고속도로 장재로 매립도로를 이용한 다양한 도로를 통해 서울 진출입이 용이하다. 각종 편의시설도 근접해 있다. 올 하반기에는 인천도시개발공사가 청라지구 A12블록에 전용면적 98∼158㎡ 1404가구의 ‘웰카운티’ 아파트를 분양할 예정이다. 단지 남측으로 공원 조성이 예정에 있고 공촌천이 흘러 쾌적한 생활환경이 가능하다. 또한 단지 북쪽으로 인천국제공항 고속도로가 지나고 공항철도 청라역과 경서역 신설이 예정돼 있다. 또한 청라지구 M1블록에서 반도건설이 1028가구로 이루어진 주상복합 ’반도유보라’를 청라지구 A1 A2블록에 포스코건설이 ‘청라 포스코 더샵’ 1 156가구를 분양 예정 중 이다. 이외에도 한일건설은 하반기에 당하지구 22블록에 425가구로 이루어져 있는 한일베라체를 선보일 예정이다. 도보 10분거리에 오는 2014년에 개통예정인 인천지하철 2호선 백석고가역 가칭 이 있는 역세권 단지다. 건설업계의 한 관계자는 “경인 아라뱃길 노선은 지난해 12월 완전 개통한 인천공항철도와 같은 지역을 통과하게 돼 주변 지역 일대는 연이은 호재를 맞게 된 셈”이라면서 “기존에 소외됐던 인천 서구와 계양구가 인천지역의 새 주거도시로 각광받을 가능성이 있다”고 말했다.,https://news.naver.com/main/read.nhn?mode=LSD&mid=shm&sid1=260&oid=014&aid=0002456085,284
261449,2011.06.14. 오전 9:46,부동산,이데일리,마켓in건설사 구조조정 이달 마무리..100위권내 거의 없어,두산·STX 등 그룹계열 건설사 B등급 추정 일부 하위권 건설사 포함 가능성.. 영향 적어 마켓in 이 기사는 06월 13일 10시 20분 프리미엄 Market Company 정보서비스 마켓in 에 출고된 기사입니다. 이데일리 김재은 기자 건설사 구조조정을 위한 신용위험평가가 오는 24일 일단락된다. 주채권은행들은 이달 30일까지 건설사별 신용위험평가 등급을 확정할 방침이다. 13일 은행권과 금융당국 등에 따르면 이번 4차 건설사 신용위험평가에서 시공능력 50위권이내 건설사중 워크아웃이나 법정관리 대상이 되는 건설사는 없는 것으로 알려졌다. 건설사 신용위험평가는 A등급 정상 B등급 일시적 유동성 부족 C등급 워크아웃 D등급 법정관리 으로 분류된다. 한 채권은행 관계자는 오는 24일까지 부채권은행들이 주채권은행에 건설사 등급을 매겨 통보하고 이후 주채권은행이 최종 결정을 한다 며 이달안에는 무조건 끝낼 계획 이라고 말했다. 이 관계자는 C D 등급을 받는 건설사가 많아야 5 6곳에 그칠 것이라는 시장 전망에 대해 작년과 재작년 등 여러차례 해온 만큼 올해 이슈가 되는 곳은 많지 않을 것 이라고 덧붙였다. 당초 LIG건설 진흥기업 사례를 통해 일부 그룹계열 건설사가 포함될 것으로 예상됐지만 두산 STX 웅진 등 그룹에서 지원책을 잇따라 내놓으며 이번 구조조정 대상에서 제외될 것으로 보인다. 한 신용평가사 건설담당 연구원은 시공능력 100위권 내에서 C D 등급을 받을 곳은 거의 없을 것 이라고 했고 다른 신평사 관계자는 STX건설 두산건설 011160 등 우려가 있던 건설사 대부분이 제외된 것으로 보인다 고 전했다. 일부 하위권 건설사가 포함될 가능성은 있지만 시장에 미치는 영향은 제한적이라는 분석이다. 올 들어 지난 12일까지 신용등급을 보유한 건설사중 등급이 변경된 곳은 3곳에 그쳤다. 지난 2월 대림산업 000210 의 등급이 A 에서 AA 로 한 단계 오른 반면 지난 7일 범양건영 002410 은 BB 에서 BB 로 한 단계 떨어졌다. 삼부토건 역시 BBB 에서 BB 하향검토대상 으로 하락했다. 이 가운데 자진해서 법정관리를 신청한 삼부토건 001470 과 동양건설 005900 산업의 운명에도 관심이 쏠린다. 우리은행 관계자는 삼부토건의 경우 우리은행이 추가적인 지원에 나서기로 하면서 법정관리를 피할 수 있을 것 이라며 동양건설은 주채권은행인 신한은행의 추가 지원 여부에 따라 D등급을 받을 가능성도 배제할 수 없다 고 말했다. 한편 금융당국은 현재로서 건설사 신용위험평가와 관련해 구조조정대상 건설사 숫자를 공개하지 않을 방침이다. 금감원 관계자는 작년에 구조조정 대상 숫자만 발표했는데 시장의 혼란만 부추겼다 며 일단 채권단에서 자율적으로 하게끔 하고 감독원은 사후적으로 파악해 국회에 보고하는 수준이 될 것 이라고 밝혔다. 앞서 정부는 부동산 경기침체에 따라 건설사들이 부실화하자 2009년 1월 같은해 3월 지난해 6월 등 3차례에 걸쳐 52개 건설사에 대한 구조조정을 진행한 바 있다. 이에 따라 현재 시공능력 100위권 이내 건설사중 워크아웃 또는 법정관리 상태에 있는 회사는 30곳 조기졸업 1곳 제외 에 이른다. 올 들어서만 진흥기업 002780 과 동일토건 LIG건설 삼부토건 동양건설산업이 워크아웃이나 법정관리를 택했다.,https://news.naver.com/main/read.nhn?mode=LSD&mid=shm&sid1=260&oid=018&aid=0002452015,284
261450,2011.06.14. 오전 9:38,부동산,파이낸셜뉴스,지지옥션 25일 서울 청파동서 특강 개최,부동산 경매 전문업체인 지지옥션은 오는 25일 서울 청파동 주민센터 2층 대강당에서 지지옥션 회원들을 위한 명도 특강 ‘통쾌한 명도 비법’을 개최한다고 14일 밝혔다. 명도는 건물이나 토지를 남에게 주거나 맡기는 것을 뜻한다. 이번 특강에서는 명도란 무엇인가를 시작으로 실전 경험을 통한 명도 비법을 전수해 주고 각 사례별 명도 기술에 대해 소개해 준다. 이번 명도특강은 20여년 간 부동산 상담 및 경매 자문을 해온 김부철 지지옥션 경매 상담위원이 명도 노하우를 알려줄 예정이다. 1부에서는 인도와 명도의 차이 점유자의 배당금액에 따른 명도 기술 조조명도와 휴일·야간 명도 유인·무인시 대처 방법에 대해 설명해 주고 2부에서는 점유자가 야반도주한 경우 환자가 점유하고 있는 경우 다수의 점유자가 단합 하는 경우 점유자가 자해 폭력 화재를 일으킬 경우 등 각 사례별 명도에 대해 자세히 알려준다. 지지옥션 회원들을 위한 무료 강의로 참가자 전원에게 정가 6만원의 서적을 무료로 제공한다. 선착순 300명 정원이며 특강 전날까지 지지옥션 홈페이지 www.ggi.co.kr 를 통해 사전접수 하면 된다. 특강에 대한 문의는 1588 0133로 하면 된다.,https://news.naver.com/main/read.nhn?mode=LSD&mid=shm&sid1=260&oid=014&aid=0002456078,284
261451,2011.06.14. 오전 9:30,부동산,아시아경제,불안한 전세시장...입주 단지 노려볼까,아시아경제 조민서 기자 전셋값이 다시 꿈틀대고 있다. 발빠른 세입자들이 여름방학을 앞두고 전셋집 선점에 나서면서 가격도 오르고 물건도 귀해진 상황이다. 이럴때 실수요자들이라면 입주물량이 풍부한 곳을 눈여겨볼 필요가 있다. 대규모 입주단지는 많은 물량이 한꺼번에 나오는 만큼 비교적 저렴한 가격에 전셋집을 구할 수 있다. 새 아파트라는 장점도 있다. 입주 단지 주변에 위치한 기존 아파트도 전세 물건으로 나오게 되는 경우가 많아 선택의 폭이 더욱 넓어질 수 있다. 다만 7월 입주물량은 전국을 합쳐도 1만여 가구가 채 안 돼 이 시기에 이사를 계획했던 세입자들은 서둘러 발품을 파는 것이 유리하다. 특히 서울 경기 등 수도권에 공급될 물량은 6월 7978가구에 비해 2311가구 줄어든 5667가구에 불과하다. 7월 서울에는 은평구에 대단지 입주물량이 대기 중이다. 불광7구역 재개발아파트인 북한산힐스테이트7차 총 1070가구 규모가 입주 예정이다. 16개동 최고 19층으로 구성됐으며 공급면적은 54 168㎡로 다양하다. 지하철 3·6호선 불광역과 연신내역 6호선 독바위역의 트리플역세권에 위치한다. 경기도에는 광교신도시가 첫 입주를 앞두고 막바지 공사가 한창이다. A5블록에 위치한 광교한양수자인은 4개동 15층 규모 총 214가구로 구성됐다. 가구수는 많지 않지만 광교신도시 첫 입주 아파트라는 점과 전용면적 85㎡이하의 중소형 단일면적으로 구성된 점이 관심을 끌고 있다. 개통예정인 신분당선 연장선 경기대역 2016년 예정 이 가깝고 용인 서울간 고속도로 동수원IC가 인접해 있어 서울 접근성이 좋다. 인천에서는 청라힐데스하임 A24블록 아파트가 7월 입주예정이다. 최고 25층 10개 동 총 1284가구로 이뤄졌으며 청라경제자유구역 내에 조성된다. 경인고속도로 인천국제공항고속도로 인천국제공항철도가 가까이 위치해 서울과 인천 공항뿐만 아니라 타 지역 접근성도 우수한 편이다. 주변 교육시설로는 청라초·중·고 초은초·중 2012년 개교예정 ·고 등이 자리잡고 있다. 조민이 부동산1번지 팀장은 신혼부부 학군수요 등으로 소형평형대 위주로 전셋값이 오르고 있다 라며 입주물량이 많은 지역을 발빠르게 공략하면 조금이라도 저렴한 가격에 전셋집을 찾을 수 있다 라고 조언했다. 다만 이런 아파트들이 전세계약이 끝난 2년 뒤에는 전셋값이 다시 주변 시세에 맞게 조정돼 부담이 늘어날 수 있다는 점은 주의할 점이다.,https://news.naver.com/main/read.nhn?mode=LSD&mid=shm&sid1=260&oid=277&aid=0002622586,284
261452,2011.06.14. 오전 9:29,부동산,노컷뉴스,쌍용건설 싱가포르서 최상위 친환경인증 또 획득,W호텔 키사이드 아일 …세계 3대 BCA 그린마크 플래티넘 세번째 획득 CBS산업부 정재훈 기자 쌍용건설은 최근 싱가포르에서 시공중인 W호텔의 명품 부띠끄 센터 키사이드 아일 이 싱가포르 건설청으로부터 BCA 그린마크 최상위 등급인 플래티넘 인증을 받았다고 14일 밝혔다. BCA 그린마크 는 싱가포르 정부가 건축 관련 세계 최고 권위의 친환경 인증을 목표로 2005년 제정한 이래 현재는 중국 인도 말레이시아 베트남 캄보디아 사우디아라비아 등 아시아와 중동에 수출돼 시행중인 제도이다. 미국의 리드 LEED 영국의 브리암 BREEAM 과 함께 세계 3대 친환경 인증으로 권위를 인정받고 있으며 에너지 자원 절감을 위한 설계는 물론 완공 후 관리비 쾌적성 혁신성까지 평가한다. 쌍용건설이 지난 1월 단독 수주한 W호텔 키사이드 아일 은 햇빛을 받는 건물 전면에 열전도율이 낮은 이중 특수유리를 사용함으로써 실내 온도 24℃를 유지하기 위한 냉방 전력량이 일반 건물의 약 55%에 불과한 것이 특징이다. 또한 옥상 주요 부분에 태양 전지판을 부착하고 화장실 계단 등 공용구역에 모션센서를 설치하는 등 에너지 절감 설계를 적용해 한국의 4천550가구가 1달간 사용할 수 있는 137만kwh 를 연간 절감할 수 있다. 아울러 공사현장에서는 빗물 정수 시스템을 설치해 화장실 세척 공사 용수 분진 제거용 살수 등에 활용함으로써 올림픽 규격 수영장 4개에 해당하는 약 9천㎥의 물을 절감하고 있다. 이밖에 옥상 가든의 인조 목재 데크 등에는 친환경 인증을 받은 자재를 쓰고 건물 구조에는 재생골재로 만든 그린 콘크리트를 100% 사용해 소나무 약 27만 그루를 심는 것과 같은 747톤의 이산화탄소 CO2 배출저감 효과가 기대된다. 쌍용건설은 앞서 2007년 5월 싱가포르 오션 프론트 콘도미니엄이 주거건물 최초로 그린마크 플래티넘 인증을 받았고 지난해 5월에는 아시아 최초로 호텔부문에서 W호텔이 플래티넘 인증을 받은 바 있다. 쌍용건설 황인강 해외건축부문 담당 상무는 그린마크 제도 도입 후 싱가포르에서 쌍용건설이 시공하거나 시공 중인 건축물 총 3건이 각 분야에서 모두 최상위 인증을 받았다 며 국제적인 권위가 있는 친환경 인증 실적을 바탕으로 국내외 녹색건설 분야에서 입지를 확고하게 다져나갈 것 이라고 말했다.,https://news.naver.com/main/read.nhn?mode=LSD&mid=shm&sid1=260&oid=079&aid=0002259318,284
261453,2011.06.14. 오전 9:20,부동산,헤럴드POP,분양가상한제 공급감소 주범 집값 상승 원흉... 6월 임시국회 폐지안 통과여부 주목,6월 임시국회가 열리면서 분양가상한제 폐지 논의가 본격화하고 있다. 건설 관련 3개 단체 대한건설협회 한국주택협회 대한주택건설협회 는 지난 13일 서울 여의도에서 ‘분양가 상한제 합리적 개선을 위한 정책 토론회’를 여는 등 분양가 상한제 폐지를 위한 여론조성에 박차를 가하고 있다. 민간택지 분양가상한제 폐지는 정부와 한나라당이 지난 3ㆍ22 부동산 대책에서 4월 임시국회 처리 방침을 공식화했지만 끝내 국회 상정이 무산되면서 6월로 미뤄진 상태. 건설업계는 사실상 6월 국회 처리를 위한 배수의 진을 친 모양새다. 논의는 자연스레 분양가상한제의 득과실로 모아지는 양상이다. 분양가상한제 실시로 공급이 크게 위축됐다는 건설업체의 주장이 설득력을 얻어가는 가운데 시민단체와 야당은 분양가상한제 폐지는 곧 분양가상승으로 이어져 집값 상승의 도화선이 될 수 있다고 맞서고 있다. 분양가 상한제 폐지를 위한 주된 논거는 분양가상한제 도입 이후 주택 공급이 크게 감소하고 주택 구매 실수요를 위축시켜 전세난을 가중시키는 등 오히러 주거 안정에 부정적 영향을 가져오고 있다는 쪽으로 모아지고 있다. 실제 분양가상한제 도입 이후 민간의 주택공급량은 급감하는 추세. 지난해 2010년 민간주택건설 실적은 25만호로 2007년 대비 37.8% 감소했다. 전국 아파트거래량 또한 2006년 11월 8만9458건이던 것이 지난해 4월에는 5만5586건으로 줄어 무려 37.9%나 감소했다. 권주안 주택산업연구원 선임연구위원은 “분양가상한제가 폐지될 경우 단기적으로는 분양가격과 기존주택가격을 상승시킬 수 있지만 장기적으로는 공급확대를 통해 주택가격 안정을 도모할 가능성이 크다”며 “분석 결과 분양가상한제가 폐지되면 서울 지역 집값은 33개월 후 11% 수도권은 36개월 후 5%까지 가격이 떨어질 수 있다“고 주장했다. 하지만 반대 여론도 만만치 않다. 분양가상한제 폐지는 즉각 분양가 상승으로 이어져 주택 소비자들의 부담을 가중시킬 수 있다는 것. 김성달 경실련 부동산국책사업팀장은 “분양가상한제가 폐지되면 그간 억제되어 오던 분양가가 올라 결국 소비자 부담으로 고스란히 전달될 것”이라고 우려했다. 박희철 민주당 의원도 이날 토론회에서 “분양가상한제는 서울 강남 재건축 단지들의 분양가가 폭등하면서 도입한 제도로 이 제도가 폐지될 경우 그때와 같은 일이 반복해서 일어날 것”이라며 “폐지 후 가격폭등에 대한 아무런 대책이 없는 상황에서 분양가상한제 폐지에 반대한다”고 말했다. 하지만 이에 대해 정창무 서울대학교 건설환경공학부 교수는 “주택보급률이 100%를 넘고 저출산ㆍ고령화에 따라 부동산시장이 공급자 우위에서 수요자 우위로 재편되는 시점에서 분양가상한제를 폐지하더라도 분양가격이 크게 올라가기 어려우며 장기적으로는 주택의 원활한 공급을 가져와 주택시장의 안정에 기여할 것”이라고 맞섰다. 6월 임시국회는 부동산 업계 최대 현안인 분양가상한제는 물론 전월세상한제 등을 두루 논의할 예정으로 두 차례의 상임위 활동을 시작으로 오는 23일 29일 30일 본회의 일정이 예정돼 있다.,https://news.naver.com/main/read.nhn?mode=LSD&mid=shm&sid1=260&oid=112&aid=0002202765,284
261454,2011.06.14. 오전 9:16,부동산,헤럴드POP,롯데건설 청계천에 코엑스 1.6배 규모 ‘베네치아 메가몰’ 분양,롯데건설은 서울 황학동의 초대형 주상복합단지인 롯데캐슬 베네치아 하층부의 상업시설인‘베네치아 메가몰’ 투시도 을 임대한다. 약 13만여㎡ 3만9천여평 규모의 베네치아 메가몰은 지하 2층 지상 2층으로 이중 200여 개의 상가를 임대하고 있다. 베네치아 메가몰은 전형적인 도심형 복합 엔터테인먼트 쇼핑센터로 삼성동 코엑스몰보다 연면적이 약 1.6배가 넓은 초대형 전문 상업시설이며 쇼핑 문화 생활편의 휘트니스 식음시설 등 모든 생활편의 시설들을 한 곳에서 누릴 수 있도록 ‘패밀리 메가몰’로 꾸며진다. 지하2층에는 대형마트 사우나 휘트니스 골프연습장이 들어서고 지하 1층에는 키즈파크 엔터테인존 푸드코트 브랜드샵 등 생활문화 시설들이 입점할 예정이다. 지상 1층은 오토갤러리와 패스트 푸드존으로 지상2층은 메디컬존 뷰티존 학원 전문식당 편의시설 등으로 구성할 예정이다. 특히 현재 베네치아 메가몰에는 지하2층 지상1층 약15 000평 규모의 E마트가 입점하여 영업 중에 있으며 약 2 900평 규모의 휘트니스 골프연습장 사우나 등과 약2천평의 국내 최대 규모의 실내 키즈파크의 입점이 확정되어 있다. 1 870가구의 아파트 고정 고객과 왕십리뉴타운 6 000가구 흡수 베네치아 메가몰이 들어서는 황학동 롯데캐슬은 지난 2008년 1 870가구가 입주하였으며 바로 옆에 6 000여 가구의 왕십리 뉴타운이 개발될 예정이어서 대규모 인구유입과 높은 미래가치가 예상된다. 또한 볼거리와 즐길거리가 풍부한 청계천의 바로 앞자리에 위치하여 수많은 유동고객을 흡수할 수 있으며 동대문 패션타운과 역사문화공원 등과 연계하여 시너지 효과는 더욱 클 것으로 기대된다. 베네치아 메가몰은 지하철 신당역 동묘앞역 신설동역이 만나는 트리플 역세권의 중심에 위치해 있으며 주차공간도 930여대 이상을 마련해 교통의 편리성도 갖추고 있다. 대형시공사가 직접 책임 임대에 나서 그동안 베네치아 메가몰은 조합원들간의 갈등으로 상가 분양에 어려움을 겪었으나 최근 롯데건설이 직접 나서 불투명했던 일괄 매각 수요들을 정리하고 책임 임대를 할 수 있도록 모든 절차를 완료했다. 신뢰할 수 있는 대형 시공사가 책임지고 직접 임대에 나섬에 따라 베네치아 메가몰에 대한 수요가 다시 살아날 것으로 기대된다.,https://news.naver.com/main/read.nhn?mode=LSD&mid=shm&sid1=260&oid=112&aid=0002202764,284
261455,2011.06.14. 오전 9:10,부동산,헤럴드POP,서초구 방배동 롯데캐슬 서초 우면 민간 중대형...올 하반기 청약받고 싶은 분양단지 12위,올 하반기 예비청약자들의 관심을 한몸에 받을 최고 ‘블루칩’ 단지는 어디일까 서울은 교통 학군 생활환경 3박자를 두루갖춘 강남권 재건축 단지가 높은 기대를 모았고 경기 및 인천에서는 신도시 광교와 성남시 재개발 현장에 이목이 집중된 것으로 나타났다. 지방은 청약열기 진원지로 꼽히는 부산이 상위권을 ‘싹쓸이’해 압도적 인기를 보였다. 14일 부동산정보업체 닥터아파트가 청약플래너 이용회원 1만 2065명을 대상으로 분양받고 싶은 아파트 ‘베스트5’를 조사한 결과 올 하반기 예비청약자들이 가장 선망하는 단지는 서울 서초구 방배동 ‘롯데캐슬’로 나타났다. 롯데건설은 오는 10월 방배동 427의 1번지 일대 단독주택 재건축을 통해 683가구 중 82 251㎡ 372가구를 일반분양한다. 지하철 이수역 4ㆍ7호선 이 도보 5분 거리며 방배초ㆍ서문여고 등을 통학할 수 있다. 그 뒤를 울트라건설이 짓는 ‘서초참누리 에코리치’가 이었다. 서초구 우면지구 A1블록에 들어서는 이 단지는 보금자리주택 지구 내 첫 민간아파트. 공급면적 130 213㎡ 총 550가구 규모로 내달 분양이 예정돼 있다. A1블록은 우면산 양재천 등이 인접해 강남권에서 손꼽히게 주거환경이 쾌적하다. 3위에는 현대산업개발이 강남구 역삼동 성보아파트를 재건축한 아이파크가 이름을 올렸다. 오는 10월 전체 411가구 중 83 108㎡ 30가구가 시장에 나온다. 4위에는 GS건설이 마포구 아현4구역을 재개발하는 공덕자이가 선정됐고 현대산업개발ㆍ대림산업ㆍ삼성물산ㆍGS건설 컨소시엄이 시공을 맡은 왕십리뉴타운2구역도 인기단지로 꼽혔다. 경기ㆍ인천권에서는 광교신도시 및 성남시 재개발 단지에 대한 관심이 두드러졌다. 우선 광교 A31블록에 들어서는 ‘광교참누리 총 350가구 ’가 경기권 1위에 올랐다. 전용 59㎡ 소형으로만 이뤄져 10월 예정된 분양에서 청약자들의 경쟁이 치열할 것으로 보인다. 2 3위는 성남 내 재개발 현장이 모두 차지했다. 대우건설은 오는 9월 단대동 단대구역을 재개발해 1140가구 중 252가구 85 164㎡ 를 일반분양하며 롯데건설도 중동3구역을 재개발해 622가구 중 170가구 85 148㎡ 를 공급한다. 4위는 호반건설이 광교 C1블록에 짓는 주상복합 ‘호반베르디움 508가구 145㎡ ’이 선정돼 또 다시 광교신도시가 차지했다. 5위에 오른 수원시 권선동 ‘아이파크시티 1077가구 ’만이 유일하게 광교ㆍ성남권을 벗어난 분양예정주택으로 조사됐다. 지방에서는 1 5위까지 모두 부산이 휩쓸었다. 대표 기대주로 대연 혁신도시 내 2곳과 남구 용호동 분양단지 등이 선정됐다. 김민현 기자＠kies00 kies heraldm.com 올 하반기 가장 인기 분양단지는 어디 ‘똑똑한 중소형’봇물…지방분양 열기는 계속된다 전국 상위 20% 아파트 가격 3년전 대비 2000만원 떨어졌다.,https://news.naver.com/main/read.nhn?mode=LSD&mid=shm&sid1=260&oid=112&aid=0002202760,284
261456,2011.06.14. 오전 9:10,부동산,아시아경제,1년새 2억 뛴 판교 전세시장‥도대체 무슨 일이,아시아경제 김봉수 기자 전세 물량은 거의 없는데 찾는 사람들은 꾸준하다. 이대로라면 하반기 이사철에 또 다시 전세 대란이 예상된다. 경기ㆍ인천 등 수도권 전세 시장이 하반기 이사철을 앞두고 폭풍 전야 다. 지난4월 이후 비수기를 맞아 잠시 주춤했던 전세난이 본격적인 이사기인 가을로 접어 들어가기 전에 벌써부터 재현될 조짐을 보이고 있는 것이다. 신도시 분당 판교와 용인 수지 등 신도시의 전세 시장은 비수기임에도 불구하고 신분당선 개통 등 교통 호재 및 입주 2년차 등의 요인으로 벌써부터 요동치고 있다. 특히 올해 입주 2년차를 맞는 판교 지역은 지난 3월부터 연말까지 전세 계약 만료 및 갱신이 이뤄지는 시기와 맞물려 벌써부터 거래가 활발하다. 지난 4 5월까지만 해도 비수기여서 움직임이 적었지만 6월 들어 여름방학을 앞두고 이사를 준비하는 사람들이 움직이기 시작한 데다 서울의 재건축지구에서 이사 오는 사람들까지 판교를 찾는 바람에 벌써부터 시장이 심상치 않다. 여기에 신분당선 9월 개통·판교테크노밸리 입주라는 호재가 겹치면서 2년 전 1억8000만원이었던 아파트의 전셋값이 4억원까지 올랐다. 부동산 중개업소 판교로뎀 관계자는 공급이 늘어나 물량이 딸리지는 않지만 가격도 상승세를 보이고 있다 며 그래도 다른 곳보다는 물량이 많으니 이사를 준비하는 전세입자들이 관심을 가져볼만 하다 고 전했다. 용인 수지 지역도 계속되는 전세 물량의 가뭄 속에서 수요가 꾸준하다. 죽전동 부동산 닥터 관계자는 전세 물량이 거의 없다. 1개 단지마다 1 2개 정도에 불과한데 찾는 사람들은 꾸준하다 며 5월까지만 해도 전셋값이 내렸는데 소형 중대형 할 것 없이 워낙 물건이 없다보니 다시 오름세를 타고 있다. 올 가을 이사철에 전세난이 심각할 것 같다 고 예상했다 경기ㆍ인천 경기도나 인천의 사정도 비슷하다. 입주 물량이 쏟아져 나온 수원 광교신도시 인천 송도ㆍ논현 소래 지구 등 일부 지역을 제외한 나머지는 전세 물량의 가뭄이 지속되면서 오는 가을 전세대란이 재현될 조짐이 보이고 있다. 워낙 전세 물량이 적어 부동산 중개업소마다 한달에 1 2건 정도 거래되는 정도다. 물량은 나오자마자 금세 소진되고 있다. 과천 이안부동산 관계자는 소형이나 중대형 할 것 없이 전세 물량이 워낙 적다. 4월 이후 비수기에도 전셋값이 전혀 떨어지지 않고 있다 며 저층의 경우 2년 전에 비해 최소 4000만 5000만원 이상 뛰었고 로얄층은 그보다 더 올랐는데 가을에도 전셋값 상승세가 지속될 것 같다 고 말했다. 인천 남동구 H부동산 관계자도 전세 물량은 워낙 귀해 나와도 하루 이틀이면 나간다. 방금도 물건을 하나 잡아 놨는데 계약자가 이틀 늦는 바람에 놓치고 말았다 며 올 봄엔 그나마 신규 입주 물량이 많아 가격이 보합세였는데 가을이 되면 상황이 달라질 것 이라고 내다봤다.,https://news.naver.com/main/read.nhn?mode=LSD&mid=shm&sid1=260&oid=277&aid=0002622557,284
261457,2011.06.14. 오전 9:03,부동산,노컷뉴스,포스코건설 부산 더샵 센텀포레 29일 분양,1천6가구 대단지 705가구 일반분양…민락역 인접 센텀권역 CBS산업부 정재훈 기자 포스코건설은 오는 23일 부산 더샵 센텀포레 의 견본주택을 개관하고 본격 분양에 나선다고 14일 밝혔다. 부산 더샵 센텀포레 는 지하 4층 지상 최고 27층 12개동 전용면적 59 154m²총 1천6가구 규모의 대단지로 이중 705가구를 일반 분양한다. 전용 85m²이하 중소형이 746가구 전체 공급량의 74%를 차지한다. 분양가는 공급면적 기준 3.3m²당 평균 1천만 원 이하로 책정될 예정이다. 부산지하철 2호선 민락역이 단지 바로 앞에 있으며 부산의 최고 주거지역인 센텀권역으로 센텀시티 내 롯데백화점과 신세계센텀시티 홈플러스가 걸어서 10분 거리이다. 인근에 BEXCO와 부산시립미술관 APCE나루공원 등 문화시설도 풍부하다. 또 단지 앞뒤로 생태하천인 수영강과 친환경 녹지인 백산이 자리잡고 있는 등 주거환경도 쾌적하고 초.중.고 등 9개 학교가 인접해 있다. 29일 1순위 청약을 시작으로 다음달 1일까지 청약을 받으며 당첨자 발표는 다음달 7일 계약기간은 다음달 12 14일이다. 견본주택은 우동 글로리콘도 뒤편에 마련된다.,https://news.naver.com/main/read.nhn?mode=LSD&mid=shm&sid1=260&oid=079&aid=0002259308,284
261458,2011.06.14. 오전 9:00,부동산,아시아경제,보금자리주택 공급 빨간 불.. 공급 부족 현실화,아시아경제 황준호 기자 보금자리주택 공급에 빨간불이 켜졌다. 최근 한국토지주택공사 LH 는 올해 공공주택 공급 목표를 절 반 이상 대폭 축소하겠다고 나섰다. 또 올 상반기까지 그린벨트지구내 보금자리 사업승인 물량도 약 2만 가구께 불과한 것으로 나타나 향후 공공주택 부족현상이 심각할 것으로 전망된다. 이는 정부의 과도한 목표치 LH의 자금난 시장침체 등에 따른 결과로 공급 부족 현상이 가시화 될 것으로 분석된다. 14일 국토해양부 및 LH 등에 따르면 LH는 최근 올해 보금자리주택 전체 사업승인 물량을 10만가구로 수정해 최근 국토부에 보고했다. LH 관계자는 국토부와 LH는 공공주택 사업승인 물량 축소에 대한 논의를 이어왔다 며 최근 물량을 정해 전달했다 고 밝혔다. 이는 국토부가 지난해 말 업무보고를 통해 공급하겠다고 밝힌 보금자리주택 21만 가구 중 LH가 건설해야 할 16만8000가구 전체의 80% 중 6만8000가구가 제외된 수치다. 이중 그린벨트 지역내 보금자리주택 사업승인 예정 물량은 성남 고등 서울 양원지구 등 2만2000여 가구에 불과한 것으로 확인됐다. 당초 정부는 지난 2009년부터 내년까지 32만 가구를 공급하겠다고 밝히고 연평균 8만 가구씩 사업승인할 수 있을 것으로 예상했다. 하지만 2009년부터 지난해까지 2년간 사업승인을 받은 물량이 9만5000가구에 그쳐 올해 공급 목표는 물론 총 목표치인 32만가구 공급도 요원한 상황이다. 이처럼 공공주택 전반에 걸친 공급 난항은 부동산 경기 악화와 국토부의 과대한 목표치 보금자리의 주요 사업시행자인 한국토지주택공사 LH 의 재정난 등에 따른 결과로 풀이된다. 이중 국토부와 LH가 가장 큰 원인으로 꼽는 것은 경기침체다. 정부는 올해 공급 목표를 발표하면서 경기 침체에 따라 민간 주택건설이 대폭 축소돼 공공 공급을 크게 늘렸다고 밝혔다. 하지만 공공주택의 대부분을 공급하는 LH는 통합 이후 막대한 부채 등에 따라 사업 수행이 사실상 불가능한 상태였다. 이후 보금자리에 대한 기대심리로 시장은 더욱 침체되면서 보금자리의 사업성마저 담보할 수 없는 지경에 이르렀다. LH관계자는 경기 침체가 가장 큰 요인으로 보금자리주택 공급에 따라 시장은 보금자리주택의 사업성마저 담보할 수 없는 지경에 이르렀다 고 평가했다. 정부는 상황이 이같이 전개되면서 보금자리 목표치를 축소·조정하고 분양주택 중 60㎡ 이하 주택을 더욱 확대할 전망이다. 이지송 LH사장도 경영정상화를 위해 이 달 말께 사업 구조조정 결과를 발표할 것으로 알려진다. 이에 공공주택 공급 축소에 따른 수급 불안은 가시화될 전망이다.,https://news.naver.com/main/read.nhn?mode=LSD&mid=shm&sid1=260&oid=277&aid=0002622542,284
261459,2011.06.14. 오전 8:51,부동산,헤럴드POP,도봉산 무수골 개발 재개발ㆍ뉴타운사업 대안될까,서울 도봉산 기슭 무수골이 재개발이나 재건축과 달리 원주민 재정착률이 높은 새로운 방식으로 개발돼 주목된다. 무수 無愁 골은 근심 愁 이 없는 無 마을이라는 뜻으로 개발 대상지역은 도봉1동 435번지 도봉초등학교 주변 8만2416㎡이다. 현재 이곳 거주민은 가옥주 206가구 세입자 255가구 등 461가구이나 개발이 완료되면 19가구 이하가 거주하는 4층 이하 건물 57개동이 건립돼 총 595가구가 거주하게 될 전망이다. 재개발이나 재건축사업일 경우 사업구역에는 1개의 조합이 결성돼 사업을 추진하게 된다. 그러나 무수골에서는 주민 도봉구 서울시가 지속적인 협의 끝에 재개발이나 재건축이 아닌 주거환경개선방식을 채택해 조합을 결성하지 않고 사업을 추진하기로 했다. 조합 대신 개발대상지를 14개 권역으로 나눠 각 권역의 주민들의 합의 하에 개별 건축물을 짓게 된다. 14개 권역 면적은 최소 1437㎡ 최대 8252㎡이며 이 권역은 다시 주민들이 개발할 수 있는 최소 단위의 필지로 나뉘게 된다. 1개 권역은 평균 4 5개로 나눠져 14개 권역의 사업주체는 50 60개에 이를 전망이다. 김영식 도봉구청 재개발팀장은 “SH공사나 LH공사 등 여러 기관이나 업체에서 이 지역 재개발을 검토했으나 조합을 결성해 아파트를 지으면 원주민이 떠나야 할 가능성이 높아 주민들이 주도적으로 새 방식을 채택했다”며 “사업 주체가 많아 의사결정 과정에 시간이 걸리지만 주민들이 원하는 대로 개발할 수 있어 재정착률이 상대적으로 높아질 것”이라고 말했다. 도봉구는 예산 244억원을 들여 무수골에 공원 도로 주차장 경관녹지 등을 조성하는 무수골 기반시설 조성공사를 내년 4월 완료할 계획이라고 14일 밝혔다. 김 팀장은 “기반시설 공사가 완료되면 본격적으로 무수골에 주택개발이 진행될 것”이라며 “14개 권역 중 1개 권역은 현재 심의가 완료돼 주택개발이 진행중”이라고 덧붙였다. 이동진 도봉구청장은 “무수골 개발은 요즘 문제가 되고 있는 재개발ㆍ재건축ㆍ뉴타운 사업의 대안이 될 수도 있다고 본다”며 “무수골 개발이 성공적으로 진행될 수 있도록 적극 지원하겠다”고 말했다.,https://news.naver.com/main/read.nhn?mode=LSD&mid=shm&sid1=260&oid=112&aid=0002202751,284
261460,2011.06.14. 오전 8:46,부동산,머니투데이,리츠는 금융회사 신뢰가 우선,머니투데이 전병윤 기자 MT가 만난 건설인 김종국 광희리츠 대표 증권업계 15년경력…법준수 배어야 임차인 만족해야 주주 이익 극대화 ↑김종국 광희개발전문자기관리부동산투자회사 대표 우리가 지은 집에 사는 사람들이 행복해야 주주들의 이익도 극대화되죠. 김종국 광희개발전문자기관리부동산투자회사 이하 광희리츠 대표 사진 는 주주가치의 극대화 라는 함정에 빠지는 것을 경계해야 한다고 강조했다. 거래소 상장을 추진 중인 리츠사 대표의 발언치곤 다소 의외다. 살고 있는 임차인이 만족스러워야 입소문을 타 공실률이 낮아지고 그래야 분양자의 임대수익이 높아지겠죠. 이런 신뢰가 쌓일수록 이 리츠에서 추진하는 임대와 분양사업은 잘 될 수밖에 없고 결국 주주들의 이익이 극대화되는 거죠. 단순한 원리지만 금융업을 모르면 순서가 뒤바뀔 수 있고 주가 조작이란 치명적 유혹에도 빠질 수 있습니다. 광희리츠는 지난해 11월 설립된 부동산투자회사로 적정요건만 갖추면 거래소에 상장될 수 있다. 이런 상황에서 지난달 다산리츠가 횡령 등의 혐의까지 불거지며 상장폐지 절차를 밟으면서 리츠에 대한 투자자들의 인식이 부정적으로 바뀌는 현실을 김 대표는 안타까워했다. 김 대표는 리츠업계에선 드물게 증권사에서 15년 동안 근무한 경력을 갖고 있다. 그는 1986년 삼성경제연구소의 창립멤버로 활동했으며 95년 삼성증권 경영관리팀장과 리테일지원담당 상무 유진투자증권 경영기획본부장 전무 KB투자증권 최고재무책임자 CFO 로 일했다. 금융사에 몸담았던 그에겐 무엇보다 신뢰 가 우선이란 인식이 뼛속 깊이 박혀 있다. 김 대표는 금융은 규정·지침·법규 안에서 움직이는 규제산업이며 리츠도 상장사여서 결국 금융의 테두리에서 사소한 것까지 법을 준수하려는 것이 몸에 배어 있어야 한다 며 거래소 상장심사기준이 까다로워져 상장 예정일이 늦어졌지만 결국 리츠업계가 투자자들의 신뢰 회복을 위해 감수해야 될 문제 라고 강조했다. 그는 투자자들에게 한눈에 파악할 수 있는 사업계획을 보여주는 게 중요하다고 설명했다. 광희리츠는 지난 5월 초 36억원 규모의 일반주식공모에 1800억원 넘게 몰려 51대1에 달하는 경쟁률을 기록할 만큼 투자자들에게 큰 호응을 얻었다. 광희리츠는 현재 영등포동8가에 도시형생활주택인 영등포 메이준2011 분양을 계획중이다. 전용 12.15 12.23㎡ 도시형생활주택 80실과 14.21 17.23㎡ 오피스텔 106실 등 총 186실을 짓는 프로젝트다. 영등포구청역 인근 철도사원아파트 재개발사업을 위한 우선협상자로도 선정됐다. 철도사원아파트 부지 일부에 79㎡ 210가구를 지어 분양할 계획이다. 김 대표는 리츠는 손실위험을 감수한 투자자로부터 자금을 모으기 때문에 프로젝트파이낸싱 PF 처럼 시공사들의 지급보증을 요구하지 않는다 며 리츠는 지급보증에 얽힌 PF문제를 해결하기 위한 대안인 동시에 대박 이 아닌 적정수익을 통해 건전한 부동산투자문화가 자리잡는데 도움을 줄 수 있다 고 강조했다.,https://news.naver.com/main/read.nhn?mode=LSD&mid=shm&sid1=260&oid=008&aid=0002554637,284
261461,2011.06.14. 오전 8:46,부동산,헤럴드POP,주택거래 활성화를 위해선 반드시 ‘분양가상한제’ 폐지해야,최근 주택시장은 정부의 불합리한 규제와 장기적인 내수시장 침체로 깊은 침체의 늪에서 좀처럼 빠져 나오지 못하고 있다. 이대로 침체된 주택시장을 방치한다면 내수시장 침체가 지속돼 서민경제에 악영향을 미칠 것으로 우려된다. 특히 정부가 전월세 시장안정과 주택공급 활성화를 위해 수차례 부동산활성화대책을 발표했는데도 불구하고 오히려 주택거래가 급감하고 분양ㆍ입주난이 심화되는 등 주택거래 ‘동맥경화’ 현상은 더 심화되고 있다. 14일 건설업계에 따르면 건설단체와 정부 학계 언론계 전문가들이 지난 13일 공동 개최한 ‘분양가상한제의 합리적 개선을 위한 정책토론회’에서는 최근 주택공급 활성화를 위한 최대 화두인 ‘분양가상한제’ 폐지를 포함한 다양한 개선방안이 제시돼 눈길을 끌었다. 이번 정책토론회는 모두 2개 주제로 구성되어 있으며 제1주제는 정창무 교수 서울대학교 건설환경공학부 가 ‘분양가상한제의 현실과 정책과제’에 대해 주제발표를 하고 제2주제에서는 주택산업연구원 권주안 선임연구위원이 ‘분양가상한제 개선방안’이라는 제목으로 발표했다. 정창무 교수는 분양가상한제 실시는 현재 심각한 수준인 ‘주택거래 위축’에 주요인으로 작용한다고 지적했다. 그는 분양가상한제로 인해 ‘주택가격의 정상적 상승저해→실수요 위축→전세난 유발’ 등의 악순환 구조가 고착되고 있다고 주장했다. 특히 지금처럼 주택가격이 하락하고 거래가 침체된 상황에서는 실효성 없는 제도라는 것이 정 교수의 주장이다. 또한 분양가상한제는 주택공급 위축을 초래함으로써 향후 주택수급불균형을 야기하여 서민주거안정에 악영향을 미칠 것으로 우려되며 주택업체들의 아파트 품질향상을 저해하는 요인으로 작용할 것으로 예상된다. 이밖에 시장경제원리에 반하는 규제로서 해외 다른 국가에서 찾아보기 힘든 제도라고 지적했다. 그는 결론적으로 우리나라의 주택보급률이 100%를 넘어섰고 저출산ㆍ고령화 시대로 접어듦에 따라 부동산시장이 공급자우위에서 수요자우위로 재편된 시장여건상 분양가상한제 폐지를 더 이상 늦출 필요는 없다고 주장했다. 권주안 선임연구위원은 분양가상한제가 폐지될 경우 단기적으로는 분양가격과 기존주택가격을 상승시킬 수 있지만 장기적으로는 공급확대를 통한 주택가격 안정을 도모할 가능성이 크다고 주장했다. 그는 검증가설을 통해 분양가상한제가 폐지된다면 공급확대를 통해 서울은 11분기 후 11% 정도 가격이 하락하고 수도권은 12분기 후 5% 정도 하락할 것으로 예상했으며 2008년 이후 분양가격에 의한 주택가격 영향은 없는 것으로 분석했다. 권 위원은 분양가상한제 개선방안으로 원칙적으로 분양가상한제는 폐지되어야 한다고 주장했다. 다만 지금 당장 전면적인 분양가상한제 폐지가 힘들다면 택지나 건축비 등을 보완하여 원가반영율을 높여야 한다고 지적했다. 공공택지 선납대금 기간이자 현실화 기본형 건축비 층수세분화 분양가심사위원회 제도의 개선 등이 개선방안으로 제시됐다.,https://news.naver.com/main/read.nhn?mode=LSD&mid=shm&sid1=260&oid=112&aid=0002202747,284
261462,2011.06.14. 오전 8:21,부동산,아시아경제,경기도 15일 접경지역발전종합계획 관련 공청회 개최,아시아경제 김봉수 기자 경기도와 행정안전부는 오는 15일 북부청사 대강당에서 접경지역 발전종합계획 안 개선을 위한 공청회를 개최한다. 이와 관련 지난 5월 접경지역지원특별법이 공포되면서 행정안전부가 ‘접경지역 발전종합계획 안 ’을 수립했는데 이번 공청회는 이에 대해 설명을 듣는 한편 접경지역의 바람직한 발전방향을 모색하기 위해 마련됐다. 접경지역 발전종합계획 안 은 인천과 경기 강원의 접경지역 15개 시군을 대상으로 한 2030년까지의 장기적 발전종합계획이다. 한반도 중심의 생태·평화벨트 Eco Peace Belt 육성 이라는 목표 하에 DMZ생태관광벨트 육성 저탄소 녹색성장지역 조성 동서·남북간 교통인프라 구축 세계 평화협력 상징 공간 조성 특화발전지구 조성 등의 내용을 담고 있다. 도 관계자는 ‘접경지역지원특별법’ 시행을 맞아 오랜 기간 동안 발전과 성장으로부터 소외되어 온 접경지역에 대한 현실적이고도 효과적인 발전방안이 마련되기를 기대하고 있다 며 이번 공청회에서 제시된 주민 및 관계기관의 의견을 반영하여 행정안전부와 함께 내실 있는 ‘접경지역 발전종합계획’을 수립하고 추진해 나갈 예정 이라고 말했다.,https://news.naver.com/main/read.nhn?mode=LSD&mid=shm&sid1=260&oid=277&aid=0002622514,284
261463,2011.06.14. 오전 8:18,부동산,아시아경제,양평 도심 군 부대 이전 본격화‥개발 탄력,아시아경제 김봉수 기자 경기도 양평군 내 도심 지역 군사시설의 외곽 이전 사업이 본격화된다. 도와 양평군은 13일 이전사업 우선협상대상자인 양평배전컨소시엄 대표 류방희 과 양평군 도심인 양평읍 용문면 옥천면에 위치한 방공대대 등 4개 부대를 외곽으로 이전하는 내용의 업무협약을 체결했다. 이번 업무협약은 지난해 2월 국방부와 군 부대 이전을 합의한 후 올해 3월 이전사업 우선협상대상자 선정에 이은 후속 조치로다. 군 부대가 위치한 지역은 양평군 도심지역으로 그동안 주민생활 불편과 각종 지역개발 제한 등 도시발전의 저해요인으로 꼽혀왔던 곳이다. 이전이 추진되는 군사시설 면적은 모두 15만6935㎡ 4만7 000평 로 이들 부대는 용문면과 옥천면 외곽지역으로 이전하게 된다. 이전 사업방식은 ‘기부 대·양여’ 방식으로 민간자본을 유치하고 이전사업비는 약 1050억 정도가 소요될 전망이다. 종전 군사시설 부지는 오는 2015년까지 주거용 택지 및 관광휴양지로 개발돼 효율적인 지역발전의 계기를 마련할 것으로 기대를 모으고 있다. 군 역시 그동안 끊임없이 제기된 각종 민원이 해소될 뿐 아니라 안전하고 효율적으로 군 작전을 수행할 수 있게 돼 민 民 관 官 군 軍 모두 상생 相生 하는 모범적이고 성공적인 사례가 될 것으로 기대하고 있다. 이날 협약식에서 김문수 경기도지사는 이번 양평 4개 군부대 이전사업을 성공적으로 마무리해 타지역 군부대 이전사업의 모범사례가 될 수 있도록 서로 협력하고 노력하자 며 앞으로 추진되는 군부대 이전사업도 원활히 추진되도록 도의 역할을 적극적으로 해 나갈 것 이라고 말했다.,https://news.naver.com/main/read.nhn?mode=LSD&mid=shm&sid1=260&oid=277&aid=0002622513,284
261464,2011.06.14. 오전 8:15,부동산,매일경제,그린벨트 보금자리 공급목표 달성 못한다,도권 그린벨트에서 오는 2012년까지 보금자리주택 32만가구를 건설하기로 했던 정부의 정책 목표 달성이 사실상 어렵게 됐다. u3000최근 한국토지주택공사 LH 가 국토해양부에 보고한 올해 그린벨트지구내 사업승인 물량이 2만여가구에 불과해 최소 8만가구 이상 공급해야 하는 목표치에 크게 미달하기 때문이다. u300014일 국토해양부와 LH에 따르면 LH는 올해 보금자리주택 전체 사업승인 물량을 10만가구로 책정하고 최근 국토부에 보고했다. u3000이는 지난해말 업무보고에서 정부가 공급하겠다고 밝힌 보금자리주택 21만가구중 LH가 건설해야 할 16만8000가구 전체의 80% 에서 6만8000가구 모자란 것이다. u3000이 가운데 그린벨트 지역내 보금자리주택 사업승인 예정 물량은 성남 고등 서울 양원지구 등 2만2000여가구에 불과한 것으로 나타났다. u3000국토부에 따르면 올해 SH공사 경기지방공사 등 지자체 산하 지방공사가 보금자리주택지구에서 사업승인을 받을 물량은 1만5000여가구에 그쳐 올해 그린벨트 보금자리주택의 사업승인 물량은 LH와 지방공사 물량을 합해 4만가구를 넘지 못할 전망이다. u30002009년부터 2012년까지 4년간 32만가구를 공급하기 위해서는 연평균 8만가구씩 사업승인을 받아야 하는 것을 감안할 때 올해 물량은 절반에도 못미치는 것이다. 이 뿐만 아니라 그린벨트 보금자리주택이 도입된 2009년부터 지난해까지 2년간 사업승인을 받은 물량이 9만5000가구에 불과해 올해 물량을 합치더라도 전체 목표치의 42%인 13만5000가구에 그칠 것으로 보인다. u3000정부와 LH는 이 때문에 내년까지 32만가구의 사업승인을 받는 것은 현실적으로 불가능하다고 판단하고 있다. u3000내년까지 32만가구를 공급하려면 내년에만 목표물량의 절반이 넘는 19만5000가구의 사업승인을 받아야 하지만 LH 여건상 쉽지 않다. u3000보금자리주택을 지을 만한 땅이 없고 LH의 미착공 물량 자금난 등을 고려할 때내년에도 사업승인 물량이 크게 늘어나긴 어렵다는 것이다. u3000국토부도 앞서 LH의 자금난과 그린벨트 용지 고갈 등의 여건을 고려해 앞으로 지정하는 보금자리주택지구는 소규모 지역현안사업 위주로 개발하기로 방침을 선회했다. u3000LH의 한 관계자는 아직 보금자리주택 시범지구의 사업도 자금회수가 안된 상황에서 보상비 등 사업비만 계속해서 투입할 수 없다 며 내년까지 32만가구를 공급하는 것은 현재 여건상 불가능하다 고 말했다. u3000보금자리주택지구의 사업차질이 확산되고 있다는 점도 목표달성에 악재로 작용하고 있다. u3000시범지구인 하남 미사지구는 보상이 늦어져 오는 9월로 예정된 본청약이 쉽지 않은 상황이고 LH가 추진하는 2차 보금자리주택지구는 아직 보상 착수도 하지 못했다. u3000하남 감북지구는 지역 주민들이 지구지정 철회를 요구하며 소를 제기했으며 이번에 5차 후보지로 발표된 과천지식정보타운과 강동 상일 등 3개 지구는 주민들과 지자체의 반대로 갈등이 확산되고 있다. u3000LH는 3차 보금자리주택지구인 광명 시흥의 경우 보상비가 약 9조원에 육박할 것으로 예상되자 아예 사업 추진을 중단한 상태다. u3000정부는 이에 따라 그린벨트지구의 보금자리주택 목표 물량을 축소하는 등 사업 재검토에 착수했다. u3000국토부는 이달중 발표할 주택종합계획에서 LH 지방공사 등이 그린벨트 보금자리주택지구와 택지지구 등에서 공급할 보금자리주택의 신규 사업승인 물량을 15만가구로 잠정 책정하고 이 가운데 80%인 12만가구를 LH에 맡길 것으로 알려졌다. u3000 뉴스속보부 r start 화보 전혜빈 핫 한 바디 비법 공개 MB가 공직자 모범사례로 칭찬한 강성태 교수는 닛산 리프 니즈모 RC 르망 24시간 레이스 시범 주행 1600원으로 잭팟 터져 45억 대박 정신질환 40대女 국가상대 7조원대 황당 소송 윤정희 미국서도 빛나는 미모 과시 열공 모드 중 윤계상 겨땀 굴욕 수많은 취재진에 진땀 r end ⓒ 매일경제 mk.co.kr 무단전재 및 재배포 금지 MBA도 모바일로 공부한다.,https://news.naver.com/main/read.nhn?mode=LSD&mid=shm&sid1=260&oid=009&aid=0002483805,284
261465,2011.06.14. 오전 8:10,부동산,이데일리,지능형 무인선 국산화 개발 추진,해양조사·감시 역할..2015년까지 200억원 투입 이데일리 이태호 기자 사람이 타지 않고 해양 조사·해양 감시 등 역할을 해낼 수 있는 지능형 무인선이 국내 기술로 개발된다. 14일 국토해양부는 지난 10일 주관 연구기관으로 한국해양연구원을 선정하고 지능형 무인선 개발을 본격 추진한다고 밝혔다. 무인선 개발은 오는 2015년까지 2단계에 걸쳐 진행된다. 개발비용은 총 200억원이다. 자율적으로 충돌을 피할 수 있는 자체운용 능력을 갖춘 선박 탑재형 무인선 기술개발을 목표로 하고 있다. 운용범위 16km 이내에서 최대 시속 90km로 운항 가능하고 파고 2.5m의 해상환경에서 운용 가능하도록 설계된다. 무인선은 승무원들의 피로누적에 의한 안전사고를 예방하고 악천후시 조난선 인명구조 지원 등 다양한 분야에 활용된다. 민간과 군사 목적의 수요로 오는 2019년 103억달러 규의 시장으로 성장할 전망이다. 국토부 관계자는 국내 IT·조선기술의 융합을 통해 무인선의 원천기술을 확보하고 해양감시 해양조사 해양레저 등 미래 해양산업 인프라 구축에 일조할 수 있을 것으로 기대된다 고 말했다.,https://news.naver.com/main/read.nhn?mode=LSD&mid=shm&sid1=260&oid=018&aid=0002451909,284
261466,2011.06.14. 오전 8:04,부동산,뉴시스,올들어 3번째 금정터널서 신호이상으로 KTX 정차,부산 뉴시스 강재순 기자 KTX운행 터널 중 20.3㎞로 국내 최장 터널인 부산 금정터널에서 운행 중이던 KTX열차가 신호기 이상으로 10여분간 멈춰서는 사고가 또다시 발생했다. 코레일 부산경남본부는 이날 오후 4시 서울역을 출발해 부산역으로 향하던 KTX 145호 열차가 오후 6시23분 부산 금정터널을 지나던 중 터널인근 부산역 신호기에서 이상신호가 발생 정차 후 이상이 없어 다시 출발했다고 밝혔다. 이날 KTX 145호는 도착예정 시간보다 10여분 늦게 부산역에 도착했으며 코레일측은 금정터널 내 신호기가 일시적으로 오작동한 것으로 보고 정확한 사고 경위를 조사하고 있다. 한편 금정터널에서는 지난 3월 20일과 4월 4일에도 신호기 이상으로 달리던 KTX가 정차하면서 불안감을 느낀 승객들이 코레일측에 항의하는 등 소동이 빚어진바 있다.,https://news.naver.com/main/read.nhn?mode=LSD&mid=shm&sid1=260&oid=003&aid=0003907906,284
261467,2011.06.14. 오전 7:56,부동산,헤럴드POP,포스코건설 부산 더샵 센텀포레1006가구 분양,포스코건설 사장 정동화 이 오는 23일 부산 ‘더샵 센텀포레’ 조감도 의 모델하우스를 열고 본격 분양에 나선다. 부산 ‘더샵 센텀포레’는 지하 4층∼지상 최고 27층 12개동 총 1006가구 규모의 대단지로 전용면적 59 154㎡의 다양한 평형으로 구성된다. 이 중 전용면적 85㎡ 이하의 중소형 평형이 746가구로 전체 공급량의 74.2%를 차지한다. ‘더샵 센텀포레’의 총 1006가구 공급 물량 중 일반 분양은 705가구이다. 분양가는 공급면적 기준 3.3㎡당 평균 1000만원 이하로 공급될 예정이다. 오는 29일 1순위 청약을 시작으로 7월 1일까지 청약을 받으며 당첨자발표는 7월 7일 계약기간은 7월 12일부터 14일까지이다. ‘더샵 센텀포레’는 올 초 닥터아파트의 ‘올해 가장 관심을 갖는 광역시 분양 물량’ 1순위에 이름을 올리며 가장 인기 있는 단지로 꼽히는 등 전국적으로 관심이 집중되고 있는 단지이다. ‘더샵 센텀포레’는 부산지하철 2호선 민락역이 단지 바로 앞에 위치해 있다. 또한 부산의 최고 주거지역인 센텀권역으로 센텀시티 내 롯데백화점과 신세계센텀시티 홈플러스가 도보로 10분 거리에 있으며 인근에 BEXCO와 부산시립미술관 APCE나루공원 등 문화 시설도 풍부하다. 생활인프라 시설만큼이나 단지 인근 환경도 우수하다. 더샵 센텀포레 단지 앞에는 생태하천인 수영강이 흐르고 단지 뒤편에는 친환경 녹지인 백산이 자리잡고 있는 등 전형적인 배산임수 입지로 쾌적한 주거환경을 자랑하고 있다. 반경 2㎞이내 초등학교 1개소 중학교 3개소 고등학교 6개소가 인접하며 특히 도보 10분 거리에 초등학교가 위치해 있다. 통학버스도 운행될 계획이다. 모델하우스는 해운대구 우동의 글로리 콘도 바로 뒤편에 설치된다. 051 7474 580 정순식 기자 sunheraldbiz sun heraldm.com 올 하반기 가장 인기 분양단지는 어디 용인 동백 롯데 아파트 선착순 특별분양 광교신도시에서 명품 상가 오피스텔 분양 받는법 전국 상위 20% 아파트 가격 3년전 대비 2000만원 떨어졌다.,https://news.naver.com/main/read.nhn?mode=LSD&mid=shm&sid1=260&oid=112&aid=0002202723,284
261468,2011.06.14. 오전 7:53,부동산,한국경제TV,토지대장 등 18종 부동산정보 1종으로 통합,오는 2014년부터 토지대장과 등기부등본 등 18종의 부동산 관련 공적 장부가 하나로 통합됩니다. 정부는 내년까지 토지대장 등 11종의 부동산 서류를 하나로 통합하고 2014년까지 나머지 서류를 단계적으로 통합할 계획입니다. 부동산 공적장부가 하나로 통합되면 민원인들의 비용 절감과 지자체의 행정효율이 높아질 것으로 국토부는 기대했습니다.,https://news.naver.com/main/read.nhn?mode=LSD&mid=shm&sid1=260&oid=004&aid=0002081937,284
261469,2011.06.14. 오전 7:46,부동산,헤럴드POP,박인호의 전원별곡전원생활도 재테크다…귀농귀촌 집짓기 20계명하,11 집 설계는 기능과 용도에 맞춰라 시골주택은 크게 농사를 짓는 사람이 기거하는 농가주택과 도시민의 전원생활을 위한 전원주택으로 나뉘는데 각각의 기능과 용도에 맞게 설계해야 한다. 즉 귀농의 경우 농가주택 귀촌은 전원주택이 맞다. 농가주택은 주택 내·외부 공간을 영농중심으로 배치한다. 도시인과 교류가 많은 전원주택의 설계는 거실 위주 구성이 좋다. 한국농어촌공사에서 제공하는 농촌경관주택 표준설계도를 이용하는 것도 한 방법이다. 12 주택공사기간을 줄이려면 사전 준비를 철저히 하라 농지나 임야를 전용해 집을 짓는 경우 실제 건축기간은 조립식이나 경량 목구조의 경우 100㎡ 30평 기준으로 두 달 가량 걸린다. 이에 앞서 농지전용 인허가 기간을 한 달 가량 잡아야 한다. 농지전용 건축공사 사이에 토목공사 건축허가 신고 전기와 지하수 공사 등의 절차를 거쳐야 한다. 이 기간 또한 두 달 이상 잡아야 한다. 결국 정상적으로 진행된다 해도 다섯 달은 걸리는 셈이다. 그만큼 차질 없는 사전준비가 중요하다. 13 토목공사를 통해 ‘성형미인 땅’을 만들어라 남향 배산임수 등의 입지에다 토질이 좋고 땅 모양도 정방형인 ‘자연미인 땅’이 더러 있기는 하다. 하지만 대부분의 땅은 뭔가 부족하다. 전원주택을 지으려면 농지 산지 전용허가를 받아 토목공사에 착수하게 된다. 이를 통해 ‘성형미인 땅’이 만들어진다. 즉 집 건축 전 토목공사를 어떻게 했느냐에 따라 부동산의 가치가 결정된다고 해도 과언이 아니다. 토목공사를 잘못하면 땅의 가치가 깎이는 것은 물론 비용 또한 과도하게 지출된다. 14 ‘직영’이든 업체에 맡기든 집은 내가 짓는다는 점을 명심하라 일반적으로 전원주택의 시공방법은 크게 건축주가 일꾼이나 자재를 직접 구해 짓는 ‘직영’방식과 외부에 맡겨 짓는 방식으로 대별할 수 있다. 건축업체에 맡겨서 짓는다 할지라도 그 주체는 바로 ‘나’라는 사실을 잊어서는 안 된다. 따라서 건축주는 끊임없이 건축에 대한 공부를 해서 지식을 축적해야 한다. 또 어떤 방식으로 어떻게 집을 지을 것인지에 대해 세부 계획을 수립해 점검해야 한다. 15 시공업체 선정시 먼저 지은 집주인의 평판에 귀를 기울여라 시공업체를 선정할 때는 그 업체가 지은 집을 방문해 집주인의 평판을 귀담아 듣고 이를 선정기준으로 삼는 것이 바람직하다. 방문시 집만 구경할 것이 아니라 시공과정에서 업체와 마찰은 없었는지 있다면 보수는 제대로 이뤄졌는지에 대해 자세하게 물어본다. 시공업체는 어느 정도 규모를 갖추고 있고 공사실적과 실력을 겸비한 업체라야 한다. 설계도와 견적서 등 계약관련 서류 등을 통해 업체의 실력과 신뢰도를 가늠할 수 있다. 16 저렴하게 폼 나는 조경을 해라 집을 짓고 나면 멋진 조경으로 마무리 하고 싶은 것은 건축주라면 인지상정이다. 하지만 조경은 과실수든 관상수든 적지 않은 비용이 들어간다. 그렇기에 비용을 줄이면서도 당초 계획한 조경을 만들어내는 것이 중요하다. 조경수는 인근 택지개발지구 고속도로 건설현장 등 각종 개발현장에서 보상을 받고 나오는 나무를 사는 것이 가장 저렴하다. 17 뒷감당 어려운 마구잡이 정원 늘리기는 자제하라 시골에 전원주택을 지어 전원생활을 막 시작하는 사람들은 누구나 넓고 아름다운 정원을 갖고 싶어 한다. 이 과정에서 정원은 자연스럽게 대지에서 농지 쪽으로 확대되어 나간다. 이는 나중에 불가피하게 집과 땅을 팔아야 할 경우 문제가 된다. 농지 원상회복 명령을 받을 수도 있기 때문이다. 나중에 문제가 되지 않게 정원을 넓히려면 대지에 잇대어 농지를 전용해 창고를 신축한다. 즉 창고부지로 대지면적을 확장한 다음 정원을 조성하면 된다. 18 컨테이너 창고와 조립식 차고를 적극 활용하라 시골생활을 하면서 꼭 필요한 것이 창고와 차고다. 자질구레한 물건 정리는 물론 텃밭 등 농사를 지으려면 농기구나 수확물 등을 보관할 공간이 절실하다. 창고는 넓을수록 좋다. 이때 중고 컨테이너는 훌륭한 창고가 된다. 또 시골에서 필수품인 자동차를 주차할 차고가 필요하다. 이때 골조가 튼튼한 조립식 차고는 잘만 고르면 저렴한 비용으로 직접 손쉽게 설치할 수 있다. 19 전원주택 콘셉트를 ‘친환경 저에너지’에 맞춰라 전원주택 건축은 친환경성을 살리면서 저에너지라는 기능성을 어떻게 저렴한 비용으로 구현하느냐가 관건이다. 각종 매체에 소개되고 있는 친환경 저에너지 주택은 아직 건축비가 부담이 되는 것이 현실이다. 비용 대비 효과가 기대에 못 미친다는 말이다. 친환경주택은 건강에 좋은 생태건축을 실현하는 것이며 저에너지 주택은 난방비 등 관리비가 적게 드는 집이다. 이는 향후 전원주택 건축의 화두로 집 지을 때 콘셉트를 여기에 맞춰야 한다. 20 꿈에 그리던 내 집 입주 후 관리에 신경써라 꿈에 그리던 전원주택을 지어 입주를 해 살아보면 설렘도 잠시 또 다시 적지 않은 준비와 관리가 필요함을 깨닫게 된다. 도시와는 달리 시골에선 폭설이나 강풍에 전기가 끊기거나 겨울철 동파사고 등에 취약하다. 또한 단독주택은 아파트와는 달리 크고 작은 하자가 생기기 마련이다. 애초 시공이 잘못된 경우라면 시공업체에 하자보수를 신청해야겠지만 작은 하자 보수 정도는 집주인이 손수 할 줄 알아야 한다.,https://news.naver.com/main/read.nhn?mode=LSD&mid=shm&sid1=260&oid=112&aid=0002202718,284
261470,2011.06.14. 오전 7:46,부동산,헤럴드POP,올 하반기 가장 인기 분양단지는 어디,청약수요자들이 올 하반기 가장 분양받고 싶어 하는 아파트는 어디일까 14일 부동산정보업체 닥터아파트 www.DrApt.com 가 인터넷 회원 1만2065명을 대상으로 올 하반기 분양 단지에 대한 선호도를 조사한 결과 서울은 방배ㆍ역삼동 등 강남권 재건축과 보금자리가 차지했다. 경기 및 인천에서는 신도시 광교와 성남시 재개발 현장에 관심이 높았다. 지방은 현재 청약 열기 핵심인 부산지역이 분양인기 상위권을 모두 차지했다. 서울 올해 하반기 네티즌들이 가장 주목한 단지는 방배동 롯데캐슬이다. 롯데건설이 서초구 방배동 427의 1번지 일대 단독주택 재건축을 통해 6백83가구 중 82 251㎡ 중 3백72가구를 일반분양한다. 시기는 10월경 예정. 서울지하철 4 7호선 환승구간 이수역이 도보 5분 거리며 방배초등과 서문여고 등의 학군을 통학할 수 있다. 방배동 일대는 단독주택이 밀집돼 최근 재건축사업이 활발히 진행 중으로 주거환경 개선이 기대되는 곳이다. 2위는 울트라건설이 서초구 우면지구 A1블록에 위치한 서초참누리 에코리치가 차지했다. 보금자리주택 지구 내 첫 민간아파트로 관심이 모아진 것으로 보인다. 단지규모는 130 213㎡ 5백50가구 중대형아파트로만 구성되며 7월 분양이 예정돼 있다. A1블록은 부지 북쪽에 우면산 남쪽에는 양재천이 접해 있어 쾌적한 주거환경이 장점이며 서울 양재동과 경기 과천시와 접해 있어 생활편의시설 공유가 가능하다. 3위는 강남구 역삼동에 위치한 아이파크가 차지했다. 현대산업개발이 성보아파트를 재건축해 4백11가구 중 83 108㎡ 30가구를 10월 일반분양할 예정. 서울지하철 2호선과 분당선 환승구간인 선릉역을 걸어서 5분이면 이용할 수 있고 도성초등 진선여중 진선여고가 바로 접해 걸어서 통학이 가능하다. 롯데백화점 강남점 이마트 역삼점 강남세브란스병원 등의 편의시설을 이용할 수 있어 생활환경이 편리하다. 그 뒤를 이어 마포구 아현4구역을 GS건설이 재개발하는 공덕자이가 선정됐다. 단지규모는 총 1천1백64가구 중 1백34가구를 연말에 일반분양할 예정. 서울지하철 5호선 애오개역과 2호선 아현역이 도보 3 6분거리며 걸어서 통학 가능한 소의초등 환일고가 인근에 위치한다. 특히 마포로를 사이에 두고 아현뉴타운과 인접해 있어 이 일대 주거환경이 대대적으로 개선될 것으로 예상되고 있다. 마지막으로 네티즌들이 관심을 보인 단지는 왕십리뉴타운2구역이다. 현대산업개발 대림산업 삼성물산 GS건설이 컨소시엄으로 1천1백48가구 중 80 195㎡ 5백10가구를 10월에 분양할 계획. 특히 2구역은 북쪽에는 청계천이 흐르고 이마트 청계천점 와 홈플러스 동대문점 등 대형마트가 인접해 주거환경도 좋다. 경기 및 인천 경기 및 인천에서는 신도시 광교 성남 재개발 분양아파트에 관심이 높은 것으로 나타났다. 신도시 광교 A31블록에 위치한 광교참누리가 1위를 차지했다. 울트라건설이 80㎡ 3백50가구를 10월 분양할 계획. 경기대 수원캠퍼스와 바로 맞닿아 있으며 신분당선 남쪽 연장구간이 2016년 개통될 경우 역세권에 위치하게 된다. 특히 전용면적 59㎡ 소형아파트로만 이뤄져 청약자들의 경쟁이 치열할 것으로 예상된다. 2 3위는 성남시 재개발 단지가 모두 차지했다. 대우건설이 단대동 단대구역을 재개발해 1천1백40가구 중 85 164㎡ 2백52가구를 9월경 일반분양할 계획이다. 서울지하철 8호선 남한산성역이 도보 5분내 거리로 가깝고 중앙로 성남대로 서울외곽순환고속도로 등 교통망이 잘 발달돼 있다. 이어 롯데건설이 하반기내에 중동3구역을 재개발해 6백22가구 중 85 148㎡ 1백70가구를 일반분양 준비 중이다. 서울지하철 8호선 단대오거리역이 도보 3분거리며 부지 인근에 공원 해오름공원 대원공원 등 이 밀집해 쾌적한 주거환경이 강점. 4위는 호반건설이 신도시 광교 C1블록에 위치한 호반베르디움이 선정됐다. 단지규모는 145㎡ 5백8가구 주상복합으로 11월 분양계획이다. C1블록은 경기도청신청사 부지와 바로 접해 있으며 북쪽에는 광교테크노벨리가 위치해 수요층이 탄탄하다. 마지막으로 5위는 수원시 권선동 222의 1번지에 위치한 아이파크시티가 차지했다. 현대산업개발이 80 151㎡ 1천77가구를 8월에 분양할 예정. 이는 2009년 9월과 12월에 각각 분양한 아이파크시티 C1 4블록 3천3백60가구 에 이어 추가로 분양하는 것이다. 이마트 수원점 GS마트 권선점 등 대형 편의시설과 수원 패션아일랜드 메가박스 수원점 등 다양한 쇼핑과 문화생활까지 자유롭게 누릴 수 있다. 지방 지방에서는 부산지역에 대한 관심이 집중됐다. 1 5위까지 모두 부산지역 분양단지가 차지했으며 상반기 청약돌풍에 이어 하반기에도 인기가 지속될 것으로 예상된다. 1 2위 모두 대연 혁신도시내 분양단지가 선정됐다. 대연 혁신도시는 공동주거지로 개발되며 주택 공원 교육시설 등이 들어설 계획. 부산도시공사에서는 대연 혁신도시 내에 80 214㎡ 2천3백4가구를 하반기에 분양 준비 중이다. 공공기관 이전자에게 우선 분양 후 남은 물량에서 일반분양으로 공급된다. 롯데건설은 대연1구역을 재개발해 5백14가구 중 3백51가구 주택형 미정 를 9월경에 일반분양할 예정이다. 대연1구역은 대연 혁신도시에 포함된 단지로 부산지하철 2호선 경성대 부경대역을 걸어서 10분내 이용할 수 있다. 3위는 쌍용건설이 분양하는 남구 용호동 539의 22번지에 위치한 쌍용예가이다. 용호5지구 주거환경개선지구에 해당되며 79 113㎡ 7백73가구가 9월 분양 예정이다. 부지 북쪽에 이기대공원이 위치해 조망권이 확보되며 도보 통학거리에 있는 교육시설 운산초등 예문여고 등 이 밀집해 있다. 이외 삼성물산은 해운대구 중동 689의 2번지 중동3구역을 재개발한 래미안이 4위를 기록했다. 총 7백45가구 중 4백65가구 주택형 미정 가 일반분양되며 분양시기는 9월로 계획돼 있다. 부산지하철 2호선 중동역 장산역까지는 걸어서 10여분 거리다. 기존 중동 아파트 단지가 주변에 밀집해 있고 남쪽에는 해운대AID아파트 재건축 해운대힐스테이트위브 사업이 한창 진행 중으로 시너지 효과가 기대된다. 마지막으로 5위는 북구 구포동에 261번지에 위치한 동원로얄듀크팰리스가 차지했다. 7월 분양예정이며 97 130㎡ 1천71가구 규모다. 낙동강 조망이 확보되며 부산지하철 2 3호선 환승역인 덕천역이 도보 8분거리인 역세권 단지다. 강주남 기자 nk3507 namkang heraldm.com 돈 넘치는 시중銀 ‘대출세일’ 전국 상위 20% 아파트 가격 3년전 대비 2000만원 떨어졌다.,https://news.naver.com/main/read.nhn?mode=LSD&mid=shm&sid1=260&oid=112&aid=0002202717,284
261471,2011.06.14. 오전 7:37,부동산,매일경제,자사주 취득 기업 늘어,올해 들어 주가 부양 등을 목적으로 자사주를 사들인 상장사들이 늘어난 것으로 조사됐다. 그러나 취득 금액은 감소했다. 13일 한국거래소에 따르면 올해 들어 이달 9일까지 주주가치 향상과 임직원 상여금을 지급하기 위해 자사주를 취득한 상장사는 39개사로 전년 동기의 37개사에 비해 5.41% 늘었다. 취득 금액은 6723억원으로 전년 동기의 7212억원에 비해 6.78% 줄었다. KT G가 가장 많은 1084억원 200만주 가량 자사주를 매입했고 NHN 938억원 현대증권 658억원 웅진코웨이 656억원 순이었다. 같은 기간 자사주를 처분한 회사도 전년의 34개사에서 올해는 37개사로 8.82% 증가했다. 처분 금액은 5353억원으로 전년 동기의 1조2544억원에 비해 57.33% 감소했다. r start 화보 전혜빈 핫 한 바디 비법 공개 MB가 공직자 모범사례로 칭찬한 강성태 교수는 닛산 리프 니즈모 RC 르망 24시간 레이스 시범 주행 1600원으로 잭팟 터져 45억 대박 정신질환 40대女 국가상대 7조원대 황당 소송 윤정희 미국서도 빛나는 미모 과시 열공 모드 중 윤계상 겨땀 굴욕 수많은 취재진에 진땀 r end ⓒ 매일경제 mk.co.kr 무단전재 및 재배포 금지 MBA도 모바일로 공부한다.,https://news.naver.com/main/read.nhn?mode=LSD&mid=shm&sid1=260&oid=009&aid=0002483780,284
261472,2011.06.14. 오전 7:06,부동산,헤럴드POP,2015년 무인선 상용화된다.,사람이 타지 않고도 해양조사와 감시를 할 수 있는 무인선이 2015년 상용화된다. 14일 국토해양부는 유인선박이 수행하던 해양조사 및 감시를 효율적으로 대체할국산 지능형 무인선 개발을 한국해양연구원 주관으로 본격 추진한다고 밝혔다. 무인선 개발은 2015년까지 2단계에 걸쳐 총 200억원이 투입된다. 1단계 개발기간인 2013년까지 135억원이 투입돼 선체 모형과 무인선 자동회수 시스템을 설계하고 운항기술 및 원격 선박통제 제어기술 등 원천기술이 개발된다. 이 무인선은 운용범위 16㎞ 이내에서 최대 시속 90㎞로 운항할 수 있고 2.5ｍ 파고에서도 운용이 가능하도록 설계된다. 65억원이 들어가는 2015년까지의 2단계 기간에는 시제품을 제작해 실해역 성능시험 등 제품화를 통해 본격적인 상용화가 추진된다. 무인선 개발은 승무원의 피로누적에 의한 안전사고를 예방하고 24시간 해양조사및 불법어로단속 등 해양조사와 감시 활동은 물론 악천후 시 조난선 인명구조 지원과 군사용 등 다양한 분야에서 활용될 전망이다. 세계 무인선 시장은 2019년 기준으로 103억달러에 이를 전망으로 미국은 이미 5천300만달러 규모의 수상 무인체계 구축 연구를 했고 유럽도 유인선과 무인선 협력체계 연구가 대규모로 진행 중이다. 국토부 관계자는 “세계수준의 IT와 조선기술의 융합으로 무인선의 원천기술을 확보해 미래 해양산업 인프라 구축에 일조하게 될 것”이라고 말했다.,https://news.naver.com/main/read.nhn?mode=LSD&mid=shm&sid1=260&oid=112&aid=0002202710,284
261473,2011.06.14. 오전 7:01,부동산,헤럴드POP,쌍용건설 해외 건축시장서 친환경 일류기업 명성 다진다,쌍용건설 회장 김석준 이 해외 건축시장에서 ‘친환경’ 최일류 기업의 명성을 확고히 다지고 있다. 14일 쌍용건설은 싱가포르에서 시공중인 ‘W호텔’의 명품 부띠끄 센터 ‘키사이드 아일 Quayside Isle ’ 조감도 이 최근 싱가포르 건설청 BCA 으로부터 그린마크 Green Mark 최상위 등급인 플래티넘 인증을 받았다고 밝혔다. BCA 그린마크는 싱가포르 정부가 시행하는 건축 관련 세계 최고 권위의 친환경 인증제도다. 쌍용건설이 올해 1월 단독 수주한 ‘키사이드 아일’은 햇빛을 받는 건물 전면에 열전도율이 낮은 이중 특수유리를 사용 실내 온도 24℃를 유지하기 위한 냉방 전력량이 일반 건물의 절반 수준에 불과한 것이 최대 특징이다. 또한 옥상 주요 부분에는 태양 전지판을 부착하고 화장실 계단 등 공용구역에 모션센서를 설치하는 등 에너지 절감 설계를 적용해 연간 약 137만kwh 를 절감할 수 있다. 이는 5인 가족 기준 약 4550가구가 한달 동안 사용할 수 있는 전력량이다. 또한 현장에서는 우수를 재활용하는 빗물 정수 시스템을 설치해 화장실 세척 공사 용수 공사용 차량의 세륜수 분진 제거용 살수 등에 활용함으로써 올림픽 규격 수영장 4개에 해당하는 약 9000㎥의 물을 절감하고 있다. 이 외에도 옥상 가든의 인조 목재 데크 등에는 친환경 인증을 받은 자재를 쓰고 건물 구조에는 재생골재로 만든 그린 콘크리트를 100% 사용해 소나무 약 27만 그루를 심는 것과 같은 747톤의 이산화탄소 배출저감 효과가 기대된다. 황인강 쌍용건설 해외건축담당 상무는 “그린마크 제도 도입 후 싱가포르에서 쌍용건설이 시공하거나 또는 시공 중인 건축물 총 3건이 각 분야에서 모두 최상위 등급을 인증 받았다”며 “국제적인 권위가 있는 친환경 인증 실적을 바탕으로 국내외 그린 건축분야 입지를 강화해 나갈 것”이라고 말했다. 한편 쌍용건설은 지난 2007년 5월 싱가포르 ‘오션 프론트 콘도미니엄’이 주거건물 최초로 그린마크 플래티넘 인증을 받았으며 2010년 5월에는 아시아 최초로 호텔부문에서 ‘W호텔’이 플래티넘 인증을 받은 바 있다.,https://news.naver.com/main/read.nhn?mode=LSD&mid=shm&sid1=260&oid=112&aid=0002202704,284
261474,2011.06.14. 오전 7:01,부동산,헤럴드POP,올 하반기 가장 인기 분양단지는 어디,청약수요자들이 올 하반기 가장 분양받고 싶어 하는 아파트는 어디일까 14일 부동산정보업체 닥터아파트 www.DrApt.com 가 인터넷 회원 1만2065명을 대상으로 올 하반기 분양 단지에 대한 선호도를 조사한 결과 서울은 방배ㆍ역삼동 등 강남권 재건축과 보금자리가 차지했다. 경기 및 인천에서는 신도시 광교와 성남시 재개발 현장에 관심이 높았다. 지방은 현재 청약 열기 핵심인 부산지역이 분양인기 상위권을 모두 차지했다. 서울 올해 하반기 네티즌들이 가장 주목한 단지는 방배동 롯데캐슬이다. 롯데건설이 서초구 방배동 427의 1번지 일대 단독주택 재건축을 통해 6백83가구 중 82 251㎡ 중 3백72가구를 일반분양한다. 시기는 10월경 예정. 서울지하철 4 7호선 환승구간 이수역이 도보 5분 거리며 방배초등과 서문여고 등의 학군을 통학할 수 있다. 방배동 일대는 단독주택이 밀집돼 최근 재건축사업이 활발히 진행 중으로 주거환경 개선이 기대되는 곳이다. 2위는 울트라건설이 서초구 우면지구 A1블록에 위치한 서초참누리 에코리치가 차지했다. 보금자리주택 지구 내 첫 민간아파트로 관심이 모아진 것으로 보인다. 단지규모는 130 213㎡ 5백50가구 중대형아파트로만 구성되며 7월 분양이 예정돼 있다. A1블록은 부지 북쪽에 우면산 남쪽에는 양재천이 접해 있어 쾌적한 주거환경이 장점이며 서울 양재동과 경기 과천시와 접해 있어 생활편의시설 공유가 가능하다. 3위는 강남구 역삼동에 위치한 아이파크가 차지했다. 현대산업개발이 성보아파트를 재건축해 4백11가구 중 83 108㎡ 30가구를 10월 일반분양할 예정. 서울지하철 2호선과 분당선 환승구간인 선릉역을 걸어서 5분이면 이용할 수 있고 도성초등 진선여중 진선여고가 바로 접해 걸어서 통학이 가능하다. 롯데백화점 강남점 이마트 역삼점 강남세브란스병원 등의 편의시설을 이용할 수 있어 생활환경이 편리하다. 그 뒤를 이어 마포구 아현4구역을 GS건설이 재개발하는 공덕자이가 선정됐다. 단지규모는 총 1천1백64가구 중 1백34가구를 연말에 일반분양할 예정. 서울지하철 5호선 애오개역과 2호선 아현역이 도보 3 6분거리며 걸어서 통학 가능한 소의초등 환일고가 인근에 위치한다. 특히 마포로를 사이에 두고 아현뉴타운과 인접해 있어 이 일대 주거환경이 대대적으로 개선될 것으로 예상되고 있다. 마지막으로 네티즌들이 관심을 보인 단지는 왕십리뉴타운2구역이다. 현대산업개발 대림산업 삼성물산 GS건설이 컨소시엄으로 1천1백48가구 중 80 195㎡ 5백10가구를 10월에 분양할 계획. 특히 2구역은 북쪽에는 청계천이 흐르고 이마트 청계천점 와 홈플러스 동대문점 등 대형마트가 인접해 주거환경도 좋다. 경기 및 인천 경기 및 인천에서는 신도시 광교 성남 재개발 분양아파트에 관심이 높은 것으로 나타났다. 신도시 광교 A31블록에 위치한 광교참누리가 1위를 차지했다. 울트라건설이 80㎡ 3백50가구를 10월 분양할 계획. 경기대 수원캠퍼스와 바로 맞닿아 있으며 신분당선 남쪽 연장구간이 2016년 개통될 경우 역세권에 위치하게 된다. 특히 전용면적 59㎡ 소형아파트로만 이뤄져 청약자들의 경쟁이 치열할 것으로 예상된다. 2 3위는 성남시 재개발 단지가 모두 차지했다. 대우건설이 단대동 단대구역을 재개발해 1천1백40가구 중 85 164㎡ 2백52가구를 9월경 일반분양할 계획이다. 서울지하철 8호선 남한산성역이 도보 5분내 거리로 가깝고 중앙로 성남대로 서울외곽순환고속도로 등 교통망이 잘 발달돼 있다. 이어 롯데건설이 하반기내에 중동3구역을 재개발해 6백22가구 중 85 148㎡ 1백70가구를 일반분양 준비 중이다. 서울지하철 8호선 단대오거리역이 도보 3분거리며 부지 인근에 공원 해오름공원 대원공원 등 이 밀집해 쾌적한 주거환경이 강점. 4위는 호반건설이 신도시 광교 C1블록에 위치한 호반베르디움이 선정됐다. 단지규모는 145㎡ 5백8가구 주상복합으로 11월 분양계획이다. C1블록은 경기도청신청사 부지와 바로 접해 있으며 북쪽에는 광교테크노벨리가 위치해 수요층이 탄탄하다. 마지막으로 5위는 수원시 권선동 222의 1번지에 위치한 아이파크시티가 차지했다. 현대산업개발이 80 151㎡ 1천77가구를 8월에 분양할 예정. 이는 2009년 9월과 12월에 각각 분양한 아이파크시티 C1 4블록 3천3백60가구 에 이어 추가로 분양하는 것이다. 이마트 수원점 GS마트 권선점 등 대형 편의시설과 수원 패션아일랜드 메가박스 수원점 등 다양한 쇼핑과 문화생활까지 자유롭게 누릴 수 있다. 지방 지방에서는 부산지역에 대한 관심이 집중됐다. 1 5위까지 모두 부산지역 분양단지가 차지했으며 상반기 청약돌풍에 이어 하반기에도 인기가 지속될 것으로 예상된다. 1 2위 모두 대연 혁신도시내 분양단지가 선정됐다. 대연 혁신도시는 공동주거지로 개발되며 주택 공원 교육시설 등이 들어설 계획. 부산도시공사에서는 대연 혁신도시 내에 80 214㎡ 2천3백4가구를 하반기에 분양 준비 중이다. 공공기관 이전자에게 우선 분양 후 남은 물량에서 일반분양으로 공급된다. 롯데건설은 대연1구역을 재개발해 5백14가구 중 3백51가구 주택형 미정 를 9월경에 일반분양할 예정이다. 대연1구역은 대연 혁신도시에 포함된 단지로 부산지하철 2호선 경성대 부경대역을 걸어서 10분내 이용할 수 있다. 3위는 쌍용건설이 분양하는 남구 용호동 539의 22번지에 위치한 쌍용예가이다. 용호5지구 주거환경개선지구에 해당되며 79 113㎡ 7백73가구가 9월 분양 예정이다. 부지 북쪽에 이기대공원이 위치해 조망권이 확보되며 도보 통학거리에 있는 교육시설 운산초등 예문여고 등 이 밀집해 있다. 이외 삼성물산은 해운대구 중동 689의 2번지 중동3구역을 재개발한 래미안이 4위를 기록했다. 총 7백45가구 중 4백65가구 주택형 미정 가 일반분양되며 분양시기는 9월로 계획돼 있다. 부산지하철 2호선 중동역 장산역까지는 걸어서 10여분 거리다. 기존 중동 아파트 단지가 주변에 밀집해 있고 남쪽에는 해운대AID아파트 재건축 해운대힐스테이트위브 사업이 한창 진행 중으로 시너지 효과가 기대된다. 마지막으로 5위는 북구 구포동에 261번지에 위치한 동원로얄듀크팰리스가 차지했다. 7월 분양예정이며 97 130㎡ 1천71가구 규모다. 낙동강 조망이 확보되며 부산지하철 2 3호선 환승역인 덕천역이 도보 8분거리인 역세권 단지다.,https://news.naver.com/main/read.nhn?mode=LSD&mid=shm&sid1=260&oid=112&aid=0002202703,284
261475,2011.06.14. 오전 6:47,부동산,아시아경제,국토부 국산 지능형 무인선 개발 본격 추진,아시아경제 조민서 기자 올해부터 본격적으로 추진되는 국산 지능형 무인선 개발의 주관 연구기관으로 한국해양연구원이 선정됐다. 국토해양부는 지난 3월15일 주관 연구기관 선정공고와 6월10일 관련 전문가 평가위원회의 선정평가 심의과정을 통해 한국해양연구원을 국산 지능형 무인선 개발 기관으로 결정했다고 14일 밝혔다. 무인선 개발은 올해부터 2015년까지 2단계에 걸쳐 총 200억원이 투입되며 실해역에서 자율적으로 충돌회피가 가능한 자체운용 및 선박 탑재형 무인선 기술개발을 목표로 하고 있다. 1단계인 올해부터 2013년까지는 총 135억원을 투입해 최적의 선체모형 및 무인선 자동 회수 시스템을 설계하고 운항기술 및 원격 선박통제 제어기술 등 원천기술을 개발할 예정이다. 2014년부터 2015년까지 65억원이 투입되는 2단계 사업에서는 시제품 및 회수 시스템을 제작해 시제선 실해역 성능시험 등 제품화를 통해 본격적인 상용화를 추진할 계획이다. 무인선은 승무원들의 피로누적에 의한 안전사고를 예방하고 24시간 해양조사 및 불법어로단속 등 해양조사·해양감시 활동 등을 수행한다. 향후 악천후시 조난선 인명구조 지원 등 다양한 분야에 활용될 전망으로 민간 및 군수 등에서 무인선의 활용에 대한 관심이 증가되고 있는 상황이다. 국토부 관계자는 세계수준의 국내 IT·조선기술의 융합을 통해 기술 진입단계인 무인선의 원천기술을 확보할 것 이며 해양감시 및 유·무인선 해양조사 해양레저 등 미래 해양산업 인프라 구축에 일조할 수 있을 것으로 기대된다 고 밝혔다.,https://news.naver.com/main/read.nhn?mode=LSD&mid=shm&sid1=260&oid=277&aid=0002622459,284
261476,2011.06.14. 오전 6:42,부동산,세계일보,부동산 세무 달인의 대국민 절세 서비스,전성규의 양도소득세 다음카페 리뉴얼 세계닷컴 “부동산 세무 고민 카페에서 해결하세요 ” 국세청 공무원 출신으로 ‘세무 상식의 전도사’로 잘 알려진 전성규 소장 사진·지산세법연구소 이 이달부터 일반인을 대상으로 한 부동산 세무 서비스를 본격적으로 시작했다. 전 소장은 포털사이트 다음에 기존에 운영해온 카페인 ‘전성규의 양도소득세 hp cafe.daum.net bdstax ’ 를 새롭게 단장했다. 특히 개별 건으로 최대 수 십 만원을 내고 들어야 했던 부동산관련 세무 동영상 강의 가격을 대폭 인하해 카페회원들의 환영을 받고 있다. 풍부한 상담사례를 중심으로 한 실무 강의로 정평이 나 있는 강의 내용은 단기투자와 개정세법 주택세무 재개발 등 총 200여 강좌로 이뤄져 있다. 이 카페의 회원들에게는 오는 연말까지 9만 9천원만 내면 무제한으로 들을 수 있도록 했다. 각종 세무상담 코너도 인기다. 전 소장이 2007년부터 포털사이트와 카페를 통한 상담건수가 총 1만 여 건이 넘을 정도다. 전 소장의 상담은 회원들과 정보를 공유하는 차원에서 이뤄지며 납세자의 입장을 최대한 반영한 점이 특징이다. 이외에도 ‘전성규의 양도속득세 hp cafe.daum.net bdstax 카페는△각종 세무서식 모음 △절세자료△국세청 자료 △동영상 세무해설 △세미나 현장 강의 등의 다양한 자료들도 함께 제공하고 있다. 안신길 기자 ejournal segye.com Segye.com 인기뉴스 만취한 여성이 스마트폰을 건네준다면… 한국女 토막살인 살인 아니다 日판결에… 비아그라 약발 지속될까 소송지면… 더 폼나고… 더 세지고… 하반기 신차시장 후끈 “반값 등록금 사실은 우리도 절박해요” ⓒ 세계일보 Segye.com 무단 전재 및 재배포 금지 금융전문뉴스 세계파이낸스 모바일로 만나는 세계닷컴 세계닷컴은 한국온라인신문협회 www.kona.or.kr 의 디지털뉴스이용규칙에 따른 저작권을 행사합니다.,https://news.naver.com/main/read.nhn?mode=LSD&mid=shm&sid1=260&oid=022&aid=0002274741,284
261477,2011.06.14. 오전 6:00,부동산,아시아경제,재개발 공사 소음피해에 시공사 9500만원 배상,서울시 환경분쟁조정위원회의 발생유형 별 환경분쟁 조정현황 아시아경제 정선은 기자 서울시 환경분쟁조정위원회는 소음피해에 대한 시공사와 입주민간 분쟁에서 시공사에 역대 최대금액인 9500만원을 배상하도록 합의 결정했다고 14일 밝혔다. 위원회는 53세대 주민의 분쟁조정신청에 대해 소음·진동 전문가의 사실조사를 진행했고 기존 보상금액 9500만원 내에서 배상액을 지급하라고 권고했다. 구체적으로 53세대 주민들에게 950만원 비상대책위원회에는 나머지 8550만원이다. 또한 위원회는 조정기간도 크게 단축했다. 평균 7개월 이상 걸리는 시공사와 입주민간 소음분쟁의 법정기한을 60% 이상 단축한 3개월 반만에 합의를 도출했다. 이 사건은 서울 성동구 한 재개발 아파트 신축공사장의 소음 진동 먼지 등에 대한 정신적 피해보상을 시공사에 요구한 사례다. 입주민들의 위임을 받아 시공사와 합의를 진행한 비상대책위원회와 보상금 차등지급에 동의하지 않는 일부 주민들 간의 갈등이 고조되면서 53세대 154명 주민들이 자체적으로 환경분쟁조정을 신청했다. 이호준 맑은환경본부 생활환경과장은 이번 분쟁조정은 다수민원과 자체합의 과정에서의 내부 분쟁까지 위원회 합의권고를 통해서 해결하였다는 데 큰 의의를 가진다 며 환경피해 권리구제는 서울시 환경분쟁조정위원회를 통해 간편하고 저렴하게 해결하길 바란다 고 말했다. 한편 서울시 환경분쟁조정위원회는 소음 대기오염 악취 등 환경피해로 인한 분쟁을 구제하는 준사법적 기관이다. 지난 2007년부터 최근 5년간 총 295건의 분쟁을 조정했으며 피해유형은 공사장소음 213건 층간소음 59건 대기오염 8건 생활소음 15건이다.,https://news.naver.com/main/read.nhn?mode=LSD&mid=shm&sid1=260&oid=277&aid=0002622446,284
261478,2011.06.14. 오전 3:16,부동산,동아일보,수도권‘벌통 알박기’ 떠들썩했던 문정지구 지금은…,동아일보 분양파 축산파 영농파 원주민파. 전체 넓이가 54만8239m² 약 16만5842평 인 땅엔 1000여 명이 여러 계파로 나뉘어 살고 있었다. 서울동부지법과 동부지검 등이 옮겨와 법조타운이 만들어질 서울 송파구 문정동 350 일대 문정지구 얘기다. 현재 착공은커녕 수많은 계파의 사람들이 남아 농성을 벌이고 있다. 한때 ‘벌통 알박기’ 보상 비리와 투기로 떠들썩했던 이곳을 8일 다시 찾았다. 본보 2010년 10월 19일자 A14면 ‘봉이 김선달’ 뺨치는 문정지구… ○ 주민 “추가 보상금 분양아파트 달라” 애초 문정지구는 문정지구 바로 옆에 조성된 쇼핑몰 가든파이브와 문정동 로데오거리 또 현재 조성 중인 위례신도시와 함께 송파권역의 경제 활성화를 책임질 것으로 기대됐지만 반년 가까이 사업이 지연되고 있다. 문정지구는 이미 지난해 6월까지 법적으로 보상이 모두 완료돼 올해 착공에 들어갔어야 했다. 하지만 아직도 원주민 중 일부와 사업계획 확정 후 이주해온 사람들이 추가 보상금을 요구하고 있다. 이들의 주장은 현재 보상금 증액 소송이 진행 중인 데다 구체적인 이주대책이 마련되지 않아 이곳을 떠날 수 없다는 것. 비닐하우스에서 농작물을 재배하고 살아온 233가구 중 167가구는 보상을 받고 임대아파트로 떠난 지 오래다. 남아 있는 이들은 임대아파트가 아닌 특별분양아파트를 요구하거나 축산 보상 생활대책으로 상가 지분권을 원하고 있다. 문제는 예전부터 축산업을 해왔다고 주장하는 이들이 객관적인 증빙서류를 아무도 제출하지 못하고 있다는 점. 이들은 사업자등록증이나 출하실적 판매실적을 알 수 있는 거래처 등 보상에 필요한 서류를 제출하지 않고 있다. 문정지구에서 축산업을 하고 산 지 10년이 넘었다는 김모 씨 56 는 “서류상으로 증명할 수 없다고 무조건 나가라고 하니 막막할 뿐”이라며 “우리가 원하는 건 앞으로 마음 놓고 살 수 있는 집”이라고 말했다. ○ SH공사 “더는 손놓고 있을수 없다” 문정지구에는 지금까지 토지 보상비로만 모두 9680여억 원이 투입됐다. 2005년 법조단지와 미래형 업무시설이 들어서기로 결정된 후 2012년 완공을 목표로 사업이 진행됐다. SH공사는 사업을 더 지연시킬 수 없어 주민이 모두 나간 곳부터 기초 토목공사를 시작하려 했다. 하지만 이마저 이곳에 남아 있는 주민이 몸으로 막아서고 있다. 송파구는 이들의 시위와 민원제기 때문에 선뜻 행정집행 명령을 내리지 못하고 있다. 결국 하루에 1억3200만 원에 이르는 금융 이자비용 때문에 재정부담이 이어지자 SH공사는 이달 강제철거를 한 후 사업을 진행하겠다는 방침이다. SH공사는 주민의 자진 이주를 돕기 위해 임대주택 162채를 마련했지만 신청자는 16명에 불과한 실정이다. 고희복 SH공사 보상팀장은 “토지와 건물에 대한 법적 보상이 완료돼 15차례 이상 자진 이주를 촉구했지만 이곳을 무단 점유하고 있는 이들 때문에 공사가 지연되고 있다”며 “더는 손을 놓고 있을 수가 없다”고 강조했다.,https://news.naver.com/main/read.nhn?mode=LSD&mid=shm&sid1=260&oid=020&aid=0002250911,284
261479,2011.06.14. 오전 3:09,부동산,동아일보,“중대형 중소형보다 싸게 팝니다”,동아일보 최근 대림산업이 경기 의왕시 내손동에서 분양한 ‘의왕내손 e편한세상’은 중대형이 전체 가구의 30%에 달하고 부동산 시장이 침체된 수도권에서 분양한다는 ‘핸디캡’에도 불구하고 전 면적대가 평균 1.3 대 1의 경쟁률로 순위 내 마감에 성공했다. 대형 평형의 3.3m²당 평균 분양가를 1576만 원으로 중소형의 평균 분양가인 1638만 원보다 60만 원 이상 싸게 분양했기 때문이다. 비슷한 시기에 분양에 나선 GS건설의 ‘대전 센트럴 자이’ 역시 같은 전략으로 중대형 대부분이 청약에 성공했다. 미분양을 피하기 위해 건설사들이 중대형의 3.3m²당 분양가를 중소형보다 싸게 책정하면서 매매·전세시장을 넘어 신규 분양시장에서도 ‘가격 역전’ 현상이 벌어지고 있다. 이런 단지들이 속속 청약에 성공하면서 인근 지역에서 분양을 앞둔 다른 업체들의 관심도 집중되고 있다. ‘의왕내손 e편한세상’은 올 초 사전 마케팅을 실시한 뒤 고심 끝에 분양가를 결정했다. 홍영석 분양소장은 “중대형 성적은 장담할 수 없는 시기라는 판단에 여러 시뮬레이션 끝에 분양가를 조정하게 됐다”고 전했다. 기존 분양 아파트를 통한 ‘학습효과’도 있었다. 지난해 경기 수원시 광교에서 분양한 단지에서 전용 98m² 127m² 150m² 가운데 150m² 주택형의 분양가를 가장 싸게 책정한 결과 세 개 주택형 가운데 계약률이 가장 높게 나타나는 이례적인 결과가 나왔다. ‘대전 센트럴 자이’ 역시 가장 큰 면적대인 전용 143m²가 0.9 대 1을 기록했지만 113 118m² 중대형은 각각 9.77 대 1과 2 대 1로 모집 가구 수를 채웠다. 이 단지는 113 118m²의 3.3m²당 평균 분양가가 729만 원으로 59∼84m²의 평균 분양가 760만 원대보다 30만 원 이상 낮게 책정됐다. 이 회사는 최근 분양을 시작한 ‘강서 한강자이’에 대해서도 전용 98∼154m²인 중대형은 중도금 60%에 대한 무이자 대출 혜택을 주는 반면 59 84m²는 이자 후불제만 적용했다. 중대형에만 이자 할인 혜택을 준 셈이다. 부동산정보업체 부동산114에 따르면 경기 평택시 비전동의 ‘평택 비전 롯데캐슬’과 부산 사하구 구평동의 ‘구평 엘리시아’ 역시 현재 중대형을 상대적으로 저렴하게 분양하고 있다. ‘평택 비전 롯데캐슬’의 전용 59m² 주택형의 3.3m²당 분양가는 843만 원인 반면 122m²의 분양가는 809만∼821만 원에 책정됐다. ‘구평 엘리시아’는 59m²의 3.3m²당 분양가가 603만 원 가장 큰 84m²는 582만 원 수준이다. 김덕례 주택산업연구원 연구위원은 “중대형은 여전히 공급 과잉이기 때문에 당분간은 중대형 미분양 물량이 많은 수도권을 중심으로 ‘가격 역전’ 현상이 확산될 것”이라고 내다봤다.,https://news.naver.com/main/read.nhn?mode=LSD&mid=shm&sid1=260&oid=020&aid=0002250816,284
261480,2011.06.14. 오전 3:08,부동산,동아일보,“분양가상한제 폐지땐 서울 집값 11% 하락”,동아일보 분양가상한제가 주택매매 실수요를 위축시켜 전세난을 유발하는 주원인이라는 주장이 제기됐다. 또 분양가상한제를 폐지하면 3년 뒤 수도권 집값이 5% 하락할 것이라는 분석이 나왔다. 대한건설협회 한국주택협회 대한주택건설협회가 13일 서울 영등포구 여의도동 한국화재보험협회빌딩 대강당에서 주최한 ‘분양가상한제의 합리적 개선을 위한 정책토론회’에서 주제발표자로 나선 정창무 서울대 교수와 권주안 주택산업연구원 선임연구위원은 이같이 주장했다. 정 교수는 ‘분양가상한제의 현실과 정책과제’라는 주제발표에서 “분양가상한제가 주택가격의 정상적인 상승을 막아 실수요를 위축시켜 거래량이 급감했고 이로 인해 전세난이 발생하는 악순환 구조가 고착되고 있다”고 지적했다. 정 교수는 또 “현재 부동산 시장 상황에선 분양가상한제의 실효성이 없다”는 의견도 내놨다. 주택보급률이 100%를 넘어선 데다 저출산·고령화시대로 접어들면서 부동산 시장이 수요자 우위로 재편됐기 때문이라는 분석이다. 그는 이어 “분양가상한제는 시장경제원리에 어긋나는 규제로 미국 영국 등 해외 다른 나라에서는 찾아볼 수 없는 제도이고 분양가상한제 도입 이후 민간주택 공급량이 급감하는 등 부작용이 심화되고 있는 만큼 제도를 폐지해야 한다”고 말했다. 권 연구위원은 ‘분양가상한제 개선방안’이라는 발표에서 “분양가상한제가 폐지되면 단기적으로는 분양가와 기존 집값이 오를 수 있지만 장기적으로 주택 공급이 늘어 집값은 떨어질 것이다”라고 주장했다. 분양가상한제를 없애면 서울 집값은 2년 9개월 이후 11% 수도권 집값은 3년 이후 5% 정도 하락할 것이라는 분석이다.,https://news.naver.com/main/read.nhn?mode=LSD&mid=shm&sid1=260&oid=020&aid=0002250812,284
261481,2011.06.14. 오전 3:00,부동산,파이낸셜뉴스,“월세 받아 가세요” 10년동안 임대료 대기업에서 지급”,“월세 받아 가세요” 10년동안 임대료 대기업에서 지급” 선임대후분양으로 “치솟는 물가 불안한 연금 한번에 해결했어요” 가정주부 이모씨 49세 는 남편 월급이외에 소형매장 3개를 뉴코아에 임대주고 매달 300만원 가량의 임대수익을 올리고 있다. 내집마련과 함께 소액의 수익상가를 먼저 사둔 것이 남들과 차별화된 재테크 전략이라고 말한다. 월급만으로 물가상승 자녀교육비 급증과 노후대책을 동시에 감당하기는 불가능하다는 것이다 베이비붐 세대의 대규모 은퇴와 보금자리주택 등 정부의 적극적인 임대주택 공급으로 점차 주택가격은 하락할 전망이지만 빨라지는 정년과 평균수명연장 등은 노후생계를 위협하므로 생계유지수입원 확보에 빨간불이 들어왔다. 이런 사회분위기에 맞게 ‘선임대후분양’에 확정수익율 보장까지 되는 임대수익의 2중3중 안정장치가 되어있는 부천터미널 ‘소풍’은 분양특수를 맞고 있다. 등기이전받고 10년동안 뉴코아에서 월세받고 초기 3년간 총 18% 확정수익 또 받고.. ‘소풍’은 신도시의 탁월한 입지와 이랜드 그룹 뉴코아 킴스클럽이 10년 임대의 장기 계약조건으로 입점 임대계약기간 2009.9 2019.9 함으로써 10년동안 공실 및 건물관리 염려 없이 대기업으로부터 안정적으로 월세를 받을 수 있다. 실투자금 7천만원대 매장을 분양받으면 기다릴 필요없이 등기이전 후 바로 보증금과 익월 최저 85만원 120만원의 임대수익이 지급되며 무엇보다 초기 3년간 최저 18%수익보장이 되어 초기 투자리스크가 전혀 없다는 것이 강점이다. 롯데백화점 본점 약 7.8배의 대규모 유통센터로 알려진 이곳은 현재 부천종합터미널과 11개관의 프리머스영화관 컨벤션웨딩홀 스포츠 센터가 단일건물 내 입점하여 집객파워 및 매출 시너지가 무엇인지 보여주고 있다. 이중 1층부터 5층 까지 도심형 최대 프리미엄 아울렛인 뉴코아와 킴스클럽이 입점한 매장을 등기분양 한다. 이랜드가 선점한 이곳은 교통의 요지이며 지하철1호선과 2012년 개통예정인 7호선 상동역의 더블역세권형성으로 상권성장 잠재력과 시세차익이 기대되는 곳이다. 또한 현재 완공 후 영업중인 것을 분양 받으므로 투자 후 바로 수익이 발생하고 소유권 이전 받기 전까지 분양대금을 한국자산신탁에서 안전하게 관리 해준다는 것이 투자자들이 선호하는 큰 이유중에 하나다. 분양문의 1588 4723 신청접수 방법 신청금 100만원 신청계좌 하나은행 100 910026 09904 예금주 한국자산신탁회사 오늘의 핫뉴스 11월 한국 상륙하는 ‘원도폰7’ 알아보니… 아이폰 공인인증서 옮기기 “짜증나네” 기아차 ‘K2’ 내달 중국 출시 어떤 모습 묶음상품 사면 ‘바보’…낱개보다 2배 비싸 수입차 딜러·렌터카 ‘검은 커넥션’ 본 자료는 해당 업체에서 제공한 보도 자료입니다.,https://news.naver.com/main/read.nhn?mode=LSD&mid=shm&sid1=260&oid=014&aid=0002455957,284
261482,2011.06.14. 오전 12:33,부동산,강원일보,입주할 아파트가 없다,긴급진단 전세대란 2 수급 불균형이 원인 입주 2 3년차 아파트 전셋값 고공행진 인근 주택도 동반상승…서민 부담 가중 강릉시 교동의 한 아파트에서 4년째 전세로 거주하고 있는 이모 37 씨는 요즘 밤잠을 못 이루고 있다. 오는 8월 임대차계약 만료가 되지만 집주인이 전셋값을 2 000만원 더 올리거나 월세 전환을 요구하고 있기 때문이다. 이씨는 “2 3년 전 새로 지은 주변 아파트의 전셋값이 1억원이 넘어서자 지은 지 10여년이 가까운 주변 아파트의 전셋값도 덩달아 뛰고 있다”며 “특히 집주인들이 요즘에는 전세 보다 월세로 계약하려는 성향이 강해졌다”고 말했다. 전셋값 인상 도미노 부작용 속출 이처럼 도내 전세대란이 지속되면서 서민 부담 가중과 각종 부작용이 이어지고 있다. 13일 국민은행에 따르면 지난 5월 한 달간 도내 전셋값은 평균 1.1% 오르며 전국 0.8%를 웃돌았다. 특히 춘천의 전셋값은 1.9%나 올랐다. 세입자들의 고민을 더 깊게 만드는 것은 전셋값 상승이 주거 중심지역을 중심으로 연쇄 상승을 일으킨다는 점이다. 입주 2 3년차 아파트의 전셋값이 고공행진을 이어가면서 인근 주택의 전셋값까지 뛰게 하고 있는 것이다. 실제 2009년 8월 처음 입주가 시작된 춘천시 동내면의 H아파트 전용면적 85㎡ 전셋값은 입주 당시 8 000만 9 000만원에서 올해 들어 4개월간 평균 1억5 000만원에 거래되고 있다. 입주 9년차인 인근 B아파트 전용면적 85㎡ 역시 최근 전셋값이 1억원 이상으로 거래되면서 지난해 같은 기간보다 2 000만원 이상 올랐다. 전체 주택시장에서 월세 비중이 점차 높아지는 현상도 벌어지고 있다. 전셋값 급등과 주택물량이 부족해지며 세입자들의 월세 전환수요를 자극했고 매달 임대소득을 얻으려는 집주인들의 성향이 반영됐기 때문으로 풀이된다. 지난 3월과 4월 주택임대차계약 중 강릉의 월세 거래 비율은 각각 39.8%와 40.2%를 기록했고 춘천도 지난 4월 월세 거래 비율이 26.7%로 전월 21.7%보다 5% 상승한 것이 이러한 분위기를 입증하고 있다. 원주도 36.3%로 전월 31.3%보다 5% 올랐다. 신규공급 없어 전세대란 심화 도내 전세대란의 주원인에 대해서는 전문가와 업계 모두 신규물량 공급 중단 이 가장 크다고 입을 모으고 있다. 올해 1 5월 도내에 공급되거나 입주예정인 아파트 물량은 단 한 채도 없었다. 국토해양부의 2011년 2·4분기 입주예정 아파트 공개 에 따르면 4 6월간 전국에 4만8 763가구의 아파트가 공급될 예정이지만 도내에는 하나도 없는 것으로 나타났다. 이에따라 도내 주택시장은 당분간 전셋값 폭등 전세난 등이 심화될 것으로 우려된다. 강원대 장희순 부동산학과 교수는 “도내 도로 및 철도 교통망 개선으로 실거주자와 투자자들의 수요가 몰렸지만 공급물량이 크게 부족해 전세대란 현상이 발생했다”며 “주택 공급 활성화 및 부동산시장 안정화를 위해 행정기관의 장기적인 주택정책과 재개발·재건축사업 조기 유도가 이뤄져야 한다”고 조언했다.,https://news.naver.com/main/read.nhn?mode=LSD&mid=shm&sid1=260&oid=087&aid=0000323892,284
261483,2011.06.14. 오전 12:33,부동산,강원일보,부동산 공적장부 18종 2014년까지 하나로 통합,오는 2014년부터 토지대장 지적도 등기부등본 등 18종의 부동산 관련 공적장부가 하나로 통합된다. 우선 2012년까지 토지대장 임야대장 대지권등록부 공유지연명부 지적도 임야도 경계점좌표등록부 건축물대장 등 11종의 부동산 서류를 하나로 통합할 계획이다. 이어 2013년까지 개별공시지가확인서 개별주택가격확인서 공동주택가격확인서 토지이용계획확인서 등을 합치고 2014년부터는 토지등기부등본 건물등기부등본 집합건물등기부등본 등을 추가로 통합한다.,https://news.naver.com/main/read.nhn?mode=LSD&mid=shm&sid1=260&oid=087&aid=0000323860,284
261484,2011.06.15. 오후 8:43,부동산,아시아경제,GS건설 나가수 백지영·JK김동욱 초청 콘서트 개최,아시아경제 조철현 기자 GS건설이 MBC 예능 프로그램 나는 가수다 이하 나가수 에 출연했던 가수들을 초청해 무료 콘서트를 개최한다. GS건설은 오는 24일 서울 서교동 자이갤러리에서 나가수 에 출연한 가수 백지영씨와 JK김동욱씨를 초청해 자이콘서트 를 열 예정이라고 15일 밝혔다. 관람 신청은 자이앱 이나 자이홈페이지 www.xi.co.kr 를 통해 받는다. 자이 고객은 물론 일반인들도 신청할 수 있다. 자이앱 소통공간 페이지에서 참여하기 를 터치하면 신청 글을 남길 수 있다. 홈페이지의 경우 회원 가입을 한 후 신청하기 에서 방청권을 신청하면 된다. GS건설은 신청고객 중 200명을 추첨해 20일 자이 홈페이지 게재 또는 개별 통보할 예정이다. 이 회사 관계자는 고객들에게 자이만의 특별한 서비스를 제공하기 위해 이번 콘서트를 마련했다 며 나가수에서 자진 하차해 아쉬움을 남긴 실력파 가수 백지영씨와 JK김동욱씨가 참석한다는 소식에 벌써부터 문의가 폭주하고 있다 고 말했다.,https://news.naver.com/main/read.nhn?mode=LSD&mid=shm&sid1=260&oid=277&aid=0002623762,284
261485,2011.06.15. 오후 8:09,부동산,세계일보,‘롯데몰 김포스카이파크’ 12월 오픈,세계일보 올 연말 김포공항 인근에 백화점·호텔·극장 등을 갖춰 비즈니스와 쇼핑이 동시에 가능한 ‘종합선물세트’형 복합몰이 문을 열어 주변 부동산 시장에 호재가 될 전망이다. 롯데자산개발은 12월 초 서울 공항동 김포공항 국제청사 앞 19만4700㎡ 부지에 ‘롯데몰 김포스카이파크’ 조감도 를 오픈한다고 15일 밝혔다. 김포스카이파크는 백화점 쇼핑몰 마트 시네마 및 객실 200여개를 갖춘 호텔 등이 약 13만2000㎡ 규모의 녹지공원과 함께 조성되는 것이 특징이다. 국내 최대 규모인 녹지공원에는 다양한 종의 수목이 갖춰져 단순한 쇼핑몰 이상의 휴식 공간이 될 전망이다. 특히 복합몰 주변에는 6만6000㎡ 규모의 테마파크도 마련됐다. 이 테마파크에는 봄·여름 등 계절의 화사함을 표현한 ‘커뮤니티광장’ 영화 및 연극제 등의 공연 이벤트가 열리는 광장인 ‘씨네 플라자’ 수변공간과 음악 분수 등을 통해 아름다운 야경을 연출할 ‘레이크 파크’ 등 테마공간 6개가 설치됐다. 또한 김포스카이파크는 공항 환승객 및 해외 관광객 가족단위 쇼핑객들 누구나 쉽게 접근할 수 있는 김포공항 국제청사 바로 앞에 있어 교통여건도 좋은 편이다. 이희경 기자 Segye.com 인기뉴스 주한미군 훈련 도중 시민들에게 총 겨눠 파렴치 교장 형편 어려운 여제자 성추행 파문 동료 간식 사러가던 경찰 뺑소니차에 그만… K Pop 성공신화 이면엔 노예계약의 그림자가… 총기 방치했다 부사관 대검으로 병사 찔러 ⓒ 세계일보 Segye.com 무단 전재 및 재배포 금지 금융전문뉴스 세계파이낸스 모바일로 만나는 세계닷컴 세계닷컴은 한국온라인신문협회 www.kona.or.kr 의 디지털뉴스이용규칙에 따른 저작권을 행사합니다.,https://news.naver.com/main/read.nhn?mode=LSD&mid=shm&sid1=260&oid=022&aid=0002275595,284
261486,2011.06.15. 오후 8:08,부동산,세계일보,500만원으로 한강조망 아파트,세계일보 청약금 500만원으로 한강 조망이 가능한 서울 강남권 새 아파트를 잡을 기회가 생겨 실수요자와 투자자들의 관심이 쏠리고 있다. 15일 부동산업계에 따르면 GS건설은 20∼22일 서울 청담동 134 20에서 ‘청담자이’ 조감도 16가구를 공급한다. 전용면적별로는 49㎡ 4가구 89㎡ 12가구다. 이번 물량은 2009년 ‘임대주택 건설 의무제’ 폐지에 따라 임대에서 분양분으로 전환된 물량으로 주택법을 적용받지 않아 청약금 500만원만 있으면 누구나 청약이 가능하다. 이 아파트는 한강변에 있어 올림픽대로와 가깝고 7호선 청담역이 걸어서 갈 수 있는 거리여서 교통여건이 좋다. 또 경기고·휘문고 등 학군도 좋아 실제 입주하려는 실수요층의 큰 관심을 받을 것으로 예상된다. 특히 이곳은 전셋값이 분양가의 50%를 넘고 주변 임대 수요도 풍부해 임대 투자용으로 손색없을 전망이다. GS건설은 발코니 확장과 시스템 에어컨을 무료로 제공할 계획이다. 청담자이 홈페이지 www.cd xi.co.kr 에서 청약을 접수하며 이달 24일 추첨에서 당첨자가 결정된다. 이희경 기자 Segye.com 인기뉴스 주한미군 훈련 도중 시민들에게 총 겨눠 파렴치 교장 형편 어려운 여제자 성추행 파문 동료 간식 사러가던 경찰 뺑소니차에 그만… K Pop 성공신화 이면엔 노예계약의 그림자가… 총기 방치했다 부사관 대검으로 병사 찔러 ⓒ 세계일보 Segye.com 무단 전재 및 재배포 금지 금융전문뉴스 세계파이낸스 모바일로 만나는 세계닷컴 세계닷컴은 한국온라인신문협회 www.kona.or.kr 의 디지털뉴스이용규칙에 따른 저작권을 행사합니다.,https://news.naver.com/main/read.nhn?mode=LSD&mid=shm&sid1=260&oid=022&aid=0002275594,284
261487,2011.06.15. 오후 8:07,부동산,MBN,뒷돈 받고 술접대까지…국토부 왜 이러나,앵커멘트 국토해양부 공무원들이 4대강 관련 업체들로부터 향응을 받은 사실이 뒤늦게 알려졌습니다. 더구나 현직 과장이 거액의 뇌물을 받고 체포됐는데 국토부는 은폐하고 축소하기에 급급한 모습입니다. 오택성 기자입니다. 기자 국토해양부 소속 공무원들이 제주도 연찬회에 참석한 것은 지난 3월 말. 연찬회 이후 국토부 공무원 15명은 4대강 관련 업체 관계자들과 술자리를 이어갔고 일부는 업체 직원들과 나이트클럽을 이용했습니다. 식사비와 술값으로 273만 원이 나왔고 이를 수자원공사와 용역업체 직원들이 계산했습니다. 이 사실을 총리실 공직복무관리관실에서 적발했는데도 국토부는 변명하기에 급급했습니다. 국토부 관계자는 룸살롱에서 적발됐다고 알려졌지만 실제로는 노래주점이었고 15명 안에는 여직원도 있었다 고 해명했습니다. 또 업체들이 내 준 술값이 문제가 되자 경고와 함께 송금조치했으며 기본적인 숙박비는 출장비로 처리했다 며 사태를 은폐하려 했습니다. 하지만 국토부가 직원들의 향응 접대받은 사실을 석 달이나 숨겼다는 것은 비난을 피하기 어려워 보입니다. 특히 국토해양부 현직 과장이 뇌물을 받고 검찰에 체포되면서 신뢰는 땅에 떨어지고 말았습니다. 국토해양부 산하 공기업들도 바람잘 날이 없습니다. 한국토지주택공사 LH의 고위 임원은 건설업체로부터 거액의 돈을 받아 검찰 수사를 받고 있고 교통안전공단도 수십억 원의 국고를 횡령한 혐의로 경찰 수사를 받는 상황입니다. 권도엽 국토해양부 장관은 국회 국토해양위원회에 참석해 의원들의 호된 질타를 받았습니다. 인터뷰 권도엽 국토해양부 장관 앞으로 이런 일이 다시는 재발하지 않도록 철저히 관리해나가겠습니다. 뒷돈 챙기고 국고 빼돌리고 향응까지 제공받은 국토부는 마치 비리백화점 같습니다. 어떤 특단의 조치를 내놓을지 국민들은 주목하고 있습니다. MBN뉴스 오택성입니다.,https://news.naver.com/main/read.nhn?mode=LSD&mid=shm&sid1=260&oid=057&aid=0000167215,284
261488,2011.06.15. 오후 8:07,부동산,세계일보,명품브랜드 대단지 아파트 노려볼까,건설사들 예년과 달리 공격적 분양물량 쏟아내 세계일보 아파트 신규 분양시장이 갈수록 뜨거워지고 있다. 통상 여름은 장마철과 휴가철이 겹치는 부동산 시장의 비수기다. 그런 탓에 건설사들은 여름만 되면 신규 분양을 대거 줄였다. 하지만 올해는 예년과 달리 신규 물량을 전국 곳곳에서 공격적으로 쏟아내고 있다. 부산에서 시작된 청약열기가 사그라지기 전에 실수요자들을 분양시장으로 끌어내겠다는 게 건설사 전략이다. 특히 중소형 평형과 저렴한 분양가 단일 브랜드 대단지 등 눈높이를 실수요자에 맞춰 승부수를 띄우고 있다. 서울 래미안 전농 크레시티 서울 전농뉴타운 첫 분양단지 래미안 서울에서는 삼성물산이 동대문구 전농동 440 9번지 전농7구역에서 ‘래미안 전농 크레시티’를 다음달 분양한다. 전농·답십리뉴타운 첫 분양물량이다. 이 아파트는 지하 3층∼지상 22층 31개동에 전용 59∼121㎡로 구성된 2397가구 규모의 대단지다. 이 중 일반분양 물량은 전용 59㎡ 156가구 84㎡ 44가구 121㎡ 286가구 등 총 486가구다. 전농7구역은 전농·답십리 뉴타운의 중심에 위치하며 교육여건이 아주 뛰어나다는 게 최대 강점이다. 인근에 지역 명문인 전농초 동대문중이 있고 서울시립대 고려대 경희대 한양대 등도 가깝다. 특히 단지 내 1만2000㎡의 학교부지가 확보돼 유치원도 들어설 것으로 예상된다. 교통 여건도 뛰어나다. 현재 래미안 전농 크레시티 부지는 지하철 1호선 지상·지하 청량리역이 도보권에 위치하고 2호선 신답역 5호선 답십리역 등을 수월하게 이용할 수 있다. 계약 후 바로 전매가 가능하다. 모델하우스는 강북구 운니동 래미안 갤러리 내 2층에 마련 중이다. 2013년 3월 중 입주 예정이며 분양가는 미정이다. 부산 더샵 센텀포레 ‘전국구’급 지명도 부산 더샵 센텀포레 부산에서는 포스코건설이 23일 ‘더샵 센텀포레’의 모델하우스를 열고 본격 분양에 나선다. 더샵 센텀포레는 올 초 닥터아파트가 꼽은 ‘올해 가장 관심을 갖는 광역시 분양 물량’ 1순위에 이름을 올려 전국적 관심을 받고 있는 단지이다. 더샵 센텀포레는 지하 4층∼지상 최고 27층 12개동에 1006가구 규모의 대단지로 전용면적 59∼154㎡의 다양한 평형으로 구성된다. 이 중 전용면적 85㎡ 이하의 중소형 평형이 746가구로 전체 공급량의 74.2%를 차지한다. 공급물량 1006가구 중 일반 분양은 705가구이다. 전용면적으로는 59㎡ 82가구 84㎡ 432가구 99㎡ 42가구 128㎡ 120가구 154㎡ 29가구가 일반 공급된다. 주변에 부산지하철 2호선 민락역이 있고 홈플러스 등이 도보로 10분 거리다. 29일 1순위 청약을 시작으로 7월1일까지 청약을 받는다. 당첨자발표는 7월7일이다. 분양가는 공급면적 기준 3.3㎡당 평균 1000만원 이하로 공급된다. 모델하우스는 해운대구 우동의 글로리 콘도 바로 뒤편에 들어선다. 천안 두정 2차 e편한세상 천안의 ‘노른자위’ 두정 2차 e편한세상 천안에서는 대림산업이 북구 두정동 2028 1번지 일대에 위치한 ‘두정 2차 e편한세상’ 848가구를 일반공급한다. 지하 1층 지상 18층∼23층 11개 동 규모로 지어지는 이 아파트는 72㎡ 198가구 84㎡A 321가구 84㎡B 151가구 84㎡C 178가구로 구성됐다. 두정 2차 e편한세상은 천안 산업단지의 배후 주거지다. 특히 아파트가 들어서는 두정동은 아산신도시 신방통정지구보다 상업 교육 등 생활편의 시설들이 이미 풍부하게 조성돼 이 지역에서 주거 선호도가 가장 높은 곳이다. 아울러 두정 택지지구 내에 마지막으로 공급되는 대규모 아파트다. 모든 세대가 국민주택규모 전용면적 85㎡ 이하 인 중·소형 면적이어서 내집 마련을 준비하는 30∼40대 실수요자들이 관심을 가질 만하다. 15일 특별공급이 이뤄졌고 순위 내 청약은 16∼20일 진행된다. 당첨자 발표는 24일이다. 입주는 2013년 6월 예정이며 모델하우스는 두정동 653 1번지 한국전력공사 천안지점 옆 에 있다. 분양가는 3.3㎡당 평균 700만원 중·후반대다. 진주 엠코타운 더 프라하 진주 최대 단지 엠코타운 더 프라하 진주에서는 현대엠코가 진주 평거4지구에서 ‘엠코타운 더 프라하’를 분양 중이다. 총 1813가구를 일반분양하는데 이는 현대엠코 단일 공급 사상 최대 규모다. 엠코타운 더 프라하는 진주 최고의 주거지로 각광받는 평거동 일원에 지하 1층 지상 30∼36층 14개동 규모 부속동 제외 로 조성된다. 전용면적별로는 66㎡ 2개 타입 128가구 84㎡ 2개 타입 1160가구 100㎡ 2개 타입 140가구 118㎡ 2개 타입 264가구 153㎡ 2개 타입 116가구 182㎡ 4가구 203㎡ 1가구가 공급된다. 인근에 이마트와 홈플러스 예정 등의 생활편의 시설과 진주중·고 등의 명문학교가 있다. 체코의 프라하를 모티브로 예술적인 디자인을 갖춘 외관도 장점이다. 최근 한국토지주택공사 본사의 진주 이전 발표되면서 부산·마산·김해 등의 수요자들로부터도 관심을 받고 있다. 분양가격은 평균 약 770만원 수준이다. 서울 상도엠코타운에 적용한 ‘계약조건보장제’를 적용 선계약자들 향후 변경되는 분양조건을 소급 적용받을 수 있다. 김준모 기자 jmkim segye.com Segye.com 인기뉴스 주한미군 훈련 도중 시민들에게 총 겨눠 파렴치 교장 형편 어려운 여제자 성추행 파문 동료 간식 사러가던 경찰 뺑소니차에 그만… K Pop 성공신화 이면엔 노예계약의 그림자가… 총기 방치했다 부사관 대검으로 병사 찔러 ⓒ 세계일보 Segye.com 무단 전재 및 재배포 금지 금융전문뉴스 세계파이낸스 모바일로 만나는 세계닷컴 세계닷컴은 한국온라인신문협회 www.kona.or.kr 의 디지털뉴스이용규칙에 따른 저작권을 행사합니다.,https://news.naver.com/main/read.nhn?mode=LSD&mid=shm&sid1=260&oid=022&aid=0002275592,284
261489,2011.06.15. 오후 7:58,부동산,세계일보,수도권 부동산 경매시장 열기 ‘시들’,평균 응찰자 4개월째 감소 서울은 연초대비해 반토막…“실수요자 위주 재편” 시각도 세계일보 연초 후끈 달아올랐던 수도권 부동산 경매시장 열기가 급속히 사그라지고 있다. 부동산시장 회복을 점치고 저렴한 물건을 찾기 위해 경매시장으로 발길이 몰렸던 지난해와 딴판이다. 특히 서울은 경매 응찰자들이 연초 대비 절반 가까이 줄 정도로 분위기가 삭막해졌다. 경매시장이 부동산 경기를 선행했던 과거 움직임으로 볼 때 집값 하락세는 상당 기간 지속될 것으로 관측된다. 15일 지지옥션에 따르면 수도권 아파트 주상복합포함 경매시장 평균 응찰자 낙찰건수 대비 응찰자 는 1월 7.2명을 기록한 뒤 4개월 연속 감소했다. 월별로는 2월 7.1명 3월 6.7명 4월 6.1명 5월 5.1명이었다. 수도권의 경매 평균 응찰자는 총부채상환비율 DTI 규제가 한시적으로 완화됐던 지난해 9월 6.15명으로 전월 5.71명 대비 상승세를 타기 시작해 같은 해 12월 7.05명으로 수직 상승한 뒤 올 1월 고점을 찍고 내리막이다. 지역별로 서울은 평균응찰자가 1월 8.19명으로 수도권 내에서 가장 뜨거운 열기를 뿜어냈지만 5월엔 4.42명으로 거의 반 토막이 났다. 또 인천은 1월 6.91명에서 5월 5.41명으로 줄었고 경기 역시 같은 기간 7.17명에서 5.19명으로 평균응찰자가 감소했다. 경매시장을 찾는 사람이 이처럼 급감한 것은 향후 부동산 경기를 부정적으로 보는 사람이 많다는 의미다. 통상 부동산 회복기엔 가격 상승을 예상하고 저렴한 물건을 선점하기 위해 경매시장을 찾는 사람이 늘게 된다. 다만 경매시장의 이런 움직임이 장기 추세인지는 아직 판단하기 이르다는 분석이다. 최근 경매시장 동향은 ‘3·22 부동산 대책’으로 부활된 DTI 규제로 투자심리가 일시적으로 위축된 측면이 강한 만큼 열기가 되살아날 가능성도 있다는 것이다. 남승표 지지옥션 연구원은 “수도권 경매시장 응찰자들이 줄긴 했지만 낙찰가율은 80% 선에서 안정적인 흐름을 유지하고 있다”면서 “시세 차익을 노리는 투자자 입장에선 낙찰가율이 높아 투자 매력이 크지 않겠지만 전세자금으로 내 집 마련을 준비하는 데 경매 시장은 여전히 ‘기회의 땅’이 될 수 있다”고 말했다. 그는 “이런 상황을 종합해볼 때 현재 경매시장은 투자자보다는 실수요자 위주로 재편되는 과도기로 보인다”고 덧붙였다. 한편 국토해양부에 따르면 지난달 신고된 전국의 아파트 실거래 건수는 총 4만8077건으로 전월 5만5586건 대비 13.5% 7509건 감소했다. 거래가 줄면서 가격도 하락세를 보였는데 특히 재건축 아파트의 약세가 두드러졌다. 서울 강남구 대치동 은마아파트 전용 77㎡는 지난 4월 최고 9억6500만원에 팔렸으나 5월에는 최고가가 9억2600만원으로 떨어졌다. 서울 서초구 반포동 AID차관 전용 73㎡는 전월 대비 2000만∼4000만원 내린 12억1000만∼12억3000만원에 거래됐다. 김준모·이희경 기자 jmkim segye.com Segye.com 인기뉴스 주한미군 훈련 도중 시민들에게 총 겨눠 파렴치 교장 형편 어려운 여제자 성추행 파문 동료 간식 사러가던 경찰 뺑소니차에 그만… K Pop 성공신화 이면엔 노예계약의 그림자가… 총기 방치했다 부사관 대검으로 병사 찔러 ⓒ 세계일보 Segye.com 무단 전재 및 재배포 금지 금융전문뉴스 세계파이낸스 모바일로 만나는 세계닷컴 세계닷컴은 한국온라인신문협회 www.kona.or.kr 의 디지털뉴스이용규칙에 따른 저작권을 행사합니다.,https://news.naver.com/main/read.nhn?mode=LSD&mid=shm&sid1=260&oid=022&aid=0002275587,284
261490,2011.06.15. 오후 7:52,부동산,SBS CNBC,아파트 빈부격차 확 줄었다…고가주택 ↓· 저가주택 ↑,앵커 최근 1년 동안 전국 아파트 값을 조사했는데 고가 아파트의 경우는 내리고 저가 아파트는 오른 것으로 나타났습니다. 이에 따라서 아파트 빈부 격차는 2년 만에 최저치를 기록했습니다. 박경철 기자가 보조합니다. 기자 지난달 전국 아파트 상위 20%의 평균 가격은 5억 2천200만원으로 1년 전 5억 2천900만원보다 1.3% 감소했습니다. 반면 하위 20%의 지난달 평균 매매가격은 8천200만원으로 지난해보다 25% 상승했습니다. 상위 20% 아파트 값은 15개월 연속 하락한 반면 하위 20%는 27개월째 꾸준한 오름세를 이어갔습니다. 이에 따라 고가와 저가 아파트 간 가격 차이는 지난 2009년 1월 이후 최저치를 기록했습니다. 전문가들은 경기 침체로 인해 고가 아파트의 투자 매력은 상실된 반면 저가 아파트는 수요가 급증하면서 아파트 가격 격차가 줄어 들었다고 분석했습니다. 이런 가운데 서울지역 아파트 가격 격차는 지난해와 비슷한 반면 비서울 지역에서는 격차가 큰 것으로 나타났습니다. 실제로 서울지역 상위 20% 아파트 평균가격은 올해 9억 5천만원으로 지난해보다 2.5% 떨어지고 하위 20% 아파트 도 지난달 2억 3천300만원으로 1년 전보다 0.5% 내렸습니다. 하지만 비서울 지역은 아파트 가격 격차가 커 지방의 소형주택 가격은 크게 오른 것으로 나타났습니다. 결국 집값의 빈부 격차는 줄었지만 지방 서민들의 내집마련은 더 어려워진 셈입니다. SBS CNBC 박경철입니다.,https://news.naver.com/main/read.nhn?mode=LSD&mid=shm&sid1=260&oid=375&aid=0000007485,284
261491,2011.06.15. 오후 7:51,부동산,SBS Biz,아파트 빈부격차 확 줄었다…고가주택 ↓· 저가주택 ↑ ,앵커 최근 1년 동안 전국 아파트 값을 조사했는데 고가 아파트의 경우는 내리고 저가 아파트는 오른 것으로 나타났습니다. 이에 따라서 아파트 빈부 격차는 2년 만에 최저치를 기록했습니다. 박경철 기자가 보조합니다. 기자 지난달 전국 아파트 상위 20%의 평균 가격은 5억 2천200만원으로 1년 전 5억 2천900만원보다 1.3% 감소했습니다. 반면 하위 20%의 지난달 평균 매매가격은 8천200만원으로 지난해보다 25% 상승했습니다. 상위 20% 아파트 값은 15개월 연속 하락한 반면 하위 20%는 27개월째 꾸준한 오름세를 이어갔습니다. 이에 따라 고가와 저가 아파트 간 가격 차이는 지난 2009년 1월 이후 최저치를 기록했습니다. 전문가들은 경기 침체로 인해 고가 아파트의 투자 매력은 상실된 반면 저가 아파트는 수요가 급증하면서 아파트 가격 격차가 줄어 들었다고 분석했습니다. 이런 가운데 서울지역 아파트 가격 격차는 지난해와 비슷한 반면 비서울 지역에서는 격차가 큰 것으로 나타났습니다. 실제로 서울지역 상위 20% 아파트 평균가격은 올해 9억 5천만원으로 지난해보다 2.5% 떨어지고 하위 20% 아파트 도 지난달 2억 3천300만원으로 1년 전보다 0.5% 내렸습니다. 하지만 비서울 지역은 아파트 가격 격차가 커 지방의 소형주택 가격은 크게 오른 것으로 나타났습니다. 결국 집값의 빈부 격차는 줄었지만 지방 서민들의 내집마련은 더 어려워진 셈입니다. SBS CNBC 박경철입니다.,https://news.naver.com/main/read.nhn?mode=LSD&mid=shm&sid1=260&oid=374&aid=0000006264,284
261492,2011.06.15. 오후 6:43,부동산,아시아경제,파주 분양시장 다시 한번 기지개 편다,연내 파주시 분양예정 단지 아시아경제 정선은 기자 파주 아파트 분양시장이 다시 기지개를 펴는 모양새다. 부동산 시장 침체와 일시적인 공급과잉으로 몸살을 앓았지만 교하신도시 일대를 중심으로 분양시장이 속속 재개되고 있다. 이유는 교통여건이 나아지면서 서울과의 접근성이 개선된 점을 꼽을 수 있다. 2009년 6월 경의선이 복선 전철화 되면서 급행전철의 경우 문산역에서 서울역까지 43분이 걸린다. 올 초 제2 자유로 개통도 교통호재다. 자동차로 약 20분이면 서울에 진입할 수 있다. 일산신도시를 거치지 않고 서울 도심을 직접 연결하는 간선급행버스도 운행중이다. 또한 파주시에서 광역급행철도 GTX 와 3호선 일산선 교하신도시 연장에도 관심을 기울이고 있다. 편의시설도 갖춰지고 있다. 파주시 탄현면 일대에 문을 연 대형 아울렛 신세계 첼시 파주 출판단지에 개관예정인 롯데백화점 등이다. 이화여대 파주캠퍼스 조성사업도 추진중이다. 기반시설이 속속 들어서면서 파주 분양시장 훈풍을 기대하는 업체들의 아파트 공급도 이어지고 있다. 부동산 업계 관계자들은 최근 파주지역이 이전에 적체됐던 미분양이 감소하고 수도권 전세난 영향으로 웃돈도 붙는다고 전하고 있다. 이에 따라 내 집마련 수요자라면 올 6월 비교적 저렴한 분양가로 선보이는 파주 분양시장에 관심을 가져볼 만하다. 다음은 경기 파주 교하신도시의 연내 분양예정 단지 소개다. 교하신도시 A22블록 한라비발디 플러스 한라건설 지하 2층 지상 25층 10개동 규모로 총 823가구가 6월 분양한다. 전용면적 59 130㎡으로 구성된다. 단지 바로 옆에 상업지구가 조성돼 다양한 생활편의시설과 교육시설이 들어설 예정이다. 단지 내 녹지율이 50%에 이르고 약 1500㎡규모의 잔디광장과 1000㎡의 전나무 산림욕장이 조성된다. 교하신도시 A14블록 롯데캐슬 롯데건설 지하1층 지상18 20층 20개동 규모 총 1880가구가 6월 분양한다. 전용면적 59 126㎡로 구성된다. 72만6000㎡ 규모의 가온호수공원이 단지와 가깝다. 대형복합문화센터인 가람행복센터 도 단지 옆에 들어선다. 단지 내 녹지율이 50%로 다양한 테마공원과 산책로 자전거도로가 설치된다. 교하신도시 A27블록 휴먼빌 일신건영 총 1009가구가 10월 중 분양예정이다. 주택형은 미정이다. 파주 문산읍 선유리 동문굿모닝힐 동문건설 총 309가구를 6월 분양예정이다. 전용면적 84㎡의 단일 주택형으로 구성된다.,https://news.naver.com/main/read.nhn?mode=LSD&mid=shm&sid1=260&oid=277&aid=0002623734,284
261493,2011.06.15. 오후 6:37,부동산,아시아경제,3000만원 상당 뇌물 수수..현직 국토부 과장 구속,아시아경제 조민서 기자 국토해양부 부동산관련 부서의 주무과장이 부동산투자신탁회사인 리츠사로부터 편의를 봐주는 대가로 수천만원 상당의 뇌물을 받은 혐의로 구속됐다. 서울남부지검 형사5부 부장검사 김주원 는 15일 부동산투자신탁회사 대표에게서 현금과 산삼 등 수천만원 상당의 뇌물을 받은 혐의 수뢰 로 현직 국토해양부 과장인 백모씨를 구속했다. 검찰에 따르면 백씨는 지난해 12월30일 정부 과천청사 인근의 식당에서 G리츠의 사주인 최모씨로부터 시가 500만원 상당의 산삼과 2000만원이 든 선물상자를 받는 등 수차례에 걸쳐 금품을 받은 혐의를 받고 있다. 검찰은 백씨가 뇌물을 받고 G리츠사의 사업 편의를 봐줬을 가능성이 큰 것으로 보고 구체적인 뇌물 수수 경위와 배경 등을 집중 조사 중이다. G리츠는 지난해 5월 국내 최초로 코스피에 상장된 부동산투자신탁회사로 검찰은 G리츠의 주가조작 사건을 수사하는 과정에서 최씨로부터 백씨에게 뇌물을 줬다는 진술을 확보한 것으로 알려졌다. 일각에서는 지난 14일 리츠와 관련 예정에도 없었던 리츠 관리 감독 대폭 강화 라는 보도자료를 낸 것을 두고 주무 과장의 체포 사실을 인지하고 이를 숨기려는 의도가 있었느냐는 의혹이 제기되고 있다. 이에 대해 국토부 관계자는 연이어 터진 불미스러운 일로 국토부 내부도 당혹감을 감추지 못하고 있다 고 말했다.,https://news.naver.com/main/read.nhn?mode=LSD&mid=shm&sid1=260&oid=277&aid=0002623733,284
261494,2011.06.15. 오후 6:33,부동산,한국경제,보금자리주택 탓…영세공장 보금자리 잃는다,어디로 가라고… 제2경인고속도로 광명나들목 부근에 이 지역 중소 물류업체들의 현수막이 걸려 있다. 이들은 보금자리사업에 따른 대체 유통단지 마련 시 작은 평수로 나눠 분양해줄 것을 촉구하고 있다. 허문찬 기자 sweat hankyung.com 광명·시흥 등 7곳서 3541업체 이전해야 대체부지 태부족…미등록공장 문 닫을 판 보금자리주택사업 때문에 해당 지역 내 영세공장들이 사업 터전을 잃을 위기에 처했다. 이들이 반월 · 시화 등 수도권 공단으로 새 터전을 찾아나서면서 공단 내 소형 공장 임차료가 천정부지로 치솟고 있다. 보금자리주택사업에 따른 풍선 효과 다. 15일 광명 · 시흥지역 중소기업계와 반월공단 부동산중개업소 등에 따르면 보금자리주택사업이 잇따라 발표되면서 대상 지역에서 이전해야 하는 공장 및 사업장이 수천개에 달하고 있다. 서울 주변에 들어서는 총 7개 보금자리 내 이전 대상 사업장 공장 제조장 물류창고 포함 은 3541개 민주당 백재현 의원 에 달한다. 이 중 광명 · 시흥 보금자리지구에만 전체 사업장의 61.8%인 2189개가 몰려 있다. 하지만 기존 공단은 포화 상태여서 갈 곳이 없다. 공장 이전 문제가 불거지자 국회는 보금자리주택 건설 등에 관한 특별법 을 개정 인근에 대체부지를 마련할 수 있도록 했다. 문제는 대체부지가 턱없이 좁다는 것이다. 예컨대 광명 · 시흥 지역에 들어설 대체 공단부지는 8만2000 10만㎡ 2만5000 3만평 로 이는 이 지역 등록 공장인 285개 총 9만9748㎡ 약 3만평 만 입주할 수 있는 규모다. 따라서 이곳에 산재한 934개 영세 미등록 공장 총면적 46만5667㎡ 14만여평 은 들어설 자리가 없다. 미등록 공장은 전체 공장의 92%에 이른다. 광명에서 주방용 세제를 만드는 선진유지의 이영면 사장은 등록 공장은 대체부지에 입주할 수 있겠지만 문제는 미등록 공장들 이라며 대부분 종업원 10명 이하의 영세기업들로 지역 주민을 고용하고 있는 업체들 이라고 말했다. 광명시 보금자리사업단의 한 관계자도 보금자리 특별법 시행령과 시행규칙이 마련되는 과정을 지켜봐야겠지만 미등록 공장까지 대체부지에 입주시킬 수 있을지는 미지수 라고 지적했다. 보금자리 풍선 효과 로 인근 반월 · 시화공단의 소규모 공장 임차료는 급등하고 있다. 3.3㎡당 3만원 선에 이르는데 이는 1년 전에 비해 36 50% 지난 3월 초 대비 11 25%가량 오른 것이다.,https://news.naver.com/main/read.nhn?mode=LSD&mid=shm&sid1=260&oid=015&aid=0002480650,284
261495,2011.06.15. 오후 6:33,부동산,한국경제,현장 레이더 판교 중소형 전매제한 풀렸는데 매물 뜸하네,입주 2년차를 맞아 중소형 아파트 전매제한이 본격 해제되고 있는 판교신도시. 양도세 비과세 요건인 3년 보유 를 충족하려는 집주인들이 많아 매물은 거의 없다. 한경DB 올해 4133가구 전매 허용 양도세 부담에 1년 더 보유 전셋값은 주변 시세 회복 1년만 더 보유하면 양도소득세를 내지 않는데 누가 팔려고 하겠어요. 15일 판교신도시 상가 내 사무실에서 만난 문옥인 판교대호공인 대표는 중소형 아파트 전매제한이 본격적으로 풀리고 있는데도 매물이 나오지 않는 이유를 이렇게 설명했다. 재계약 시기인 입주 2년차를 맞아 전세 물건은 크게 늘었다. 문 대표는 입주 때 물량 부담으로 약세였던 전셋값이 주변 수준을 회복하면서 1억5000만 2억원가량 올랐지만 공급이 늘어 전세 시장은 안정세 라고 전했다. 전매제한 풀려도 매물 적어 중소형 전매제한이 본격적으로 풀리고 있는 판교 아파트의 거래 활성화와 가격 변화에 관심이 쏠리고 있다. 중개업계에 따르면 올해 전매제한이 풀린 판교 중소형 단지는 5곳 3403가구로 집계됐다. 올해 말까지 10곳에서 4133가구의 전매가 허용된다. 중대형은 입주와 동시에 3년이 지난 것으로 간주돼 전매가 자유롭다. 중소형은 계약 후 5년 또는 입주 후 2년 중 빠른 시점을 기준으로 전매제한이 풀려 올해 대부분 전매제한이 사라진다. 전매제한 해제에도 매물은 많지 않다. 문 대표는 전용면적 85㎡ 분양가는 3억8000여만원，산운 · 원마을 시세는 7억5000만 8억원 초반 이라며 지금 팔면 4억원에 이르는 차익의 절반을 세금으로 물어야 해 매물이 적다 고 설명했다. 봇들마을 중소형 시세는 9억원에 육박해 물량이 귀하다. 인근 K공인 관계자는 집주인들이 양도세를 매매가에 얹어 팔려고 해 거래가 더욱 안 된다 고 전했다. 양도세 비과세 요건 3년 보유 을 충족하는 내년부터는 매물이 크게 늘어날 전망이다. 함영진 부동산써브 연구실장은 실수요자들이 선호하는 중소형 위주로 거래가 활발하겠지만 공급 우위 시장이 될 가능성이 높아 가격은 약보합세를 보일 것 이라고 말했다. 주변시세 회복한 전셋값 전셋값은 입주 때보다 1억5000만 2억원 올랐다. 봇들마을의 정진욱 석사공인 대표는 올초 1 · 2단지 85㎡가 3억4000만원까지 올랐다가 2월부터 재계약 매물이 늘어 3억원을 밑돌았다 며 최근에는 3억 3억3000만원에 시세가 형성되고 있다 고 말했다. 2년 전 입주 당시엔 대규모 물량이 쏟아져 1억5000만원대에 계약됐다. 정 대표는 4 · 7단지가 내달 입주 2년차여서 4단지에만 전세 매물이 50개를 웃돈다 며 재계약 조건으로 집주인들이 2억5000만 2억8000만원 선에 맞춰주고 있다 고 전했다. 중소형만 들어선 1 4단지에선 세입자 10명 중 6명은 재계약을 못하고 다른 곳으로 이주하고 있다고 덧붙였다. 지난달 입주 2년을 맞은 원마을 10단지는 전용 125㎡의 전셋값이 4억5000만원까지 올랐다 지금은 3억9000만 4억원 수준으로 약보합세다. 인근 판교원공인 관계자는 입주 때 전셋값이 2억원대 초중반이었으니 많게는 2억원 가까이 올랐다 며 나올 전세 물건은 어느 정도 소화된 데다 판교역 9월 개통 등 호재도 있어 전셋값이 강세를 보일 가능성이 크다 고 내다봤다.,https://news.naver.com/main/read.nhn?mode=LSD&mid=shm&sid1=260&oid=015&aid=0002480616,284
261496,2011.06.15. 오후 6:33,부동산,한국경제,대우건설 자회사 대우엔텍 판다,롯데ㆍLSㆍ두산ㆍLG 등 관심 대우건설이 자회사 대우엔텍을 매각한다. 15일 산업은행 등 채권단에 따르면 대우건설은 지분 100% 자회사인 대우엔텍을 매각하기로 하고 매각 주관사로 삼성증권과 산업은행M A실을 선정했다. 대우엔텍은 하수，폐수처리 및 수자원 개발을 담당하는 수처리 전문 업체로 지난해 매출은 317억원이다. 채권단 관계자는 채권단과 대우건설이 연초에 맺은 경영개선 양해각서 MOU 에 의해 자산을 효율적으로 정리하는 차원에서 이번 매각이 결정된 것 이라며 대우건설은 경쟁력 있는 곳에만 사업 포트폴리오를 집중할 것 이라고 밝혔다. 채권단은 대우엔텍 매각을 공개경쟁입찰 방식으로 진행하기로 하고 현재 투자자들로부터 인수의향서 LOI 를 받고 있다. 매각 예상가격은 100억 500억원가량으로 현재 롯데 LS 두산 LG 등 대기업 그룹들이 관심을 갖고 있는 것으로 알려졌다. 채권단 관계자는 대기업들이 많은 수처리 업종의 전망을 밝게 보고 적극적인 인수 의향을 나타내고 있다 고 말했다.,https://news.naver.com/main/read.nhn?mode=LSD&mid=shm&sid1=260&oid=015&aid=0002480613,284
261497,2011.06.15. 오후 6:32,부동산,한국경제,불광ㆍ신도림 입주 단지서 전세난 피해볼까,전세난 우려로 매물이 상대적으로 풍부한 대규모 입주 단지에 관심이 몰리고 있다. 다음달 입주를 시작하는 서울 불광동 북한산힐스테이트 7차 . 김진수 기자 북한산힐스테이트ㆍ디큐브시티 노려볼만 입주 2년 반포래미안ㆍ고덕아이파크도 관심 경기도 일산에 사는 직장인 박모씨 42 는 오는 8월 전세계약 기간이 끝나는 데다 초등학교 5학년인 아들 교육을 위해 서울 이사를 결심했다. 내달 말 입주를 시작하는 불광동 북한산힐스테이트 7차 에 전세 물건이 많다는 소문을 듣고 지난주 가족들과 단지를 둘러보고 남향 로열층 108㎡형을 2억6000만원에 계약했다. 그는 지하철 3 · 6호선 불광역이 있어 출퇴근이 쉽고 은혜초등학교 하나고등학교 등 명문 학교가 많아 이사를 결정하기 잘했다는 생각이 든다 고 말했다. 서울 강남 · 목동 등의 재건축 단지 이주 수요와 여름방학 학군 수요까지 겹치면서 전셋값이 들썩이고 있다. 전문가들은 전세물건이 상대적으로 풍부한 대규모 신규 입주 단지가 대안이 될 수 있다 고 조언했다. 입주 예정 대단지를 노려라 15일 업계에 따르면 서울지역에선 오는 8월까지 입주 예정인 대단지가 많지 않다. 서북권 세입자들은 불광동 북한산힐스테이트 7차 를 서남권과 목동권은 신도림 대성 디큐브시티 전세 물량에 관심을 가져 볼 만하다는 지적이다. 북한산힐스테이트 7차는 1070가구 중 전용면적 85㎡ 이하 중소형이 81% 869가구 다. 디큐브시티는 중소형이 전체의 40% 208가구 다. 천왕동과 신정동 이펜하우스 는 일반분양과 장기전세주택 시프트 임대 등이 복합된 단지다. 전용면적 84㎡형 전세가는 1억8000만 2억2000만원 선이다. 인근 시티부동산 관계자는 일반분양 물량에서 일부 전세 물건이 나오고 있다 며 단지 내 초등학교와 중학교가 오는 9월 개교 예정이어서 오류동 목동 광명 등지의 세입자들 문의가 많다 고 전했다. 강남권에는 신규 입주 단지가 거의 없지만 입주 2년차인 반포동 래미안반포 퍼스티지 2444가구 강일동 리버파크5단지 722가구 고덕동 고덕아이파크 1142가구 등에 전세 물량이 많다. 수도권에서는 전용 85㎡ 단지로 이달 말 집들이하는 김포한강신도시 쌍용예가 1474가구 가 1억3000만원에 전세로 나왔다. 김포한강신도시 우남퍼스트빌 1202가구 부천 래미안중동 521가구 성남 판교푸르지오그랑블 948가구 도 단지 규모가 크다. 반전세 트렌드 염두에 둬야 전문가들은 2008년 9월 글로벌 금융 위기 이후 신규 착공 단지가 줄어 올 하반기부터 입주 물량도 감소할 것으로 보고 있다. 이 때문에 올가을 이주할 계획이라면 공급이 많아 가격이 낮은 신규 입주단지에 주목할 필요가 있다는 조언이다. 판교푸르지오그랑블 인근 중심지공인 관계자는 이달 말 사전점검이 끝나면 물량이 나올 것 이라며 발품을 팔면 상대적으로 싼 물건도 찾을 수 있다 고 설명했다. 반전세 보증부 월세 증가세는 염두에 둬야 한다. 불광동 미래공인 관계자는 입주 시점이 가까워지면서 반전세 비중이 전세 물량의 60%까지 높아졌다 며 금리 인상 이후 반전세 물량이 늘고 있어 빨리 움직여야 조건이 좋은 물건을 확보할 수 있다 고 말했다. 곽창석 나비에셋 사장은 해마다 2월과 8월에는 전세를 얻기 힘든 시기인 만큼 이사 3개월 전에 전세를 구하는 게 유리하다 며 교육여건 등이 좋은 곳이라면 반전세도 고려해야 한다 고 조언했다.,https://news.naver.com/main/read.nhn?mode=LSD&mid=shm&sid1=260&oid=015&aid=0002480592,284
261498,2011.06.15. 오후 6:32,부동산,한국경제,한경매물마당 인천 검단 신도시 수익용 원룸급매 15억 등,충남 서산시 지곡면 농가주택 www.hankyung.com landplus 매물게재문의 02 3277－9966 서울 역삼동 6차로변 수익형 빌딩＝역세권 대로변 코너 대지 360㎡，연면적 718㎡의 5층 건물.주변상권이 활발해 보증금 3억원，월 2800만원에 공실 없이 임대 중.급매.64억원.010 6556 0715 서울 역삼동 투자수익용 빌딩＝역삼역 인근 대지 399㎡，연면적 1479㎡의 지상 7층 건물.임차수요가 많아 보증금 4억원，월 4400만원에 공실 없이 임대 중.주인 사정상 급매.57억원. 02 512 7170 서울 서초역 역세권 구조조정 신축 빌딩＝서초역 도보 3분 거리 상업지역 대지 325㎡，연면적 1407㎡의 7층 신축 건물.보증금 2억원，월 2100만원에 임대 중.주변 먹자상권이 활발해 사옥 및 임대용으로 적합.급매.56억원. 02 533 9559 서울 역삼역 역세권 신축 빌딩＝지하철역 도보 1분 거리 대지 231㎡，연면적 912㎡의 7층 건물.유동인구가 많은 사무실 및 유흥，먹자상권 중심가에 위치.보증금 4억3000만원，월 2850만원에 임대 중.52억원. 02 512 7197 서울 상도동 대로변 신축 부지＝지하철역 출구 앞 대로변 대지 412㎡.연면적 460㎡의 4층 건물이 있어 보증금 2억원，월 1270만원에 임대 중.지상 8층 규모로 재건축 시 보증금 3억1000만원，월 3400만원 예상.43억원. 02 525 8255 충남 천안시 신부동 신축 원룸＝고속버스터미널，천안나들목 인근에 건축 중인 4층 다가구주택 대지 323㎡，연면적 580㎡ .보증금 3억2000만원，융자 3억원，실투자금 5억8000만원에 월 수익 640만원.연 수익률 11%.시공사 직거래.12억원.010 4002 0489 서울 경희대 역세권 수익용 근생 빌딩＝전철역 도보 3분 거리 대지 120㎡，연면적 420㎡의 7층 건물.엘리베이터를 갖췄고 보증금 3억2000만원，월 1440만원에 임대 중.내외관이 고급스럽다. 임대수익용으로 적합.급매.22억원. 02 532 1218 서울 목동역 은행 상가＝목동역 도보 2분 거리 대로변 사거리 양쪽 횡단보도 코너에 위치한 8층 주상복합의 4층 점포 442㎡ 전용 207㎡ .보증금 9억원，월 700만원에 은행으로 장기 임대 중.연 수익률 7.7%.19억9000만원. 02 2646 4555 충남 서산시 지곡면 농가주택＝서산나들목이 차로 10분 거리인 계획관리지역 대지 542㎡，밭 5941㎡，임야 1388㎡.농가주택 1동과 창고 있음.농장，과수원，동호인 전원주택지로 적합.서산일반산업단지，한화테크노밸리가 가깝다. 3.3㎡당 12만원. 041 666 0006 서울 목동 수익용 상가＝은행 병원 밀집지역의 주상복합 지하층 전체 2200㎡.보증금 30억원，월 525만원에 대기업 SSM 직영점으로 10년 장기임대 중.연 수익률 7.8%.만료 시 5년간 재계약，매년 임대료 5% 인상 조건.38억원. 02 588 3777 충남 천안시 신부동 신축 원룸 서울 대방동 보라매역 수익형 신축 원룸＝보라매역 도보 2분 거리 대지 208㎡，연면적 526㎡의 5층 건물.원룸 26실을 보증금 4억8000만원，월 980만원에 임대 중.주인이 직접 거주 중.임대 시 2억원 전세 가능.융자 8억5000만원 포함，22억원.010 7309 0815 경기 판교신도시 수익용 병원 상가＝대로변 버스정류장 앞 상가건물의 5층 점포 230㎡.보증금 5000만원，월 300만원에 피부과 병원으로 임대 중.연 수익률 7%.융자 시 실투자금 3억원.5억6500만원.가격 절충 가능. 02 2168 4067 인천 검단신도시 수익용 원룸＝대지 415㎡，연면적 730㎡，원 · 투룸 27실의 건물.보증금 3억원，월 1200만원에 임대 중.검단신도시 지하철 개통 예정.인근에 중앙대 캠퍼스 부지가 있다.,https://news.naver.com/main/read.nhn?mode=LSD&mid=shm&sid1=260&oid=015&aid=0002480587,284
261499,2011.06.15. 오후 6:32,부동산,한국경제,상ㆍ하위 아파트 가격차 2년만에 최저,최근 1년간 전국 상위 20%에 해당하는 고가 아파트는 값이 소폭 내린 반면 하위 20%의 저가 아파트 가격은 크게 올라 고 · 저가 아파트 간 가격 차가 대폭 줄어든 것으로 나타났다. 15일 국민은행이 전국 아파트를 가격 순으로 5등분해 평균 가격을 분석한 자료에 따르면 상위 20% 주택은 지난해 5월 기준 5억2980만원에서 올해 같은 시기 5억2269만원으로 1.3% 하락했다. 반면 하위 20%의 평균 매매가격은 8270만원으로 지난해 6617만원보다 25% 1653만원 상승했다. 서울 지역 상위 20% 아파트의 평균가는 9억5110만원으로 지난해보다 1582만원 1.7% 올랐고 하위 20% 아파트 역시 지난해 2억2702만원에서 3% 오른 2억3386만원으로 나타났다. 양지영 리얼투데이 조사팀장은 가격 격차는 좁혀졌지만 서민의 내집 마련은 더 어려워진 셈 이라고 말했다.,https://news.naver.com/main/read.nhn?mode=LSD&mid=shm&sid1=260&oid=015&aid=0002480586,284
261500,2011.06.15. 오후 6:32,부동산,한국경제,분양가 상한제 폐지하라…5445社 탄원서 제출,건설 단체 모임인 대한건설단체총연합회 건단련 가 전국의 주택건설업체 5445개의 서명을 받아 분양가 상한제 폐지를 요청하는 탄원서를 국회 국토해양위원회와 각 정당 정책위의장 앞으로 보냈다고 15일 밝혔다. 건단련은 2008년 금융위기 이후 급격한 건설 경기 침체로 주택건설업계도 극심한 경영난에 시달리고 있다 며 분양가 상한제 폐지 등 주택공급 규제를 신속하게 완화해 건설 산업을 살려야 한다 고 주장했다. 이어 6월 임시 국회에서 상한제가 개선되지 않으면 건설업계는 벼랑 끝에 내몰릴 수밖에 없는 절박한 한계 상황에 와있다 고 호소했다. 한편 건단련은 16일 오전 열리는 권도엽 국토해양부 장관과 건설업계 대표들의 간담회 서도 규제완화 방안을 건의할 방침이다.,https://news.naver.com/main/read.nhn?mode=LSD&mid=shm&sid1=260&oid=015&aid=0002480584,284
261501,2011.06.15. 오후 6:32,부동산,한국경제,신정 15ㆍ16 구역에 2297가구 들어선다,중소형 90% 넘어 서울 신정동 신정뉴타운 내 신정1 5 1 6구역에 지상 5 22층 높이 아파트 2297가구가 들어선다. 서울시는 신정뉴타운 내 신정 6 7 존치관리구역을 각각 신정1 5，1 6 재정비촉진구역으로 변경하는 재정비촉진계획 변경안을 마련 주민 공람을 실시한다고 15일 발표했다. 변경안에 따르면 신정동 1195 일대 신정1 5구역은 8 22층 아파트 16개동 1459가구 임대 288가구 포함 가，신정동 1160의 36 일대 신정1 6구역에는 5 18층 11개동 838가구 임대 212가구 포함 가 각각 지어진다. 이들 2개 구역에 짓는 아파트의 절반가량인 1259가구는 전용면적 60㎡ 이하 소형 아파트로 이뤄진다. 전용면적 85㎡ 이하 아파트까지 포함하면 중소형 아파트는 전체의 91%인 2091가구에 이른다. 서울시 관계자는 내년 하반기 공사를 시작해 2019년 사업을 마치도록 유도할 방침 이라고 말했다. 서울시는 이곳을 서남 생활권을 대표하는 친환경 주거 단지로 만들 계획이다. 단지 설계에 장애물 없는 생활 환경 개념과 범죄예방 환경 설계 를 적용하기로 했다. 해누리문화센터와 문화가로변 등을 조성해 입주민들이 다양한 문화 활동을 누리도록 할 방침이다. 커뮤니티 활성화를 위해 문화가로변에 들어서는 아파트는 5 12층 규모의 저층으로 배치하고 이 중 1 2층에는 상가와 아케이드 공간도 마련할 예정이다. 신정뉴타운은 68만8976㎡ 규모로 총 1만76가구가 들어서는 대규모 단지다. 이번에 재개발 사업 추진이 가능한 촉진구역으로 변경된 1 5구역，1 6구역을 포함해 10개의 촉진구역과 5개의 존치구역 등 15개 구역으로 구성돼 있다. 지하철 2호선 신정네거리역과 5호선 신정역이 가깝다. 남부순환로와 경인고속국도 등이 사업 지역 인근을 지난다. 온수자연공원，계남근린공원，용왕산근린공원 등을 이용할 수 있다.,https://news.naver.com/main/read.nhn?mode=LSD&mid=shm&sid1=260&oid=015&aid=0002480583,284
261502,2011.06.15. 오후 6:32,부동산,한국경제,가든파이브에 오피스텔 1294실,대우건설 3.3㎡당 1100만원선 대우건설이 이달 중에 서울 문정동 가든파이브 활성화단지 1 2블록에서 대규모 오피스텔인 송파 푸르지오시티 조감도 를 공급한다. 총 1294실짜리 대형 사업인데다 1 2인 가구를 위한 소형 오피스텔로 이뤄졌다. 크기는 전용면적 기준으로 24.90㎡ 7.5평 52.17㎡ 15.8평 로 짜여졌다. 분양가는 3.3㎡당 1100만원 선이며，대부분 2억원대에 매입할 수 있다. 전용률은 평균 51.1% 수준으로 높은 편이다. 사우나 피트니스클럽 골프연습장 등 생활편의시설을 갖추고 있다. 부모님 지인 등이 방문했을 때 묵을 수 있는 게스트룸도 제공한다. 남쪽으로 코엑스몰 6.2배 규모의 대형 유통 단지인 가든파이브가 있다. 북쪽에는 문정동 법조타운이 조성돼 동부지법 동부지검 등이 이전할 예정이다. 고속철도 수서역사 개통 위례신도시 조성 가락시장 현대화 사업 등 개발 호재가 주변에 많다. 모델하우스는 잠실동 아시아선수촌아파트 맞은편에 17일 개장한다.,https://news.naver.com/main/read.nhn?mode=LSD&mid=shm&sid1=260&oid=015&aid=0002480582,284
261503,2011.06.15. 오후 6:32,부동산,한국경제,서울 아파트 거래량 20% 감소,지방 4개월 만에 감소세 전국 아파트 거래량이 2개월 연속 줄었다. 국토해양부는 지난달 전국에서 실거래가가 신고된 아파트는 총 4만8077건으로 직전월에 비해 13.6% 줄었다고 15일 밝혔다. 신고된 실거래가 건수는 3월 계약분 9600여건，4월 계약분 2만3600여건，5월 계약분 1만4800여건 등이다. 서울은 3805건으로 직전월 4787건보다 20.6% 감소했다. 강남 · 서초 · 송파 등 강남 3구의 신고분도 4월보다 21.6% 적은 575건에 그쳐 5개월 연속 감소했다. 수도권 전체 거래 건수는 1만5080건으로 직전월 대비 16% 감소했다. 반면 수도권 5개 신도시는 5 · 1대책 에 포함된 1주택자 양도세 비과세 2년 거주 요건 폐지 등으로 거래량이 1588건에서 1684건으로 소폭 증가했다. 지방 거래 건수는 지난달 3만2997건으로 전월 대비 12.4% 줄었다. 이에 따라 증가세는 4개월 만에 멈췄다. 국토부 관계자는 봄철 이사 시즌이 끝나면서 거래가 줄었다 며 최근 5년 평균치나 지난해 동기에 비해 많은 수준 이라고 말했다. 충남은 세종시 개발 과학비즈니스벨트 선정 등 호재로 전월 3181건 보다 28.2% 많은 4080건이 신고돼 전국 광역자치단체 중 유일하게 증가세를 보였다. 실거래가는 약보합세였다. 서울 대치동 은마 전용면적 77㎡는 지난 4월 8억9000만 9억6500만원에 거래됐으나 지난달에는 8억9900만 9억2600만원으로 낮아졌다. 서울 강북에서는 도봉동 한신 전용 85㎡ 8층 가 2억6000만원에 팔려 1000만원 정도 낮아졌다. 분당 일산 등도 거래 가격이 대부분 약보합세였다.,https://news.naver.com/main/read.nhn?mode=LSD&mid=shm&sid1=260&oid=015&aid=0002480581,284
261504,2011.06.15. 오후 6:32,부동산,한국경제,올 하반기 전셋값 상승폭 줄어들 듯,주택산업硏 주택시장 전망 올 하반기에도 입주물량 부족으로 전세가격이 전국적으로 4 5% 상승할 것이라는 전망이 제기됐다. 주택산업연구원은 15일 2011 하반기 주택시장 전망 보고서를 내고 6개월 평균 15만가구 이상 공급되던 입주물량이 하반기에는 5만가구 정도 부족해지면서 전국적으로 전셋값이 4 5% 정도 상승할 것으로 분석했다. 주택 유형별로는 아파트 전셋값이 5%，단독주택 등 주택이 4%가량 오를 것으로 내다봤다. 연구원 측은 다만 2009년 하반기부터 전세가격이 올라 올 하반기 전세가격의 경우 기저효과로 상승폭이 컸던 상반기 6.4% 에 비해 줄어들 것으로 예상했다. 매매가격은 수도권이 1% 안팎，지방이 3 4% 안팎의 상승세를 띨 것으로 진단했다. 지방에 비해 수도권이 약세를 보일 것이라는 근거는 보금자리 지구 지정과 금리 인상 등의 악재가 겹친 데 따른 것이다. 연구원은 또 42개 건설사와 46개 부동산중개업소를 대상으로 한 설문조사 결과 전세가격은 내년까지 계속 오르고，수도권 매매가격도 올 하반기에서 내년 상반기 사이에 상승세로 돌아설 것 이라는 응답이 다수를 차지했다고 설명했다. 설문에 따르면 응답자들은 실수요자들의 주택구입 시점에 대해 올 하반기가 적기 라고 답변했다.,https://news.naver.com/main/read.nhn?mode=LSD&mid=shm&sid1=260&oid=015&aid=0002480580,284
261505,2011.06.15. 오후 6:31,부동산,머니투데이,대우건설 서울 문정동에 오피스텔 1294가구 공급,머니투데이 박동희 MTN기자 대우건설이 서울 송파구 문정동 가든파이드 활성화 단지에 오피스텔 1 294실을 분양합니다. 지상 15층 높이로 건립되는 송파 푸르지오 시티 는 전용면적 24 50㎡로 30㎡이하 소형 오피스텔이 1 181실로 전체의 94%를 차지합니다. 또 입주자의 관리비 부담을 줄이기 위해 건물의 상업시설과 공용시설 등에는 지열과 태양광 발전을 통해서도 전기를 공급하도록 설계됐습니다. 대우건설은 대형 유통단지인 가든파이브가 인접해 있고 인근에 법조타운과 업무단지가 조성될 예정으로 향후 임대수요가 많을 것으로 예상된다 고 설명했습니다. 서울 거주자를 대상으로 한 청약은 오는 17일 일반 청약은 23일부터 이뤄질 예정으로 분양가는 3.3㎡당 1 100만 원 선입니다.,https://news.naver.com/main/read.nhn?mode=LSD&mid=shm&sid1=260&oid=008&aid=0002556159,284
261506,2011.06.15. 오후 6:29,부동산,머니투데이,향응에 뇌물에…정부 공직기강 집중 감찰,머니투데이 홍혜영 MTN 기자 앵커멘트 국토해양부 공무원들이 향응과 뇌물을 받은 사실이 잇따라 적발됐습니다. 정부는 공직기강이 해이해졌다고 보고 감찰활동을 대폭 강화하기로 했습니다. 홍혜영 기자가 보도합니다. 4대강 공사를 주도해 온 국토해양부의 직원 10여 명이 지난 3월 제주도에서 열린 연찬회에서 공사 업체들로부터 향응을 받은 것으로 드러났습니다. 이들은 연찬회가 끝난 뒤 업체 직원들과 저녁 식사와 술자리 접대를 받았습니다. 총리실은 이같은 사실을 적발하고 문제가 된 직원들을 징계 처분할 것을 통보했지만 국토부는 경고 조치로 마무리했습니다. 이에 대해 국토부 측은 적발된 현장은 유흥업소가 아니었고 여직원들도 참석했던 자리 라며 공사업체 측에서 비용을 계산했으나 이후 돌려줬다 고 해명했습니다. 여기에 국토부 모 과장은 부동산 투자신탁회사 사주로부터 관리·감독 편의를 봐주기로 하고 뇌물을 받은 혐의로 검찰에 긴급 체포됐습니다. 모 과장은 지난해 말 쯤 이 회사 최 모 씨로부터 500만 원 상당의 산삼과 현금 2 000만 원이 든 선물상자를 받는 등 모두 3 200여 만원의 뇌물을 받은 혐의를 받고 있습니다. 이처럼 잇따라 향응과 뇌물수수 비리에 신임 국토부 장관은 국회에서 머리를 숙였습니다. 인터뷰 권도엽 국토해양부 장관 이러한 불미스러운 사례가 발생한 것에 대해서 장관으로서 책임을 통감하며 해당자는 수사 결과에 따라 유사 사례가 재발하기 않도록 엄중히 조치하겠습니다. 국무총리실은 최근 전 현직 공직자들의 향응 수수 등 비리가 속출함에 따라 다음 달부터 관계부처와 공동으로 감찰 활동을 대폭 강화하기로 했습니다. 머니투데이방송 홍혜영입니다.,https://news.naver.com/main/read.nhn?mode=LSD&mid=shm&sid1=260&oid=008&aid=0002556158,284
261507,2011.06.15. 오후 6:27,부동산,아시아경제,동양건설 회장 장남 신한은행장 만나 법정관리 철회 협상,아시아경제 문소정 기자 동양건설산업 고 최윤신 회장의 큰아들인 최성원씨가 15일 오후 4시30분께 회장 대리인 자격으로 주채권은행인 서진원 신한은행장을 만나 법정관리 철회 등에 대해 논의한 것으로 알려졌다. 동양건설산업은 헌인마을 프로젝트파이낸싱 PF 대출금을 갚지 못해 지난 4월 법정관리를 신청했다. 이후 최윤신 회장은 헌인마을 PF 문제 해결과 법정관리 철회를 위해 협상을 벌여오다 지난 10일 지병이 악화돼 갑작스럽게 별세했다. 이에 따라 그동안 경영수업을 받고 있었던 최윤신 회장의 장남인 최성원 실장이 회사를 대표해 법정관리 철회를 위한 협상에 나선 것이다. 동양건설산업 관계자는 이와 관련 최 회장 별세 후 장남인 최성원 실장이 대리인 자격으로 업무를 맡고 있다 며 오늘 오후 4시30분 서 은행장을 만나 그 자리에서 고 최윤신 회장의 뜻을 전달하고 법정관리 철회를 위한 채권단의 지원 요청과 함께 운영자금 부분도 조율할 것으로 알고 있다 고 전했다. 한편 헌인마을 공동 사업자인 삼부토건은 채권단과 만기연장 방안 확정 후 이르면 17일 이전 법정관리 신청을 철회할 방침인 것으로 알려졌다.,https://news.naver.com/main/read.nhn?mode=LSD&mid=shm&sid1=260&oid=277&aid=0002623730,284
261508,2011.06.15. 오후 6:23,부동산,아시아경제,대우건설 가산디지털단지 오피스텔 분양,대우건설이 가산디지털 단지 내 짓는 램킨 푸르지오시티 오피스텔 조감도 아시아경제 정선은 기자 대우건설 은 서울 금천구 가산디지털단지 안에 소형 오피스텔 램킨 푸르지오시티 270가구를 분양중이다. 지하 4층 지상 16층 건물로 지어지며 40 69㎡ 소형으로 구성된다. 분양가는 가구당 1억4300만 2억4590만원선이다. 중도금 40%는 무이자로 융자해준다. 이 오피스텔은 1만여곳의 벤처업체와 13만여명이 근무하는 가산 디지털산업단지 중심에 위치해서 배후수요가 풍부하다. 또한 지하철1·7호선의 더블 역세권으로 가산디지털단지역이 도보로 5분거리다. 서·남부 간선도로 남부순환로 등을 이용한 시내·외 접근성도 우수하다. 대우건설 관계자는 가산 디지털 단지 대부분이 준공업 용지로 아파트형 공장이 들어서 오피스텔 공급이 전무했던 터라 소형 오피스텔에 수요자들의 관심이 모아질 것 이라고 말했다.,https://news.naver.com/main/read.nhn?mode=LSD&mid=shm&sid1=260&oid=277&aid=0002623729,284
261509,2011.06.15. 오후 6:22,부동산,한국경제TV,분양가 낮춰야 산다,앵커 최근 건설사들이 침체된 분양시장을 돌파하기 위해 고육지책으로 분양가를 잇따라 낮추고 있습니다. 분양가를 심의가격보다 낮게 책정하거나 4년전 가격을 내세우는 곳도 등장했는데 일단 반응은 좋습니다. 이준호 기자의 보도입니다. 기자 건설사들의 무덤 으로 꼽히는 경기도 용인시 일대. 미분양 물량이 많이 쌓여있고 신규 분양 성적도 신통치 않은 대표적인 지역입니다. 그런데 최근 동부건설이 용인시 기흥구에 분양한 아파트는 이례적으로 순위내에서 마감됐습니다. 특히 3순위 청약접수에서 전용면적 101㎡가 2.33대 1의 경쟁률을 기록하기도 했습니다. 실수요자들에게 외면받던 중대형이 전체 주택형 가운데 가장 높은 경쟁률을 보인 것입니다. 인터뷰 이상욱 동부건설 분양소장 분양가격을 심의때 보다 낮고 주변 신규 아파트보다 저렴한 3.3㎡당 1천1백만원 내외로 책정한 점이 실수요자들의 관심을 끌었다. 서울 여의도 한강변이 내려다보이는 한 아파트의 분양가격은 지난 2007년 수준으로 되돌아갔습니다. GS건설이 관련 법 개정으로 임대에서 일반분양으로 전환된 46가구를 4년전 분양가로 새로 분양하기로 한 것입니다. 이처럼 건설사들이 잇따라 분양가를 낮추고 나선 것은 가격 경쟁력외에는 수요자들의 이목을 잡기 힘들다는 데 있습니다. 실제로 최근 서울 강서구에서 대형 건설사 2곳이 동시에 분양에 나섰지만 높은 분양가로 청약자들이 외면해 미달사태가 속출했습니다. 전문가들은 주택경기 침체와 보금자리 주택 등의 영향으로 건설사들의 분양가 다이어트 경쟁은 상당 기간 지속될 것으로 내다봤습니다. WOW TV NEWS 이준호입니다.,https://news.naver.com/main/read.nhn?mode=LSD&mid=shm&sid1=260&oid=215&aid=0000020414,284
261510,2011.06.15. 오후 6:14,부동산,뉴시스,국토부 연찬회 파문…여야 이구동성 비판,서울 뉴시스 박정규 기자 15일 열린 국회 국토해양위원회에서는 국토해양부 직원들의 향응 파문을 놓고 여야 모두 한 목소리로 비판의 날을 세웠다. 야당 의원들은 이 같은 향응이 4대강사업 입찰 등과 연관성이 있는 것 아니냐고 추궁했으며 여당 의원들도 도덕적 해이 라며 역시 몰아붙였다. 민주당 유선호 의원은 문제가 된 하천관리 연찬회 에 대해 공무원과 업자 간의 접대와 향응으로 부패의 고리가 깊이 뿌리박힌 냄새가 진동하고 있다 며 포괄적인 뇌물로 보지 않을 수가 없다 고 지적했다. 유 의원은 연찬회가 첫 번째도 아니고 7번에 걸쳐서 계속 누적된 것 이라며 정확히 재조사하고 기밀 유출이나 뇌물 혐의가 있는 부분들에 대해 수사하는 한편 이 문제에 관한 법적 책임을 국토부에서 져야 한다 고 추궁했다. 같은 당 이찬열 의원은 국토부가 이 정도로 속이 겉과 다르게 움직이는 데 대해 비통하다 며 4대강 사업 예산이 직원들이 사용한 비용에 들어갔다고 본다. 이명박 대통령이 3년을 날치기 한 예산이 들어갔다면 국민의 피를 빨아먹는 것 이라고 질타했다. 김진애 의원도 국토부의 추악한 먹이사슬의 일단이 드러나는 일이 아닌가 생각한다 며 4대강 업체들하고 관련성이 없느냐는 질문에 절대 아니라고 얘기하는데 홈피에서 보니 하천협회 회원사들이 4대강 공사현장에서 수십 번 나오는 이름들 이라며 역시 4대강 사업과의 관련성에 대한 의혹을 제기했다. 강기정 의원은 장관이 국회에 처음 나와서 하는 첫 발언이 사과여서 안타깝다 면서 우선 국토위에서 상임위 차원의 진상소위원회를 구성해야 한다 고 촉구했다. 민주노동당 강기갑 의원은 연찬회가 주최는 국토부로 돼있고 주관은 하천협회로 돼있는데 자연친화인지 비리친화인지 모르겠다 며 국토부가 처음부터 주최·주관해야 할 내용인데 하천협회에 맡겨 관련 업계 협찬받는 비리친화적 하천관리 연찬회 라고 비난했다. 여당 일부 의원들마저 야당 의원들과 비슷한 수준으로 강하게 국토부를 질타했다. 한나라당 장제원 의원은 공익법인이 수익사업을 하기 위해서는 사전 감독기관의 승인을 받아야 하는데도 무책임하게 진행했다 며 하천협회에서는 수익사업을 진행하면서 수입은 수입대로 챙기고 정부의 지원은 지원대로 받았다 고 문제를 제기했다. 장 의원은 또 총리실 공직복무관리관실에서 온 자료에 의하면 향응을 받았고 받은 다음에 문제가 되니까 다시 송금했다 며 이런 식의 비리를 저질러놓고 변명으로 일관하는데 그냥 넘어가느냐 고 따졌다. 아울러 4대강 사업이 어떤 사업인가 모든 국민이 쳐다보고 있고 모든 국민들이 어떤 비리가 있느냐는 식으로 심각하게 쳐다보는 상황 이라며 그냥 덮고 넘어가자는 것에 대해서는 납득할 수 없다 고 목소리를 높였다. 같은 당 차명진 의원도 피감기관과 감독기관 같이 연찬회에 간 것인 만큼 민감한 것이기 때문에 비용을 처음부터 잘 계산해서 엄밀하게 신경을 썼어야 한다 며 완전히 책임 방기이며 도덕적 해이 라고 질타했다. 홍일표 의원은 장관도 차관을 해왔기 때문에 책임에서 전혀 자유로울 수 없다 며 불법친화적인 국토부라는 이미지가 안 생기도록 해달라 고 당부했다. 안홍준 의원도 책임을 통감하고 반성할 건 반성해야 한다 고 충고했다. 이 같은 의원들의 지적에 권도엽 국토부 장관은 관례적으로 해오던 것이지만 부적절했다 고 사과하면서도 4대강 사업 입찰 등과는 무관하다고 해명했다. 권 장관은 이번 파문의 배경이 된 연찬회에 대해 한국하천협회가 연례적으로 주최해오던 연찬회의 일환 이라며 하천분야 공무원 및 학계 등 전문가 1200명도 참석해 하천분야 정보 공유 등을 하는 국내에서는 가장 큰 하천분야 세미나였다 고 전했다. 이어 국토부 서기관 이하 여직원 2명을 포함해 17명이 참여했다 며 전체 참석했던 17명 중 15명이 행사 후 횟집에서 식사하고 인근 노래방과 디스코클럽에 가서 음주를 한 것으로 전해졌다 고 말했다. 그러나 권 장관은 비용들은 추후에 개인별로 분담해서 송금 조치했다 며 숙박비는 개인 출장비 규정에 의해 제출했고 다만 강사로 초청한 공무원의 경우에는 하천협회가 부담했다 고 밝혔다. 또 4대강사업과 관련한 의혹 제기에 대해 4대강 입찰문제와는 전혀 관련이 없다 면서 이런 사태가 발생한 점에 대해서는 송구스럽게 생각하지만 이번 연찬회가 4대강 입찰문제와는 전혀 관련이 없다고 확신한다 고 말했다. 권 장관은 직원들이 불미스런 행태를 보였지만 수자원공사 직원 용역사 직원들과 저녁과 음주를 한 것으로 알고 있고 4대강 참여업체들과는 아무런 관계가 없었던 것으로 알고 있다 며 직원들이 사용한 비용에 4대강 사업 예산이 들어가지 않았느냐는 지적에 대해서도 전혀 그런 사실 없다 고 강조했다.,https://news.naver.com/main/read.nhn?mode=LSD&mid=shm&sid1=260&oid=003&aid=0003911986,284
261511,2011.06.15. 오후 6:06,부동산,MBN,아파트 값 격차 2년 만에 최저치 기록,최근 1년 고가의 아파트는 값이 소폭 내린 반면 저가 아파트 가격은 껑충 뛰어 아파트 값 격차가 줄어든 것으로 나타났다. 국민은행이 전국 아파트를 5등분해 평균 가격을 분석한 5분위 주택가격 자료에 따르면 상위 20% 주택의 평균 가격은 지난해 5억 2천980만 원에서 올해 5억 2천269만 원으로 1.3% 감소했습니다. 반면 서민들이 주로 거주하는 하위 20%의 평균 매매가격은 8천270만 원으로 지난해 6천617만 원에 비해 25%나 상승했습니다. 이는 부동산경기 침체로 인해 고가 아파트가 투자 대상으로서 매력을 잃은 반면 저가 아파트에 수요가 집중됐기 때문으로 풀이됩니다.,https://news.naver.com/main/read.nhn?mode=LSD&mid=shm&sid1=260&oid=057&aid=0000167200,284
261512,2011.06.15. 오후 6:06,부동산,MBN,800억 달러 해외건설 사업을 잡아라,앵커멘트 800억 달러에 이르는 해외 건설 프로젝트를 한 눈에 살펴 볼 수 있는 설명회가 열렸습니다. 직접 해외로 발품을 팔기 어려운 중소 건설업체들에게 좋은 기회가 될 것으로 보입니다. 윤범기 기자가 다녀왔습니다. 기자 서울 잠실 롯데호텔에서 열린 글로벌 프로젝트 플라자 2011 . 올해로 4번째를 맞는 이 행사는 해외 발주처의 책임자를 초청해 우리 기업들의 해외 진출을 지원하기 위해 마련됐습니다. 인터뷰 이재균 해외건설협회 회장 각국의 귀중한 건설정보 공유를 바탕으로 한 상호 공동발전의 기회 모색과 더불어 새로운 파트너십 구축을 통해… 이 자리에서 필리핀의 로젤리오 싱슨 장관은 필리핀이 추진하는 도로 건설 사업에 국내 건설업체들이 적극 참여해 달라고 요청했습니다. 인터뷰 로젤리오 싱슨 필리핀 장관 필리핀은 향후 5년간 3만 1천 킬로미터의 국립 고속도로를 개선하기 위한 공격적인 프로그램을 계획하고 있습니다. 이 밖에도 멕시코 베트남 등 30개국 67개의 발주처에서 모두 800억 달러 규모의 해외 프로젝트를 설명했습니다. 국내 중소 건설업체도 200여 개가 참석해 해외진출에 대한 뜨거운 관심을 나타냈습니다. 인터뷰 이기주 수성엔지니어링 차장 이렇게 여러 나라 발주처에서 한국을 방한했을 때 저희가 프로젝트 설명을 듣고 상담함으로써 실질적인 수주에 연결될 수 있는… 스탠딩 윤범기 기자 총 800억 달러의 해외건설프로젝트가 소개된 이번 행사는 오늘 프로젝트 설명회에 이어 내일은 국내기업들과 1대1 매칭 상담회도 이어갈 계획입니다. MBN뉴스 윤범기입니다.,https://news.naver.com/main/read.nhn?mode=LSD&mid=shm&sid1=260&oid=057&aid=0000167196,284
261513,2011.06.15. 오후 5:50,부동산,이데일리,신규 아파트로 전세난 돌파하세요,이데일리 김동욱 기자 전셋값이 다시 꿈틀대고 있다. 여름방학 학군 수요에다 재개발·재건축 이주수요가 겹치면서 전세 수요자들의 연쇄 이동이 발생하고 있기 때문이다. 이런 분위기 탓에 전세를 구하려는 세입자들은 벌써 걱정이 앞선다. 전문가들은 가을까지는 전세난이 심해질 수 있기 때문에 전세를 구하려는 세입자라면 발 빠르게 신규 입주 아파트로 눈을 돌리는 것도 한 방법이라고 조언한다. 새 아파트여서 주거환경이 쾌적한 데다 물량이 한꺼번에 쏟아지면서 가격도 저렴하기 때문이다. 15일 부동산114에 따르면 7월 수도권 신규 입주 물량은 서울 1822가구를 포함해 총 7297가구다. 서울 은평구에서는 7월 말부터 현대건설이 분양한 북한산힐스테이트 7차 가 입주를 시작한다. 1070가구의 대단지로 전용면적 59㎡ 141㎡로 이뤄져 있다. 북한산힐스테이트 7차는 현재 전셋값이 인근 시세 대비 1000만 2000만원 가량 싼 편이다. 전용면적 84㎡ 전셋값은 2억4000만 2억6000만원으로 3년 전에 입주한 힐스테이트 3차에 비해 2000만원 정도 싸다. 구로구 천왕동에서는 7월 중순부터 522가구의 천왕이펜하우스 5단지 가 입주를 시작한다. 천왕이펜하우스 전용 84㎡ 전셋값은 1억8000만원 선으로 인근 시세보다 훨씬 싸다. 천왕역과 두 정거장 떨어져 있는 철산역 인근 같은 면적의 래미안 자이는 3억원 두산위브는 2억5000만원에 거래 되고 있다. 7월 중순에는 수원 광교신도시 A 5블록에서 214가구의 한양수자인 입주가 시작된다. 한양수자인 전용 84㎡ 전셋값은 1억8000만 2억원선으로 한양수자인과 가장 가까운 곳에 위치한 우만동 월드메르디앙 전용 84㎡ 보다 3000만원 가량 저렴하다. 한편 새 아파트에 전세 들때는 유의할 점도 있다. 신규 입주 아파트여서 주변 편의시설이 잘 갖춰지지 않은 경우도 있기 때문이다. 또 대부분 등기를 하지 않은 상태이므로 건설사를 통해 집주인이 맞는지 또 중도금 미납은 없는지 확인해야 한다.,https://news.naver.com/main/read.nhn?mode=LSD&mid=shm&sid1=260&oid=018&aid=0002453070,284
261514,2011.06.15. 오후 5:45,부동산,파이낸셜뉴스,“전셋값 4∼5% 상승..전세난 당분간 계속”,올해 하반기 중 아파트 전세가격이 전국 평균 4∼5% 오를 것으로 전망됐다. 또 이 기간 집값도 평균 3∼4% 상승할 것으로 예측돼 전세난이 매수세로 전환될 가능성이 큰 것으로 나타났다. 주택산업연구원은 15일 발표한 올해 하반기 주택시장 전망 보고서에서 올해 하반기에 집값은 전국적으로 평균 3∼4% 오르고 서울·수도권도 1% 안팎 상승할 것으로 내다봤다. 또 전세가격은 6개월 평균 15만가구 이상 공급되던 입주물량이 올해 하반기에는 5만가구 줄면서 전국적으로 평균 4∼5% 상승할 것이라고 예측했다. 주산연 김덕례 연구위원은 서울·수도권은 금리인상과 보금자리주택 5차지구 지정 추진 등 각종 악재에도 매매가격에서 차지하는 전세가격의 비율이 높아지고 있고 주택수급불균형도 심화되면서 매매가격이 소폭 오를 것이며 지방은 상승세가 앞으로도 당분간 지속될 것 이라고 말했다. 김 연구위원은 전세가격은 입주물량 감소 등으로 전국적으로 강세를 보일 것 이라고 강조했다. 나아가 2∼3년 후 입주물량을 좌우하는 주택건설 인·허가 실적도 올해 들어 크게 줄고 있어 전세난이 오는 2013년까지는 지속될 것으로 주산연은 내다봤다. 지난 4월 말 기준 주택건설 인·허가 실적은 전국적으로 11만1685가구여서 2008∼2010년의 연간 37만∼38만가구에 비하면 올해 연간 인·허가를 크게 밑돌 것으로 예측됐다. 김 연구위원은 전세난은 2008년 이후 공급량 감소와 매매가격에 대한 불확실성이 심화되고 있기 때문 이라며 단기적으로는 거래활성화를 통한 매매시장의 정상화가 가장 중요하다 고 강조했다. 한편 주산연은 지난달 16일부터 25일까지 42개 주택건설업체 대형 17개 중소형 25개 와 부동산중개업소 46개 수도권 34개 지방 12개 를 대상으로 하반기 주택경기전망 설문을 벌인 결과 서울·수도권지역 집값 상승 시기로 59.3%가 올해 하반기에서 내년 상반기 사이 31.4% 올해 하반기 27.9% 내년 상반기 를 꼽았다고 밝혔다.,https://news.naver.com/main/read.nhn?mode=LSD&mid=shm&sid1=260&oid=014&aid=0002457498,284
261515,2011.06.15. 오후 5:44,부동산,파이낸셜뉴스,車 번호 선택폭 넓어진다,오는 9월부터 자동차 소유자가 등록 번호판을 부착할 경우 자신이 좋아하는 번호를 선택할 수 있도록 폭이 크게 넓어진다. 국토해양부는 자동차 2000만대 시대를 맞아 신규 및 이전 등록때 자동차 소유자가 선택할 수 있는 번호판을 현행 2개에서 10개로 대폭 확대하는 내용으로 자동차등록령을 개정할 계획이라고 15일 밝혔다. 이에 따라 시·군·구청의 자동차 등록관청에서는 지금까지 마지막 뒷자리의 등록번호 2개 홀짝수 중 하나를 제시해 자동차소유자가 선택하도록 하던 것을 앞으로는 번호판 뒷 두자리 등록번호 중 무작위로 추출된 10개 번호 홀짝수 배합 를 안내받아 좋아하는 번호를 선택하면 된다. 국토부는 이번 자동차등록번호판의 선택시행 성과 등을 모니터링해 국민 만족도를 향상시킬 수 있도록 번호판 선택범위를 단계적으로 확대할 계획이라고 설명했다. 국토부는 또 국민 불편을 해소하기 위해 자동차 소유자가 사망했을 경우 교통안전공단에서 상속자에게 자동차 상속 이전등록 의무사항을 통지하도록 해 범칙금 최고 50만원 이 부과되지 않도록 하는 내용도 포함시켰다. 개정안은 이달 중 관계부처 협의 후 입법예고 등을 거쳐 오는 9월부터 시행할 예정이다.,https://news.naver.com/main/read.nhn?mode=LSD&mid=shm&sid1=260&oid=014&aid=0002457496,284
261516,2011.06.15. 오후 5:41,부동산,이데일리,WSF 2011지상중계⑨비스워스·워커 이머징투자 이렇게,포럼 이틀째 일반세션3 투자전략 주제토론 이데일리 이태호 장영은 기자 이데일리가 주최한 제2회 세계전략포럼 이틀째인 15일 라지브 비스워스 Rajiv Biswas IHS 글로벌 인사이트 아시아 수석 이코노미스트와 존 워커 John Walker 옥스포드이코노믹스 회장이 투자전략 을 주제로 토론을 진행했다. 존 워커 John Walker 맥쿼리코리아 회장이 좌장을 맡아 토론을 진행했으며 홍기명 핌코 아·태 사장과 마이클 헬벡 Michael Hellback SC금융지주 부사장이 패널로 참여했다. 존 워커 좌장 이머징 마켓의 투자 기회와 경제성장에 대해 논의하겠다. 일단 연사의 발표를 20 25분 정도 듣고 패널리스트와 발제자의 토론을 듣겠다. 존 워커 회장 옥스포드 이코노믹스가 글로벌 경제 트렌드를 어떻게 보는지 설명하고 투자전략과 어떻게 연결지어 생각할 수 있는지 얘기해보겠다. 또 오는 2020년까지 글로벌경제에 어떤 불확실성 있나 살펴보겠다. 글로벌 경제에 두 가지 중요한 움직임이 있다. 하나는 유로존 국가들에 대한 이야기다. 경상 적자국과 흑자국들이 있다. 여기서 발생하는 불균형은 유럽중앙은행 ECB 과 국제통화기금 IMF 다른 유로국들이 채워주고 있다. 그리스 아일랜드 포르투갈 스페인 등 재정문제를 가진 나라는 독일의 지원을 받고 있다. 이들은 재정정책을 긴축으로 전환하고 있며 이밖에 다른 작은 나라들도 많은 어려움에 처해 있다. 모두 유로존 안에 남아있고 싶지만 살아남을 수 있을까 의문이 제기되고 있다. 다른 하나는 통화와 관련된 문제다. 미국 달러화와 석유수출국기구 OPEC ·중국 등지에 대한 얘기다. 모두 달러화 기축통화로 쓰고 있다. 그런데 미국은 재정적자와 경상적자를 기록하고 있다. 중국은 경상흑자를 내고 정부가 개입해 환율을 고정시키고 있다. 반면 미국은 완화된 통화정책을 펼치고 있으며 미 달러와 연동된 나라들에 물가상승 압력으로 작용하고 있다. 중국도 예외는 아니다. 아울러 전 세계적으로 봤을 때 대부분 기업들은 현금이 많다. 경기 침체시 많은 회사들은 일자리도 줄이고 투자두 축소했다. 그래서 많은 나라들은 영업흑자를 기록하고 있다. 중국기업들은 특히 많은 흑자를 기록하고 있다. 예전에는 투자를 많이 하기 위해 대출을 많이 받았는데 이제는 수익성이 높아져 그럴 필요도 없어졌다. 글로벌 경제가 이러한 독특한 양상을 보이고 있다. 대부분의 경우 기업에서 많은 부채가 발생하지는 않았다. 소비자들과 은행들이 적자를 키웠지 기업들은 아주 신중하게 움직였다. 시장상황에 맞춰 리스크를 잘 조정해 많은 흑자를 기록 중이다. 또 하나의 키포인트는 오늘 주제와 관련된 것이다. 이머징시장은 중기적으로 잘 될 것이고 점점 더 중요해질 것이라는 점이다. 펀더멘털도 좋다. 대부분 국민들도 빚에 시달리지 않고 있다. 소비를 더 할 여력도 가지고 있다. 중산층은 점점 늘고 있다. 글로벌 경제에서도 더욱 큰 비중을 차지하기 시작했다. 옥스포드 이코노믹스는 장기적인 수치들을 보고 있는데 인도와 중국은 사실 300 400년 전 가장 강력한 경제대국이었고 앞으로 30 40년 후 다시 그렇게 될 것이다. 생산인구는 중국의 경우 조만간 고점에 조달하고 큰 폭으로 줄어들 전망이다. 미국과 인도는 반대로 인구가 지속적으로 증가할 전망이다. 이러한 상황에서 어떻게 투자해야 할까. 고성장과 고수익이 연계돼 있다 생각할 텐데 꼭 그렇진 않다. 사실 단기적으로 봤을 때 투자수익이 높다고 해서 국내총생산 GDP 이 빠르게 성장한다고 해서 투자자들에게 도움이 되는 것은 아니다. 오히려 대부분 자본시장이 어떻게 움직일까에 더 관심이 많다. GDP 성장과 투자수익 간 상관관계가 별로 없다. 장기적인 데이터를 봤을 때 런던비즈니스스쿨에서 벌인 조사 결과를 보면 고성장국가 5개국 투자시 평균수익률이 18.4% 저성장국은 25.3%로 나왔다. 결국 성장속도를 보고 결론을 내릴 수 없다는 얘기다. 가격 안에 이미 반영돼 있기 때문이다. 다만 수익 전망은 앞으로 점점 더 어려워지고 있다. 시나리오별 시장변화와 전망 모델을 우리가 각국 정부와 기관들에 제공하고 있다. 그런데 전 세계 많은 사람들이 걱정에도 불구하고 최근 글로벌 경기 회복이 상당히 빠르다는 점이 주목할 만하다. 특히 개도국이 그랬다. 그런데 경기가 이렇게 회복됐지만 선진국은 생산성이 떨어지고 있다. 일본의 경우 지진과 쓰나미 영향이 컸다. 3월달에 크게 떨어지고 4월에 약간 올랐다. 과거 고베 대지진으부터 얻을 수 있는 교훈은 복원작업과 함께 일본의 생산성이 회복될 수 있을 것이란 점이다. 전 세계 경제성장이 둔화될 수 있다는 가장 큰 신호는 미국에서 나오고 있다. 미 고용수치가 좀 올라가긴 했는데 실업률 해소에는 큰 도움이 못 되는 수준이다. 기업 수요가 없어 미 경기 회복이 탄탄하지 않다. 이번 분기에도 2% 정도밖에 성장하지 못할 것으로 우리는 보고 있다. 왜 미 경제성장이 이렇게 둔화될까. 일단 원자재가격이 많이 오른 게 원인이다. 휘발유가격 상승으로 어려움이 많아졌다. 또 주택시장에는 분명한 더블딥이 나타났다. 기업들은 현금이 많고 투자를 잘 안하고 있다. 그래도 전 세계 경제는 앞으로 몇년 간 성장세를 이어갈 것이다. 주로 이머징시장이 이런 성장을 이끌 것으로 보고 있지만 G7 국가들도 전반적으로 볼 때 성적이 그렇게 나쁜 것은 아니다. 위기 전과 비슷한 성장을 하고 있다. 이머징마켓은 내수도 아주 강하다. 중국뿐만 아니라 한국과 태국 대만에서도 이런 상황을 볼 수 있다. 세계 GDP 전망은 다른 연구기관과 매우 비슷하다. 중국과 인도가 크게 성장할 것이고 2013년에는 인도가 중국보다 더 크게 성장할 것으로 보고 있다. 그런데 몇 가지 가정이 있다. 일단 유로존이 와해되면 안 된다. 또 유로존에 또 다른 채무위기가 터지면 안 된다. 또 물가상승에 따른 부담이 높은데 인플레를 적절히 관리해야 한다. 원자재도 과거처럼 폭등하면 안 된다. 이러한 가정들은 사실 상당히 많은 불확실성을 내포하고 있다. 유럽 얘기를 좀 더 하자면 유로존이 글로벌 경제에 가장 큰 위기를 몰고 올 수 있다. 유럽뿐만 아니라 미국도 전염되고 한국도 영향을 받는 상황이 올 수 있다. 관건은 채무재조정 발생 여부다. 어느 시점에 가서 그리스의 부채가 GDP 대비 200%까지 올라갈 것인데 누군가가 이 비용을 부담해야 할 것이란 얘기도 나오고 있다. 어쨌든 그리스는 금융시장에서 차입이 불가능한 상황이고 긴축정책을 견뎌낼 수 있는가도 의문이다. 일단 채무불이행을 인정하고 관리해줘야 한다는 얘기가 나오는 이유다. 잘 관리하면 더블딥까지는 안가고 유로존이 저조한 성장을 지속할 수 있을 것이다. 독일이 과거 그리스에 많은 차관을 제공했는데 그리스 재정문제가 확산되면 유럽 전반이 아주 심각한 재정위기를 겪을 수 있다. 미국 은행들도 유럽에 대한 익스포져가 상당히 높다. 그래서 오바마 대통령도 그리스사태에 많은 관심을 보이고 있다. 체계적이지 못한 구조조정은 미국에도 피해를 줄 수밖에 없다. 유로존 부채위기는 유럽뿐만 아니라 미국 나아가 전 세계 GDP를 크게 악화시킬 가능성이 있다. 또 하나의 당면 위기는 미국의 재정위기다. 미국의 재정적자가 단기적으로는 큰 문제가 안 될 것으로 보지만 앞으로 3 4년 후에 큰 위기로 불거질 수 있다. 이머징마켓도 인플레 부담을 안고 있다. 유가가 안정세를 보이고 있지만 배럴당 200달러까지 올라가면 인플레이션 우려가 있다. 이 경우 긴축정책으로 돌아서면서 투자도 줄고 고용창출도 잘 안 될 것이다. 브릭스 국가 가운데 인도를 제외한 국가들이 높은 식료품 물가 상승을 경험하고 있다. 원자재뿐만 아니다. 주택거품도 이머징마켓에서 나타나고 있다. 금융위기 이후 주택가격이 많이 올랐다. 많은 사람들이 이머징마켓 주택가격 상승 걱정을 안하고 있다. 2007년 이전에도 그랬지만 그 결과는 좋지 않았다. 그런데 모든 나라들이 올바른 방향으로 움직여야 할텐데 글로벌 경제 이머징마켓에서 뭔가 잘못 돌아갈 소지도 있다. 원자재가격에 대한 낙관론이 지나칠 수도 있고 OPEC 회원국들의 정치적 혼란도 불확실성을 키우고 있다. OPEC은 유가가 높게 책정돼야 재정 안정성을 확보할 수 있는 구조다. 마지막으로 강조하면 글로벌경제는 어떻게든 회복할 것이다. 다만 물가상승 부담 등으로 내년에는 경재성장률이 둔화될 수 있다. 이러한 가능성은 20%로 잡고 있다. 미국은 재정적자를 해결하기 위해서 적극적인 조치를 취할 것으로 시장은 기대하고 있다. 유로존 부채 위험도 적지 않은데 채무재조정 가능성을 20%로 잡고 있다. 물론 유럽 국가들끼리도 의견이 분분한 부분이다. 존 워커 좌장 좋은 말씀이었다. 이머징시장의 역동적인 동향과 이것이 글로벌 시장에 미칠 부분에 대해 말한 부분이 아주 흥미로웠다. 라지브 비스워스 이데일리 초청에 감사한다. 앞선 발표에 연이어 이머징마켓과 관련해 글로벌 시각에 대해 얘기하겠다. 다국적기업은 새 환경에 어떻게 대처해야 하는가. 금융위기 이후 세계가 바뀌었다는 점은 분명하다. 앞선 발표를 통해 선진국의 어려운 상황들에 대해 얘기했다. 그렇다면 이러한 것들이 기업 투자 전략에 어떤 의미를 갖나 설명하겠다. 주어진 시간 내 핵심만 얘기해보겠다. 일단 향후 10년과 그 이후 글로벌 전망을 요약하자면 금융위기 이후 세상은 바뀌었다. 우리는 경제권력이 서구에서 동양으로 이동하는 것을 봐왔다. 이것은 비교적 빨리 발생했다. 일본 한국 중국 등의 부상에서 이런 것들을 봐왔다. 글로벌 금융위기로 미국과 유럽에 대한 전망이 크게 달라졌다. 그렇다면 글로벌 성장은 과연 어디에서 나올 것인가. 미래 주도 세력은 이머징 국가들이다. 기업들은 이부분에 주목해야 한다. 이머징 아시아가 글로벌 경제에서 가장 빨리 성장한다. 산유국인 걸프 국가들도 성장할 것이다. 유가 상승으로 전망이 좋다. 남미 지역에선 브라질의 강한 성장세를 볼 수 있다. 리스크를 먼저 요약해보겠다. 그리고 왜 우리가 선진국을 낙관적으로 보지 않나 설명하겠다. 미국이 유럽보다 빠르게 성장할 것이다. 미국은 2.5 3% 성장할 것이다. 단 안정적인 성장을 위해 통화정책이 긴축으로 돌아설 것이다. 내년까지 상황이 개선되면 연준이 긴축으로 돌아설거다. 이러한 점이 미 경제의 제약 부분이다. 유로존은 2% 미만으로 예상한다. 여러가지 구제금융 받는 나라들의 어려움뿐만 아니라 영국 스페인 이탈리아 같은 큰 나라들도 힘든 시기를 겪으리라 생각한다. 일본은 올해 0% 내지는 마이너스 성장을 할 것이다. 내년에는 강력한 반등을 기대한다. 인구 고령화와 부채 수준 줄여야 하기 때문에 부담이 된다. 선진국은 이처럼 어렵기 때문에 미래는 이머징에 있다. 일단 중국은 8 9% 성장을 중기적으로 할 것으로 보이고 향후 10년간 연 8% 정도 성장할 것이다. 인도도 연 8 9% 성장 가능하고 중국보다도 발달 초기에 있어 성장률이 중국을 따라잡을 수 있다 중국과 인도가 아시아지역에 많은 모멘텀을 창출하고 있다. 브라질과 러시아도 이들 국가 덕을 보게 될 것이다. 브라질과 러시아는 자원 수출국이다. 중동지역은 유가가 지탱해줄 것이다. 아·태국가들은 중기 전망이 좋다. 한국도 수혜자이지만 특히 인도네시아를 말하고 싶다. 인도네시아는 자원 수출 주도 경제다. 중국과 인도 경제 성장하면 그로인한 수혜 입을 수 밖에 없다. 그밖에 호주가 있는데 중국과 인도발 자원 수요 있기 때문에 좋을 것이다. 광업 부분 좋다. 또 이러한 성장 축은 아시아 뿐 아니라 다른 지역에도 있다. 이미 브라질과 러시아 이야기 했고 인도네시아도 수혜국. 자원 붐 때문에 빠르게 성장할것. 브릭 경제 다음으로 꼽을 수 있다. 인구증가와 중산층 증가 중산층 수요 증가가 기대된다. 어제 사이디 박사가 중동에 대해 얘기하면서 지정학정 경제권력이 이동하고 있다고 얘기했는데 걸프만 주변의 터키도 고유가 수혜국이다. 멕시코와 남아공도 튼실한 성장이 기대된다. 업종이나 섹터별로는 기간시설의 중요성이 부각되고 있다. 기간시설의 경우 주로 중국과 인도에서 증가할 것인데 향후 5년간 중국은 연 11% 성장 인도는 연 9% 성장이 예상된다. 아시아나 다른 국가들도 빠른 성장을 지속할 것이다. 또 이 과정에서 많은 이머징 시장 간의 미래 협력이 이뤄질 것으로 예상된다. 아시아가 금융부문 키우면서 투자와 기간시설의 자금 흐름이 아시아에서 많이 발생할 것이다. 여기서 한국도 큰 장점이 있다. 한국의 장점 중 하나가 건설업이다. 다른 이머징에 제공할 수 있을 것이다. 인플레 리스크는 단기적으로 문제가 될 수 있다. 아시아 중앙은행은 금리를 긴축으로 가지고 갈 것이다. 인도는 중국보다 인플레율이 더 높다. 중국은 이미 여러 정책으로 억제를 해왔기 때문에 성장에 타격을 받지는 않을 것이다. 물가 상승이 안정될 것으로 생각한다. 향후 20년 그리고 그 이후엔 어떤 일이 있을까. 세계 경제의 무게는 서구에서 동양으로 이동이 두드러지며 10년후엔 중국이 세계 최대 경제대국이 될 것이다. 중국은 아직도 유럽연합이나 미국보다 작은 규모이지만 10 15년후에는 미국과 유럽 연합을 뛰어넘을 것이다. 인도도 현재의 중국 경제 수준으로 성장할 것이다. 이 두 국가가 글로벌 경제를 바꾸는 동인이다. 많은 아시아국의 최대 교역국은 이미 중국이다. 세계의 중심이 아시아 지역으로 이동하고 있다. GDP 규모 면에서 선진국들이 과거 세계를 지배했다면 이제는 힘의 축이 개도국으로 옮겨가고 있다. 10년 전에는 개도국보다 선진국이 더 컸지만 앞으로 10년 뒤는 이들이 더 클 것이다. 미래는 이머징에 기회가 존재한다. 소매 유통도 성장 중이다. GDP도 8 9%의 성장이 가능하다. 한가지 주요 변화를 보자면 중국 연안지역 임금이 빠르게 상승하고 있다는 것이다. 내륙으로 기관시설 투자가 많이 옮겨갈 것으로 예상하는 이유다. 고임금은 연안지역 저가 생산 업체들에는 문제를 일으키고 있다. 한국과 일본 대만 홍콩 등이 중국의 동쪽 연안 지방에 투자했지만 생산기지가 내륙으로 이동하고 있다. 아세안으로도 이동하고 있는데 이 부분도 큰 기회가 될 수 있다. 동남아국가의 저렴한 노동력과 해안선을 활용할 수 있기 때문이다. 아세안 국가들은 투자대상으로서 매력이 커질 것이다. 중국도 아세안에 투자하고 인도와 인도네시아 말레이시아 등으로 퍼져나갈 것이다. 한국기업들의 미래는 아·태지역 이머징시장에 있을 것으로 보인다. 한국은 이들의 주요 투자파트너가 될 수 있다. 한국은 이를 통해 선진국과 개도국의 많은 시장에서 많은 기회를 창출할 수 있을 것이다. 한국 기업들은 해당 시장의 정치적 경제적 리스크를 관리해야 한다. 리스크 활용하면서 기회를 십분 이용해야 한다. 그것이 한국기업의 과제라 생각한다. 존 워커 좌장 많은 내용을 짧은 시간에 다뤘다. 확실한 것은 이머징 아시아 국가들이 글로벌에서 가장 빠른 성장을 하고 있다는 것이다. 중국과 인도가 주도하겠지만 인도네시아나 다른 아시아 국가도 빠른 성장을 할 것이다. 라지브도 얘기했듯이 인프라 투자에 힘입어 성장을 거듭할 것 같다. 기차와 같은 속도로 움직일 것 같다. 빨리 기차를 타고 움직여야 할것이다. 몇 년 전 미국의 포크 싱어가 부른 노래를 보면 탈선을 안하고 주변의 구멍을 안 보면 달리는 기차는 목적지까지 갈 것이다 라는 가사가 있다. 경제에 대입해보면 통화당국이나 주변의 규제가 탈선이 될 수 있다. 또 사회적인 이주 원자재 가격의 변동성 자본 유입 국가 부채 인구학적인 변화 등이 구멍 헛점 이 될 수 있다. 하지만 이건 통제가 안 되는 것이다. 성장과 거시경제 간의 균형을 찾는게 중요하다. 새 성장의 파도를 탈 수 있게 해야 한다. 루비니 교수가 금융위기를 예견했는데 성장과 하락의 시기를 섬세하게 이동하는 시기라고 했다. 현재 유동성이 풀려있는데 아시아에도 많은 자본이 유입되고 있다. 인도나 중국에서도 대출이 늘어나고 있다. 너무나 쉽게 풀어지고 이동하고 있는 자본이 이머징 시장에는 어떤 위험이 될 것으로 보나. 마이클 헬벡 두 분의 말을 듣고 느낀 것은 동아시아에서 일하는 게 앞으로 200년동안은 좋겠다는 생각이 들어 운이 정말 좋다는 생각이다. 아시아국가들은 은행에 의존해서 많은 대출을 받는다. 미국이나 유럽의 경우는 자본시장에 더 의존한다. 아시아 은행들은 어떻게 보면 이런 중개역할을 많이 해줬다. 은행이 큰 역할을 해주기 때문에 그 부분에 대해서는 별로 걱정 안 한다. 제가 더 걱정하는 것은 이머징시장에 막대한 자본이 유입될 수 있다는 것이다. 고수익을 올리면서 어떤 면에서 좋은 기회지만 저주가 될 수도 있다. 아이러니하게도 너무 성공해서 이머징시장에 자본이 급격히 유입되고 있는 것이다. 브릭스 국가들도 자본을 많이 유치한다고 말했는데 이렇데 자본이 많이 유입되면 통화정책이 긴축으로 돌아설 수 밖에 없다. 거품을 컨트롤 할 수 없기 때문이다. 지난 2년간 싱가포르 홍콩 홍콩 주택가격이 크게 올랐다. 대출이 쉬우면 레버리지가 늘어나고 계속 자본이 투입되면 가격은 더 오를 수밖에 없다. 이런 부분에 대해 걱정이 된다. 자산 거품이 생기고 인플레이션 부담이 커진다. 많은 아시아 중앙은행들이 이러한 딜레마에 빠져 있다. 다른 토론자들에게 이 문제에 대한 답을 구하고 싶다. 홍기명 이 문제를 바라보는 또 다른 시각도 가능하다. 이머징 국가의 재정상태 건전하다. 유럽이나 미국의 재정은 그리 좋지 못하다. 저는 전세계 최대 자산운용사중 채권 운용사 사람이다. 자금 관리자 입장에서는 재정건전성 관리가 중요한데 이 부분이 안 되고 있다. 3 5년 장기적 관점에 대해 얘기하겠다. 워커씨 말대로 이머징 마켓은 글로벌 경제 회복 과정의 최대수혜자였다. 그런데 이 치유과정에서 원만하게 분배되지 않았다. 미국의 민간 부분의 차입 상환이 이뤄지고 있지 않기 때문에 이제는 뉴노말이다. 이 길은 들쭉날쭉할 것이다. 워커씨는 이같은 상황 때문에 여러 치유가 있었음에도 불구하고 불확실성이 많이 존재한다고 얘기했는데 정책입안자들은 구조개혁에 과감해야 한다. 하지만 그들의 성향은 점진적이다. 조금씩 조금씩 실질 금리를 낮추거나 마이너스로 가져갈 텐데 소득은 저축쪽에서 저축하지 않는 쪽으로 이동한다. 이것이 장기투자에 어떤 시사점을 갖는가. 먼저 포트폴리오 상으로 투자자들은 가능한 한 재무적인 억압을 낮추려고 한다. 즉 금리가 낮은 국가를 피해가야 한다. 환율과 비교해 저평가된 가격 구조를 가지고 있는 국가에 투자할 것이다. 재정건전성과 현금흐름이 탄탄한 국가를 보기 바란다. 한국도 있지만 위안화 호주달러 싱가포르 달러 말레이시아 링깃 통화 등은 주요한 투자처다. 존 워커 좌장 핌코에서 수수료 안 받고 유용한 정보를 줬다. 사실 중앙은행이 이머징시장에 어떠한 방향으로 나갈 지 헷갈린 메시지들을 내보내고 있다. 호주가 인상 안 한다 했고 한국은 올렸고 중국은 하겠다고 발표했다. 그러면 이머징 아시아 중앙은행들이 어느정도 금리를 조율해서 인상해야 하나 각개전투로 가야하나 라지브 비즈워스 아태지역은 인플레 차트 보며 설명했지만 나라마다 상황 다르다. 어떤 나라는 물가가 심각하고 어떤 나라는 압력이 덜하다. 모두 압박받고 있지만 그 정도가 다르기 때문에 중앙은행들이 다른 정책 쓰고 있다. 식품가격 압박을 보면 각자 처한 상황이 따르기 때문에 대응하는 방법이 다르다. 인도네시아도 긴축정책 필요성이 적어졌다. 인도네시아 중앙은행은 식품가격 상승이 인플레를 심화시킬 것이라고 우려했는데 우려만큼 상황이 심각하지 않다는 인식이 생겼다. 호주는 여러가지 요소가 있다. 홍수가 있어 4분기 성장에 타격이 있었고 2분기 데이터도 좀 소프트하다. 호주 중앙은행은 긴축정책 취하다가 완화했다. 사실 하반기 홍수피해가 실질적으로 나타나고 경제가 성장하면서 공급부족 일어날 수 있다. 호주 중앙은행은 달리 설명할 수 있다. 한국도 다른 아시아 국가사정과 다르다. 모든 이머징국 중앙은행들이 같은 방향으로 나갈 필요는 없다. 존 워커 라지브 말에 공감한다. 국가마다 상황이 다르고 각자 적합한 방법으로 대응해야 한다. 정책 입안자들이 여러 면에서 적극적으로 나서야 하는 것보다 실제로 덜 적극적일 수 있다. 정책 입안자들이 최악의 상황을 두려워한다. 올바른 선택을 할 것이라 생각했고 실제로 그랬다. 지금은 안일하다고 얘기하진 않겠지만 그 때에 비해 압력은 더 커졌는데 제약이 더 많다고 입안자들은 생각한다. 미국의 경우 미 연준은 사람들이 생각하는 것보다 금리를 더 낮게 유지하고 싶어한다. 미국의 경우 3차 양적완화를 실시한다면 미국에서 아시아로 가는 투자 부분이 더 커질 수 있다. 그러면 미국의 경제 회복세는 더디갈 수 있다. 그래서 상황이 18개월 전보다 훨씬 더 안좋아질 수 있는 것이다. 홍기명 불확실성이 높다. 공공부문에서 민간부문으로 넘어와 해결돼야 하는데 3차 양적완화에 대해 얘기하자면 3차 양적완화 도입하게 되면 혜택보다 피해를 훨씬 많이 보게 될 거란 생각이다. 미국 시스템 안에 너무나 많은 유동성이 돌고 있는데 3차 완화 도입하면 재정정책 취하는 것과 같은 결과 가져올 것이다. 연준이 아니라 상원에서 할 일이다. 아시아 거인 중국은 경기가 둔화되고 있다. 한 8% 성장 기대되고 있는데 거시경제적인 건전한 정책 통해서 여러가지 조치를 취할 것이다. 이런 조치를 통해서 중국 경기 과열을 어느정도 잠재울 수 있을 것이다. 국영기업 등 중국이 취할 수 있는 수단이 많아 잘 할 수 있을 것으로 본다. 마이클 헬벡 한국과 이 논의를 연결시키면 저마다 통화정책 구현 속도가 다르다. 금리정책이 자본흐름에 영향 미치는 만큼 지난 1년반 동안 한국은 과잉 자본유입 상황에 대응하고자 거시적 감독규제 핫머니 억제를 실시했다. 국가마다 이러한 상황에 다르게 대응했다. 어떤 국가는 최소한도 외환보유고 요건 도입했고 투기성 핫머니 자본 유입 억제를 위해 한국과 같은 투기자본 유입을 막는 방법을 도입하기도 했다. 비거주자에 대한 원천징수세 같은 제도도 있고 외환 헷징처럼 이러한 거래에 있어 기업들은 입증해 보여야 하는 상황이다. 은행입장에서는 비즈니스 제약될 지 몰라도 시장 규율면에서 바람직하다. 어쨌거나 한국은 과잉 자본유입에 지금까지 잘 대응했지만 시장 압력이 쎄 전적으로 다루지는 못했다고 생각한다.,https://news.naver.com/main/read.nhn?mode=LSD&mid=shm&sid1=260&oid=018&aid=0002453068,284
261517,2011.06.15. 오후 5:33,부동산,SBS CNBC,5천여 건설사 분양가상한제 폐지 탄원,건설단체 모임인 대한건설단체 총연합회는 전국의 주택 관련 건설업체 5천445개 사의 서명을 받아 분양가 상한제 폐지를 요청하는 내용의 탄원서를 국회 국토해양위원회에 제출했습니다. 건단련은 탄원서에서 건설산업의 회생을 위해선 단기적인 대책보다 주택경기 침체의 주요 원인으로 작용하는 상한제 폐지가 시급하다고 밝혔습니다. 상한제는 2007년 당시 급등하는 주택 가격 안정을 위해 도입됐지만 지금처럼 주택시장이 극도로 침체된 상황에서는 도입 취지가 무색하다고 덧붙였습니다.,https://news.naver.com/main/read.nhn?mode=LSD&mid=shm&sid1=260&oid=375&aid=0000007472,284
261518,2011.06.15. 오후 5:30,부동산,SBS CNBC,5월 아파트 거래량 전월대비 13.5% 감소,지난달 신고된 전국의 아파트 실거래 건수가 총 4만 8천여 건으로 지난달에 비해 13.5% 줄었습니다. 지역별로는 서울이 20% 수도권이 16% 주는 등 두 달 연속 감소세를 보였고 지방도 12%가 줄어 올들어 처음 감소했습니다. 이 같은 현상은 정부의 5.1 주택공급 활성화 방안 에도 불구하고 지난 4월에 부활된 총부채상환비율과 주택경기 침체 등이 거래 감소에 영향을 준 데 따른 것으로 보입니다.,https://news.naver.com/main/read.nhn?mode=LSD&mid=shm&sid1=260&oid=375&aid=0000007471,284
261519,2011.06.15. 오후 5:28,부동산,연합뉴스,연합시론 1천억원 날린 판교신도시 고속도로 이전,서울 연합뉴스 판교신도시 사업자들의 무사안일한 일처리로 주민 복지시설 재원 1천억원을 날리게 된 사실이 뒤늦게 알려졌다. 공동 사업자인 성남시와 한국토지주택공사 LH 에 따르면 분당구 운중동 판교신도시 북단과 인접한 서울외곽순환고속도로 1.84㎞ 구간이 110ｍ 가량 북쪽으로 옮겨진다. 이 계획은 2008년 10월 국토해양부가 LH 성남시 도로공사 등과 가진 대책회의에서 확정됐다고 한다. 총 1천63억원이 소요될 이 공사는 올해 말부터 2015년까지 진행될 예정이다. 멀쩡한 고속도로를 옮기게 된 것은 인접한 H아파트 단지의 주민들이 극심한 차량 소음을 견디다 못해 집단민원을 제기했기 때문이다. 가장 가까운 2개 동의 경우 고속도로에서 불과 33ｍ밖에 떨어지지 않았다 하니 소음이 얼마나 심했을지 충분히 짐작할 만하다. 도로 이전 자금은 전액 판교신도시개발이익금으로 충당된다고 하는데 원래 이 돈은 판교신도시의 공공시설물 건설에 투자될 재원이다. 성남시와 LH의 어처구니 없는 실수로 판교 주민들은 졸지에 1천억원 규모의 복지시설을 잃게 된 셈이다. 이전 예정 도로가 포함된 서울외곽순환고속도로 판교∼학의 8.8㎞ 구간은 1995년 7월 준공됐다. 판교신도시 조성 공사가 2005년 6월에 시작됐으니 10년 전 일이다. 판교신도시의 전체 윤곽을 처음 그릴 때부터 소음 문제를 충분히 고려하지 않은 것 아닌가 하는 의구심이 생긴다. 더욱이 H아파트 단지의 경우 2002년 환경영향평가 때 이미 최고 소음치가 주간 72.7㏈ 데시벨 야간 65.7㏈로 예측됐다고 한다. 이는 소음진동규제법 주간 68㏈ 야간 58㏈ 과 환경정책기본법 주간 65㏈ 야간 55㏈ 의 소음규제 기준을 모두 넘어서는 것이다. 이 때부터 단지 재배치 등 근본적인 대책을 검토하는 것이 올바른 길이었다고본다. 그런데 사업자들은 고속도로변에 3ｍ 높이의 방음벽을 세우는 미봉책 을 선택했다. 방음벽을 세우는 것이 개발이익금을 늘리는데 유리했기 때문으로 짐작되지만 아쉬운 대목이다. 게다가 해당 고속도로 구간의 교량이 방음시설 하중을 견디지 못해 방음벽 설치도 무산됐다. 결국 이 문제를 해결하기 위해 생돈 1천여억원을 쏟아붓게 됐으니 호미로 막을 것을 가래로 막는 꼴이다. 무엇보다 성남시와 LH가 더 많은 개발이익을 챙기려고 주민 편의와 쾌적한 환경을 등한시한 것 아닌가 하는 인상을 지우기 어렵다. 명색이 지방자치단체와 공기업인데 민간 건설업체 뺨 칠 만한 상혼 을 보여준 것 같아 뒷맛이 씁쓸하다. 온종일 수만 대의 차량이 질주하는 고속도로에서 불과 30여ｍ 떨어진 지점에 아파트단지를 지으려 한 발상부터 잘못됐다. 소음 민원이 제기될 것은 불 보듯 뻔한 일이었다. 추후 방음벽으로 문제를 해결하려 한 것도 쾌적한 전원도시 를 표방한 판교신도시의 이미지와 거리가 멀었다. 더 한심한 부분은 교량의 구조진단도 하지 않은 채 방음벽 대책을 내놓은 것이다. 당연히 방음벽을 세울 교량이 하중을 견뎌낼 수 있는지부터 확인하는 것이 순서였다. 초호화 시청사를 지어 물의를 빚었던 성남시는 판교특별회계 차입금 5천200억원을 갚을 수 없다며 모라토리엄 채무상환유예 을 선언했다. LH는 방만한 개발투자로 125조원이라는 천문학적 부채를 안고 있다. 일반 기업 같으면 도산한 것과 마찬가지인 성남시와 LH가 1천억원 넘는 고속도로 이전 비용을 함께 부담하게 됐으니 재정압박이 더 심해질 것이 분명하다. 판교신도시의 설계 시점부터 진행 과정을 되짚어 보면 이처럼 어처구니 없는 기회손실 을 피해 갈 기회는 여러 번 있었다. 신도시 조성 같은 대규모 국책사업이 너무 허술하게 진행되고 있음을 반증하는 것으로 봐야 한다. 공익적 목적의 재원이 이번처럼 황당하게 낭비돼서는 안 된다. 정부는 국책사업 전반에 대한 관리감독 강화 등 철저한 대책을 세워 유사한 일이 재발하지 않도록 만전을 기하기 바란다.,https://news.naver.com/main/read.nhn?mode=LSD&mid=shm&sid1=260&oid=001&aid=0005114733,284
261520,2011.06.15. 오후 5:26,부동산,파이낸셜뉴스,대림3구역 최고 21층 813가구 짓는다,서울시는 지난 14일 열린 건축위원회에서 영등포구 대림동 917의 49 일대 13만8258㎡에 아파트 813가구를 짓는 내용의 대림3주택재건축정비사업 계획안 이 통과됐다고 15일 밝혔다. 계획안에 따르면 이곳에는 용적률 349%가 적용돼 최고 21층짜리 아파트 13개동이 들어설 예정이다. 주택형 건설가구 수는 전용면적 59㎡ 213가구 84㎡ 564가구 123㎡ 36가구 등이다. 대림3구역은 신길로와 공단로에 접해 있고 주변에 신대림초등학교와 대림중학교 강남성심병원 등이 있다. 건축위는 또 동대문구 용두동 10의 3 일대 1512㎡에 24층짜리 오피스텔을 짓는 내용의 청량리1재정비촉진구역 도시환경정비사업 계획안 도 통과시켰다. 이에 따라 청량리역과 경동시장 동부청과시장 근처 왕산로에 접해 있는 이곳에는 용적률 999%를 적용받아 근린생활시설과 사무실 오피스텔 243실 등이 들어선다. 올해 안에 공사가 시작돼 2013년 상반기 준공예정이다.,https://news.naver.com/main/read.nhn?mode=LSD&mid=shm&sid1=260&oid=014&aid=0002457462,284
261521,2011.06.15. 오후 5:25,부동산,파이낸셜뉴스,5월 아파트 거래량 13.5% 줄어,기존 아파트 시장의 침체가 서울·수도권에서 지방으로 확산되고 있다. 15일 국토해양부에 따르면 지난 5월 전국의 아파트 실거래량은 4만8077건으로 전달 대비 13.5% 7509건 줄었다. 이로써 전국 아파트 거래량은 4월에 이어 두 달 연속 감소했다. 특히 지방 아파트 거래량은 3만2997건으로 전달 대비 12.3% 4649건 나 감소했다. 지방은 1월 2만9304건으로 바닥을 기록한 후 2월 3만2979건 3월 3만6643건 4월 3만7646건으로 증가세를 보이다가 4개월 만에 다시 크게 줄었다. 지역별로는 전남이 1578건으로 전달 2591건 보다 39.0% 1013건 감소했고 광주도 2477건으로 전달 3373건 에 비해 26.5% 896건 나 줄었다. 서울을 비롯한 수도권 아파트 거래량도 5월 1만5080건으로 전달 대비 15.9% 2860건 줄면서 두달 연속 감소 행진했다. 서울지역은 3805건으로 전달 대비 20.5% 982건 감소한 가운데 강남3구 강남·서초·송파 는 575건으로 전달에 비해 21.6% 159건 줄어 지난해 12월 이후 5개월 연속 감소했다. 아파트 거래가 얼어붙으면서 주요 지역의 아파트 가격도 일제히 하락했다. 서울 강남구 개포동 주공1단지 51㎡ 이하 전용면적 는 3층이 9억4000만원에 거래돼 전달 9억5000만원보다 1000만원 내렸다. 서초구 반포동 에이아이디차관 73㎡도 4층이 12억1000만원에 거래돼 전달 12억5000만원보다 4000만원 떨어졌다. 송파구 가락동 시영1차 41㎡도 2층이 5억원에 거래돼 전달 5억1500만원보다 1500만원 떨어졌다. 이번에 공개된 자료는 매매계약 체결 후 60일 이내 신고하도록 한 규정에 따라 5월 계약분 1만4800여건 4월 계약분 2만3600여건 3월 계약분 9600여건이 포함된 것이다.,https://news.naver.com/main/read.nhn?mode=LSD&mid=shm&sid1=260&oid=014&aid=0002457460,284
261522,2011.06.15. 오후 5:25,부동산,파이낸셜뉴스,올 입주 아파트 작년의 60% 불과,올 들어 전국의 신규 입주 아파트가 지난해의 60% 수준에 불과한 것으로 나타나 공급 부족에 따른 전세난이 더욱 가중될 전망이다. 15일 한국건설산업연구원과 부동산업계에 따르면 올해 1∼5월 전국의 아파트 입주물량은 7만3579가구로 지난해 동기 12만1573가구 에 비해 39.5%나 감소했다. 월별로는 1월 1만9717가구 2월 1만5526가구 3월 1만809가구 4월 9504가구로 점점 줄어든 뒤 5월 들어서는 1만8023가구로 늘었다. 경기지역은 지난해 동기에 비해 무려 65.4%나 줄어 올가을 수도권의 아파트 전세대란을 예고했다. 이달 이후 연말까지의 전국 입주예정 물량이 12만2255가구로 올해 연간 전국 입주물량은 19만5034가구다. 이는 지난해의 29만7155가구에 비해 34.4%나 줄어든 것으로 2000년대 연평균 입주물량의 60% 수준이다. 특히 오는 7월 신규 아파트 입주예정 물량은 1만4622가구로 최근 10년간 같은 달 입주물량 중 최저치다. 이처럼 아파트 입주물량이 줄어들면서 올가을 전세대란을 우려하는 지적이 나오고 있다. 건산연 허윤경 연구위원은 2000년대 들어 연간 신규 아파트 입주물량이 평균 30만가구를 유지해 왔는데 20만가구에도 못 미친 해는 1990년대 이후 거의 없었다 면서 가뜩이나 주택 매매심리가 위축된 상황에서 공급마저 부족해 올해 하반기에도 전세시장이 불안할 것 이라고 고 말했다.,https://news.naver.com/main/read.nhn?mode=LSD&mid=shm&sid1=260&oid=014&aid=0002457459,284
261523,2011.06.15. 오후 5:25,부동산,파이낸셜뉴스,신정뉴타운 2297가구 건립,노후주택 밀집지역인 서울 양천구 신정동 신정뉴타운 1 5구역과 1 6구역 일대 14만573㎡가 2297가구의 대단위 아파트단지로 탈바꿈한다. 서울시는 신정동 1195 일대 신정6존치관리구역 8만8246㎡ 과 1160의 36 일대 신정7존치관리구역 5만2327㎡ 을 각각 신정 1 5 및 1 6 재정비촉진구역으로 변경하는 안이 도시재정비위원회 자문을 통과함에 따라 오는 30일까지 주민공람을 실시한다고 15일 밝혔다. 재정비계획안에 따르면 1 5구역은 용적률 234.03%를 적용 지상 8∼22층 아파트 16개동 1459가구 임대 288가구 포함 1 6구역에는 용적률 219.54%가 적용돼 지상 5∼18층 아파트 11개동 838가구 임대 212가구 포함 가 각각 건립된다. 전체 2297가구 가운데 전용면적 60㎡ 이하 소형주택이 54.8%인 1259가구로 계획됐다. 이 가운데 500가구는 임대주택으로 건설된다. 나아가 1∼2인가구의 급증 등을 감안해 전용면적 85㎡ 이하의 중소형주택이 전체 건립가구의 91%인 2091가구 60㎡ 이하 포함 로 배정됐다. 신정뉴타운은 수도권 남서부와 도심을 연결하는 교통의 요충지로 영등포 부도심과 가깝고 간선도로인 남부순환로·신월로 등에 접해 있다. 지하철2호선 신정네거리역과 5호선 신정역을 걸어서 이용할 수 있어 대중교통 여건도 양호하다. 주변에 온수자연공원 계남근린공원 용왕산근린공원 등이 있어 주거환경이 쾌적하며 신정3구역 등의 근린생활시설과 인근 목동의 기반 및 편의시설을 쉽게 이용할 수 있다.,https://news.naver.com/main/read.nhn?mode=LSD&mid=shm&sid1=260&oid=014&aid=0002457458,284
261524,2011.06.15. 오후 5:24,부동산,파이낸셜뉴스,뉴타운을 가다 14 서울 전농·답십리뉴타운,서울 동대문구 전농1·4동과 답십리1·3·5동 일대에 자리잡은 전농·답십리뉴타운은 2003년 11월 서울의 2차 뉴타운으로 지정됐다. 전체 90만5876㎡ 부지에 전농7·8구역과 답십리12·16·18구역 등 5개 구역으로 나뉘어 개발 중이다. 이곳은 7684가구 임대 1294가구 포함 의 아파트촌으로 탈바꿈한다. 전농·답십리뉴타운 사업은 현재 맑음 이다. 뉴타운 지정 이전부터 사업이 추진됐던 답십리12구역은 지상 9∼12층 아파트 3개동 141가구가 지난해 1월 준공과 함께 입주를 완료했다. 전농7구역은 공사가 한창이고 답십리16구역은 철거가 진행되고 있다. 5개 구역 모두 사업추진 원활 지난 13일 오후 지하철5호선 답십리역을 나와 답십리16구역으로 향했다. 고미술상가와 공구상가를 지나 좁은 골목길을 따라 언덕을 올라갔다. 일부 상가 등을 제외하고는 이주가 거의 마무리됐단다. 한쪽에서는 철거작업으로 중장비 소리가 요란하다. 이곳에는 최고 22층 아파트 332개동 2656가구 임대 452가구 포함 가 건립되며 삼성물산과 두산건설이 시공을 맡아 올해 안에 일반분양이 이뤄질 예정이다. 건너편 전농7구역으로 발걸음을 옮겨 동대문중학교 앞 육교에 올라서니 공사현장이 한눈에 들어왔다. 아파트의 뼈대를 세우는 작업이 한창이다. 전농7구역도 삼성물산 시공을 맡아 오는 2013년 4월 입주를 목표로 지상 7∼22층 아파트 31개동 2397가구 임대 413가구 포함 를 건설 중이다. 단지 너머로 지하철1호선 청량리역이 어렴풋이 보였다. 지나가던 학생이 청량리역까지 걸어서 10∼20분 거리 라고 알려줬다. 다시 답십리18구역으로 발길을 돌렸다. 골목에는 지난달 19일 결정 고시된 재정비촉진계획변경 내용을 반기는 현수막이 바람에 펄럭이고 있다. 이곳은 올 하반기 중 건축심의와 사업시행인가 변경 등을 완료한다는 계획이다. 이곳에는 최고 지상 24층 아파트 12개동 975가구 임대 167가구 포함 가 건립될 예정이다. 사업 추진이 가장 늦은 전농8구역은 조합설립 인가를 눈앞에 두고 있다. 최고 지상 20층 아파트 22개동 1515가구 임대 262가구 포함 로 계획돼 있다. 전농7구역 486가구 이달 분양될 듯 전농7구역의 조합원 분양가는 기준층 112㎡가 가구당 3억8800만원 152㎡는 6억100만원으로 3.3㎡당 각각 1175만원 1335만원 수준이다. 지난해 12월 입주한 주변 아파트 85㎡ 시세가 3.3㎡당 1500만원 안팎임을 고려하면 상대적으로 싸다. 이곳은 지난달 일반분양할 계획이었으나 분양가격 책정을 둘러싸고 조합과 시공사 간의 견해 차이로 이달로 미뤄졌다. 현지 A공인 관계자는 조합 측은 일반분양가를 3.3㎡당 1650만원 시공사 측은 1600만원을 제시해 합의 도출에 실패했다 면서 큰 차이가 아니어서 이달 중에는 일반분양이 이뤄질 것으로 예상된다 고 말했다. 하지만 전농7구역은 일반분양 물량이 486가구로 많지 않다. 특히 인기 주택형인 112㎡는 일반분양분이 모두 1층에 있다. B공인 관계자는 구역 안에 고등학교가 들어서는 탓에 건립가구 수가 600가구가량 줄었다 면서 비용 상승 등으로 인해 112㎡ 기준으로 분양가가 처음보다 가구당 2000만원가량 올랐다 고 설명했다. C공인 관계자는 112㎡에 입주할 수 있는 지분가격이 2억5000만∼3억원이고 추가 부담금까지 합치면 5억2000만원 정도여서 투자자로서는 일반분양보다 지분을 사들이는 게 낫다 며 입주시점이면 아파트 가격이 6억5000만∼7억원에 이를 것으로 예상된다 고 말했다. 그는 오는 2014년 상반기 입주예정인 답십리16구역도 투자여건은 전농7구역과 비슷할 것 이라고 덧붙였다. blue73 fnnews.com윤경현기자 사진설명 7684가구의 대규모 아파트촌으로 탈바꿈하는 서울 동대문구 전농·답십리뉴타운은 다른 뉴타운에 비해 사업이 순조롭게 진행되고 있다.,https://news.naver.com/main/read.nhn?mode=LSD&mid=shm&sid1=260&oid=014&aid=0002457457,284
261525,2011.06.15. 오후 5:23,부동산,파이낸셜뉴스,화제의 주거단지 파주 교하신도시 롯데캐슬,롯데건설이 경기도 파주 교하신도시 A14 블록에서 공급 중인 교하신도시 롯데캐슬 아파트 조감도 는 배후수요가 풍부해 개발 잠재력이 큰 데다 공원 조망권과 단지 내 녹지율 50%를 확보해 주거환경이 쾌적하다는 게 장점이다. 이 아파트는 지하 1층 지상 18∼30층 20개동에 전용면적 59∼126㎡ 1880가구의 대단지로 이뤄졌다. 분양가는 3.3㎡당 1100만원 선으로 주변 시세보다 다소 저렴하다. 지난 14일 특별공급에 이어 15일부터 일반 청약접수에 들어갔다. 개발 호재 많고 편의성도 양호 교하신도시 롯데캐슬은 경기 일산신도시와 교하지구 파주 액정표시장치 LCD 단지 등이 인접해 배후수요가 풍부하다. 복선전철인 경의선 운정역이 가깝고 제2자유로와 김포∼관산도로 서울∼일산∼교하신도시∼문산 고속도로 건설 추진 중 등을 통해 서울 및 인접 도시 접근성도 양호하다. 59㎡A타입은 4베이로 일조권 및 조망권을 최대한 확보했고 드레스룸 및 부부욕실에 샤워부스를 넣어 편의성도 높였다. 84㎡A와 101㎡A 113㎡A타입은 전·후면에 발코니를 설치해 채광 및 통풍 환기효과를 높였다. 보관이 불편한 청소기나 교자상 장난감 등 부피가 큰 물품을 수납할 수 있는 넉넉한 팬트리 Pantry 가 주방에 마련된다. 녹지율 높은 친환경 주거단지 교하신도시 롯데캐슬은 단지 남쪽에 72만6733㎡ 규모의 가온 호수공원이 있어 안방에서 공원 조망이 가능하고 공원을 내 집 마당처럼 이용할 수 있다. 가온 호수공원의 녹지축을 단지 내로 끌어들인 그린네트워크 개념을 적용 조경면적이 전체 부지면적의 50%에 달한다. 공원에는 자낙나무숲길과 메타세쿼이아길 단풍나무길 억새밭길 등 숲과 나무 사이로 1.1㎞의 테마산책로와 약 700m에 달하는 자전거도로가 설치된다. 또 영유아와 부모들을 위한 특화된 커뮤니티 시설인 캐슬 맘 키즈카페 가 처음으로 적용된다. 교하신도시 롯데캐슬 견본주택은 서울지하철 3호선 마두역 4번 출구 앞 뉴코아백화점 사거리에 개관 중이다. 입주는 오는 2014년 11월 예정이다.,https://news.naver.com/main/read.nhn?mode=LSD&mid=shm&sid1=260&oid=014&aid=0002457455,284
261526,2011.06.15. 오후 5:22,부동산,파이낸셜뉴스,아파트 청약 3순위가 대세,최근 들어 아파트 신규분양 시장에 3순위 청약이 대세로 자리잡고 있어 눈길을 끈다. 지방은 물론 수도권 주요 단지들도 초기인 1∼2순위에서 대거 미달된 뒤 3순위에서 마감되는 사례가 줄을 잇고 있다. 이런 가운데 3순위에서 마감된 단지의 계약률도 비교적 양호한 상황이다. 다만 수도권과 지방에서 3순위에 청약자들이 몰리는 이유에 온도 차이 가 있다. 수도권은 청약통장을 아끼기 위해서고 지방은 지난 5년간 주택공급 과잉과 경기침체 등으로 통장 가입자가 적어 1∼2순위 자격을 갖춘 수요자가 많지 않기 때문이다. 하지만 과거와 달리 3순위 청약자들도 대부분 실수요자로 상당 부분 계약으로 이어지고 있다는 게 건설사 관계자들의 설명이다. 15일 부동산업계에 따르면 최근 지방은 물론 수도권에서도 3순위 마감 사례가 줄을 잇고 있으며 계약률도 기대 이상이다. 지난해 말부터 아파트 분양시장을 주도하고 있는 부산지역은 3순위 청약자가 몰리는 대표적인 곳이다. 지난 3월 롯데건설이 부산 정관신도시에 공급한 정관신도시 롯데캐슬 2차의 경우 910가구 모집에 9705명이 몰려 평균 10.66대 1을 기록했다. 1순위 청약에서는 101㎡B타입만 마감된 상황에서 나머지는 3순위에서야 마감했다. 이 중 101㎡C타입은 3순위에서 304가구 모집에 7401명이 신청 24.35대 1의 경쟁률을 보였다. 이 아파트는 지정기간에 100% 계약으로 이어졌다. 최근 수도권에서 분양에 성공한 단지들 역시 3순위에 많은 사람이 몰렸다. 지난 5월 경기 의왕시 내손동에서 분양된 의왕내손e편한세상은 1134가구 모집에 1478명이 청약 평균 1.3대 1로 순위 내에서 청약을 마감했다. 1순위에서는 전체 모집가구 수의 45%를 채우는 데 그쳤지만 3순위에서 823명이 신청해 모든 주택형이 마감됐다. 지난 10일 계약기간이 끝난 이 단지는 74%의 계약률을 기록했다. 앞서 지난 4월 경기 김포한강신도시 Aa 09블록에 공급한 반도건설의 반도유보라 2차 는 최고 4.17대 1의 경쟁률을 기록하면서 3순위에 마감됐고 계약률도 80%를 육박했다. 건설업계에 따르면 3순위 청약률이 아무리 높더라도 그대로 계약률로 이어지기 힘들기 때문에 초기계약률이 40∼50% 정도면 성공적으로 평가된다. 부동산1번지 조민이 팀장은 지방의 경우 청약통장 가입자가 적어 3순위에 몰리는 것 이라며 한동안 공급이 없어 무주택자뿐 아니라 기존 주택 소유자 중 교체수요 역시 많아 실수요자가 대거 몰리는 게 지방 청약시장이 활기를 띠는 요인 이라고 말했다. 닥터아파트 조은상 주임애널리스트는 수도권의 경우 청약률이 양극화를 보이고 있는데 입지나 교통 등 투자성이 있는 지역을 중심으로 실수요자와 투자수요가 함께 움직이면서 청약률이 오르고 있다 고 분석했다.,https://news.naver.com/main/read.nhn?mode=LSD&mid=shm&sid1=260&oid=014&aid=0002457453,284
261527,2011.06.15. 오후 5:17,부동산,머니투데이,민자사업 보전금 4400억 과다 지급될 우려,머니투데이 홍혜영 MTN기자 정부가 최근 10년간 인천국제공항 고속도로 보전금 435억 원을 부당 지급하는 등 민자 사업자 보전금을 허술하게 관리해온 것으로 나타났습니다. 감사원은 공항도로 등 민자사업의 운영 실태를 제대로 파악하지 못해 정부나 지자체가 보전금 4 400여 억원을 과다 지급할 우려가 있다고 지적했습니다. 공항고속도로 총 운영기간인 30년 동안 모두 1 910억 원의 비용이 과다 계상됐다고 감사원은 밝혔습니다. 인천시 하수종말처리시설의 경우 공사비와 하수처리 운영비를 과다 인정해 총 363억 원 상당을 사업자에게 추가 지급한 것으로 드러났습니다. 감사원은 실제로 운영 비용이 감소한 사업자에게 지급되는 정부 보전금 규모를 줄이고 관리 감독도 철저히 하도록 관계부처에 통보했습니다.,https://news.naver.com/main/read.nhn?mode=LSD&mid=shm&sid1=260&oid=008&aid=0002556120,284
261528,2011.06.15. 오후 5:16,부동산,매일경제,아파트 거래 지방에서도 감소,지방에서도 아파트 거래량이 올해 들어 처음 감소했다. 서울ㆍ수도권 거래량 감소세도 더 심해지고 있어 정부가 5ㆍ1 부동산 거래 활성화 대책을 내놓은 이후에도 부동산시장 침체의 골이 더 깊어지는 모습이다. 15일 국토해양부는 지난달 신고된 전국 아파트 실거래 건수가 총 4만8077건으로 전월 5만5586건 대비 13.5% 감소했다고 밝혔다. 4월에 이어 두 달 연속 감소세다. 5월 실거래 건수는 신고기간 계약일로부터 60일 이내 에 따른 시차로 3월 계약분 9600여 건 4월 계약분 2만3600여 건 5월 계약분 1만4800여 건이 포함됐다. 전국 6대 광역시는 전달 대비 15.4% 감소한 1만5101건을 광역시를 제외한 지방 거래량은 12.3% 감소한 3만2997건을 기록했다. 16개 시ㆍ도 중에서는 충남 4080건 만 유일하게 28% 899건 증가했고 나머지 15개 시ㆍ도는 모두 감소했다. 서울과 수도권 거래량도 수개월째 곤두박질치고 있다. 서울 3805건 수도권 1만5080건으로 전월 대비 각각 20% 15.9% 줄어들었다. 지난 4월 이후 부활된 총부채상환비율 DTI 규제 영향이 큰 것으로 보인다. 지난달 강남 3구 아파트 거래 신고건수는 전월 대비 21.6% 줄어든 575건에 그쳤다. 부동산114 관계자는 당분간 거래량은 더 줄어들 가능성이 높다 며 여름방학 가을 이사철이 도래하면 전세 수요까지 되살아나 지난해와 마찬가지로 매매시장은 부진하고 전세금만 고공행진을 할 가능성이 높다 고 말했다. 이지용 기자 r start 화보 가희 미애 섹시 댄스 속으로 가계빚 위험 카드사태때의 2배 이건희 삼성전자 회장 돌연 일본行…왜 북한 미모의 女승무원 화제 무면허 한방의료 구당 김남수 기소 ‘섹스 스캔들’ 진관희 기자에게 욕설 ‘이성 상실 ’ 박완규 과거 고백 “지난 10년 동안 한 것 없이 막 살았다” r end ⓒ 매일경제 mk.co.kr 무단전재 및 재배포 금지 MBA도 모바일로 공부한다.,https://news.naver.com/main/read.nhn?mode=LSD&mid=shm&sid1=260&oid=009&aid=0002485262,284
261529,2011.06.15. 오후 5:16,부동산,매일경제,도심 건물이 도시형생활주택·고시원 탈바꿈,서울 강남구 역삼동 4층 건물을 리모델링하기 이전 실제건물 왼쪽 과 이후 조감도 오른쪽 를 통해 본 달라진 모습. ＜사진 제공＝코쿤하우스 김 모씨 70 는 서울 강남구 역삼동 일대에 지하 1층 지상 4층 건물을 오래전 구입해 그동안 지하층과 지상층 모두를 중소기업에 임대하고 있었다. 월 임대료를 꼬박꼬박 받아오면서 생활비를 크게 걱정하지 않았던 김씨는 최근 큰 문제에 부닥쳤다. 입주했던 중소기업이 이사하면서 공실이 생겼다. 고민하던 김씨는 1 2인 가구 또는 1 2인 전용 오피스 수익형 부동산으로 건물을 리모델링하기로 결정했다. 전체를 사무실로 임대하는 것보다 공간을 작게 쪼개면 수요도 높아질 것이라는 판단에서다. 김씨는 지하층을 1 2인 전용 오피스로 지상층을 원룸형으로 만들기로 했다. 지하층에는 1 2인 전용 오피스 10실을 지상 2 4층은 고시원 12실로 리모델링했다. 또 지상 1층은 근린생활시설 용도에 맞는 업종으로 임대할 예정이다. 이렇게 리모델링에 들어간 총 비용은 4억원이다. 김씨가 갖고 있는 돈은 2억원이었기 때문에 나머지 2억원은 연 6% 금리로 은행에서 대출 받았다. 그 결과 김씨의 월세 수입은 리모델링 이전 700만원에서 이후 1130만원으로 증가했다. 서울 도심권에서 단독주택과 상가용 건물 등이 1 2인 가구용 도시형생활주택 또는 고시원으로 활발하게 탈바꿈하고 있다. 도시형생활주택은 단독주택을 헐고 새롭게 짓는 형태가 일반적이며 고시원의 경우 기존 건물이 리모델링을 통해 바뀌는 형태다. 낡은 단독주택을 허물고 원룸형 도시형생활주택으로 새로 짓거나 예식장 건물이 고시원으로 리모델링되는 사례를 발견할 수 있다. 모두 임대 수익률을 높이기 위한 전략이다. 1 2인 가구 주택 또는 1 2인 전용 오피스 등 수익형 부동산에 대한 관심이 높아지면서 이를 겨냥해 기존 주택 또는 건물을 새롭게 짓거나 리모델링하는 움직임이 활발하게 전개되고 있다. 고종옥 코쿤하우스 대표는 지금은 자산관리가 중요한 시점 이라며 단순 임대보다는 건축주 스스로 아이템을 접목해 수익률이 높은 수익형 부동산으로 만드는 전략이 중요하다 고 말했다. 고려해야 할 리스크 요인도 있다. 일반적으로 상업 건축물을 용도 변경할 경우 가장 중요한 것은 주차 대수다. 현행법상 같은 용도권에서 이동은 주차 대수 변경이 없기 때문에 비교적 수월한 편이지만 용도권이 달라지면 주차장을 늘려야 하는데 사실상 불가능하다. 장용승 기자 r start 화보 가희 미애 섹시 댄스 속으로 가계빚 위험 카드사태때의 2배 이건희 삼성전자 회장 돌연 일본行…왜 북한 미모의 女승무원 화제 무면허 한방의료 구당 김남수 기소 ‘섹스 스캔들’ 진관희 기자에게 욕설 ‘이성 상실 ’ 박완규 과거 고백 “지난 10년 동안 한 것 없이 막 살았다” r end ⓒ 매일경제 mk.co.kr 무단전재 및 재배포 금지 MBA도 모바일로 공부한다.,https://news.naver.com/main/read.nhn?mode=LSD&mid=shm&sid1=260&oid=009&aid=0002485260,284
261530,2011.06.15. 오후 5:16,부동산,매일경제,주택산업연구원 전월세 상한제는 전세시장 혼란 더 초래,주택산업연구원 원장 남희용 은 정치권에서 검토되고 있는 전ㆍ월세 상한제는 전세금 안정을 위한 해법이 되지 못한다고 주장했다. 연구원은 15일 2011년 하반기 주택시장 전망 이라는 보고서를 통해 전ㆍ월세 상한제가 도입되면 단기적으로 전세금 상승세를 막을 수 있지만 중장기적으론 오히려 수급 불일치로 인한 전세시장 혼란을 가중시킬 수 있다 고 지적했다. 전ㆍ월세 상한제가 도입되면 중장기적으로 주택 소유자의 주택 소유 필요성이 감소되면서 매도세를 유발해 오히려 민간의 전ㆍ월세 물량을 감소시킬 수 있다는 분석이다. 단기적인 반짝 효과가 아닌 매매시장 활성화를 통한 매매시장으로 전세 수요 분산 임대주택 공급 확대 등 근원적인 데서 전세난 해법을 찾아야 한다는 주장이다. 집값 전망과 관련해 올해 하반기에 전국적으로 전세금이 4 5% 상승하지만 매매가격은 약보합세를 유지할 것으로 전망했다. 연구원은 전세금이 하반기에도 전국적으로 상승세를 이어가는 반면 매매가격은 서울 등 수도권이 약보합세를 유지한 채 지방에서 상승세가 지속될 것으로 내다봤다. 서울 등 수도권 지역 매매가격의 경우 매매가격 하락에 대한 불안심리가 여전한 데다 최근 보금자리 5차지구 지정과 금리 인상 등 악재가 겹쳐 약보합세가 나타날 것으로 예측됐다. 이에 비해 지방은 3 4%대 상승세를 보일 것으로 예상됐다. 장용승 기자 r start 화보 가희 미애 섹시 댄스 속으로 가계빚 위험 카드사태때의 2배 이건희 삼성전자 회장 돌연 일본行…왜 북한 미모의 女승무원 화제 무면허 한방의료 구당 김남수 기소 ‘섹스 스캔들’ 진관희 기자에게 욕설 ‘이성 상실 ’ 박완규 과거 고백 “지난 10년 동안 한 것 없이 막 살았다” r end ⓒ 매일경제 mk.co.kr 무단전재 및 재배포 금지 MBA도 모바일로 공부한다.,https://news.naver.com/main/read.nhn?mode=LSD&mid=shm&sid1=260&oid=009&aid=0002485259,284
261531,2011.06.15. 오후 5:16,부동산,매일경제,리츠부동산투자회사 무슨 문제 있나,부동산 간접투자의 새로운 모델로 주목받으며 육성돼오던 리츠 부동산투자회사 가 위기를 맞고 있다. 지난달 다산리츠가 상장폐지됐는가 하면 이번에는 감독 당국인 국토해양부 간부가 리츠 업체로부터 뒷돈을 받아 검찰 수사를 받으며 불신 대상으로 치부되는 형국이다. 리츠는 PF와 달리 일반 국민들로부터 공모를 통해 자금을 끌어들이기 때문에 더 강한 관리감독과 투명성이 요구되는 부동산 간접투자 제도다. 국토부가 리츠를 부동산 프로젝트파이낸싱 PF 대안으로 내세우며 일반투자자들의 적극적인 투자를 유도했다는 점에서 심각한 후유증을 낳을 것으로 보인다. 최근 일부 리츠 공모에는 50대1이 넘는 경쟁률을 기록하며 돈이 몰리고 있다. 자기관리리츠는 자체 운용 인력을 두고 부동산 투자를 하는 회사다. 일종의 페이퍼컴퍼니로서 전문적인 자산관리회사 AMC 에 리츠 운용 및 관리를 위탁하는 위탁관리리츠와 다르다. 자기관리리츠는 5억원만 있으면 영업인가를 받을 수 있다. 6개월 내 70억원으로 증자해야 한다. 맞추지 못하면 영업인가 취소 사유에 해당한다. G리츠는 자기관리리츠 1호로 현재 증시에 상장돼 있다. 이번에 최대주주의 주가조작 혐의로 검찰 수사를 받았는데 이미 2008년 말 영업인가 당시에도 구설에 휘말렸다. 영업인가 이후 6개월 내 최소자본금 70억원을 충족해야 하는 규정을 지키지 못해 무려 4차례나 증자 시기를 연장했던 것. 국토부 관계자는 당시 서브프라임 모기지 사태도 있었고 자기관리리츠를 육성하자는 취지에서 인가 요건을 유연하게 해석했다 고 설명했다. 최근 상장폐지로 내몰린 다산리츠도 자기관리리츠다. G리츠와 비슷한 시기에 인가를 받았다. 2009년 신규 리츠 18개 중 1개에 불과했던 자기관리리츠는 2010년 17개 중 7개 2011년 6월 현재 15개 중 9개에 이를 만큼 급증하고 있다. 하지만 부동산 경기 침체로 부동산PF가 위축되자 개발업자들이 자금 마련을 위한 우회로로 활용하면서 다른 형태의 시행사라는 지적을 받아왔다. 임성현 기자 r start 화보 가희 미애 섹시 댄스 속으로 가계빚 위험 카드사태때의 2배 이건희 삼성전자 회장 돌연 일본行…왜 북한 미모의 女승무원 화제 무면허 한방의료 구당 김남수 기소 ‘섹스 스캔들’ 진관희 기자에게 욕설 ‘이성 상실 ’ 박완규 과거 고백 “지난 10년 동안 한 것 없이 막 살았다” r end ⓒ 매일경제 mk.co.kr 무단전재 및 재배포 금지 MBA도 모바일로 공부한다.,https://news.naver.com/main/read.nhn?mode=LSD&mid=shm&sid1=260&oid=009&aid=0002485257,284
261532,2011.06.15. 오후 5:15,부동산,매일경제,신정뉴타운 중소형 아파트촌으로,서울 양천구 신정동 신정뉴타운 일대가 중소형 아파트촌으로 재개발된다. 서울시는 신정재정비촉진지구 내 신정 6 7존치관리구역을 신정 1 5 1 6 재정비촉진구역으로 변경하는 내용을 담은 신정 재정비촉진계획 변경안을 16일부터 공람한다고 밝혔다. 이에 따라 2019년까지 신정동 1195 일대에는 지상 7 22층 아파트 16개동 1459가구가 신정동 1160 36 일대에는 지상 5 18층 아파트 11개동 838가구가 들어선다. 전체의 91%인 2091가구는 전용 85㎡ 이하 중소형이며 전용 60㎡ 이하 소형주택은 1259가구다. 재개발 임대주택은 500가구다. 신정재정비촉진지구는 영등포 부도심과 가깝고 지하철2호선 신정네거리역을 이용할 수 있다. 온수자연공원 계남근린공원 용왕산근린공원 등이 가까워 쾌적한 주거환경을 갖췄다는 평가를 받는다. 이명진 기자 r start 화보 가희 미애 섹시 댄스 속으로 가계빚 위험 카드사태때의 2배 이건희 삼성전자 회장 돌연 일본行…왜 북한 미모의 女승무원 화제 무면허 한방의료 구당 김남수 기소 ‘섹스 스캔들’ 진관희 기자에게 욕설 ‘이성 상실 ’ 박완규 과거 고백 “지난 10년 동안 한 것 없이 막 살았다” r end ⓒ 매일경제 mk.co.kr 무단전재 및 재배포 금지 MBA도 모바일로 공부한다.,https://news.naver.com/main/read.nhn?mode=LSD&mid=shm&sid1=260&oid=009&aid=0002485254,284
261533,2011.06.15. 오후 5:15,부동산,매일경제,가든파이브에 오피스텔 1249실 분양,대우건설이 송파구 문정동 가든파이브 활성화단지 1 2블록에서 오피스텔 1249실로 구성된 송파 푸르지오시티 를 분양한다. 전용면적 24.9 52.17㎡ 규모로 분양가는 3.3㎡당 평균 1100만원 선이다. 단지 내에 사우나 헬스장 골프연습장 등 스포츠ㆍ휴게시설이 들어서고 가족이나 지인이 방문할 경우 편안하게 묵어갈 수 있도록 게스트룸도 제공된다. 지하철 8호선 문정ㆍ장지역을 걸어서 이용할 수 있다. 인접한 지역에 1533실 규모 대형 오피스텔 단지인 한화오벨리스크를 짓고 있어 향후 일대가 오피스텔 밀집지역으로 거듭날 것으로 전망된다. 견본주택은 아시아선수촌 아파트 맞은편에 17일 문을 연다. 입주는 오는 2013년 7월 말 예정이다. r start 화보 가희 미애 섹시 댄스 속으로 가계빚 위험 카드사태때의 2배 이건희 삼성전자 회장 돌연 일본行…왜 북한 미모의 女승무원 화제 무면허 한방의료 구당 김남수 기소 ‘섹스 스캔들’ 진관희 기자에게 욕설 ‘이성 상실 ’ 박완규 과거 고백 “지난 10년 동안 한 것 없이 막 살았다” r end ⓒ 매일경제 mk.co.kr 무단전재 및 재배포 금지 MBA도 모바일로 공부한다.,https://news.naver.com/main/read.nhn?mode=LSD&mid=shm&sid1=260&oid=009&aid=0002485252,284
261534,2011.06.15. 오후 5:08,부동산,이데일리,분양가 시세보다 낮추니 잘 팔리네,이데일리 이지현 기자 분양시장이 꽁꽁 얼어붙어있지만 분양가를 시세보다 낮춘 단지는 순위내에서 마감하는 등 인기를 끌고 있다.,https://news.naver.com/main/read.nhn?mode=LSD&mid=shm&sid1=260&oid=018&aid=0002453044,284
261535,2011.06.15. 오후 5:00,부동산,디지털타임스,한국기업데이터대한상의 中企 경영자문 협약 체결,한국기업데이터 주 대표 이희수 와 대한상공회의소 회장 손경식 는 15일 남대문로 상의회관에서 대한상의의 경영자문으로 경영성과가 개선되면 한국기업데이터 신용평가 시 우대혜택을 주기로 하는 내용의 업무협약을 체결했다. 중소기업이 대한상의 경영자문 이후 경영성과가 개선되면 양 기관이 공동 개발한 지표로 이를 측정해 한국기업데이터 신용평가시 우대해 주기로 한 것이다. 이밖에 양 기관은 기업신용도 향상을 위한 교육프로그램 개발 등 다양한 분야에서 협력할 예정이다. 한국기업데이터 관계자에 따르면 이번 대한상의와의 업무협약을 통해 우량한 중소기업의 신용평가 기회가 확대될 것으로 예상되며 대한상의의 중소기업 현장 밀착형 자문이 실질적인 경영성과로 이어질 수 있도록 적극 지원하고 협력해 나가겠다 고 밝혔다.,https://news.naver.com/main/read.nhn?mode=LSD&mid=shm&sid1=260&oid=029&aid=0002069077,284
261536,2011.06.15. 오후 5:00,부동산,디지털타임스,서울시 2019년까지 신정뉴타운에 2297세대 공급,서울시가 양천구 신정동 신정뉴타운지구 내 신정 1 5 1 6재정비촉진구역에 오는 2019년까지 지상5 22층 규모의 아파트 총 2297세대를 공급한다고 15일 발표했다. 서울시는 이와 관련 양천구 신정재정비촉진지구 내 신정6 7존치관리구역을 신정1 5 1 6재정비촉진구역으로 변경하는 재정비촉진계획변경안이 지난 4월 26일 서울시 도시재정비위원회 자문을 통과해 6월 16일부터 6월 30일까지 14일 간 공람한다고 설명했다. 변경안에 따르면 서울시는 신정1 5 1 6구역에 아파트 2297세대를 임대주택 전용면적 60㎡ 이하소형주택이 전체 건립세대수의 54.8%인 1259세대가 들어서며 이 중 500세대는 재개발임대주택으로 건립된다. 특히 전용면적 85㎡이하의 중소형주택을 전체 91%에 해당하는 2091세대로 구성해 서민 주거문제 해소에 주력했다. 임계호 서울시주거정비기획관은 이번 신정 1 5 1 6구역의 촉진계획 수립은 신정재정비촉진지구의 중앙부 능선에 위치하여 뉴타운의 큰 골격을 이루는 문화가로와 순환녹도를 완성하는데 의의가 있다 고 말했다.,https://news.naver.com/main/read.nhn?mode=LSD&mid=shm&sid1=260&oid=029&aid=0002069076,284
261537,2011.06.15. 오후 5:00,부동산,디지털타임스,5.1대책 불구 5월 아파트 거래 ↓,5.1 부동산 대책에도 불구하고 5월 이후 전국 아파트 거래량이 오히려 전월 대비 큰 폭으로 감소한 것으로 나타났다. 특히 서울과 수도권의 거래량이 급속도로 줄어든 것으로 나타나 올 하반기 수도권 전세대란 우려가 더욱 커질 것으로 전망된다. 국토해양부는 15일 5월 아파트 실거래가 신고자료 4만8000여 건을 공개했다. 이에 따르면 전국 아파트 실거래 건수는 총 4만8077건으로 전월 대비 13.5% 감소한 것으로 나타났다. 이는 지난 3월 이후 계속 감소세를 나타낸 것으로 특히 5.1대책 발표 이후라는 점에서 정책 실효성이 거의 나타나지 않았음을 반증한다는 게 전문가들의 분석이다. 지역별로는 서울과 수도권의 감소세가 두드러졌다. 서울의 경우 5월 거래량은 총 3805건으로 지난 4월 4784건에 비해 20.5% 줄어들었다. 이 중 강남 3구가 전월 대비 21.7% 거래량이 감소해 눈에 띄었으며 강북도 20.8% 거래량이 떨어졌다. 수도권도 5월 거래량은 1만5080 건으로 전월 대비 15.9% 감소한 수치를 나타냈다. 또 LH이전 유치 무산 과학벨트 유치 무산 등 악재가 겹친 호남권과 경북권도 약세를 보였다. 전남의 경우 전월 대비 39.1% 아파트 거래량을 나타냈으며 뒤를 이어 광주가 26.6% 경북이 20.4%로 뒤를 이었다. 반면 대전 과학벨트 유치 호재가 있는 충남과 5개 신도시는 전월대비 각각 28.3% 6.0% 거래량이 늘어 대조를 이뤘다. 이와 관련 부동산 전문가들은 이 같은 거래량 감소가 하반기에도 당분간 지속될 것이라고 전망했다. 부동산114 리서치센터는 6월 현재 서울수도권 아파트 매매시장은 약보합세가 지속되고 있으며 지난 10일 기준금리가 추가 인상되면서 생긴 심리적 부담과 계절적 비수기 등이 맞물려 거래는 당분간 활발하지 않을 것 이라고 향후 아파트 매매시장을 전망했다. 이어 하반기 부동산 시장의 변수는 국지적 구조적인 전세물건 부족과 전셋값 상승 부동산 PF 프로젝트파이낸싱 조치 및 건설경기 전망 풍부한 시중 유동성과 금리 추가 인상여부 그리고 정부의 부동산 대책 등이 있다 고 예상했다. 이들은 특히 하반기 부동산 시장의 최대 이슈로 재건축초과이익환수제 분양가상한제 폐지 전월세 상한제 도입 등 부동산 법안 논의 등을 변수로 지목했다. 하지만 부동산 대책 효과에 대한 시장 수요자들의 기대치가 높지 않아 전세대책 중심으로 정책흐름이 갈 가능성이 높아 지역별 부동산 시장의 차별화는 심화될 것이라는 게 이들의 예측이다.,https://news.naver.com/main/read.nhn?mode=LSD&mid=shm&sid1=260&oid=029&aid=0002069075,284
261538,2011.06.15. 오후 4:52,부동산,이데일리,동양건설 故최회장 장남 채권단과 협상 나선다,최성원 실장 신한은행장과 면담 이데일리 이진철 기자 동양건설 005900 산업의 고 故 최윤신 회장의 장남인 최성원 실장이 부친의 별세이후 회사 회생을 위해 처음으로 채권단과 직접 협상에 나선다. 15일 업계에 따르면 최성원 동양건설산업 실장은 이날 오후 주채권은행인 신한은행의 서진원 행장과 만나 법정관리 기업회생절차 철회에 대한 협상을 진행한다. 동양건설은 헌인마을 프로젝트파이낸싱 PF 대출금을 갚지 못해 지난 4월 법정관리를 신청했다. 이후 동양건설산업 대주주인 최윤신 회장은 신한은행과 헌인마을 PF 문제 해결과 법정관리 철회를 위한 협상을 벌여오다 지난 10일 지병이 악화돼 갑작스럽게 별세했다. 이에 따라 그동안 경영수업을 받고 있었던 최윤신 회장의 장남인 최성원 실장이 회사를 대표해 법정관리 철회를 위한 협상에 나선 것이다. 이와관련 업계 관계자는 최성원 실장이 주채권은행인 서진원 신한은행장과 처음으로 만나 최윤신 회장의 유지를 전달하고 법정관리 철회를 위한 채권단의 지원을 요청할 것 이라고 말했다. 한편 헌인마을 PF사업의 또다른 공동 시공사인 삼부토건은 채권단과 만기연장 방안이 확정되면 이르면 이번주안에 법원에 법정관리 신청을 철회할 방침인 것으로 알려졌다.,https://news.naver.com/main/read.nhn?mode=LSD&mid=shm&sid1=260&oid=018&aid=0002453026,284
261539,2011.06.15. 오후 4:33,부동산,노컷뉴스,전경련 중소기업 적합업종서 레미콘 제외해야”,기존 레미콘 기업 사업 도산 우려 예상 CBS산업부 박종환 기자 전국경제인연합회는 15일 기존 레미콘 기업의 사업 도산 우려 등이 예상된다 며 중소기업 적합업종에서 레미콘을 제외해야 한다 고 밝혔다. 전경련은 이날 주요 품목의 중소기업적합업종 타당성 분석 보고서를 통해 이같이 지적했다. 보고서는 대기업이 레미콘 시장에 선 先 진출해 산업의 기술혁신과 시장확대를 선도해 왔고 앞으로도 초고층.대형화 추세에 따라 기술경쟁력을 더욱 높일 필요가 있기 때문에 대기업의 지속적인 사업 영위가 필요하다 고 주장했다. 최근 일본 원전 사태 이후 원자력 발전소의 안정성 강화에 대한 사회적 요구가 높아지고 있지만 원자력 발전소 건설에 쓰이는 콘크리트 팽창콘크리트 중량콘크리트 제조기술은 대기업만 갖고 있다고 설명했다. 보고서는 또 중소 레미콘 업체가 생산을 독점하기에는 레미콘 시장의 규모가 너무 크다고 지적했다. 6조7 100억원에 달하는 레미콘의 출하액은 전체 제조업 1천909개 품목 중 31번째로 큰 시장규모여서 중소기업 적합업종으로 선정하기 부적합하다고 강조했다. 전형적인 내수시장인 레미콘은 현재도 공급과잉과 과당경쟁 문제가 심각해 오히려 경쟁을 통한 산업구조 개선이 필요하다고 보고서는 전했다. 1980년대 중반부터 레미콘산업에 참여한 중소기업들이 2007년까지 단체수의계약 제도와 중소기업 간 경쟁품목 제도를 통해 정부의 보호를 받았고 그 결과 중소 레미콘사는 2000년 594개사에서 2009년 700개사로 30% 가까이 늘었다. 레미콘 전문 대기업의 사업전환이 어려워 연쇄 도산이 우려된다는 지적도 나왔다. 전경련 관계자는 레미콘 대기업 11개사의 매출에서 레미콘이 차지하는 비중이 대부분 90 100%에 달해 사업전환이 매우 어려운 실정 이라며 레미콘이 중기적합업종에 선정되면 11개 대기업에 근무하는 9천74명의 상당수는 직장을 잃거나 중소기업에 재취업해도 현재보다 상대적으로 취약한 처우를 받게 돼 고용불안도 크게 우려된다 고 말했다. 전경련은 앞으로 두부 데스크탑PC 금형 등 주요 품목의 중기적합업종 선정과 관련한 입장 동반성장위원회에 건의할 예정이다.,https://news.naver.com/main/read.nhn?mode=LSD&mid=shm&sid1=260&oid=079&aid=0002260023,284
261540,2011.06.15. 오후 4:31,부동산,매일경제,오피스텔 송파 푸르지오 시티 분양,2011년 6월 대우건설은 송파구 문정동 가든파이브 활성화 단지에 24.90㎡ 52.17㎡의 소형 오피스텔 1 249실과 사우나 휘트니스 골프연습장 게스트룸을 보유한 프리미엄 오피스텔 ‘송파 푸르지오 시티’를 분양한다. 분양가는 3.3㎡당 1 100만원 선이며 견본주택은 종합운동장 사거리 인근 아시아선수촌 아파트 맞은편 서울 송파구 잠실동 196 9번지에 6월 17일 오픈 예정이다. 송파 푸르지오 시티는 남측으로는 코엑스몰의 6.2배 약 24만평 규모의 대형유통 단지인 가든파이브가 현재 입점이 되어 있고 북측에는 문정동 법조타운이 조성돼 동부지법 동부지검 등이 이전될 예정이다. 특히 법조타운 내 미래형 업무용지는 신소재 로봇 등의 미래형 업무 단지로 개발될 예정이다. 교통여건도 뛰어나다. 지하철 8호선 문정·장지역을 도보로 이용 가능하며 송파대로 서울외곽순환도로 송파나들목 수서 분당간 고속화도로를 이용하여 강남 및 수도권 외각 등지로의 접근이 편리하다. 인근에 가락시장 롯데마트가 있으며 가든파이브 블록내에 NC백화점과 킴스클럽 영화관이 있고 이마트도 곧 오픈할 예정이다. 분양문의는 1544 3330번. 문정지구 내에는 문정법조단지와 미래형 업무단지가 조성될 예정으로 추후 문정법조단지의 공공청사 법률관련 오피스 종사자 및 업무단지 종사자들로 동남권유통단지의 오피스텔 수요가 더욱 풍부할 것으로 예상된다. 또한 주변의 굵직한 개발계획도 풍부한 임대수요를 뒷받침 하고 있다. 우선 건축허가가 승인된 제2롯데월드 롯데 슈퍼타워 완공시 2만여 명의 일자리가 창출될 것으로 추정되고 있다. 또한 수도권고속철도 KTX 수서역사가 2014년 개통을 목표로 추진 중이며 가락시장 현대화사업도 고용유발효과를 통해 임대수요를 창출할 것으로 예상된다. 더구나 인근의 위례신도시 장지택지 지구 강남 세곡 보금자리 등 초대형 택지지구 사업이 예정되어 있어 그 중심에 위치한 송파 푸르지오 시티의 가치는 더 주목받을 것으로 예상된다. 송파 푸르지오 시티는 기존 소규모 오피스텔에서는 적용하기 어려웠던 1인 가구를 위한 특화 시설들이 대규모 선보인다. 1인 거주 주거상품의 필수 시설인 사우나 헬스장 골프연습장 등의 스포츠 시설이 설계되어 있으며 2층에는 부모님이나 지인 방문 시 불편하지 않게 묵어갈 수 있도록 게스트룸을 제공하는 등 오피스텔을 단지 잠만 자는 공간이 아닌 취미와 문화를 누리고 건강을 지킬 수 있는 공간으로 설계했다. 기존 오피스텔의 단점인 수납공간 부족을 보완하기 위해 대부분의 가구가 분양가에 포함되어 있는 풀퍼니시드 시스템을 도입하여 바로 입주해 살기 편할뿐만 아니라 높은 공간 활용도를 자랑한다. 각각의 실들은 1 2인 가구의 주거 패턴에 맞는 컴팩트한 유니트로 기존의 단순한 원룸형 구성과는 차별화된 평면으로 계획되었다. 특히 원룸형 오피스텔로는 기존에 볼 수 없었던 1.5베이의 유니트를 과감히 도입하여 기존 원룸에서 가질 수 없는 공간 활용의 가변성 및 쾌적성을 확보하였고 천정고도 기본 2.45m 이상 확보하여 기존 오피스텔 대비 거주공간의 개방성을 제공할 것이다. 또한 대형 오피스텔 최초로 신재생에너지를 적극 도입하여 자연 친화형 오피스텔을 선보인다. 상업시설과 오피스텔 공용부는 신재생 에너지인 지열발전과 태양광발전을 활용하였으며 에너지 성능지표를 고려한 친환경 설계로 여타 일반 오피스텔 대비 뛰어난 관리비 절감효과를 누릴 수 있다. 송파 푸르지오 시티는 부동산 투자의 블루칩으로 떠오르는 소형 오피스텔 구성으로 임대 수익형 상품 투자자의 관심을 끌고 있다. 송파 푸르지오 시티는 지하 5층 지상 15층 규모이며 전용면적 기준으로 24 52㎡ 1 249실로 구성된다. 전용 24 30㎡의 소형이 1 181실로 전체의 94.5%를 차지하고 있는 강남권 대규모 소형 오피스텔로 최근 전세난과 향후 1 2인 가구가 폭발적으로 증가할 것으로 예상되는 인구 수요 패턴에 부응하는 상품으로 구성되어 있다. 분양가 역시 대부분이 2억원 선으로 최근 강남에서 분양한 타 오피스텔에 비해 저렴하다. 또한 통상 50%에 못 미치는 기존 오피스텔과는 달리 평균 51.1%에 달하는 높은 전용률을 갖추고 있어 임대수익 면에서도 유리하다. 매경닷컴 연기홍기자 r start 화보 가희 미애 섹시 댄스 속으로 가계빚 위험 카드사태때의 2배 이건희 삼성전자 회장 돌연 일본行…왜 북한 미모의 女승무원 화제 무면허 한방의료 구당 김남수 기소 ‘섹스 스캔들’ 진관희 기자에게 욕설 ‘이성 상실 ’ 박완규 과거 고백 “지난 10년 동안 한 것 없이 막 살았다” r end ⓒ 매일경제 mk.co.kr 무단전재 및 재배포 금지 MBA도 모바일로 공부한다.,https://news.naver.com/main/read.nhn?mode=LSD&mid=shm&sid1=260&oid=009&aid=0002485208,284
261541,2011.06.15. 오후 4:25,부동산,한국경제TV,분양가 낮춰야 산다,앵커 최근 건설사들이 침체된 분양시장을 돌파하기 위해 고육지책으로 분양가를 잇따라 낮추고 있습니다. 분양가를 심의가격보다 낮게 책정하거나 4년전 가격을 내세우는 곳도 등장했는데 일단 반응은 좋습니다. 이준호 기자의 보도입니다. 기자 건설사들의 무덤 으로 꼽히는 경기도 용인시 일대. 미분양 물량이 많이 쌓여있고 신규 분양 성적도 신통치 않은 대표적인 지역입니다. 그런데 최근 동부건설이 용인시 기흥구에 분양한 아파트는 이례적으로 순위내에서 마감됐습니다. 특히 3순위 청약접수에서 전용면적 101㎡가 2.33대 1의 경쟁률을 기록하기도 했습니다. 실수요자들에게 외면받던 중대형이 전체 주택형 가운데 가장 높은 경쟁률을 보인 것입니다. 인터뷰 이상욱 동부건설 분양소장 분양가격을 심의때 보다 낮고 주변 신규 아파트보다 저렴한 3.3㎡당 1천1백만원 내외로 책정한 점이 실수요자들의 관심을 끌었다. 서울 여의도 한강변이 내려다보이는 한 아파트의 분양가격은 지난 2007년 수준으로 되돌아갔습니다. GS건설이 관련 법 개정으로 임대에서 일반분양으로 전환된 46가구를 4년전 분양가로 새로 분양하기로 한 것입니다. 이처럼 건설사들이 잇따라 분양가를 낮추고 나선 것은 가격 경쟁력외에는 수요자들의 이목을 잡기 힘들다는 데 있습니다. 실제로 최근 서울 강서구에서 대형 건설사 2곳이 동시에 분양에 나섰지만 높은 분양가로 청약자들이 외면해 미달사태가 속출했습니다. 전문가들은 주택경기 침체와 보금자리 주택 등의 영향으로 건설사들의 분양가 다이어트 경쟁은 상당 기간 지속될 것으로 내다봤습니다. WOW TV NEWS 이준호입니다.,https://news.naver.com/main/read.nhn?mode=LSD&mid=shm&sid1=260&oid=004&aid=0002082317,284
261542,2011.06.15. 오후 4:18,부동산,서울경제,서울 65㎡형 이하 아파트 4채중 1채는 노원구에,100 132㎡형은 송파구 196㎡형 이상 서초구 최다 서울에서 99㎡형 이하 공급면적 기준 이하 아파트가 가장 많은 곳은 노원구인 것으로 나타났다. 15일 부동산정보업체 닥터아파트가 서울 25개 자치구의 주택형별 가구 수를 조사한 결과 65㎡형 이하 아파트 4채 중 1채는 노원구에 몰려 있는 것으로 분석됐다. 전체 11만2 313채 중 2만7 367채가 노원구에 있고 ▦강남구 1만8 311채 ▦강동구 1만2 258채 ▦송파구 1만1 679채 등이 그 뒤를 이었다. 신혼부부 등 2인 가구의 수요가 많은 66 99㎡형 아파트 역시 노원구의 비중이 가장 높았다. 전체 37만3 544채 중 15.9%인 5만9 441채가 노원구에 분포해 있기 때문이다. ▦양천구 2만7 139채 ▦구로구 2만3 313채 ▦도봉구 2만719채 등도 해당 주택형의 아파트가 많았다. 반면 최근 주택시장에서 가장 인기가 높은 100 132㎡형 전용면적 85㎡ 내외 아파트는 서울 강남권에 몰려 있다. 송파구 4만7 803채 와 강남구 3만8 808채 가 나란히 1ㆍ2위를 차지했다. 또한 196㎡형 이상 대형 아파트는 서초구와 강남구가 각각 6 606채와 5 869채로 많았고 노원구는 단 8채에 그쳤으며 강북구와 금천구에는 해당 주택형의 아파트가 단 1채도 없었다. 이영진 닥터아파트 소장은 여름방학을 앞두고 강남권을 중심을 전셋값이 다시 오를 조짐을 보이고 있다 며 실수요자들은 소형 아파트 물량이 많은 노원구 일대 아파트를 중심으로 저렴한 물건을 선점할 필요가 있다 고 조언했다.,https://news.naver.com/main/read.nhn?mode=LSD&mid=shm&sid1=260&oid=011&aid=0002160170,284
261543,2011.06.15. 오후 4:18,부동산,서울경제,강남 3구 입성 노려볼까,청담 자이·역삼 SK뷰 등 올 9개 단지 1 807가구 분양 민간공급 6곳중 5곳 재건축 이달부터 강남3구에서 신규 분양물량이 줄지어 나올 것으로 전망된다. 강남3구 진입을 원하는 수요자라면 눈여겨볼 필요가 있다. 15일 부동산써브에 따르면 이달부터 강남3구 9개 단지에서 총 1 803가구가 일반분양된다. 이중 6개 사업장은 민간건설사가 공급하는 물량이고 나머지 3개 사업장은 한국토지주택공사 LH 가 공급하는 송파 위례 강남 세곡 보금자리주택지구의 본청약 물량이다. 민간건설사가 공급하는 6개 단지 가운데 5개가 알짜 입지에 위치한 재건축단지다. 교통 및 생활편의시설 등의 기반시설이 잘 갖춰져 수요자들의 선호도가 높을 것으로 보인다. GS건설은 오는 20일 강남구 청담동 청담한양아파트를 재건축해 공급하는 ‘청담자이’의 1순위 청약을 받는다. 지하 2층 지상 35층 5개 동 총 708가구 중 전용 49ㆍ90㎡ 16가구가 일반분양된다. 지하철 7호선 청담역이 도보 5분 거리에 있고 오는 10월 입주 예정이다. 분양가구 수가 20가구 미만으로 주택법 적용을 받지 않아 청약통장이 없어도 누구나 청약할 수 있다. SK건설도 이달 말 강남 역삼동 개나리5차아파트를 재건축한 개나리SK뷰를 분양할 계획이다. 전용 84 127㎡ 240가구 중 64가구가 일반분양되며 지하철 2호선 및 분당선 선릉역을 도보로 이용할 수 있다. 도성초 도곡초 역삼중 진선여중ㆍ고 단대부중ㆍ고 등이 인접해 있다. 10월에는 롯데건설과 현대산업개발이 서초 방배동 방배2 6구역과 강남구 역삼동 성보아파트를 각각 재건축해 롯데캐슬과 아이파크를 공급할 예정이다. 방배동 롯데캐슬은 683가구 중 372가구가 일반분양된다. 지하철 4ㆍ7호선 이수역이 가깝고 방배초 이수초 이수중 서문여중ㆍ고 등의 교육시설이 인접해 있다. 현대산업개발은 역삼 성보아파트를 재건축해 전용 64 113㎡ 400가구 중 25가구를 일반분양한다. 이밖에도 하반기 중 서초 우면 보금자리주택지구 A1블록에서 민간이 처음으로 공급하는 ‘서초 참누리 에코리치’ 550가구가 분양될 계획이며 7월 중에는 LH에서 송파 위례 강남 세곡 보금자리주택지구 본청약이 진행된다. 700여가구가 예정돼 있으며 사전예약 당첨자 가운데 부적격 및 포기자 물량이 추가로 늘어날 가능성도 높다. 부동산써브 측은 “연초부터 현재까지 강남3구에서 공급된 일반분양 물량이 280가구에 불과해 앞으로 나올 신규 분양에 수요자들의 관심이 높을 것을 보인다”고 내다봤다.,https://news.naver.com/main/read.nhn?mode=LSD&mid=shm&sid1=260&oid=011&aid=0002160169,284
261544,2011.06.15. 오후 4:18,부동산,서울경제,하반기 수도권 전셋값 5% 오를것,집값은 수도권 1%·지방 3 4% 상승 예상 주택산업硏 시장 전망 올해 하반기 서울ㆍ수도권 집값은 1% 내외 전세가격은 5% 상승할 것이라는 전망이 제기됐다. 김덕례 주택산업연구원 연구위원은 15일 2011년 하반기 주택시장 전망 보고서를 통해 서울ㆍ수도권 집값은 매매가격 하락에 대한 불안심리와 추가 금리인상 가능성 보금자리 추가 지정 등의 영향으로 약보합세를 유지할 것으로 전망했다. 다만 지방은 현재의 상승흐름이 지속되며 집값 상승률이 3 4%에 이를 것으로 예상됐다. 전세가격은 입주량이 예년에 비해 5만가구 정도 감소하면서 상승세가 이어질 것으로 분석했다. 다만 전세계약이 2년 단위로 이뤄지는 점을 감안할 때 지난 2009년 하반기에 전세가격이 상승했기 때문에 올 하반기에는 전세가격 상승폭이 올 상반기 6.4% 보다 낮아 4 5% 수준에 이를 것으로 예측했다. 김 연구위원은 현재의 전세난은 2008년 이후 공급량이 줄어든데다 집값 상승에 불확실성에 따른 전세 선호가 겹치면서 나타난 현상 이라고 말했다. 건설업체를 대상으로 조사한 주택건설전망 BSI는 115.0 대형 업체 143.8 중소형 업체 95.8 로 나타나 대형 업체들이 그동안 유보했던 물량을 공급하면서 상반기보다 공급량이 증가할 것으로 전망됐다. 주택거래전망 BSI도 107.0로 나타나 상반기에 비해 거래가 다소 활발해질 것으로 관측됐다. 주택거래전망 BSI는 수도권 106.1 지방 110.0으로 지방 부동산시장이 활기를 띨 것으로 전망됐다. 건설업체와 부동산중개업소를 대상으로 실시한 설문 결과 서울ㆍ수도권의 매매가격은 2011년 하반기 2012년 상반기에 상승하고 전세가격 상승세는 2012년까지 이어질 것이라는 응답이 높았다. 실수요자의 적정 주택구입 시기는 2011년 하반기가 적절한 것으로 조사됐다. 김 연구위원은 설문 결과 하반기 주택시장에 영향을 미치는 가장 큰 변수가 심리적 요인으로 조사됐다 면서 서울ㆍ수도권에 팽배한 불안심리를 최소화할 수 있는 정책의 지속적인 추진이 필요하다 고 지적했다.,https://news.naver.com/main/read.nhn?mode=LSD&mid=shm&sid1=260&oid=011&aid=0002160168,284
261545,2011.06.15. 오후 4:14,부동산,뉴시스,기자수첩술접대 이어 뇌물까지 국토부의 코미디,서울 뉴시스 김형섭 기자 국토해양부가 잇달은 비위로 구설수에 오르고 있다. 소속 공무원 10여명이 외유성 행사에서 산하기관과 민간업체로부터 향응을 제공받은 사실이 알려진데 이어 현직 과장이 뇌물 수수 혐의로 검찰에 체포된 것이다. 같은날 잇달아 터진 악재에 국토부는 해명을 하느라 진땀을 뺐다. 그러나 그 해명이란게 너무나 옹색해 코미디에 가깝다는 느낌을 받는다. 국토부 수자원정책국 소속 공무원 15명은 지난 3월말 제주도에서 열린 연찬회에 참석한 직후 수자원공사 및 용역업체 직원들로부터 273만원 어치의 저녁식사와 술접대를 받았다가 총리실에 적발됐다. 국토부는 이에 대해 해당 공무원들이 당시 비용을 지불한 수자원공사 및 민간 용역업체 직원들에게 개인별로 9 15만원의 비용을 나눠 송금했다 고 15일 해명했다. 그러나 이들이 돈을 송금한 시점은 이미 접대 사실이 총리실에 적발된 이후다. 당시에는 아무 생각 없이 접대를 받았다가 문제가 되자 돈을 나눠낸 모양새를 취한 것이다. 국토부의 옹색한 변명은 현직 과장의 체포 사건에서도 이어졌다. 이날 국토부 현직 과장 B씨는 지난해말 G리츠 부동산투자신탁회사 로부터 500만원 상당의 산삼과 현금 2000만원을 받아 챙긴 혐의로 검찰에 체포됐다. 그런데 국토부는 당초 예정에도 없던 리츠 관리감독 방안 을 14일 내놨다. B과장은 국토부에서 리츠를 관리하는 부서의 담당 과장이다. 국토부에 따르면 B과장은 13일 연차를 내고 출근하지 않았으며 이날 국토부는 리츠 관리감독 방안을 14일에 배포할 예정이라고 갑작스레 예고했다. B과장에 대한 검찰 수사가 시작되자 국토부가 여론을 무마하기 위해 서둘러 대책을 발표했다는 의심이 드는 대목이다. 국토부는 해명자료를 통해 B과장의 체포와는 무관한 것이라고 주장했지만 액면 그대로 받아들이기는 어렵다. 국토부의 주장대로라 하면 그것 자체로 또 코미디다. 실무자가 리츠로부터 뒷돈을 받은 혐의를 받고 있는 상황에서 부실 리츠를 관리감독하고 위법행위시 행정처분을 내리겠다는 대책을 내놨으니 말이다. 더욱이 일련의 해명과정에서 자기반성이나 국민에 대한 사과는 한 줄도 찾아볼 수 없었다. 오히려 이날 국회 국토해양위원회 업무보고에 나선 권도엽 국토부 장관이 부하 직원들의 비위때문에 고개를 숙이고 국민들 앞에 사과했다. 지난 1일 취임사에서 공직자 비리는 일벌백계하겠다 고 밝힌 권 장관이다. 국회와 국민을 상대로 한 사과가 진심이었기를 바란다.,https://news.naver.com/main/read.nhn?mode=LSD&mid=shm&sid1=260&oid=003&aid=0003911667,284
261546,2011.06.15. 오후 4:13,부동산,아시아경제,주산연 하반기 아파트 전세 45% 상승,아시아경제 진희정 기자 올 하반기 주택시장은 매매가격이 안정된 가운데 전셋값 강세로 인한 시장불안이 이어질 것으로 전망된다. 상반기에 이어 서울ㆍ수도권 지역의 매매가격이 약보합세를 유지하겠으나 전셋값은 5%대 상승할 것이란 분석이다. 15일 주택산업연구원은 이 같은 내용의 2011년 하반기 주택시장전망 보고서를 발표했다. 보고서에 따르면 매매가는 서울 등 수도권 아파트가 1% 전국은 4% 상승할 것으로 예상된다. 또 전세가는 강세를 계속 유지하며 전국적으로 5% 오를 것으로 보인다. 특히 수도권 매매시장은 매매가격 하락에 대한 불안 심리와 보금자리주택 금리 인상의 악재가 겹치며 1% 안팎의 강보합세를 보일 것으로 진단했다. 다만 지방은 당분간 상승세를 지속하며 3 4% 정도 올라갈 것으로 전망했다. 반면 전셋값은 6개월 평균 15만 가구 이상 공급되던 입주물량이 하반기 5만 가구 정도 부족해지면서 전국적으로 4 5% 상승할 것으로 전망했다. 전세계약 주기인 2년 전 하반기 전세가격 상승으로 올 하반기는 상반기에 비해 상승폭은 줄어들 것으로 보고서는 풀이했다. 이어 보고서는 전국적인 전세가격 상승세가 당분간 지속될 것으로 전망된다 며 서울ㆍ수도권 매매가격 상승시점으로 올 하반기부터 내년 상반기로 기대하는 심리가 많아지면서 실수요자들의 주택구입시기에 대한 신중한 검토가 필요한 시점 이라고 덧붙였다. 주택시장 회복 기대심리에 따라 주택건설 BSI Business Survey Index 지수는 115.0로 나타났다. 대형업체 중심으로 그 동안 공급시기를 유보했던 물량들이 시장에 공급되면서 공급량이 상반기보다 증가할 것으로 예상했다. 주택거래 BSI지수도 107.0으로 나타나 하반기 주택거래는 상반기의 거래침체를 벗어날 것으로 예상됐다. 특히 수도권보다는 지방중심의 거래가 좀 더 활발할 것으로 전망했다. 한편 연구원이 건설업체와 부동산 중개업소를 대상으로 하반기 주택시장에 가장 큰 영향 요인을 묻는 설문조사에서는 매매가격 전망과 심리적 요인의 변화 가 1순위로 꼽혔다. 김덕례 주택산업연구원 연구위원은 향후 수도권 전세시장을 관리할 수 있는 정책수단 보완이 필요하다 며 주택시장에 팽배해 있는 불안 심리를 안정화 시킬 수 있는 정책이 지속적으로 보완 추진될 경우 가을이사철을 전후로 서울ㆍ수도권 시장의 회복세를 기대할 수 있을 것 으로 말했다.,https://news.naver.com/main/read.nhn?mode=LSD&mid=shm&sid1=260&oid=277&aid=0002623680,284
261547,2011.06.15. 오후 4:12,부동산,서울경제,문정지구 브랜드 오피스텔촌으로,송파구 문정지구 개발이 속도를 내면서 이곳에서 일하는 직장인들의 이주 수요를 노린 건설업체들의 오피스텔 공급도 활발해지고 있다. 문정지구 동남권 유통단지 일대 전경. 한화 이어 대우건설 등 2 3개 대형사 잇달아 분양 채비 서울 송파구 문정동 일대 문정지구가 대규모의 브랜드 오피스텔촌 으로 탈바꿈하고 있다. 올해 초 한화건설이 대규모 오피스텔을 분양해 성공을 거둔 후 대우건설이 이달 분양을 시작하는 것을 비롯해 2 3개 건설사들이 오피스텔 분양을 추진하고 있다. 15일 서울시에 따르면 문정지구는 오는 2013년까지 법원과 검찰청 등 법조단지와 신소재ㆍ로봇 등 미래형 업무단지로 개발된다. 지난해 11월에 착공한 문정지구는 중앙부에 이미 건물이 완공된 가든파이브 라이프관이 운영되고 있으며 NC백화점 킴스클럽 CGV송파 영화관 등이 들어섰다. 조만간 이마트도 입점할 계획이다. 이 같은 계획에 따라 이 일대로 이주할 직장인들이 늘면서 올해 초 문정지구에서 첫 번째로 분양한 오피스텔이 큰 인기를 끌었다. 한화건설이 가든파이브 활성화단지 1 1구역에서 분양한 송파 한화 오벨리스크 는 1 533실에 달하는 대단지였음에도 청약은 물론 계약까지 일주일 만에 완료됐다. 문정지구에 오피스텔 붐이 이는 것은 이 일대 개발이 가시화되면서 임대 수요가 늘고 있는 반면 지하철 8호선 문정역과 장지역 일대에는 노후화된 주택촌이 대다수를 이루고 있기 때문이다. 문정동 K공인 사장은 현재 다소 노후된 오피스텔이 보증금 500만원에 월세 50만 80만원 수준으로 거래되고 있는데 물량이 거의 없고 가락시장역 인근까지는 가야 오피스텔을 구할 수 있다 고 말했다. 이에 따라 대형 건설사들의 오피스텔 공급도 잇따르고 있다. 이달에는 가든파이브 활성화단지 1 2블록에서 두 번째로 대규모 오피스텔 단지가 분양된다. 대우건설이 분양할 예정인 송파 푸르지오 시티 로 지상 15층 1개 동 1 249실 규모다. 전용 25 52㎡의 소형 중심으로 이뤄진다. 대우건설은 이번에 기존 원룸형 오피스텔에서는 볼 수 없었던 1.5베이의 유닛을 도입한 독특한 오피스텔을 선보일 계획이다. 분양가는 송파 한화 오벨리스크와 비슷한 3.3㎡당 1 200만원 수준으로 2013년 8월 입주 예정이다. 이 밖에 인근의 문정지구 특별계획구역 5블록과 6블록에서도 오피스텔과 주상복합 공급이 시작될 것으로 전망된다. 이들 물량까지 공급되면 이 일대는 총 6 000여실의 오피스텔 타운으로 거듭나게 된다.,https://news.naver.com/main/read.nhn?mode=LSD&mid=shm&sid1=260&oid=011&aid=0002160165,284
261548,2011.06.15. 오후 4:08,부동산,파이낸셜뉴스,대우건설 서울 문정동에 오피스텔 1249실 분양,대우건설은 서울시 송파구 문정동 일대에서 ‘송파 푸르지오 시티’ 오피스텔 1249실 조감도 을 분양한다. 지하5∼지상15층 1개동인 이 오피스텔은 1∼2층에 판매시설과 오피스 2층 를 포함하고 있다. 오피스텔 면적은 최근 수요자들의 인기를 얻고 있는 전용 25∼52㎡의 소형으로 구성됐다. ‘송파 푸르지오 시티’는 송파구 문정동 가든파이브 활성화단지 1 2블록에 위치해 있어 위례신도시 장지지구 세곡지구로 이어지는 강남 신 주거벨트 개발에 따른 수혜를 기대할 수 있다는 게 회사 측의 설명이다. 천정고는 기본 2.45m 이상 확보해 거주 공간의 개방성을 높였다. 견본주택은 종합운동장 사거리 인근 아시아선수촌 아파트 맞은편인 서울 송파구 잠실동 196 9번지에 17일 문을 열 예정이다. 입주는 2013년 8월이며 분양가는 3.3㎡당 1200만원대다.,https://news.naver.com/main/read.nhn?mode=LSD&mid=shm&sid1=260&oid=014&aid=0002457339,284
261549,2011.06.15. 오후 4:05,부동산,경향신문,아파트 거래 급감하고 가격도 떨어져,전국의 아파트 거래량이 급감하고 거래가격도 떨어진 것으로 나타났다. 국토해양부는 지난달 신고된 전국 아파트 실거래 건수는 총 4만807건으로 전월 5만5586건 보다 13.5% 7509건 감소했다고 15일 밝혔다. 수도권의 감소세가 두드러져 서울 3805건으로 20% 수도권 1만5080건으로 15.9% 가 감소했다. 서울과 수도권의 감소세는 4월에 이어 두달째다. 부동산경기 바로미터로 불리는 강남 3구의 아파트는 지난달 신고건수가 전월대비 21.6% 줄어든 575건에 머물렀다. 상대적으로 부동산경기가 좋았던 지방 광역시 제외 도 12.3% 감소한 3만2997건을 기록하며 올 들어 최초로 감소세로 돌아섰다. 16개 시·도 중에서는 최근 국제과학비즈니스벨트 세종시 등 호재가 있는 충남도 4080건 만 유일하게 28% 899건 증가했고 나머지 15개 시·도는 모두 감소했다. 거래가 줄면서 가격도 떨어져 서울 강남구 대치동 은마아파트 전용면적 77㎡는 지난 4월 최고 9억6500만원까지 팔렸으나 5월에는 최고가가 9억2600만원으로 떨어졌다. 서울 서초구 반포동 AID차관 전용 73㎡는 전월 대비 2000만 4000만원 가격이 떨어진 12억1000만 12억3000만원에 거래됐다. 디지털뉴스팀 손봉석 기자 paulsohn khan.co.kr 경향신문 ‘오늘의 핫뉴스’ “과 수석이 학비 없어 자퇴…” 교수 1인시위 서러운 알바 여대생… 내가 사람이긴 한 건가 서울대생 절대 대통령 안돼야할 인물 1위 “B급 대학에 왜 비싼 돈주고 다니냐고요 ” 대학생 ‘신용카드 강간’…결국 ‘마루타 알바’ 병무청장 “MC몽 입대발언 쏙 들어가”…왜 공식 SNS 계정 경향 트위터 미투데이 페이스북 세상과 경향의 소통 Khross ⓒ 경향신문 경향닷컴 www.khan.co.kr 무단전재 및 재배포 금지 〈경향닷컴은 한국온라인신문협회 www.kona.or.kr 의 디지털뉴스이용규칙에 따른 저작권을 행사합니다.,https://news.naver.com/main/read.nhn?mode=LSD&mid=shm&sid1=260&oid=032&aid=0002142223,284
261550,2011.06.15. 오후 3:56,부동산,연합뉴스,분양소식 대우건설 송파 푸르지오시티,서울 연합뉴스 강건택 기자 대우건설은 오는 20일부터 서울 송파구 문정동 가든파이브 활성화단지에서 송파 푸르지오시티 오피스텔을 분양한다고 15일 밝혔다. 전용면적 24.90 52.17㎡ 1천249실과 사우나 휘트니스센터 골프연습장 게스트룸 등으로 구성된다. 분양가는 3.3㎡당 평균 1천100만원 선에서 책정된다. 오피스텔 남쪽으로는 코엑스몰의 6.2배 크기인 대형 유통단지 가든파이브가 입점하고 있고 북쪽으로는 문정동 법조타운이 조성돼 서울동부지법과 서울동부지검이 들어올 예정이다. 대우건설 관계자는 법조타운과 동남권 유통단지가 조성되면 오피스텔 수요가 더욱 풍부해질 것으로 예상된다 며 기존 오피스텔과 달리 평균 51.1%의 높은 전용률로 설계돼 임대 측면에서도 유리하다 고 말했다. 지하철 8호선 문정역과 장지역을 도보로 이용할 수 있고 송파대로 서울외관순환도로 송파나들목 수서 분당 고속화도로를 통해 강남과 수도권 외곽으로 진입할 수 있다. 잠실 종합운동장사거리 인근 아시아선수촌 아파트 맞은 편에서 17일 견본주택을 개관한다.,https://news.naver.com/main/read.nhn?mode=LSD&mid=shm&sid1=260&oid=001&aid=0005114386,284
261551,2011.06.15. 오후 3:47,부동산,MBN,뇌물에 횡령·향응까지…진흙탕 국토부,앵커멘트 국토부의 현직 과장이 거액의 금품을 받고 긴급 체포됐습니다. 또 국토부 직원들이 무더기로 향응을 받는 등 국토부가 곪을 대로 곪았다는 지적입니다. 오택성 기자입니다. 기자 국토해양부의 현직 과장이 거액의 금품을 받은 혐의로 검찰에 긴급 체포됐습니다. 서울 남부지검은 국토부의 부동산관련 부서 B 모 과장을 부동산업체로부터 수천만 원의 뇌물을 받은 혐의로 체포했다고 밝혔습니다. 검찰에 따르면 B 과장은 500만 원 상당의 산삼과 현금 2천만 원이 든 선물상자 등 3 200만 원을 받은 혐의를 받고 있습니다. 검찰은 G리츠사 사주 최씨로부터 주가조작 사건을 수사하다 이 같은 진술을 확보했습니다. 앞서 국토해양부 직원들이 무더기로 4대 강 업체에서 향응을 받는 등 접대 파문으로 얼룩지고 있습니다. 직원 15명은 지난 3월 말 제주도 연찬회 이후 술접대를 받았다가 총리실에 적발됐습니다. 논란이 확산하자 국토부는 단란주점과 나이트클럽에서 접대를 받았고 문제가 되자 유흥 비용을 송금했고 15명은 징계했다고 해명했습니다. 특히 국토해양부 산하의 공기업들도 바람잘 날이 없습니다. 한국토지주택공사 LH의 고위 임원은 건설업체로부터 거액의 돈을 받아 검찰 수사를 받고 있었고 교통안전공단도 수십억 원의 국고를 횡령한 혐의로 경찰 수사를 받는 상황입니다.. 뒷돈 챙기고 국고 빼돌리고 횡령에 술접대까지 진흙탕으로 변해버린 국토해양부 대수술이 필요하다는 지적입니다. MBN뉴스 오택성입니다.,https://news.naver.com/main/read.nhn?mode=LSD&mid=shm&sid1=260&oid=057&aid=0000167185,284
261552,2011.06.15. 오후 3:42,부동산,파이낸셜뉴스,5천여 건설업체 분양가상한제 폐지 각계에 탄원,대한건설단체총연합회는 전국의 주택 관련 건설업체 5445개사의 서명을 받아 분양가상한제 폐지를 요청하는 내용의 탄원서를 국회 국토해양위원회와 각 정당 정책위의장 앞으로 보냈다고 15일 밝혔다. 건단련은 대한주택협회 대한전문건설협회 한국주택협회 등 18개 건설단체 모임이다. 건단련은 탄원서에서 “건설산업의 회생을 위해선 단기적인 대책보다 주택경기 침체의 주요 원인으로 작용하는 상한제의 폐지가 시급하다”며 “6월 임시국회에서 상한제가 개선되지 않으면 건설업계는 벼랑 끝에 내몰릴 수밖에 없는 절박한 한계상황에 처할 것”이라고 호소했다. 건단련은 2007년 9월 상한제 시행 이후 연간 주택건설 물량은 38만가구로 이전 3년 평균치인 50만가구에 비해 24% 줄었다고 주장했다. 여기에 총부채상환비율 DTI 과 담보가치인정비율 LTV 규제 낙후된 건설금융시스템 건설사들의 무분별한 사업 확장 등 악재가 겹치면서 상위 100대 건설사 중 27개사가 법정관리나 워크아웃에 들어가고 13개사가 대주단협약에 가입해야 했다. 건단련은 “상한제는 2007년 당시 급등하는 주택가격 안정을 위해 도입됐지만 지금처럼 주택시장이 극도로 침체된 상황에서는 도입 취지가 무색할뿐 아니라 서민경제에도 악영향을 끼친다”고 말했다. 대한건설협회 한국주택협회 등 건설단체들은 16일 서울 강남구 논현동 임페리얼팰리스 호텔에서 가질 조찬 간담회에서도 분양가상한제 폐지 최저가낙찰제 확대 시행 유보 등 건설현안을 건의할 계획이다.,https://news.naver.com/main/read.nhn?mode=LSD&mid=shm&sid1=260&oid=014&aid=0002457308,284
261553,2011.06.15. 오후 3:36,부동산,머니투데이,4대강 유지보수에 매년 2400억원 예산 투입,머니투데이 송지유 기자 다기능 보와 홍수조절지 관리는 수공이 관리…국토부 4대강 관리방안 대통령에 보고 ↑4대강 금강 금남보 현장 전경 올해 공사가 마무리되는 4대강 보와 생태공원 자전거길 등 유지관리에 매년 예산 2400억원이 투입될 예정이다. 4대강 본류의 다기능 보와 홍수조절지 관리는 한국수자원공사가 맡는다. 국토해양부는 이 같은 내용의 4대강 하천유지관리방안을 확정해 최근 이명박 대통령에게 보고했다고 15일 밝혔다. 이에 따라 4대강 공사가 끝나는 내년부터 한강·낙동강 등 4대강 살리기 사업구간 1956㎞ 을 포함한 국가하천 61개소 2979㎞ 유지보수 비용으로 매년 2400억원이 투입된다. 그동안 지자체가 투입한 국가하천 유지보수비가 연간 250억원 국가보조금 50억원 포함 안팎인 점을 감안하면 10배 가까이 늘어나는 셈이다. 4대강 살리기 사업으로 보 둔치 생태공원 등 관리범위가 종전보다 넓어져 유지보수비용도 늘었다고 국토부는 설명했다. 홍형표 국토부 수자원정책관은 서울시 한강사업본부는 현재 한강 42㎞를 유지보수하는데 ㎞당 11억원을 쓰고 있다 며 4대강 유지보수비는 ㎞당 8000만원으로 서울시의 10%에도 못미치는 수준 이라고 말했다. 그동안 지자체에 일임했던 국가하천 유지보수 업무 가운데 4대강 본류의 보 제방 준설 등 중요한 하천시설 및 구간은 국가가 직접 수행하거나 수자원공사에 위탁하는 등 역할을 분담하기로 했다. 앞으로 국토부는 댐 보 저수지간 연계운영 계획과 4대강 유지관리계획 수립을 총괄한다. 4대강 본류의 16개 다기능 보와 2개의 홍수조절지 문화관 등 관리는 수자원공사가 맡는다. 이를 위해 6월 국회에서 하천법을 개정해 현재 댐 관리만 가능한 수공의 업무영역을 확대할 방침이다. 지자체는 4대강 이외 국가하천 유지보수와 4대강 구간 둔치 자전거도로 생태공원 습지 등 친수시설 관리를 책임진다. 4대강 구간 유지보수비는 국고에서 상당수 지원할 전망이다. 우선 국토부가 둑.저수로 등 시설물 관리와 수공의 보.홍수조절지 관리에 1000억원의 예산을 투입한다. 나머지 지자체 관리구간에 투입할 1400억원은 국가와 지자체가 나눠서 부담하기로 했다. 국가와 지자체 비용 분담 비율은 아직 정해지지 않았다.,https://news.naver.com/main/read.nhn?mode=LSD&mid=shm&sid1=260&oid=008&aid=0002556007,284
261554,2011.06.15. 오후 3:34,부동산,이데일리,보금자리 150만가구 목표 재검토 움직임,국토연구원 검토 중..LH 120만가구 적정 의견 이데일리 박철응 기자 정부가 2018년까지 보금자리주택 150만가구를 건설하겠다던 목표를 하향조정할 전망이다. 15일 건설업계에 따르면 국토연구원은 장기주택종합계획을 연구하면서 보금자리 150만가구 목표치의 타당성을 검토하고 있다. 또 한국토지주택공사 LH 는 최근 국토부의 요청을 받고 150만가구 공급은 현실적으로 무리이며 120만가구 가량이 적절하다 는 의견을 제시했다. 국토연구원은 국토 및 주택 분야의 대표적인 국책연구기관이다. 국토부는 10년 주기로 작성하는 장기주택종합계획을 2년 앞당겨 오는 7월 수립할 예정이다. 연구원 관계자는 인구 구조의 변화 등을 장기주택종합계획에 어떻게 반영할지 연구하고 있으며 보금자리 공급 목표치에 대해서도 한 분야로 검토하고 있다 고 말했다. LH의 경우 과거 10년간 사업승인 물량이 아닌 착공 물량을 근거로 120만가구를 적정 목표로 판단했다. 목표치 150만가구는 연간 주택공급 필요량을 50만가구로 보고 통상 30% 가량을 공공에서 부담한다는 점을 감안해 연간 15만가구씩 10년간 공급한다는 것이었다. 하지만 과거 10년간 추세를 봤을 때 연간 50만가구 가량을 사업승인해도 실제 착공은 35만가구에 불과했다는 것이다. 따라서 연간 목표 물량을 40만가구 정도로 잡고 공공의 몫은 12만가구 수준으로 보는게 타당하다는 분석이다. 이에 대해 국토부 관계자는 종합적으로 검토하고 있는 사항 이라고 말했다. 하지만 또 다른 관계자는 150만가구라는 목표는 상수로 둬 변하지 않고 연차별 공급계획은 조정을 검토하고 있다 고 말했다. 부동산 경기 침체와 LH의 자금난 등이 겹쳐 사실상 보금자리 150만가구 목표 달성은 어려워졌다는 게 중론이다. 정부는 2008년 10년간 보금자리 150만가구 수도권 100만가구 를 공급하겠다고 밝혔으며 이듬해인 2009년 8월에는 MB정부 임기 내인 2012년까지 수도권에서 당초 목표보다 20만가구를 늘려 모두 60만가구 그린벨트 32만가구 를 조기 공급하겠다고 발표했다. 하지만 실제 수도권 보금자리 공급 실적을 보면 2009년 10만3000가구 2010년 12만8000가구 수준에 그치고 있다. 목표를 달성하려면 올해와 내년에 총 37만가구를 추가로 공급해야 한다는 계산이다. 현실성이 떨어진다. 당장 올해 사업물량도 국토부의 약속과는 동떨어진다. 국토부는 올해 공공주택 공급계획 21만가구 중 16만8000가구를 LH가 맡을 것이라고 밝힌 바 있다. 하지만 현재 LH는 10만가구가 마지노선이라고 버티고 있으며 국토부는 최소 12만가구를 요구하고 있다. 국토부의 요구대로 관철된다하더라도 당초 계획과는 격차가 크다. 한 건설업계 관계자는 보금자리 공급 목표는 정치적으로 부풀려진 측면이 있다 면서 정권 초기에는 부동산 가격이 오를 것이란 전망을 했을 수 있고 LH 재정난이 절박하게 불거지지 않았다 고 말했다. 그는 이어 참여정부 때 국민임대 목표치가 150만가구였다는 점도 감안한 것 같다 고 덧붙였다.,https://news.naver.com/main/read.nhn?mode=LSD&mid=shm&sid1=260&oid=018&aid=0002452976,284
261555,2011.06.15. 오후 3:29,부동산,노컷뉴스,대우건설 역세권 오피스텔 송파 푸르지오 시티 분양,8호선 문정·장지역 도보 이용…가든파이브 법조타운 인접 CBS산업부 정재훈 기자 대우건설은 서울 송파구 문정동 가든파이브 활성화 단지 1 2BL에서 프리미엄 오피스텔 송파 푸르지오 시티 를 이달 중 분양한다고 15일 밝혔다. 송파 푸르지오 시티 는 24.90 52.17㎡의 소형 오피스텔 1천249실과 사우나 휘트니스 골프연습장 게스트룸이 들어선다. 분양가는 3.3㎡당 1천100만원 선이며 견본주택은 오는 17일 잠실 종합운동장 사거리 인근 아시아선수촌 아파트 맞은편에 문을 열 예정이다. 송파 푸르지오 시티 는 남쪽으로는 대형유통 단지인 가든파이브가 입점돼 있고 북쪽에는 문정동 법조타운이 조성돼 동부지법 동부지검 등이 이전될 예정이다. 특히 법조타운 내 미래형 업무용지는 신소재 로봇 등의 미래형 업무단지로 개발될 예정이다. 지하철 8호선 문정 장지역을 걸어서 이용할 수 있고 송파대로 서울외곽순환도로 송파나들목 수서 분당간 고속화도로를 이용해 강남 및 수도권 외곽 등으로 접근이 편리하다. 인근에 가락시장 롯데마트가 있으며 가든파이브 블록내에 NC백화점과 킴스클럽 영화관이 있고 이마트도 곧 오픈할 예정이다.,https://news.naver.com/main/read.nhn?mode=LSD&mid=shm&sid1=260&oid=079&aid=0002259991,284
261556,2011.06.15. 오후 3:28,부동산,뉴시스,권도엽 연찬회 관례지만 부적절했다,서울 뉴시스 박정규 기자 권도엽 국토해양부 장관은 15일 국토부 직원들이 지난 3월 4대강사업 공사 업체들로 부터 향응을 받다가 적발됐다는 보도와 관련 관례적으로 해오던 것이지만 부적절했다 고 공식 사과했다. 권 장관은 이날 국회 국토해양위원회 전체회의에서 이번 향응접대 보도에 대한 의원들의 질타에 공직기강 확립과 청렴도 제고를 통해 재발하지 않게 하겠다 며 이같이 밝혔다. 권 장관은 이번 파문의 배경이 된 연찬회에 대해 한국하천협회가 연례적으로 주최해오던 연찬회의 일환 이라며 하천분야 공무원 및 학계 등 전문가 1200명도 참석해 하천분야 정보 공유 등을 하는 국내에서는 가장 큰 하천분야 세미나였다 고 전했다. 이어 국토부 서기관 이하 여직원 2명을 포함해 17명이 참여했다 며 룸살롱에서 향응을 제공받았다는 내용에 대해서는 전체 참석했던 17명 중 15명이 행사 후 횟집에서 식사하고 인근 노래방과 디스코클럽에 가서 음주를 한 것으로 전해졌다 고 말했다. 그러나 권 장관은 비용들은 추후에 개인별로 분담해서 송금 조치했다 며 숙박비는 개인 출장비 규정에 의해 제출했고 다만 강사로 초청한 공무원의 경우에는 하천협회가 부담했다 고 밝혔다. 권 장관은 또 관련 업체들로부터 행사참여금 명목으로 1억7000만원을 걷었다가 1억5700만원 가량의 돈이 남았다는 보도 내용에 대해서는 1억5700만원은 주최 측인 협회에서 처리해서 상세 내용은 파악하지 못했다 고 언급했다.,https://news.naver.com/main/read.nhn?mode=LSD&mid=shm&sid1=260&oid=003&aid=0003911477,284
261557,2011.06.15. 오후 3:28,부동산,머니투데이,국토부 왜 이러나 향응접대에 뇌물까지…,머니투데이 이군호 기자 소속 공무원들의 제주도 연찬회 향응 접대와 현직 과장의 뇌물 수수 소식이 전해진 국토해양부에 대해 공직기강 해이를 질타하는 목소리가 높아지고 있다. 연이어 벌어진 불미스러운 일로 국토부는 공황상태에 빠져 있다. 15일 국무총리실 공직복무관리관실 등에 따르면 국토부는 지난 3월 제주도에서 나흘간 자연친화적 하천관리 연찬회를 개최하면서 일부 공무원들이 밥을 얻어먹고 술 접대 등 향응을 받은 것으로 알려졌다. 총리실은 국토부 직원 10여명이 연찬회에서 부적절한 행위를 한 사실을 확인하고 국토부 감사관실에 징계 조치를 취하라고 통보했다고 밝혔다. 제주도 연찬회 사건이 불거진 뒤 곧바로 현직 과장의 뇌물사건이 터졌다. 서울남부지검 형사5부 부장검사 김주원 는 15일 부동산투자신탁회사 대표에게서 산삼 등 수천만원 상당의 뇌물을 받은 혐의 수뢰 로 현직 국토부 과장 B모씨에 대해 구속영장을 청구했다. 검찰에 따르면 B씨는 지난해 12월30일 경기도 과천시의 한 식당에서 G리츠 사주인 최모씨로부터 시가 500만원 상당의 산삼과 2000만원이 든 선물상자를 받는 등 수차례에 걸쳐 3200만원 어치의 금품을 받은 혐의를 받고 있다. 앞서 국토부 산하 한국토지주택공사 LH 고위 임원이 건설사로부터 거액의 돈을 받은 혐의로 검찰 수사를 받고 있고 수십억원의 국고를 횡령한 혐의로 교통안전공단에 대한 수사도 진행 중이어서 비리백화점이라는 비난을 받을 수밖에 없다. 이처럼 연이어 불미스러운 사건이 터지자 국토부의 공직기강 해이를 질타하는 목소리가 높아지고 있다. 일각에서는 부처 공무원들이 민원인과의 만남이 잦은 만큼 터질 것이 터졌다는 반응도 나오고 있다. 권도엽 장관은 이날 국회 국토해양위원회 전체회의에 참석했다가 의원들로부터 호된 질타를 받았다. 권 장관은 업무보고에 앞서 일부 직원의 부적절하고 불미스러운 일로 국민들께 심려를 끼쳐 대단히 죄송하다 며 사과했다. 한 국토부 고위 공무원은 권 신임장관이 취임 일성으로 비리 문제는 일벌백계하겠다며 밝힌 상황에서 이 같은 사건이 불거져 곤혹스럽게 됐다 며 당분간 민원인과의 접촉을 줄이거나 외부 만남을 금해야 하지 않겠냐 고 말했다.,https://news.naver.com/main/read.nhn?mode=LSD&mid=shm&sid1=260&oid=008&aid=0002555998,284
261558,2011.06.15. 오후 3:23,부동산,머니투데이,현대산업개발 100억 대 탈세 혐의 피소,머니투데이 홍혜영 MTN기자 현대산업개발이 100억 원대 탈세 혐의로 피소됐습니다. 서울중앙지방검찰청은 울산에 있는 현대산업개발 아이파크 시행사 이 모 대표가 지난 10일 정몽규 회장 등 임원 4명을 탈세 혐의 등으로 고소했다고 밝혔습니다. 이 대표는 소장에서 현대산업개발이 아파트 발코니 확장공사비를 분양가에 포함된 것처럼 속이고 미분양 아파트 600여 세대를 매각하면서 세금 164억 원을 내지 않았다 고 주장했습니다. 이에 대해 현대산업개발은 미분양 아파트 매매 부분은 부가세 신고 대상이 아니라면서 탈세 의혹은 사실과 다르다 고 반박했습니다. 또 시행사 측이 토지대금을 부풀려 일부 대금을 빼돌리는 사실 등이 드러나 지난 4월 검찰에 시행사 대표를 고소했다고 밝혔습니다. 검찰은 조만간 이 대표와 현대산업개발 관계자를 차례로 불러 조사할 계획입니다.,https://news.naver.com/main/read.nhn?mode=LSD&mid=shm&sid1=260&oid=008&aid=0002555993,284
261559,2011.06.15. 오후 3:17,부동산,매일경제,가든파이브에서 오피스텔 1249실 분양,대우건설이 송파구 문정동 가든파이브 활성화단지 1 2블럭에서 오피스텔 1249실로 구성된 송파 푸르지오시티 를 분양한다. 전용면적 24.9 52.17㎡ 규모로 분양가는 3.3㎡당 평균 1100만원 선이다. 송파 푸르지오시티는 기존 오피스텔과 달리 다양한 커뮤니티시설이 조성되는 것이 특징이다. 단지내에 사우나 헬스장 골프연습장 등 스포츠.휴게시설이 들어서고 가족이나 지인이 방문할 경우 편안하게 묵어갈 수 있도록 게스트룸도 제공된다. 대부분의 생활가전.가구가 가구내 비치돼 있는 풀퍼니시드 시스템 이 적용된다. 천정까지의 높이를 일반 오피스텔보다 0.4m 전후 높은 2.45m 이상으로 정해 주거쾌적성을 살렸다. 상업시설과 커뮤니티시설 등 공용공간은 신재생 에너지인 지열발전과 태양광발전을 통해 필요 에너지를 조달하도록 할 예정이다. 이밖에 첨단 단열재 사용 등 친환경 설계로 관리비를 대폭 줄인다는 계획이다. 단지 남측으로는 대형유통단지인 가든파이브가 위치하고 있고 북측으로는 문정동 법조타운이 조성되고 있어 이에 따른 가치상승이 전망된다고 대우건설 측은 밝혔다. 지하철8호선 문정.장지역을 걸어서 이용할 수 있다. 송파대로와 서울외곽순환고속도로 수서 분당간 고속화도로를 통해 서울.수도권 각지로 이동할 수 있다. 인접한 가든파이브 활성화단지 1 1블럭에서는 한화건설이 1533실 규모 대형 오피스텔 단지인 한화오벨리스크를 짓고 있어 향후 일대가 오피스텔 밀집지역으로 거듭날 전망이다. 견본주택은 종합운동장 사거리 인근 아시아선수촌 아파트 맞은편 잠실동 196 9에서 17일 문연다. 입주는 오는 2013년 7월말 예정이다. 1544 3330. 이명진 기자 r start 화보 가희 미애 섹시 댄스 속으로 가계빚 위험 카드사태때의 2배 이건희 삼성전자 회장 돌연 일본行…왜 북한 미모의 女승무원 화제 무면허 한방의료 구당 김남수 기소 ‘섹스 스캔들’ 진관희 기자에게 욕설 ‘이성 상실 ’ 박완규 과거 고백 “지난 10년 동안 한 것 없이 막 살았다” r end ⓒ 매일경제 mk.co.kr 무단전재 및 재배포 금지 MBA도 모바일로 공부한다.,https://news.naver.com/main/read.nhn?mode=LSD&mid=shm&sid1=260&oid=009&aid=0002485124,284
261560,2011.06.15. 오후 3:16,부동산,머니투데이,향응에 뇌물수수까지...권도엽 장관 심려 끼쳐 죄송,머니투데이 홍혜영 MTN기자 국토해양부 직원 10여 명이 지난 3월 제주도에서 4대강 공사 업체들로부터 향응을 받은 것으로 드러났습니다. 총리실은 지난 3월 각 지자체와 4대강 공사업체 관계자 등 1 200여 명이 참석한 하천관리 연찬회가 끝난 뒤 국토부 직원 15명이 용역업체로부터 향응 접대를 받은 사실을 적발했습니다. 국토부는 해당 직원들은 경고 등의 조치를 했으나 행사 비용을 쓰고 남은 돈 1억5 700만 원의 사용처는 국토부와 관계가 없다 고 해명했습니다. 이에 관련해 권도엽 국토부 장관은 오늘 국회에서 열린 국토해양위 전체회의에서 불미스러운 일로 국민들께 심려를 끼쳐 죄송하다 며 사과했습니다. 이와 함께 부동산 투자신탁회사 사주로부터 관리감독 편의를 봐주기로 하고 뇌물을 받은 혐의로 국토부 부동산 파트 모 과장이 검찰에 긴급 체포됐습니다. 검찰은 모 리츠회사로부터 500만 원 상당의 산삼과 현금 2 000만 원이 든 선물상자를 받는 등 모두 3 200여 만원의 뇌물을 받은 혐의로 수사중입니다.,https://news.naver.com/main/read.nhn?mode=LSD&mid=shm&sid1=260&oid=008&aid=0002555988,284
261561,2011.06.15. 오후 3:15,부동산,머니투데이,올하반기 수도권 집값 1% 전셋값 45% 오른다,머니투데이 송지유 기자 주산연 2001년 하반기 주택시장 전망 발표…지방 집값은 3 4% 상승 예상 올 하반기 서울 등 수도권의 주택 매매값은 약보합세 지방은 상승세를 보일 것이라는 전망이 나왔다. 전셋값은 수도권을 포함해 전국적으로 큰 폭으로 오르는 등 전세난이 이어질 것으로 분석됐다. 주택산업연구원은 15일 2011년 하반기 주택시장 전망 보고서를 통해 서울 등 수도권의 집값은 1% 안팎 지방 집값은 3∼4% 오를 것으로 보인다고 밝혔다. 전셋값은 아파트의 경우 5% 주택은 4%로 전국이 비슷한 변동률을 보일 것으로 예상했다. 수도권은 집값 하락에 대한 불안감이 팽배한데다 5차 보금자리주택지구 지정 금리인상 등이 겹쳐 약보합세를 면치못하는 반면 지방은 전세수요의 매매 전환 등으로 집값이 상승할 것으로 주산연은 내다봤다. 전셋값은 신규입주물량이 줄어 전국적으로 4∼5% 오를 것으로 전망했다. 지난 2008년 이후 줄곧 6개월 평균 15만가구 이상 공급되던 입주물량이 올 하반기 10만가구 정도로 줄기 때문이다. 다만 지난 2009년 하반기 전셋값이 급등한 만큼 올 하반기에는 기저효과가 반영돼 전셋값 상승폭이 올 상반기 6.4% 보다는 다소 낮을 것이라고 분석했다. 주산연은 또 42개 건설사와 46개 부동산중개업소를 대상으로 집값과 전셋값 전망에 대해 설문조사를 실시한 결과 수도권 매매값은 올 하반기∼내년 상반기 상승세로 돌아서고 전셋값이 오는 2012년까지 계속 오를 것 이라는 응답이 절반 이상 차지했다고 밝혔다. 전세난 해소대책으로는 전세수요를 매매로 돌려 수도권 매매시장을 활성화하는 정책이 필요하다 는 응답이 36%로 가장 많았다. 이어 임대주택 공급확대 는 19.2% 도시형생활주택 보금자리주택 등을 통한 공급확대 16.8% 등 순이었다. 전월세상한제를 도입해야 한다 는 답변은 1.6%에 그쳐 눈길을 끌었다.,https://news.naver.com/main/read.nhn?mode=LSD&mid=shm&sid1=260&oid=008&aid=0002555987,284
261562,2011.06.15. 오후 3:14,부동산,이데일리,서울에서는 와이파이가 공짜TV,이데일리 이지현 기자 앞으로 서울시에서는 무료 인터넷을 마음껏 즐길 수 있게 될 것으로 보입니다. 서울시와 이동통신업체가 손잡고 여의도 면적의 27배에 해당하는 지역에 무료 와이파이를 구축하기로 했습니다. 보도에 이지현 기자입니다. 서울시는 15일 서울 전역에 무료 와이파이 1만개소를 구축키로 하고 민간 통신3사인 KT 030200 SK텔레콤 017670 LG유플러스 032640 와 양해각서를 체결했다고 밝혔습니다. 이번 양해각서 체결로 이통3사는 오는 2015년까지 5년간 총 477억 원을 투자하게 됩니다. 서울시와 자치구는 CCTV와 교통신호기 등을 연결하는 자가 통신망의 일부 여유 대역을 이동통신사에 임대하고 이동통신사는 시민 접근이 용이한 근린공원 교차로 상가도로변 등 주요지점에 1만430개의 무료 와이파이존을 설치·운영할 계획입니다. 1544개소의 공공·문화·시민생활공간과 지하철 1 9호선의 모든 차량 버스 택시 등 수송률이 높은 교통수단에도 상용 와이파이존을 올해 안에 설치하기로 했습니다. 아울러 외국인 관광코스와 외국인이 많이 붐비는 명동거리 홍대 주변거리 이태원 거리 등에 집중적으로 무료 서비스를 확대할 예정입니다. 또 아동복지센터 경로당 다문화가정 등 실제로 인터넷 사용이 어려운 소외계층에게도 인터넷을 지원함으로써 정보통신 분야의 사각지대를 해소한다는 계획입니다. 서울시는 또 통신사 가입자만 사용할 수 있는 상용 와이파이에 대해서도 시민들이 편리하게 이용할 수 있도록 버스정류소 등 시민이 자주 이용하는 다중이용시설에 무선 공유기 설치를 공용화 또는 무료화 하도록 유도키로 했습니다. 이데일리 이지현입니다.,https://news.naver.com/main/read.nhn?mode=LSD&mid=shm&sid1=260&oid=018&aid=0002452955,284
261563,2011.06.15. 오후 2:59,부동산,한국경제TV,4대강 유지 보수비 10배 증가,4대강의 체계적인 유지관리를 위해 이전보다 10배가 늘어난 예산이 투입됩니다. 국토부는 이 같은 내용의 4대강 하천유지관리방안을 정하고 내년부터 4대강 구간을 포함한 국가하천 61곳의 유지 보수에 연간 2천400억원을 투입하기로 했습니다. 이는 기존 지자체가 투입한 국가하천 유지보수비 250억원보다 10배정도 늘어난 수치입니다.,https://news.naver.com/main/read.nhn?mode=LSD&mid=shm&sid1=260&oid=004&aid=0002082295,284
261564,2011.06.15. 오후 2:57,부동산,노컷뉴스,현대산업개발 참원에셋 대표 공갈로 이미 고소,▣ 참원에셋 고소에 대한 현대산업개발의 입장 참원에셋 대표 이현효가 현대산업개발 정몽규 회장 등 임원들에 대하여 탈세 횡령 등의 혐의로 고소한 건과 관련하여 현대산업개발은 위 고소가 이현효 자신에 대한 검찰 수사를 지연시키고 초점을 흐트리려는 의도로 이루어 진 것으로 보고 있으며 고소 내용처럼 탈세 등 불법적인 행위를 한 사실이 전혀 없다는 것을 밝힙니다. 현대산업개발은 작년부터 울산 우정동 아이파크의 시행사 대표인 위 이현효로부터 분양 저조로 인한 손해보상조로 420억 원을 주지 않으면 탈세 횡령 등의 비리를 검찰에 고소하고 언론에 노출하겠다는 협박 편지를 받아 왔습니다. 현대산업개발은 위 이현효가 주장하는 탈세 등의 주장이 전혀 터무니 없는 내용이기도 하려니와 어떠한 불법적인 협박에도 굴하지 않기 위해 지난 4.25자로 위 이현효에 대하여 공갈 사기 등의 혐의로 서울 중앙지방지방검찰청에 고소하여 현재 이현효에 대하여 검찰 조사가 진행되고 있습니다. 이현효가 주장하는 탈세 횡령 등의 고소내용은 현대산업개발이 이현효를 공갈로 고소하면서 고소 내용에 전부 포함시킨 내용이고 만약 현대산업개발에 문제가 있다면 이를 고소하지도 않았을 것입니다. 이에 대하여는 검찰 조사결과 전부 사실이 아닌 것으로 판명될 것입니다. 이현효의 탈세 배임 횡령 등 주장에 대하여 간단히 부연설명을 드리면 아래와 같습니다. 우선 시행사인 참원에셋이 미분양 아파트를 신탁한 것은 현대산업개발에 대한 공사비 및 구상금 채무 담보하기 위한 것으로 이러한 신탁은 부가가치세법상 부가가치세 납부 대상이 아니고 일부 할인분양은 미분양 해소를 위해 현대산업개발에 부여된 권한에 따라 합법적으로 처리한 것이며 사업비를 다른 용도로 사용한 적도 전혀 없습니다. 그럼에도 불구하고 이현효는 검찰수사에서 자신의 범죄사실이 드러나는 것을 감지하고 그동안 협박수단으로 써왔던 자신의 주장을 검찰 수사를 막기 위해 본건 고소를 제기하고 언론에도 흘린 것으로 보입니다. 현대산업개발은 이현효의 본건 고소에 대하여도 강력한 법적 대응 조치를 취할 것입니다.,https://news.naver.com/main/read.nhn?mode=LSD&mid=shm&sid1=260&oid=079&aid=0002259975,284
261565,2011.06.15. 오후 2:47,부동산,이데일리,주택산업硏 하반기 전세가 5% 오른다,이데일리 이지현 기자 올 하반기 서울·수도권 매매가는 1% 전세가는 4 5% 상승할 것이라는 전망이 나왔다.,https://news.naver.com/main/read.nhn?mode=LSD&mid=shm&sid1=260&oid=018&aid=0002452922,284
261566,2011.06.15. 오후 2:45,부동산,매일경제,강남성심병원 인근에 아파트 813가구 건립,서울시는 14일 건축위원회를 열고 대림동 917 49일대 대림3구역 13만8258㎡에 아파트 813가구를 짓는 내용의 대림3주택재건축 정비사업안 을 통과시켰다고 15일 밝혔다. 이번 계획안에 따라 이 지역에는 용적률 349.62%가 적용돼 지하3층 지상21층 규모로 아파트 13개동 813가구가 들어선다. 세부적으로는 △59㎡형 213가구 △84㎡형 564가구 △123㎡형 36가구 등이다. 사업 대상지는 대림동 강남성심병원 대림중학교 인근에 위치했다. 이 단지는 기존 지형을 유지하면서 주변환경과 어우러지도록 동들이 배치되고 공원과 단지 곳곳이 서로 연결되도록 지어진다. 지하철7호선 신풍역을 걸어서 이용할 수 있다. 이날 위원회는 또 용두동 10 3일대 1513㎡에 지하5층 지상24층 규모로 주상복합 건물을 짓는 청량리1재정비촉진구역 도시환경정비사업안 도 가결했다. 이 건물 지하 1 2층엔 근린생활시설이 들어서고 지상 3 6층은 업무시설 지상 7 24층은 오피스텔 243실이 각각 조성된다. 사업대상지는 왕산로와 인접했고 경동시장 동부청과시장 등과 가깝다. 이명진 기자 r start 화보 가희 미애 섹시 댄스 속으로 가계빚 위험 카드사태때의 2배 이건희 삼성전자 회장 돌연 일본行…왜 북한 미모의 女승무원 화제 무면허 한방의료 구당 김남수 기소 ‘섹스 스캔들’ 진관희 기자에게 욕설 ‘이성 상실 ’ 박완규 과거 고백 “지난 10년 동안 한 것 없이 막 살았다” r end ⓒ 매일경제 mk.co.kr 무단전재 및 재배포 금지 MBA도 모바일로 공부한다.,https://news.naver.com/main/read.nhn?mode=LSD&mid=shm&sid1=260&oid=009&aid=0002485087,284
261567,2011.06.15. 오후 2:43,부동산,아시아경제,대우건설 가든파이브 내 오피스텔 분양,송파대우푸르지오시티 아시아경제 이은정 기자 대우건설 은 서울 송파구 문정동 가든파이브 활성화 단지 1 2BL에 오피스텔 ‘송파 푸르지오 시티’를 공급한다. 이 오피스텔은 지하 5층 지상 15층 1개동 규모로 전용면적 24 52㎡ 총 1249실로 구성돼 있다. 단지 인근에 대형유통 단지인 가든파이브가 입점해 있고 북측에는 문정동 법조타운이 조성된다. 교통 환경도 좋다. 지하철 8호선 문정·장지역을 도보로 이용 가능하며 송파대로 서울외곽순환도로 송파나들목 수서 분당간 고속화도로를 진입이 수월하다. 단지내에는 사우나 헬스장 골프연습장 등의 스포츠 시설이 들어선다. 2층에는 부모님이나 지인이 이용할 수 있는 게스트룸이 마련됐다. 대부분의 가구가 분양가에 포함돼 있는 풀퍼니시드 시스템이며 원룸형 오피스텔로는 기존에 볼 수 없었던 1.5베이의 평면이 적용됐다. 천정고도 기본 2.45m 이상 확보해 거주공간의 개방성을 강화했다. 또 상업시설과 오피스텔 공용부는 신재생 에너지인 지열발전과 태양광발전을 활용했고 에너지 성능지표를 고려한 친환경 설계로 관리비 절감효과를 누릴 수 있다. 분양가는 3.3㎡당 1100만원대며 견본주택은 종합운동장 사거리 인근 아시아선수촌 아파트 맞은편에 있다.,https://news.naver.com/main/read.nhn?mode=LSD&mid=shm&sid1=260&oid=277&aid=0002623616,284
261568,2011.06.15. 오후 2:35,부동산,헤럴드경제,수원광교 오피스텔 최저가 분양시작,광교신도시에서 명품 오피스텔 분양 받는법 ☞ 경기대 도보 3분 경기대역 도보2분 거리의 초역세권 ☞ 전매 무제한 1가구 2주택 미적용 ☞ 광교 신도시 최저 분양가 ☞ 오피스텔 600만원대 상가 2 000만원대 ☞ 선착순 호수 지정 계약 ☞ 고품격 풀옵션 미래 가치 상승과 프리미엄 기대 ☞ 소액투자 가능 투자 대비 임대수익 안정적 ☞ 전세가 높아 환금성 유리 ☞ 부동산 투자 전문가들이 말하는 최고의 상업지역 ☞ 광교 테크노밸리 바로옆에 위치 ☞ 동수원 IC 최단거리 약 100m ☞ 주 풍산건설 책임준공 국제신탁 자금관리 2011년 새해 부동산 시장에서 사람들에게 가장 뜨거운 관심을 받고 있는 지역은 어디일까 모든 부동산 전문가들은 한목소리로 광교 신도시를 1순위로 지목하고 있다. 그 동안 논란을 거듭해온 경기도청 수원지방법원 수원지방검찰청 이전이 확정되면서 118 218㎡ 약35 760평 규모의 행정타운과 65 858㎡ 약19 922평 법조타운이 조성되고 신분당선 연장선의 실시계획승인으로 1월에 착공이 들어가면서 지하철 개통으로 인한 역세권 호재까지 반영되며 상업시설이 살아나고 임대 수요 또한 폭발적으로 늘어날 것이라는 것이 전문가들의 공통된 의견이다. 광교신도시는 경기도 수원시 영통구 이의동 원천동 하동과 팔달구 우만동 장안구 하광교동 상광교동 및 용인시 수지구 상현동 일원 등 2개의 시에 걸쳐서 산업단지와 상업 주거 행정이 어우러져 개발되는 자족 신도시이다. 도시 중심성을 확보할 수 있는 도시공간구조 형성 및 친환경적 도시환경 조성으로 수원시와 용인시 서북부 지역의 발전 도모를 목적으로 하고 있으며 총 면적은 1130만 1699㎥ 약341만8000평 이며 강남 분당 판교를 잇는 경부축 연결 선상에 위치하고 있다. 광교신도시는 영동고속도로 경부고속도로 용인서울고속도로 북수원 상현IC간 도로 흥덕 하동간 도로 동수원 성북IC간 도로 교차지점에 입지하고 있으며 지구내의 동수원 나들목 광교 나들목 신대 나들목의 이용으로 사통팔달 동서남북 어디든지 신속하게 갈 수 있다. 현재 용인서울간고속도로 이용하면 강남까지 30분정도 소요되며 2015년에는 정자역에서 광교신도시에 이르는 신분당선이 개통돼 강남까지 30분이면 도달이 가능하게 되며 지하철 버스를 통해 외부 대중교통을 최대 60%까지 분담하게 된다. 또한 광교신도시의 교육기관은 신설될 학교를 포함해 초등학교 9곳 중학교 6곳. 고등학교 8곳이며 특히 서울대학교 융합과학기술대학원 아주대학교 경기대학교 경희대학교 합동신학대학원대학교등 대학교 5곳도 입지하게 된다. 더불어 경기과학고 서울국제학교 성남 성균관대학교 경희대학교 국제캠퍼스 등 의 학교들도 인근지역에 위치하고 있으며 광교신도시 주변에 아주대병원 빈센트 병원 등 800병상 이상의 대형병원이 입지하고 있으며 추후 동백연세대 의료원과 을지병원 등이 추가로 입지할 예정이다. 녹지율은 국내 신도시 최고 수치인 41 7% 주택용지비율은 18.8% 자족용지비율은 27%이며 20만평 2 043 858㎥ 넓이의 원천 신대호수를 포함하고 있다. TOD Transit Oriented Developement 압축도시 지향으로 인구밀도는 69 ha로 국내 신도시 중 최저이며 주택은 아파트 23 227세대 연립주택 2 149세대 주상복합 5 624세대로 총 31 000세대가 공급된다. 특히 광교테크노밸리는 26만 9404㎡ 약81 495평 의 대규모 부지로 경기도에서 1990년대 후반부터 추진한 사업단지로 총 사업비만 5728억원이상 투입됐다. 2001년부터 운영중인 경기중소기업지원센터를 필두로 2006년에 개원한 나노소자특화팹센터 2007년에 완공된 경기바이오센터와 경기R D센터를 비롯해 차세대융합기술연구원 중소기업지원센터 등 5개 기관과 기업 224개 업체가 입주해 있고 주변으로는 첨단바이오특화단지 경기도청을 포함한 광교행정타운 법조타운과 같은 대형 산업 및 업무시설이 조성되고 있다. 이곳에 풍산건설이 책임준공하고 국제신탁이 자금관리 하는 이스턴타워 오피스텔과 상가를 지하4층 지상10층 규모로 공사진행중이며 분양을 시작했다. 이스턴타워 오피스텔.상가는 경기대와 경기대역 광교테크노 밸리를 연결하는 트라이앵글 삼각축 의 중심축에 위치하고 있으며 광교테크노밸리에 입주한 224개 기업체의 약 4천여명의 상주인원과 제약 첨단바이오 특화단지 조성으로 향후 상주인원은 1만2천여명 일이용객 1만여명 교육연구연인원 7만여명의 이상의 대규모 상권이 유입되면서 2만여 가구에 달하는 배후세대와 경기대학교 약2만여명 아주대학교 약1만2천여명 경희대학교 서울대학교 융합 기술대학원 아주대병원 합동신학대학원대학교 등의 교육시설이 밀집돼 있고 비즈니스파크 및 R D단지등이 가까워 소형 오피스텔을 찾는 직장인 연구원 신혼부부 대학생 등의 풍부한 임대수요가 기대된다. 부동산 전문가들은 광교는 명품신도시 이미지로 현재 중대형 아파트가 주류를 이루고 있고 소형평형 아파트의 공급률이 낮고 오피스텔 용지 광교 6% 분당 9% 판교 8% 일산 8% 부족으로 오피스텔 공급이 턱 없이 부족해 위의 상주인원들의 수용이 한정될 수밖에 없으므로 광교신도시의 완공 후 중소형 오피스텔은 물론 산가도 품귀현상이 바로 나타날 것으로 예상되다 보니 광교신도시의 이스턴타워 오피스텔 상가를 최고의 투자처로 손꼽을수 있다고 말하고 있다. 이스턴타워 오피스텔 상가는 현재 지하 토목공사가 완료 단계로 공정률 20%이상 진행중이고 분양가에서도 거품을 모두 빼고 광교신도시에서 사상 최초의 최저 분양가를 책정하였다. 많은 투자자들이 앞다퉈 이스턴타워 오피스텔 상가 신축 현장을 찾고 있으므로 수익형 부동산에 관심을 갖는분들이나 안정된 투자처를 찾는분 미래가치를 생각하는분 첫투자 하시는 분들은 하루 빨리 방문하는 것이 좋으며 방문전 신청금 입금하시고 호수지정을 받고 방문 상담하시는 것이 유리하다.,https://news.naver.com/main/read.nhn?mode=LSD&mid=shm&sid1=260&oid=016&aid=0000386825,284
261569,2011.06.15. 오후 2:32,부동산,이데일리,대우건설 송파 푸르지오 시티 오피스텔 분양,이데일리 이진철 기자 대우건설 047040 은 서울 송파구 문정동 가든파이브 활성화 단지 1 2블록에 위치한 오피스텔 송파 푸르지오 시티 를 분양한다고 15일 밝혔다. 송파 푸르지오 시티 는 지하 5층 지상 15층 1개동 규모로 전용면적 24 52㎡ 총 1249실로 구성돼 있다. 단지 인근에 대형유통 단지인 가든파이브가 현재 입점해 있고 북측에는 문정동 법조타운이 조성돼 동부지법 동부지검 등이 이전될 예정이다. 지하철 8호선 문정·장지역을 도보로 이용 가능하며 송파대로 서울외곽순환도로 송파나들목 수서 분당간 고속화도로를 진입이 수월하다. 단지내에는 사우나 헬스장 골프연습장 등의 스포츠 시설이 들어설 예정이다. 2층에는 부모님이나 지인 방문시 불편하지 않게 묵어갈 수 있도록 게스트룸을 제공하는 등 오피스텔을 단지 잠만 자는 공간이 아닌 취미와 문화를 누릴 수 있도록 구성했다. 대부분의 가구가 분양가에 포함돼 있는 풀퍼니시드 시스템을 도입했고 원룸형 오피스텔로는 기존에 볼 수 없었던 1.5 베이의 유니트로 공간 활용의 가변성 및 쾌적성을 확보했다. 천정고도 기본 2.45m 이상 확보해 거주공간의 개방성을 강화했다. 상업시설과 오피스텔 공용부는 신재생 에너지인 지열발전과 태양광발전을 활용했고 에너지 성능지표를 고려한 친환경 설계로 관리비 절감효과를 누릴 수 있다. 분양가는 3.3㎡당 1100만원선이며 입주는 2013년 7월말 예정이다. 견본주택은 송파구 잠실동 196 9번지 종합운동장 사거리 인근 아시아선수촌 아파트 맞은편에 오는 17일 개관할 예정이다.,https://news.naver.com/main/read.nhn?mode=LSD&mid=shm&sid1=260&oid=018&aid=0002452908,284
261570,2011.06.15. 오후 2:30,부동산,매일경제,신정뉴타운 중소형 아파트촌으로 변신,서울 양천구 신정동 신정뉴타운 일대가 중소형 아파트촌으로 재개발된다. 서울시는 신정재정비촉진지구 내 신정 6 7존치관리구역을 신정 1 5.6 재정비촉진구역으로 변경하는 내용을 담은 신정 재정비촉진계획 변경안을 16일부터 공람한다고 15일 밝혔다. 이에 따라 신정동 1195일대 8만8246㎡인 1 5구역에는 지상 7 22층 아파트 16개동 1459가구가 신정동 1160 36일대 5만2327㎡인 1 6구역에는 지상 5 18층 아파트 11개동 838가구가 오는 2019년까지 들어선다. 전체의 91%인 2091가구는 전용 85㎡이하 중소형 주택으로 지어진다. 이중 전용 60㎡이하 소형주택은 1259가구다. 재개발 임대주택은 500가구가 공급된다. 신정재정비촉진지구는 영등포 부도심과 가깝고 지하철2호선 신정네거리역을 이용할 수 있다. 간선도로인 남부순환로 신월로와도 인접했다. 온수자연공원 계남근린공원 용왕산근린공원 등이 가까워 쾌적한 주거환경을 갖췄다는 평가를 받는다. 지구 중심인 신정3촉진구역에 근린상업지역이 형성돼 있고 목동 상권도 이용할 수 있다. 서울시는 1 5구역에 해누리 문화의 거리 를 설치하고 각종 문화 이벤트를 열 계획이다. 해누리 문화의 거리에는 독특한 디자인의 공공청사와 문화시설을 설치해 일대를 지역 랜드마크로 육성할 예정이다. 단지 중심을 축으로 사회복지시설과 커뮤니티시설을 분산 배치하고 곳곳에 가로수를 심어 지역 생활편의성을 높인다는 방침이다. 1 6구역은 길가를 따라 5 12층 높이의 아파트를 단계적으로 배치해 스카이라인이 아름다운 주거지로 조성한다. 임계호 서울시 주거정비기획관은 신정 1 5.6구역 촉진계획을 수립함으로써 신정동 재개발 전체 골격을 완성하게 됐다 며 구역내 보존되는 대성유니드 일진아이윌 신일해피트리 등 3개 단지 420가구와 조화를 이룬 주거지로 육성할 것 이라고 설명했다. 이명진 기자 r start 화보 가희 미애 섹시 댄스 속으로 가계빚 위험 카드사태때의 2배 이건희 삼성전자 회장 돌연 일본行…왜 북한 미모의 女승무원 화제 무면허 한방의료 구당 김남수 기소 ‘섹스 스캔들’ 진관희 기자에게 욕설 ‘이성 상실 ’ 박완규 과거 고백 “지난 10년 동안 한 것 없이 막 살았다” r end ⓒ 매일경제 mk.co.kr 무단전재 및 재배포 금지 MBA도 모바일로 공부한다.,https://news.naver.com/main/read.nhn?mode=LSD&mid=shm&sid1=260&oid=009&aid=0002485077,284
261571,2011.06.15. 오후 2:25,부동산,아시아경제,향응에 뇌물 끝 모를 막장 국토부,아시아경제 진희정 기자 향응 논란으로 비상에 걸린 국토해양부가 또 다른 비리 사건에 연루됐다. 부동산투자신탁회사인 리츠사로부터 편의를 봐주는 대가로 산삼을 포함한 수천만원의 뇌물을 받은 혐의로 국토해양부 현직 과장이 검찰에 체포돼 수사를 받고 있다. 서울 남부지검 형사5부 김주원 부장검사 는 15일 G리츠사의 사주로부터 관리감독 과정에서 편의를 제공해 주는 명목으로 총 3200만원의 뇌물을 받은 뇌물수뢰 혐의로 국토부 부동산 관련 부서의 B과장을 체포해 수사를 벌이고 있다고 밝혔다. 검찰에 따르면 B과장은 지난해 12월 말 정부 과천청사 인근의 한 식당에서 G리츠사 사주 C모씨로부터 시가 500만원 상당의 산삼과 현금 2000만원이 담긴 선물상자를 받는 등 수차례에 걸쳐 부당한 돈을 받은 혐의를 받고 있다. 지난해 말은 정부가 저축은행의 프로젝트파이낸싱 PF 대출 요건을 강화해 금융권 대출을 통한 부동산 사업이 어려워지면서 부동산투자신탁회사가 부동산 투자의 대안으로 떠오르던 시기로 수십 개의 부동산투자신탁회사가 인가 신청을 냈을 때다. 검찰은 앞서 국내 최초로 코스피에 상장된 자기관리리츠회사인 G리츠사의 주가조작 사건을 수사하는 과정에서 국토부 현직 과장이 연루된 진술을 받아낸 것으로 알려졌다. 일각에서는 지난 14일 리츠와 관련 예정에도 없었던 ‘리츠 관리 감독 대폭 강화’라는 보도자료를 낸 것을 두고 주무 과장의 체포 사실을 인지하고 이를 숨기려는 의도가 있었느냐는 의혹이 제기되고 있다. 이에 대해 국토부 관계자는 “연이어 터진 불미스러운 일로 국토부 내부도 당혹감을 감추지 못하고 있다”고 말했다. 한편 해당 B과장은 과거 지방청 관리 국장 재직시절에도 불미스런 일이 발생해 물의를 일으킨 전력이 있는 것으로 전해졌다.,https://news.naver.com/main/read.nhn?mode=LSD&mid=shm&sid1=260&oid=277&aid=0002623592,284
261572,2011.06.15. 오후 2:25,부동산,아시아경제,7월 서울 분양대전..대도심 대형브랜드 위례 누를까,아시아경제 이은정 기자 7월 서울에서 대형 브랜드가 도심 대단지를 앞세워 보금자리주택과 한판 승부를 벌인다. 그동안 민간 건설사들이 수요자들의 관심이 몰리는 보금자리주택과 정면승부를 피해왔던 것과는 이례적이다. 보금자리주택 중 최대 알짜로 꼽혔던 위례신도시 및 강남지구 보금자리주택과 한 판 승부를 벌이는 이들 단지의 청약률에 관심이 쏠리고 있다. 15일 부동산업계에 따르면 위례신도시 본청약이 군부대 토지분양가 보상에 대한 의견차 등으로 지연되면서 당초보다 한달 지연된 7월께 진행될 예정이다. 또 보금자리주택지구 시범지구인 서울강남보금자리주택 A1블록도 7월 본 청약에 돌입한다. 이번 본 청약이 들어가는 보금자리주택은 지역적인 선호도가 높고 분양가격도 저렴해 청약경쟁이 치열할 것으로 예상된다. 비슷한 시기 삼성물산 건설부문 삼성건설 과 현대건설 GS건설 동부건설 등도 서울 재개발·재건축 지역에 대단지 아파트를 공급한다. 대부분 서울 도심내 위치해 주변 인프라가 갖춰졌고 교통 환경 등이 탁월하다는 게 특징이다. 대단지의 대형브랜드라는 점도 보금자리주택과는 차별화된다. 삼성건설은 동대문구 전농뉴타운 전농7구역에서 래미안 전농 크레시티 를 분양한다. 이 아파트는 59 121㎡ 전용 형 총 2397가구로 구성됐다. 이 중 일반분양은 506가구다. 뉴타운 내 동대문중학교가 있고 자립형사립고 설립이 추진 중이다. 지하철 1호선 청량리역을 걸어서 이용할 수 있고 청량리 민자역사 내 편의시설과 롯데백화점 등도 가까워 생활편의성도 좋다. 현대건설은 동작구 동작동에 정금마을 힐스테이트 를 선보인다. 지하2층 지상15층 총 680가구 규모로 이 가운데 일반분양 몫은 303가구다. 지하철 4·7호선이 총신대입구역을 도보 10분이면 닿을 수 있어 대중교통 이용이 편리하다. 또 동작대로 진입이 손쉬워 올림픽대로 서초대로 등을 편리하게 이용할 수 있다. 국립현충원과 맞닿아 있어 자연환경도 쾌적하다. GS건설은 마포구 대흥3구역에선 자이를 선보인다. 총 558가구 중 193가구가 일반에 공급된다. 입지조건이 좋은 편이다. 지하철 5·6호선 대흥역이 가까우며 종로 여의도 신촌 일대로의 접근도 용이하다. 이와함께 동부건설도 은평구 응암3구역에 84 114㎡형으로 구성된 350가구 일반분양 112가구 의 아파트를 공급한다. 전문가들은 이번 민간 건설사의 분양이 성공적으로 마무리 될 경우 지난해 말부터 불고 잇는 부산 대전 등 지방 청약열기를 수도권까지 끌어올리는 계기가 될 것으로 보고 있다. 반면 민간건설사들의 분양이 실패한다면 양극화를 극대화할 가능성이 크다. 조민이 부동산1번지 팀장은 여름비수기로 진입하는 7월이지만 분양시장은 보금자리주택과 민간 브랜드간 한판 승부로 뜨거울 것 이라며 특히 7월분양의 65% 이상이 서울에 집중돼 있어 2008년 금융위기 이후 얼어붙었던 서울 분양시장의 회복 여부를 가늠하는 잣대가 될 것 이라고 말했다.,https://news.naver.com/main/read.nhn?mode=LSD&mid=shm&sid1=260&oid=277&aid=0002623589,284
261573,2011.06.15. 오후 2:24,부동산,아시아경제,입주 3년차 잠실 대단지 양도세 줄어도 거래는 미미,2008년 잇따라 입주한 잠실 엘스 리센츠 파크리오 아파트는 3년차를 맞아 양도세 거주기준 완화의 혜택을 볼 수 있는 가능성이 큰 대단지다. 하지만 매수세가 얼어붙어 시세가 큰 변동없이 유지되는 모양새다. 아시아경제 정선은 기자 잠실에서 옛 30평대 전세 구한다면 적어도 4억7000만 5억원대다. 서울에서 웬만한 30평대 아파트 사고도 남는다. 그래도 시세차익 보고 팔려는 것이 아니라 계속 거주하려는 집주인이 많다. 잠실동 리센츠 아파트 인근 R 중개업소 관계자 양도소득세 거주제한 완화에도 3년차를 맞은 서울 잠실동 대단지 아파트는 여전히 거래가 잠잠하다. 롯데 슈퍼타워 등 호재에도 매수세는 여전히 얼어붙은 모양새다. 6월부터 서울과 과천 수도권 5대 신도시 분당·일산·평촌·중동·산본 의 9억원 이하 주택은 2년 거주의무가 사라져 1가구1주택자의 경우 3년 이상만 보유하면 양도세 비과세 혜택을 받을 수 있다. 정부가 주택거래 활성화 취지로 내놓은 5·1부동산 대책에 따른 후속조치다. 9억원 이상 주택도 9억원 초과 부분에 대해서만 양도세를 매기므로 세금혜택이 적지 않다. 이에 따라 2008년 입주해서 올해 3년이 된 서울 잠실 대단지 아파트 매매시장이 주목할 만 하다. 서울 송파구 잠실동 일대에는 2008년 7월부터 9월까지 잠실 리센츠 주공 2단지 5563가구 잠실 파크리오 시영 6864가구 잠실 엘스 주공 1단지 5678가구가 차례로 입주를 맞이했다. 이번 대책으로 보유는 했지만 거주요건을 못 맞췄던 일부 집주인들이 시장에 급매물을 내놓을 가능성이 높아서다. 하지만 아직까지 뚜렷한 움직임은 없다. 특히 2015년 123층 규모로 들어설 예정인 롯데 슈퍼타워나 황금라인으로 불리는 지하철 9호선 등도 매수세가 꺾인 시장에선 크게 영향력을 발휘하지 못하는 상황이다. 잠실 리센츠정문 중개업소 관계자는 양도세규제 완화에도 변동사항이 크게 없다. 양도세보다 오히려 경기침체나 금리인상이 문제다”며 롯데타워의 경우 호재는 맞지만 새로운 얘기가 아니라서 크게 반응이 없다 고 말했다. 오히려 가을 전세대란 조짐에 대형평형의 전세거래가 늘어나는 사례가 나오고 있다. 잠실1번지 중개업소 관계자는 잠실은 주력평형인 옛 33평대 거래가 대다수인데 대형평형 물량이 지난 한 주동안 전세로 많이 거래됐다 며 아직 이주는 안 했지만 주로 대형평형을 찾고 있는 강남 청실아파트 쪽에서 불안함 때문에 8월께 이사할 것을 미리 계약하고 있는 것으로 보인다 고 전했다. 실제 올 들어 입주 3년차 잠실 대단지의 매매시세는 크게 오르지도 내리지도 않은 채 평행선을 그리며 잠잠하다. 그나마 매수세가 활발하지 않아 시세라고 보기에도 어려움이 있다. 15일 부동산정보업체 부동산1번지에 따르면 잠실 엘스 전용면적 109.09㎡ 매매가는 올 3월 이후 10억2000만원선을 유지하고 있다. 잠실 리센츠 전용 109.09㎡도 6개월동안 9억8500만 9억9500만원대다. 잠실 파크리오 전용 108.22㎡ 매매시세도 8억9500만 9억500만원선이다. 김은진 부동산1번지 팀장은 양도세 거주기준 완화 자체가 매도자를 움직이게 하는 대책이라 매수자들은 크게 반응하지 않고 있다 며 현재 매수자들이 세금 때문에 집을 사지 않는 것이 아니므로 거래 증가로 연결되기엔 한계가 있다 고 설명했다. 잠실 입주 3년차 아파트 현황 세 단지가 모두 기존 아파트 재건축 단지로 잠실동 토박이 집주인들이 계속 거주하는 경향이 있는 것도 거래를 줄였다는 분석도 있다. 김 팀장은 조합원 지위로 입주했던 집주인들이 팔기보다 보유하려는 성향이 나타날 수 있다 고 말했다.,https://news.naver.com/main/read.nhn?mode=LSD&mid=shm&sid1=260&oid=277&aid=0002623585,284
261574,2011.06.15. 오후 2:18,부동산,매일경제,잘나가던 지방마저 거래 뚝…주택시장 침체골 더 깊어지나,지방 아파트 거래량이 올들어 첫 감소했다. 서울.수도권의 거래량 감소세도 더 심화되고 있어 정부의 5.1 부동산 거래활성화 대책 이후에도 부동산시장 침체의 골이 더 깊어지는 모습이다. 15일 국토해양부는 지난달 신고된 전국의 아파트 실거래 건수가 총 4만8077건으로 전월 5만5586건 대비 13.5% 감소했다고 밝혔다. 4월에 이은 두 달 연속 감소세다. 5월 실거래건수는 신고기간 계약일로부터 60일 이내 에 따른 시차로 3월 계약분 9600여건 4월 계약분 2만3600여건 5월 계약분 1만4800여건이 포함됐다. 특히 올들어 거래량이 대폭 늘어가던 지방도 지난 2월 이후 3개월 만에 첫 감소했다. 전국 6대 광역시는 전달 대비 15.4% 감소한 1만5101건을 광역시를 제외한 지방거래량은 12.3% 감소한 3만2997건을 기록했다. 16개 시.도 중에서는 최근 국제과학비즈니스벨트 세종시 등 개발호재가 있는 충남도 4080건 만 유일하게 28% 899건 증가했고 나머지 15개 시.도는 모두 감소했다. 서울과 수도권도 거래량이 수개월째 곤두박질 치고 있다. 서울 3805건 수도권 1만5080건으로 전월 대비 각각 20% 15.9%줄어들었다. 지난 4월 이후 부활된 총부채상환비율 DTI 규제 영향이 큰 것으로 보인다. 강남 3구의 아파트는 지난달 신고건수가 전월대비 21.6% 줄어든 575건에 그쳤다. 전달 최고 9억6500만원을 호가하던 서울 강남구 대치동 은마아파트 전용 77㎡는 9억2600만원으로 떨어졌다. 경기 성남 분당 야탑동 장미마을 현대 아파트 85㎡도 전달대비 2000만원 이상 가격이 하락했다. 부동산 114 관계자는 6월 이후에는 계절적 비수기까지 맞물리게 돼 당분간 거래량은 더 줄어들 가능성이 높다 며 여름방학 가을 이사철이 도래하면 전세수요까지 되살아나 지난해와 마찬가지로 매매시장은 부진하고 전세가만 고공행진을 하는 현상이 재현될 가능성이 높다 고 말했다. 이지용 기자 r start 화보 가희 미애 섹시 댄스 속으로 가계빚 위험 카드사태때의 2배 이건희 삼성전자 회장 돌연 일본行…왜 북한 미모의 女승무원 화제 무면허 한방의료 구당 김남수 기소 ‘섹스 스캔들’ 진관희 기자에게 욕설 ‘이성 상실 ’ 박완규 과거 고백 “지난 10년 동안 한 것 없이 막 살았다” r end ⓒ 매일경제 mk.co.kr 무단전재 및 재배포 금지 MBA도 모바일로 공부한다.,https://news.naver.com/main/read.nhn?mode=LSD&mid=shm&sid1=260&oid=009&aid=0002485053,284
261575,2011.06.15. 오후 2:13,부동산,연합뉴스,그래픽 신정뉴타운 1516 재정비촉진구역,서울 연합뉴스 박영석 기자 서울시는 신정재정비촉진지구 내 신정 6 7 존치관리구역을 신정 1 5 1 6 재정비촉진구역으로 변경하는 재정비 촉진계획 변경안을 16일부터 공람한다고 15일 밝혔다.,https://news.naver.com/main/read.nhn?mode=LSD&mid=shm&sid1=260&oid=001&aid=0005113986,284
261576,2011.06.15. 오후 2:11,부동산,머니투데이,GS건설 자이갤러리서 나가수 콘서트 연다,머니투데이 송지유 기자 오는 24일 백지영·JK김동욱 초청 무료 콘서트 개최 GS건설이 오는 24일 서울 마포구 서교동 자이갤러리 주택문화관 에서 백지영 JK김동욱 등 나는 가수다 이하 나가수 출연 가수들을 초청해 무료 콘서트를 연다. 이번 콘서트는 GS건설이 지난달 업계 최초로 태블릿PC 및 스마트폰용 통합 애플리케이션인 자이앱 출시를 기념해 마련한 행사로 자이 입주민 뿐 아니라 일반고객들도 신청할 수 있다. 콘서트 관람을 희망하는 사람은 자이앱이나 자이홈페이지 www.xi.co.kr 를 통해 신청하면 된다. GS건설은 신청고객 중 200명을 추첨해 통보할 예정이다. GS건설 관계자는 고객들에게 특별한 서비스를 제공하기 위해 콘서트 행사를 준비했다 며 나가수에서 자진 하차해 아쉬움을 남긴 실력파 가수 2명이 출연 소식에 벌써부터 문의가 폭주하고 있다 고 말했다.,https://news.naver.com/main/read.nhn?mode=LSD&mid=shm&sid1=260&oid=008&aid=0002555864,284
261577,2011.06.15. 오후 2:10,부동산,MBN,국토부 4대강 공무원 향응 접대 논란,국토해양부 직원들이 4대강 공사 업체들로부터 룸살롱 등의 향응을 제공받았다는 주장이 제기돼 논란이 일고 있습니다. 국토해양부 직원 15명은 지난 3월 제주도에서 열린 한 연찬회에 참석한 뒤 업체 직원들과 어울려 저녁식사를 하고 일부는 인근 룸살롱을 이용하다가 총리실에 적발된 것으로 알려졌습니다. 논란이 커지자 국토부 측은 적발된 장소가 룸살롱이 아닌 나이트클럽이었고 식사와 유흥 비용은 적발 직후 개인별 비용으로 분담해 송금조치했다고 해명했습니다. 국토부 수자원정책국은 올해 3월 30일부터 4월 1일까지 3일간 제주도에서 자연친화적 하천관리 연찬회 를 개최했으며 비용은 한국하천협회가 부담한 것으로 알려졌습니다.,https://news.naver.com/main/read.nhn?mode=LSD&mid=shm&sid1=260&oid=057&aid=0000167181,284
261578,2011.06.15. 오후 2:07,부동산,머니투데이,아파트 거래 두달 연속 감소...전국 4만 8천 건,머니투데이 조정현 MTN기자 봄 이사철이 마무리되면서 아파트 거래 건수가 두 달 연속 감소하는 것으로 나타났습니다. 국토해양부는 지난 달 아파트 실거래 건수가 4만 8천 건으로 집계돼 4월보다 7천여 건 줄었다고 밝혔습니다. 아파트 실거래건수는 지난 3월 5만 9천여 건을 기록한 뒤 2개월 째 감소세를 보이고 있습니다. 서울 개포주공1단지 전용면적 51제곱미터 형이 9억 4천만 원으로 4월보다 천만 원 하락하는 등 가격도 안정세를 보이고 있습니다.,https://news.naver.com/main/read.nhn?mode=LSD&mid=shm&sid1=260&oid=008&aid=0002555856,284
261579,2011.06.15. 오후 2:04,부동산,매일경제,도시형생활주택 투자시 주차대수 최소 40%는 넘어야 되지 않는가,최근 수도권 전세난이 심화되면서 1 2인 가구의 실거주를 대상으로 한 도시형 생활주택과 오피스텔의 인기가 높아지고 있다. 아파트 가격의 장기 전망이 불투명한 가운데 비교적 소액으로 투자할 수 있기 때문이다. 소형 임대수요가 많은 인천 역세권에서도 도시형 생활주택과 오피스텔의 분양이 잇따르고 있다. 3만여 명이 종사하는 GM대우자동차의 도시이며 국철 부평역과 인천 지하철 부평시장역 및 2012년 12월 개통예정인 7호선 신복역 트리플 역세권에 위치한다. 부평에 도시형 생활주택 및 오피스텔 211세대 허가를 받고 대한주택보증 승인을 받은 라일건설 주 의 부평 라일플로리스 가 분양에 나선다. 전체가 211세대 규모로 도시형 생활주택 126세대 오피스텔 85세대로 구성돼 있다. 38㎡ 41㎡ 11 13평형 의 소형 평형으로 구성된다. 세련된 인테리어에 2구 전기쿡탑 씽크대 붙박이장과 에어컨 냉장고 드럼 세탁기 책상 등 생활에 필요한 풀옵션이 제공되며 넓은 샤워시설이 설치된다. 개별 냉난방을 통해 관리비가 저렴하고 전담 관리실과 CCTV 등도 설치해 안전한 생활이 가능하며 116대의 주차공간을 갖췄다. 라일 플로리스 는 투자금액 1억 원에 융자를 포함 3채를 매입해 주택 임대사업자를 내면 취득세 재산세 양도소득세 등의 세제혜택도 받게 된다. 분양가는 7천200만 원 7천8백만 원 선으로 2012년 7월 준공예정이며 모델하우스는 부평시장로터리 부평동 152 1 에 마련돼 있다. 라일 플로리스의 분양 대행사인 주 굿애플에서는 도시형 생활주택 투자에 관심있는 투자자들을 대상으로 랜드스터디의 도시형 생활주택 투자과정 동영상 강의를 무료로 수강할 수 있는 이벤트를 실시한다. 랜드스터디 홈페이지 www.landstudy.net 에 무료회원 가입을 한 뒤 공지사항 도시형 생활주택 무료수강 이벤트 에 댓글로 아이디와 성명을 달면 한국공인중개사협회 실전세테크 강사 EBS교육방송 및 매일경제TV 강사 등 다양한 실전강의 강사인 김명희 대표와 LBA수원캠퍼스 지도교수이며 굿애플중개법인 주 대표인 최원재 교수가 진행하는 도시형 생활주택 투자과정 을 1년 간 무료로 수강할 수 있다. 홈페이지 www.landstudy.net 문의 1666 0414 자료제공 라일 플로리스 ⓒ 매일경제 mk.co.kr 무단전재 및 재배포 금지 MBA도 모바일로 공부한다.,https://news.naver.com/main/read.nhn?mode=LSD&mid=shm&sid1=260&oid=009&aid=0002485040,284
261580,2011.06.15. 오후 1:58,부동산,SBS Biz,전세난 힘드네…기대반 우려반 전월세 상한제 특효약 될까,박상언 유엔알컨설팅 대표 ○ 최근 전세시장 동향 전국의 매매가 대비 전셋값 비율은 지난달 현재 59.0% 서울은 49.7%다. 부동산114 조사결과 서울의 주간 전세시세 변동률은 6월 첫째 주 0.02% 둘째 주 0.03%로 본격적인 상승 국면에 들어섰다. 특히 6월 둘째 주에는 서울뿐 아니라 전국 평균 전셋값이 지난주에 비해 0.02% 오른 것으로 나타났다. KB국민은행의 주택가격 동향조사 에 따르면 5월말 현재 서울 전세가율은 47.0%이다. 이 가운데 강남 11개구 전세가율은 42.1%를 기록했는데 최근 대치동 은마아파트 101㎡의 전셋값은 3억 3억 5000만원 수준으로 2주만에 2000만 3000만원이나 상승했다. 지난 10일 한국은행이 기준금리를 0.25%포인트 올리면서 집주인들이 월세나 전세 가격을 조만간 인상할 조짐을 보이고 있다. ○ 올가을 전세난 심화 우려 이유는 여러가지 요인이 있겠지만 기준금리 인상이 많은 작용을 할 것이다.집주인들이 전세가격을 그만큼 올리거나 전셋집을 월세로 돌려 이자 부담을 경감할 것으로 보인다. 금리가 오르면 결국 세입자들 주머니에서 이자가 나오는 셈이다. 한국은행의 기준금리 인상 조치로 시중 은행들의 주택담보대출 금리도 함께 오르게 돼 대출을 끼고 주택을 구입한 집주인들이 늘어난 이자상환 부담을 고스란히 전ㆍ월세 임차인에게 떠넘길 가능성이 크다는 얘기다. 이번 금리인상은 지난 3월 말부터 두 달 이상 하향 안정세를 보이던 전세시세가 2주 연속 오르는 상황에서 나온 조치라 더욱 충격파가 클 전망이다. 최근 강남권에 신규 공급이 부족하기에 앞으로 매매가 대비 전세가율이 60%를 넘어설 수도 있다. 학군이동과 재건축 이주수요 등 하반기 전세시장을 흔들 변수가 여전히 남아있기 때문이다. PF시장의 극심한 침체에 이어 재건축·재개발 등 도시정비사업장마저 착공지연 사태가 속출하면서 주택공급이 급감하고 있다. 또 강남권의 재건축 아파트들의 이주수요가 하반기 몰려있는 점도 전세난이 지속될 이유가 된다. 최근 5차 보금자리가 지정됐는데 강동구 주변에 대거 지정되면서 강동구 송파구 위주로 해서 집을 사려는 수요들이 대기수요로 나타나고 있다. 입주물량 부족도 올해 전세난을 가중시키는 요인이 될 것이라 보고 있다. 올 하반기에 전국 입주 예정물량은 9만9381가구로 상반기 9만6453가구 보다 2928가구 늘었다. 하지만 작년 입주물량 29만7186가구 보다 10만여 가구줄어든 19만5834가구에 불과하다. 하반기 신규 공급물량도 전국 16만1541가구가 예정됐다. 이는 상반기 12만1505가구 보다 4만여가구 늘어난 물량이지만 시기를 잡지 못한 미정물량 6만5000여가구를 제외하면 9만6000여가구 뿐이다. 아무래도 여러가지 금리나 보금자리 주택에 대한 효과 재개발 재건축으로 인한 이주수요로 올 가을에서 전세난이 지속될 것으로 보인다. ○ 전월세 · 분양가 상한제 분양가 상한제로 인해서 특히 재개발 재건축 사업 진행이 안되고 있다. 분양가 상한제가 폐지 된다고 봤을 때 신규 공급이 늘어나는 효과가 있다. 단기적으로는 폐지되면 이주 수요때문에 주변 지역의 전세가 오를 가능성이 있지만 2 3년 뒤에 입주되면 안정되는 모습을 보일 것이다. 물량으로 전세난을 잡을 수 있지 않을까 하는 기대가 있다. 전월세 상한제도 오히려 전세난을 잡을 수 있는 방안이 될 거라는 기대감으로 인해 여야가 조율하고 있는 것으로 고려되고 있다. ○ 전월세 · 분양가 상한제 6월 임시국회 통과 가능성 여야가 공감을 하고 있기 때문에 통과될 것은 확실시 되고 있으나 조율이 문제이다. 정부의 입장에서는 국토부 장관이나 여러 의견을 봤을 때 어느정도 상한제에 대해 우려를 하고 있지만 조율이 되어서 통과되지 않을까 한다. 민주당이 전월세 인상률 연 5% 제한 및 계약갱신 청구권 1회 보장을 당론으로 추진하고 있다. 89년 이전까지 전월세값이 폭등해 이를 막기 위해 임대기간 연장제도를 도입한 이후 91년 전월세값 인상율이 1.9% 그치는 등 안정화됐다 주장하고 있다. 한나라당에서는 전월세 가격이 급등한 지역을 관리지역과 신고지역으로 지정해 일정 비율 이상 올리지 못하도록 하는 내용을 고려하고 있다. 국토해양부장관이 공정시장임대료를 산정 고시하는 내용도 나오고 있는데 박재완 기획재정부 장관은 지난달 인사청문회에서 전월세 상한제에 대해 단기적인 임대료의 대폭 인상 가능성과 중장기적인 민간 임대주택 공급 축소 등을 들어 반대 입장을 밝혔다. 권도엽 국토부 장관도 이달 초 취임 직후 기자들과 만나 인위적인 가격 통제는 바람직하지 않다 말한 바 있다. 실제로 1989년 계약기간을 1년에서 2년으로 연장했을 때 계약기간동안 제한되는 상승분을 미리 인상해 연간 23.7%나 전셋값이 폭등한 바 있다. 단기간에 오르는 부작용 때문에 반대를 하고 있다. ○ 부작용 어떻게 막나 실제적으로 전월세 상한제가 통과되기 이전부터 실제적으로 미리 집주인들이 앞당겨서 올리겠다는 분위기 때문에 6월초부터 오르고 있다. 현재 민주당 방안이 실제적으로 2년 정도 살고 한번 더 세입자한테 연장청구권을 주자는 안인데 실제적으로 한번 더 줬을 때 인상률에 대해서 연 5%로 적용될 것인가 아니면 인상률을 다시 조정할 것인가 하는 문제가 핵심사항이다. 4년이 되고 그 다음부터는 갱신청구권이 실제적으로 동일인에 한해서 주배됐을 때 이런 부분에 대해서 어떻게 될 것인가 아니면 그렇게 됐을 경우에 전세가격이 오르는 시점에서는 임대인은 다른 임차인을 맞을 확률이 많다. 동일인같은 경우는 올릴 수 있는 한계가 있기 때문이다. 주택공급이 계속 활성화되고 전세가 안정화 됐을 때는 연5%가 아니라 전세가격이 떨어지는 경우도 많다. 전세는 항상 오르는 게 아니다. 급등락이 있기 때문에 전세가격이 떨어졌을 때는 임차인보다는 임대인이 오히려 시장에서는 약자가 될 수 있기 때문에 아무래도 전세가격 떨어진다는 가정도 생각하면서 임대인 입장에서도 고려해야 되지 않을까 보고 있다. www.SBSCNBC.co.kr 자세한 내용은 동영상을 시청하시기 바랍니다.,https://news.naver.com/main/read.nhn?mode=LSD&mid=shm&sid1=260&oid=374&aid=0000006237,284
261581,2011.06.15. 오후 1:58,부동산,SBS CNBC,전세난 힘드네…기대반 우려반 전월세 상한제 특효약 될까,박상언 유엔알컨설팅 대표 ○ 최근 전세시장 동향 전국의 매매가 대비 전셋값 비율은 지난달 현재 59.0% 서울은 49.7%다. 부동산114 조사결과 서울의 주간 전세시세 변동률은 6월 첫째 주 0.02% 둘째 주 0.03%로 본격적인 상승 국면에 들어섰다. 특히 6월 둘째 주에는 서울뿐 아니라 전국 평균 전셋값이 지난주에 비해 0.02% 오른 것으로 나타났다. KB국민은행의 주택가격 동향조사 에 따르면 5월말 현재 서울 전세가율은 47.0%이다. 이 가운데 강남 11개구 전세가율은 42.1%를 기록했는데 최근 대치동 은마아파트 101㎡의 전셋값은 3억 3억 5000만원 수준으로 2주만에 2000만 3000만원이나 상승했다. 지난 10일 한국은행이 기준금리를 0.25%포인트 올리면서 집주인들이 월세나 전세 가격을 조만간 인상할 조짐을 보이고 있다. ○ 올가을 전세난 심화 우려 이유는 여러가지 요인이 있겠지만 기준금리 인상이 많은 작용을 할 것이다.집주인들이 전세가격을 그만큼 올리거나 전셋집을 월세로 돌려 이자 부담을 경감할 것으로 보인다. 금리가 오르면 결국 세입자들 주머니에서 이자가 나오는 셈이다. 한국은행의 기준금리 인상 조치로 시중 은행들의 주택담보대출 금리도 함께 오르게 돼 대출을 끼고 주택을 구입한 집주인들이 늘어난 이자상환 부담을 고스란히 전ㆍ월세 임차인에게 떠넘길 가능성이 크다는 얘기다. 이번 금리인상은 지난 3월 말부터 두 달 이상 하향 안정세를 보이던 전세시세가 2주 연속 오르는 상황에서 나온 조치라 더욱 충격파가 클 전망이다. 최근 강남권에 신규 공급이 부족하기에 앞으로 매매가 대비 전세가율이 60%를 넘어설 수도 있다. 학군이동과 재건축 이주수요 등 하반기 전세시장을 흔들 변수가 여전히 남아있기 때문이다. PF시장의 극심한 침체에 이어 재건축·재개발 등 도시정비사업장마저 착공지연 사태가 속출하면서 주택공급이 급감하고 있다. 또 강남권의 재건축 아파트들의 이주수요가 하반기 몰려있는 점도 전세난이 지속될 이유가 된다. 최근 5차 보금자리가 지정됐는데 강동구 주변에 대거 지정되면서 강동구 송파구 위주로 해서 집을 사려는 수요들이 대기수요로 나타나고 있다. 입주물량 부족도 올해 전세난을 가중시키는 요인이 될 것이라 보고 있다. 올 하반기에 전국 입주 예정물량은 9만9381가구로 상반기 9만6453가구 보다 2928가구 늘었다. 하지만 작년 입주물량 29만7186가구 보다 10만여 가구줄어든 19만5834가구에 불과하다. 하반기 신규 공급물량도 전국 16만1541가구가 예정됐다. 이는 상반기 12만1505가구 보다 4만여가구 늘어난 물량이지만 시기를 잡지 못한 미정물량 6만5000여가구를 제외하면 9만6000여가구 뿐이다. 아무래도 여러가지 금리나 보금자리 주택에 대한 효과 재개발 재건축으로 인한 이주수요로 올 가을에서 전세난이 지속될 것으로 보인다. ○ 전월세 · 분양가 상한제 분양가 상한제로 인해서 특히 재개발 재건축 사업 진행이 안되고 있다. 분양가 상한제가 폐지 된다고 봤을 때 신규 공급이 늘어나는 효과가 있다. 단기적으로는 폐지되면 이주 수요때문에 주변 지역의 전세가 오를 가능성이 있지만 2 3년 뒤에 입주되면 안정되는 모습을 보일 것이다. 물량으로 전세난을 잡을 수 있지 않을까 하는 기대가 있다. 전월세 상한제도 오히려 전세난을 잡을 수 있는 방안이 될 거라는 기대감으로 인해 여야가 조율하고 있는 것으로 고려되고 있다. ○ 전월세 · 분양가 상한제 6월 임시국회 통과 가능성 여야가 공감을 하고 있기 때문에 통과될 것은 확실시 되고 있으나 조율이 문제이다. 정부의 입장에서는 국토부 장관이나 여러 의견을 봤을 때 어느정도 상한제에 대해 우려를 하고 있지만 조율이 되어서 통과되지 않을까 한다. 민주당이 전월세 인상률 연 5% 제한 및 계약갱신 청구권 1회 보장을 당론으로 추진하고 있다. 89년 이전까지 전월세값이 폭등해 이를 막기 위해 임대기간 연장제도를 도입한 이후 91년 전월세값 인상율이 1.9% 그치는 등 안정화됐다 주장하고 있다. 한나라당에서는 전월세 가격이 급등한 지역을 관리지역과 신고지역으로 지정해 일정 비율 이상 올리지 못하도록 하는 내용을 고려하고 있다. 국토해양부장관이 공정시장임대료를 산정 고시하는 내용도 나오고 있는데 박재완 기획재정부 장관은 지난달 인사청문회에서 전월세 상한제에 대해 단기적인 임대료의 대폭 인상 가능성과 중장기적인 민간 임대주택 공급 축소 등을 들어 반대 입장을 밝혔다. 권도엽 국토부 장관도 이달 초 취임 직후 기자들과 만나 인위적인 가격 통제는 바람직하지 않다 말한 바 있다. 실제로 1989년 계약기간을 1년에서 2년으로 연장했을 때 계약기간동안 제한되는 상승분을 미리 인상해 연간 23.7%나 전셋값이 폭등한 바 있다. 단기간에 오르는 부작용 때문에 반대를 하고 있다. ○ 부작용 어떻게 막나 실제적으로 전월세 상한제가 통과되기 이전부터 실제적으로 미리 집주인들이 앞당겨서 올리겠다는 분위기 때문에 6월초부터 오르고 있다. 현재 민주당 방안이 실제적으로 2년 정도 살고 한번 더 세입자한테 연장청구권을 주자는 안인데 실제적으로 한번 더 줬을 때 인상률에 대해서 연 5%로 적용될 것인가 아니면 인상률을 다시 조정할 것인가 하는 문제가 핵심사항이다. 4년이 되고 그 다음부터는 갱신청구권이 실제적으로 동일인에 한해서 주배됐을 때 이런 부분에 대해서 어떻게 될 것인가 아니면 그렇게 됐을 경우에 전세가격이 오르는 시점에서는 임대인은 다른 임차인을 맞을 확률이 많다. 동일인같은 경우는 올릴 수 있는 한계가 있기 때문이다. 주택공급이 계속 활성화되고 전세가 안정화 됐을 때는 연5%가 아니라 전세가격이 떨어지는 경우도 많다. 전세는 항상 오르는 게 아니다. 급등락이 있기 때문에 전세가격이 떨어졌을 때는 임차인보다는 임대인이 오히려 시장에서는 약자가 될 수 있기 때문에 아무래도 전세가격 떨어진다는 가정도 생각하면서 임대인 입장에서도 고려해야 되지 않을까 보고 있다. www.SBSCNBC.co.kr 자세한 내용은 동영상을 시청하시기 바랍니다.,https://news.naver.com/main/read.nhn?mode=LSD&mid=shm&sid1=260&oid=375&aid=0000007450,284
261582,2011.06.15. 오후 1:56,부동산,아시아경제,‘향응 논란...국토부 변명·축소에 급급,아시아경제 진희정 기자 국토해양부 소속 공무원들이 지난 3월말 제주도에서 열린 연찬회에 참석한 직후 산하기관 및 민간업체로부터 향응을 제공 받아 총리실 공직복무관리관실에 적발된 사실이 뒤늦게 알려졌다. 이에 대해 국토부는 15일 ‘향응’이 아닌 ‘접대’라며 해명에 나서 빈축을 사고 있다. 또 해당 관련 공무원들에게도 주의 및 경고조치만 내리는 등 미온적인 처리로 사건 축소에 급급한 모습이다. 국토부 관계자는 “룸살롱에서 적발됐다고 알려졌으나 실제로는 노래주점이었으며 15명 안에는 여직원도 포함된 것”이라며 “술값을 업체들이 내 준 것이 문제가 돼 경고 조치와 함께 개인당 송금조치를 했으며 기본적인 숙박비 등은 출장비로 처리했다 고 설명했다. 15명 가운데 6명은 수공 직원 2명과 횟집에서 식사 후 인근 주점에서 술을 마시고 나머지 9명은 용역업체 직원 7명과 횟집에서 식사 후 인근 나이트클럽을 이용한 것으로 파악됐다. 식사비와 술값 등 총 273만원은 수공 및 용역업체 직원들이 계산했으며 접대사실이 현장에서 총리실에 적발됐다. 일각에서는 국토부가 직원들의 접대 적발 사실을 미리 알고 있었음에도 불구하고 관련 사실을 약 3개월간 숨기고 있었던 것에 대해 비난하고 있다. 특히 사실을 축소하고 변명으로 일관해 온 태도에서 반성의 모습이 그 어디에도 보이지 않아 향후 논란의 여지를 남겨 놓고 있다.,https://news.naver.com/main/read.nhn?mode=LSD&mid=shm&sid1=260&oid=277&aid=0002623563,284
261583,2011.06.15. 오후 1:56,부동산,연합뉴스,주산연 하반기 전세 45% 오른다,서울 성북구의 부동산 상가 간판 뒤로 대규모 아파트 단지가 안개에 흐려 보이고 있다. 자료사진 전월세상한제 도입은 해결책 못돼 서울 연합뉴스 이유진 기자 주택산업연구원 주산연 은 올해 하반기 전국의 전세가격이 4 5% 상승해 전세난이 심화될 것으로 전망했다. 주산연은 15일 2011년 하반기 주택시장전망 자료에서 수도권은 매매가격 하락에 대한 불안감으로 전세 수요가 늘고 지방은 매매가 상승에 따른 전세가 동반 상승으로 전국에서 전세가격이 상승세를 보일 것이라고 밝혔다. 아파트 전세가는 5% 주택 전체는 4% 오를 전망이다. 입주 물량 감소도 전세난을 부추기는 요인이다. 2008년 이후 3년간 분기별로 평균 15만가구가 신규 공급됐으나 올해 상반기 들어 9만6천가구로 감소했고 하반기 입주 물량도 평균에 미치지 못할 것이라는 예상이 나왔다. 한편 매매가격 전망은 지역별로 편차를 보였다. 수도권은 집값 하락에 대한 불안감이 팽배한 가운데 보금자리 5차지구 지정과 금리인상 등의 약재가 겹치면서 1% 내외의 약보합세를 보일 것이라고 주산연은 전했다. 반면 지방은 당분간 상승세가 지속돼 집값이 3 4% 올라갈 것으로 예상했다. 주산연은 또 42개 건설사와 46개 부동산중개업소를 대상으로 한 설문조사 결과 하반기 주택시장에 영향을 미치는 요인으로 매매가격 전망 등 심리적 요인의 변화 를 꼽은 응답자가 27%로 가장 많았다고 밝혔다. 또 다수 응답자들이 전세가격은 2012년까지 계속 오르고 수도권 매매가격도 올해 하반기에서 내년 상반기 사이에 상승세로 돌아설 것이므로 실수요자가 주택을 구입하기 적절한 시점은 올해 하반기라고 답변했다. 전세난을 해소하려면 전세수요를 매매로 돌려 수도권 매매시장을 활성화하는 정책이 필요하다는 응답이 36%로 가장 많았고 임대주택 공급확대 19.2% 와 도시형생활주택 보금자리주택 등을 통한 공급확대 16.8% 등이 뒤를 이었다. 전세 안정을 위해 전월세상한제를 도입해야 한다는 답변은 1.6%에 그쳤다. 주산연 관계자는 전월세상한제를 도입하면 집을 처분하려는 매도 물량이 대폭 쏟아지고 민간의 임대 물량이 감소해 수급불일치 현상이 발생하면서 오히려 전세시장의 혼란이 가중될 수 있다 고 말했다.,https://news.naver.com/main/read.nhn?mode=LSD&mid=shm&sid1=260&oid=001&aid=0005113924,284
261584,2011.06.15. 오후 1:51,부동산,헤럴드POP,성냥갑 아파트에‘전통 바람’솔솔,현대산업개발이 부산 명륜동에서 분양 중인 ‘명륜 I’PARK 총 1041가구 ’. 부산 유형문화재 제6호인 동래향교가 단지와 맞붙어있는 입지적 특수성을 감안 3개의 주동 住棟 층고를 7층으로 확 낮추고 옥상에 기와지붕을 얹도록 설계됐다. 1층 필로티 공간을 활용해 99㎡규모 다실 茶室 을 조성하고 단지 내 문고와 독서실 이름도 명륜당 및 동재ㆍ서재로 붙였다. 이 회사 관계자는 “인근에 충렬사 명륜공원 舊 동래사적공원 복천박물관 등 다양한 문화재와 사적이 위치하고 있어 한옥풍 단지로 특화했다”며 “외벽을 벽돌 황토색 등으로 마감해 한국적 정취를 물씬 풍기게 될 것”이라고 말했다. 지극히 서구화된 공간으로 꼽히는 콘크리트 성냥갑 아파트에 ‘전통’바람이 솔솔 불고 있다. 최근에는 실내 인테리어에 머물던 ‘한옥풍’ 디자인콘셉트가 아파트 외관까지 빠르게 확산되고 있는 추세다. 아파트 단지 전체의 기품과 정체성을 결정하는 ‘주요 차별화 포인트’로 떠오른 셈이다. 삼성물산이 최근 선보인 수원 ‘래미안 영통 마크원 총 1330가구 ’의 경우 세계 문화유산으로 등재돼 있는 화성을 테마로 대형 문주를 설계해 눈길을 끌었다. 이미 실내 인테리어는 전통미를 접목한 디자인이 큰 줄기로 자리잡은 모양새다. 대림산업은 서울 중구 신당동 용산구 신계동에 이어 경기도 의왕시 ‘내손ㆍ의왕e편한세상’ 등 주력 사업장에 이를 적극 응용하고 있다. 현관 앞에 전통문양을 가미한 중문 中門 이 설치되는가 하면 한지 느낌의 벽지 및 흙 마감재 등이 활용됐다. 심지어 벽 중간마다 한옥에서 볼 수 있는 나무 기둥을 넣기도 했다. 현대건설도 현재 시공 중인 인천 검단 힐스테이트 4차 일부세대에 전통미가 강조된 디자인을 적극 차용했다. 거실 한 쪽에 대청마루 형식의 다실 茶室 이 마련된다. LH는 한발 나아가 지난해 말 한옥구조를 녹여낸 주택평면까지 새롭게 개발했다. 발코니를 확장한 전용면적 84㎡를 기본으로 사랑방 한실 안마당 다실 등 총 4개 유형이다. 특히 안마당형은 약 10㎡ 정도의 미니마당을 집안 내부에 조성 장독대까지 놓을 수 있는 게 특징. 현관 입구 옆에 작은 방을 사랑방처럼 만들어 손님용 침실로 활용할 수 있는 타입도 소비자들의 이목을 사로잡았다. 김승배 피데스개발 사장은 “전통 요소의 현대적 재해석을 통해 고전미와 모던함이 어우러지면서 쉽게 질리지 않는 스타일이 재창조된다”며 “소득수준이 향상됨에 따라 이런 전통에 대한 자부심과 향수가 주거시장까지 스며들고 있는 셈”이라고 말했다.,https://news.naver.com/main/read.nhn?mode=LSD&mid=shm&sid1=260&oid=112&aid=0002203303,284
261585,2011.06.15. 오후 1:50,부동산,세계일보,수익형 부동산 ‘호텔 도미인 구미’ 투자자 관심 집중,비즈니스 인프라 부족 절감한 재계에서도 적극 환영 세계닷컴 최고의 부동산 투자처로 알려진 수익형 부동산 ‘서비스드 레지던스 Serviced Residence 호텔’인 ‘호텔 도미인 구미’가 대구·경북지역 최초로 구미에 들어서자 투자자의 관심이 집중되고 있다. 특히 대한민국 대표 산업도시이면서도 비즈니스 인프라가 부족한 구미에 새로운 비즈니스 문화를 형성할 최첨단 비즈니스호텔 건립 소식에 구미에 입주해 있는 많은 기업들도 지대한 관심을 보이고 있다. ‘호텔 도미인 구미’는 주인이 직접 임대 관리해야 하는 오피스텔이나 원룸과 달리 전문 운영회사에서 호텔을 운영하고 얻은 수익금을 투자자들에게 매월 지급하는 신개념의 수익형 부동산 ‘서비스드 레지던스 호텔’이다. 레지던스는 분양 후 개별 등기를 하기 때문에 소유권 분쟁이 없고 양도세 중과 대상도 아니어서 절세효과뿐만 아니라 시세차익을 위한 거래도 쉽게 할 수 있어 인기를 모으고 있다. ‘호텔 도미인 구미’는 구미지역의 비즈니스 인프라 부족에 대한 갈증도 말끔히 해소할 것으로 보인다. 구미는 삼성 LG 코오롱 한화 STX 등 대기업을 비롯해 1 770개 업체가 밀집해 있는 우리나라 대표 산업도시이다. 1일 숙박 수요도 1 200명이 넘는다. 이런 구미의 산업규모에 비해 구미를 찾는 외부인들이 적절한 가격에 숙박뿐만 아니라 회의 등 비즈니스 활동을 동시에 해결할 수 있는 인프라는 턱 없이 부족하다. 하지만 이번에 편안한 휴식을 취할 수 있는 객실과 함께 웬만한 회의는 다 해결할 수 있는 회의실 물론 최첨단 프리젠테이션 시스템을 갖춘 비즈니스센터 영어·일어·러시아어·중국어·독일어·스페인어 등 6개국의 통·번역시스템 그리고 피트니스센터와 전문식당가 등 최상급 호텔 시설에 버금가는 ‘호텔 도미인 구미’가 들어서면서 구미지역의 비즈니스 인프라에 새로운 장을 열 것으로 기대된다. 호텔 시행업체인 대호 노마드는 “우리나라의 대표적인 산업도시 구미가 세계로 뻗어나가기 위해서는 국내외 비즈니스맨을 위한 이런 인프라가 꼭 필요하다는 신념 하나로 지난 3년간 각고의 노력을 했다”며 “이번 착공식을 계기로 재계뿐만 아니라 투자자 등 모두가 만족하는 비즈니스 인프라를 구축할 수 있게 되었다”고 말했다. ‘호텔 도미인 구미‘ 는 세계적 신계념의 호텔로 호텔전문업체 도미인타니 주 가 운영하고 부동산금융 분야 최고 전문가 그룹인 아시아신탁 주 이 시행 및 자금관리를 담당하고 2010년 도급순위 63위인 중견 상장 건설사 범양건영 주 이 시공사로 참여하여 시공하므로 투자의 안전성이 확실하게 보장된다. 레지던스 호텔 시행업체인 주 대호앤노마드는 오는 6월 24일부터 26일까지 구미시 원평동 1037 14번지 일대 1 480㎡ 부지에 지하 3층 지상 20층 352실 규모의 객실과 식당가 등 근린생활시설을 갖춘 ‘호텔 도미인 구미’를 일반에 분양하며 청약일은 27일이다. 이번에 분양하는 객실은 40.26㎡ 12형 256객실 43.39㎡ 13형 64객실 46.83㎡ 14형 30객실 49.98㎡ 15형 2객실 등 총 352개로 분양가는 3.3㎡당 700만원이다. ‘호텔 도미인 구미’의 분양문의는 054 451 5000이며 홈페이지는 www.dormyinngumi.com 이다. ※본 콘텐츠는 기업 제공 자료로 세계닷컴의견과 다를수 있습니다. Segye.com Segye.com 인기뉴스 흑거미 K 4 美 험비도 일격에 파괴… 가공할 위력 파렴치 교장 형편 어려운 여제자 성추행 파문 쌈밥 어린이집 이번엔 달팽이 밥·거미 국 총기 방치했다 부사관 대검으로 병사 찔러 휴 헤프너 결혼 앞두고 60살 연하 신부에 차여 ⓒ 세계일보 Segye.com 무단 전재 및 재배포 금지 금융전문뉴스 세계파이낸스 모바일로 만나는 세계닷컴 세계닷컴은 한국온라인신문협회 www.kona.or.kr 의 디지털뉴스이용규칙에 따른 저작권을 행사합니다.,https://news.naver.com/main/read.nhn?mode=LSD&mid=shm&sid1=260&oid=022&aid=0002275414,284
261586,2011.06.15. 오후 1:49,부동산,세계일보,송도 역세권 풀옵션 싱글하우스 포레스트 놓치면 후회,세계닷컴 □ 5000만원대 수익형 풀옵션 싱글하우스 □ 호실별 개별 등기분양 □ 연 10%이상 임대수익 인천대 연세대 삼성 바이오기지 등 □ 편리한 교통 접근성 지하철 역세권 광역버스 서울 강남까지 40분대 □ 시행회사 임대 및 월 수익 책임관리 □ 상담신청접수 032 832 0071 아파트 분양시장이 위축돼 있는 요즘에도 원룸텔 소형오피스텔에 대한 청약 열풍은 지속되고 있다. 부동산 투자수익과 월 고정수익을 동시에 거머쥐는 재테크 수단으로 여겨지고 있기 때문이다. 도시형생활주택 즉 싱글하우스는 타 수익형 부동산에 비해 임대 수요가 많아 수익률이 보장되며 주로 퇴직자나 전업주부 등 투자의 경험이 많지 않은 사람도 운영이 가능하고 투자 후 3개월 후면 사업 안정권에 접어들기 때문에 개인 시간이 많아진다는 장점을 갖고 있다. 송도 국제도시 내 경제자유구역은 소형 원룸이 많이 부족하다. 게다가 주위 고시텔도 부족하다 보니 월세를 45만원에서 47만원까지 받는 곳도 있다. 실 거주자에겐 안타까운 소식이지만 투자자에겐 기쁜 소식이 아닐 수 없다. 송도 국제도시는 학생 직장인 상권 종사자 등 풍부하고 탄탄한 배후 임대 수요층이 확보돼 있는 지역이기 때문에 소형 원룸의 수요는 지속적으로 늘어날 전망이다 이러한 송도 국제도시에 싱글하우스 ‘포레스트’가 분양 중이다. 송도 ‘포레스트’의 분양은 투자자들의 관심을 끌기에 충분하다. 5천만원대 분양가에 50 60만원이상의 월세수익을 노릴 수 있고 게다가 호실 별 개별등기까지 가능하기 때문이다. 송도 ‘포레스트’가 위치한 송도 국제 자유구역에는 바로 옆 해양경찰청과 인근 인천대 연세대 신축공사 중 등의 대학과 트레이드타워 국제 비즈니스센터 등의 경제 업무지구와 함께 미추홀 공원 해돋이공원 센트럴파크 등의 휴식공간까지 아우르는 최고의 입지조건으로 손꼽힌다. 탄탄한 배후 임대 수요층이 확보돼 있는 지역이며 이미 인천 지하철 1호선 동막역부터 캠퍼스타운역 테크노파크역 등 국제업무지구까지 아우르는 역세권에 위치하여 대중교통편까지 완벽한 지역이라 하겠다. 싱글하우스의 주요고객인 젊은층의 1인 가구는 대중교통이 편리하면서 많은 사람들이 쉽게 접근할 수 있는 곳을 선호하기 때문에 송도 ‘포레스트’는 주목을 받을 수 밖에 없다. 특히 주변의 센트럴파크와 미추홀공원 해돋이공원 아트센터 등 휴식공간과 취미생활을 마음껏 향유할 수 있는 최적의 입지조건으로 싱글족들의 관심이 높아질 전망이다. 풀옵션 싱글하우스 송도 ‘포레스트’는 현재 선착순 자리배정하기 때문에 향후 위치에 따라 프리미엄 및 월세가 달라질 수 있다. 최고를 누리기 위해선 서두르는 것이 유리하다. 자리배정은 선착순 호수 지정이며 신청접수를 통해 배정을 받을 수 있다. 신청금 100만원 미 계약시 환불 입금계좌 우리은행 1005 801 841070 예금주 주 씨 유 신청접수 032 832 0071 ※본 콘텐츠는 기업 제공 자료로 세계닷컴의견과 다를수 있습니다. Segye.com Segye.com 인기뉴스 흑거미 K 4 美 험비도 일격에 파괴… 가공할 위력 파렴치 교장 형편 어려운 여제자 성추행 파문 쌈밥 어린이집 이번엔 달팽이 밥·거미 국 총기 방치했다 부사관 대검으로 병사 찔러 휴 헤프너 결혼 앞두고 60살 연하 신부에 차여 ⓒ 세계일보 Segye.com 무단 전재 및 재배포 금지 금융전문뉴스 세계파이낸스 모바일로 만나는 세계닷컴 세계닷컴은 한국온라인신문협회 www.kona.or.kr 의 디지털뉴스이용규칙에 따른 저작권을 행사합니다.,https://news.naver.com/main/read.nhn?mode=LSD&mid=shm&sid1=260&oid=022&aid=0002275413,284
261587,2011.06.15. 오후 1:45,부동산,헤럴드경제,잡아라 한강 프리미엄 최초 천만원대 마지막 기회,한강신도시 한라비발디아파트 선착순 특별분양 ☞ 중도금 무이자 ☞ 계약금 5% ☞ 한강 조망권 ☞ 여의도 19분 쾌속 교통망 김포 한강로 직접 연결 ☞ 녹지율 53% ☞ 18만평의 생태공원을 내집 마당 안으로 ☞ 천만원대 한강변 아파트 ☞ 한강변 아파트 미래가치에 대한 투자 ☞ 한강 생활권의 최고의 가치 지방 분양시장의 분양열기가 수도권 시장에도 전해지고 있다. 4월 중순 문을 연 ‘한강신도시 한라비발디’ 견본주택에는 많은 인파가 다녀가면서 수도권 분양시장에도 훈풍이 불고 있다. 한라건설에 따르면 김포한강신도시에 분양하는 ‘한강신도시 한라비발디’는 견본주택 개관 첫날 7500명 주말에 약 2만여 명이 다녀가 3일 동안 약 2만 8천 여명이 견본주택을 다녀갔다. 견본주택 앞에는 개관 전부터 방문객들로 인해 줄이 길게 늘어서는 진풍경이 펼쳐졌고 견본주택 안에도 분양상담을 받으려는 방문객들로 내내 인산인해를 이뤘다. 한라건설 관계자는 “김포한강신도시는 8월에 김포한강로가 개통되면 서울 접근성이 좋아지며 특히 운양용화사IC가 택지내에서 가장 근거리에 위치해 서울로 이동이 수월하다”고 말했다. 또 “한강신도시 한라비발디 분양가는 3.3㎡ 당 1060만원으로 타 지역보다 저렴한 분양가로 한강과 조류생태공원 등을 조망할 수 있다는 것이 가장 큰 장점”이라고 덧붙였다. ‘한강신도시 한라비발디’는 지하2층 지상19층 12개 동 총857가구의 대단지로 전용면적 기준 105㎡형 513가구 106㎡형 284가구 126㎡형 60가구로 구성됐다. 분양가는 3.3㎡ 당 1060만원으로 계약금 5%씩 2회 분납 중도금 60% 전액 무이자가 적용된다. 전매는 계약 1년 후부터 가능하다. ‘한강신도시 한라비발디’ 견본주택은 김포시 고촌읍 신곡리에 위치해 있다. 선착순 특별 분양이므로 신청금 입금 후 방문하는 것이 유리하다.,https://news.naver.com/main/read.nhn?mode=LSD&mid=shm&sid1=260&oid=016&aid=0000386822,284
261588,2011.06.15. 오후 1:35,부동산,헤럴드경제,부평 역세권 소형 오피스텔 신일 유스테이션 특별 분양,☞ 계약금 5% 약 500만원 만 내시면 입주때 까지 들어가는 돈이 없다. ☞ 중도금 전액 무이자 ☞ 풀옵션 특별 제공 ☞ 1가구 2주택 무관 ☞ 서울 7호선 부평구청역과 인천 지하철 1호선 환승역세권·서울 1호선 부평역 신일건업이 인천 부평구 부평역과 부평 구청역 2분거리에 오피스텔 ‘신일 유스테이션’을 분양 중이다. 지난번 문을 연 신일 유스테이션 견본주택은 개관 3일 동안 1만 명이 넘는 관람객이 찾아 청약돌풍을 예고했다. 최근 3년 동안 주변지역에 신규오피스텔이 없었다는 측면에서 수익률에 대한 투자자들의 기대가 컸던 것으로 보인다고 회사측은 밝혔다. 신일 유스테이션은 지하 7층∼지상 20층 규모의 주상복합 오피스텔로 64.46㎡ 19형 108실 마감 70.61㎡ 21형 224실 82.85㎡ 25형 18실 103.31㎡ 31형 32실 등으로 총 382실로 구성됐다. 분양가와 계약조건도 우수하다. 분양가는 3.3㎡당 400만원 대로 저렴하며 중도금 무이자 혜택 무제한 전매제한 풀옵션 무상제공 등 혜택이 소액투자자들의 관심을 끌 것으로 보인다. 소형오피스텔이지만 20층 규모의 랜드마크적 외관 고급커뮤니티와 풀옵션 및 세련된 마감자재를 활용한 점도 눈에 띈다. 인천지하철 1호선과 환승될 예정인 7호선 부평구청역이 2012년 개통 예정으로 오피스텔 완공과 함께 도보 5분에 바로 이용가능한 더블 역세권 으로 강남까지 50분대면 이동할 수 있게 된다. 근처에 공단이 있어 공실이 거의 없는 안정적인 임대수요를 제공한다오후 4 30 2011 06 08. 북측에 GM대우 자동차공단 1만2000여명 부평공단 2만356명 이 있고 남측으로는 부평시장 상권이 자리한다. 또한 바로옆에는 부평구청이 위치해 있어 공실 걱정은 없을 듯 하다. 신일 유스테이션 관계자는 “싼 분양가와 최근 주변지역에 신규오피스텔이 없었다는 점에 수요자들이 매력을 느낄 것으로 판단된다”고 말했다. 견본주택은 롯데마트 삼산점과 삼산체육관 인근에 위치해 있다. ◈ 신청금 100만원을 입금하시고 방문하시면 호수 지정에 유리하다. ◈ 신청계좌 국민은행 392001 04 162963 ◈ 예금주 u3000신일건업 정 계약시에는 자금관리 신탁사로 입금합니다.,https://news.naver.com/main/read.nhn?mode=LSD&mid=shm&sid1=260&oid=016&aid=0000386821,284
261589,2011.06.15. 오후 1:22,부동산,파이낸셜뉴스,강남성심병원 인근에 아파트 813가구 건립,서울시는 지난 14일 건축위원회를 열어 영등포구 대림동 917 49번지 일대 13만8258㎡에 아파트 813가구를 짓는 내용의 ‘대림3주택재 건축정비사업’ 계획안을 통과시켰다고 15일 밝혔다. 이 곳에는 용적률 349%를 적용받아 최고 21층짜리 아파트 13개동이 들어설 예정이다. 전용면적 59㎡ 213가구 84㎡ 564가구 123㎡ 36가구로 구성된다. 아파트가 건립될 부지는 신길로와 공단로에 접해 있으며 주변에 신대림초등학교와 대림중학교 강남성심병원 등이 있다. 위원회는 또 동대문구 용두동 10 3번지 일대 1512㎡에 24층짜리 오피스텔을 짓는 내용의 ‘청량리1재정비촉진구역 도시환경정비사업’ 계획안 조감도 을 의결했다. 청량리역 경동시장 동부청과시장 근처 왕산로에 접해 있는 이 곳에는 용적률 999%를 적용받아 근린생활시설과 사무실 오피스텔 243실 등이 조성된다. 연내 공사를 시작해 2013년 상반기 마무리할 예정이다.,https://news.naver.com/main/read.nhn?mode=LSD&mid=shm&sid1=260&oid=014&aid=0002457203,284
261590,2011.06.15. 오후 1:13,부동산,세계일보,부산 장전동에 투자형 오피스텔 분양,온천장역 현대성우오스타 오피스텔 견본주택 23일 개관 세계닷컴 극심한 오피스텔 공급 가뭄을 겪던 부산 온천장역 역세권에 모처럼 새 오피스텔 분양의 단비가 내린다. 성우종합건설은 부산 금정구 장전동 지하철 1호선 온천장역 인근에 현대성우오스타 오피스텔을 6워23일 견본주택을 열며 분양을 시작한다. 온천장역 현대성우오스타는 지하 2층 지상 22층 1개동 규모다. 여기에 전용면적 기준 50 52㎡ 324실 53㎡ 2실의 오피스텔이 들어설 예정이다. 온천장역 현대성우오스타 오피스텔은 견본주택 개관에 앞서 6월 17일 20일까지 청약접수를 받고 당첨자 발표는 6월 22일 계약은 6월 23일 24일 양일간 진행된다. 요즘 몸값이 치솟고 있는 소형 아파트 대체 주거공간으로 수요자들의 인기가 높은 소형 오피스텔만으로 구성된 게 특징이다. 이 오피스텔이 위치한 온천장역 일대는 부산에서도 입지여건이 뛰어나기로 정평이 나있는 곳이다. 온천장역이 걸어서 3분 거리다. 주변에 홈플러스 CGV영화관 등 다양한 생활 편의시설이 들어서 있다. 건물 안에는 피트니스센터 갖춰지고 하늘공원이 조성된다. 내부는 수납공간이 풍부해 주거생활이 편리할 것으로 보인다. 분양가는 3.3㎡당 590만원 대에 책정될 가능성이 크다. 한 채 당 8900만원 부가세 별도 8층 50㎡ 기준 정도인 셈이다. 이는 현재 주변시세와 비교했을 때도 상당히 저렴한 수준이라는게 업체 관계자의 설명이다. 온천장역 현대성우오스타가 실수요자와 투자자들의 관심을 끄는 데는 몇 가지 이유가 있다. 무엇보다 희소가치가 높다. 온천장역 주변은 2006년 SK허브스카이 814실 입주 이후 지금까지 오피스텔 공급이 거의 없었다. 배후 임대수요가 탄탄하다는 점도 구미를 당긴다. 온천장역 현대성우오스타는 오피스텔 임대수요가 많은 대학가 부산대학교 역세권 온천장역 에 위치해 있다. 인근 온천장 상업지구 근무자라는 수요층도 배후에 두고 있다. 최근 부산에 1 2인 가구가 급증하고 있다는 점도 온천장역 현대성우오스타의 인기 이유다. 최근 소형 주택 전셋값과 매매가가 치솟자 인근 오피스텔로 눈을 돌리는 수요자가 늘고 있다. 장전동 온천장역 일대 오피스텔의 공실률이 낮은 이유가 바로 여기에 있다. 그렇다면 온천장역 현대성우오스타 오피스텔의 수익률은 어느 정도일까. 분양 업체는 이 오피스텔 50㎡ 분양가 8900만원선 부가세 별도 의 임대 수익률을 연 9.95% 선에 달할 것으로 기대하고 있다. 이는 금융기관에서 4450만원 연 6% 을 빌려 이 오피스텔을 분양받은 뒤 보증금 500만원 월세 55만원에 임대를 줬을 경우다. 현재 온천장역 주변의 5년 차 오피스텔의 임대 수익률이 평균 7 8%선인 점을 감안하면 새 오피스텔인 온천장역 현대성우오스타는 그 이상의 임대수익을 챙길 수 있을 것이라는 게 업체 측의 설명이다. 실제로 2006년 10월에 입주한 온천장역 인근 S 오피스텔 43 49㎡의 경우 매매가 1억500만 1억2500만원으로 임대시세는 월 임대료 55 60만원 선이다. 한 부동산 전문가는 “부산 지역은 전국에서도 유난히 오피스텔 열기가 뜨겁지만 공급은 부족한 편”이라며 “이번이 블루칩 오피스텔을 선점할 절호의 찬스”라고 말했다. 분양문의 051 555 9889 ※본 콘텐츠는 기업 제공 자료로 세계닷컴의견과 다를수 있습니다. Segye.com Segye.com 인기뉴스 흑거미 K 4 美 험비도 일격에 파괴… 가공할 위력 쌈밥 어린이집 이번엔 달팽이 밥·거미 국 고교 교장이 여학생에 변태 성행위 강요 파문 총기 방치했다 부사관 대검으로 병사 찔러 휴 헤프너 결혼 앞두고 60살 연하 신부에 차여 ⓒ 세계일보 Segye.com 무단 전재 및 재배포 금지 금융전문뉴스 세계파이낸스 모바일로 만나는 세계닷컴 세계닷컴은 한국온라인신문협회 www.kona.or.kr 의 디지털뉴스이용규칙에 따른 저작권을 행사합니다.,https://news.naver.com/main/read.nhn?mode=LSD&mid=shm&sid1=260&oid=022&aid=0002275393,284
261591,2011.06.15. 오후 1:12,부동산,세계일보,역세권 소형 오피스텔 무조건 잡아라,세계닷컴 □ 100% 등기분양 토지 건물 □ 1가구2주택 무관 DTI 적용제외 □ 지하철 1호선 송내역 지하철 7호선 개통예정 직통 열차 용산 동인천 □ 부천 지방 검찰청 지방법원 대형마트 현대백화점 롯데백화점 홈플러스 이마트 등 □ 2011년 7월 준공 입주 시행사 책임임대 보장제 □ 서울 외곽 순환도로 경인 고속도로 제2 경인 고속도로 □ 호텔형 풀옵션 냉장고 에어컨 세탁기 모니터 겸용TV 전자렌지 침대 수납장 붙박이장 등 최근 수도권의 전세대란으로 인한 소형주택의 몸값이 천정부지로 치솟고 있다. 정부의 많은 노력에도 주택 공급 수요의 정책이 실제 시장의 반응과는 거리감이 있는듯하다. 몸값 귀한 소형 주택이 이처럼 인기인 이유는 부동산 취득시 소요되는 투자비용이 상대적으로 적은데다 임차시 발생하는 월 임대료가 시중은행 금리의 이자보다 높은 수익률로 나타나기 때문이다 일반적으로 부동산 투자에 관심이 있다 하더라도 경험이 많지 않다는 이유로 투자금액이 보유 자산보다 많아서 확실치 않은 수익률 즉 여러 가지 리스크를 감안하면서 투자를 보류 망설이게 되는 것이다. 전문가들이 조언하는 투자의 원칙을 들여다보면 보다 안정적이고 수익률이 보장되는 상품을 찾는데 도움이 될 것이다. 2011년 부동산 투자의 Key word는 역세권 소형주택 수익형 부동산이다. 이 세 가지의 요건을 충족한다라는 것이 말처럼 쉽진 않지만 면밀히 따지고 보면 돈이 모이는 곳은 그에 따른 이유가 있기 마련일 것이다. 제1기 신도시중의 하나인 중동 상동 신도시는 최근 지하철 7호선 연장에 따른 도시의 모습이 탈바꿈하는 과정에 있고 그에 따른 돈뭉치가 몰리고 있다. 투자자들의 발걸음이 이곳으로 몰리는데도 그런 이유에서일 것이다. 중동 상동신도시의 초입에 위치한 소형 오피스원룸 “레전드빌”이 앞서 언급한 3가지 Key word를 충실히 따르고 있다. 지하철 1호선 송내역이 도보로 3분 거리이며 2012년 개통 예정인 7호선 상동역과는 차량 2분 거리 엄밀히 따지면 송내역은 동인천 용산 구간을 왕복하는 직통열차의 노선까지 감안하면 트리플 역세권인 것이다. 서울 강남역까지 송내역에서 지하철 이용시 35분정도면 출퇴근이 가능해 서울중심지역의 임대료보다 훨씬 낮으면서 문화 예술 여가 생활의 부족함이 없는 이유로 직장인들의 선호도가 높은 것이다. “레전드빌” 주위로 부천지방 검찰청 법원의 법조타운이 형성되어있고 현대백화점 롯데백화점 이마트 홈플러스 등 대형 쇼핑센터가 밀집해 있으며 상동 호수공원 워터 조이 웅진 플레이 도시 등 다양한 편의 시설도 확충되어 있다. 서울 외곽 순환도로 송내 I.C 중동 I.C와 경인고속도로 부평 부천 I.C를 이용해서 일산 분당 서울 중심부로의 교통망이 풍부하다. 부동산 투자에서 교통 역량이 차지하는 부분은 절대적일 것이다. 향후 지하철 7호선 개통에 따른 반사 이익까지 감안한다면 소액으로 투자해서 빠른 월세 수입까지 보장되는 상동 “레전드빌”을 간과해서는 안될 것이다. 세대별 3 4천만원대의 투자금액으로 월 45만원 50만원의 임대료가 시행사의 책임 임대 보장제를 통해 안정적인 투자가 가능하다. 분양대금의 일부는 금융권 대출로 투자 가능하기에 주머니가 얇은 투자자들도 눈독을 들일만하다. “레전드빌”은 오는 7월 준공 입주로 지금 막바지 공사가 한창이다. 현장 주변으로 많은 오피스텔이 자리잡고 있긴 하지만 안정적인 임대료 형성과 차별화된 서비스로 “레전드빌”에 투자자들의 발길이 끊이지 않고 있다. 기존 오피스텔에 비해 파격적으로 저렴한 관리비 시스템과 부대 서비스를 통해 주변 임차인들의 인기를 한 몸에 받고 있다. 레전드빌은 선착순 수의분양으로 잔여세대 특별 분양 중에 있으며 향후 위치에 따라 프리미엄 및 시세가 차이 나므로 서둘러 방문해서 결정하는 것이 좋다. 현장 방문시 공사 진행 모습도 한눈에 볼 수 있고 앞서 언급한 주위 환경 또한 눈으로 확인 가능하기에 투자 결정을 한다면 국민연금 개인 연금보험 부럽지 않은 좋은 투자 상품을 갖게 될 것이다. 신청 및 상담문의 032 324 7337 ※ 본 콘텐츠는 기업 제공 자료로 세계닷컴의견과 다를수 있습니다. Segye.com Segye.com 인기뉴스 흑거미 K 4 美 험비도 일격에 파괴… 가공할 위력 쌈밥 어린이집 이번엔 달팽이 밥·거미 국 고교 교장이 여학생에 변태 성행위 강요 파문 총기 방치했다 부사관 대검으로 병사 찔러 휴 헤프너 결혼 앞두고 60살 연하 신부에 차여 ⓒ 세계일보 Segye.com 무단 전재 및 재배포 금지 금융전문뉴스 세계파이낸스 모바일로 만나는 세계닷컴 세계닷컴은 한국온라인신문협회 www.kona.or.kr 의 디지털뉴스이용규칙에 따른 저작권을 행사합니다.,https://news.naver.com/main/read.nhn?mode=LSD&mid=shm&sid1=260&oid=022&aid=0002275392,284
261592,2011.06.15. 오후 1:07,부동산,파이낸셜뉴스,더 클래식 500 임직원 현혈 행사 개최,건국대학교에서 운영하는 도심형 시니어타워 ‘더 클래식 500’ 대표 강병직 은 지난 14일 오픈 2주년 기념을 앞두고 ‘섬김’의 봉사정신을 되새기는 차원에서 강병직 대표를 비롯한 전 임직원이 피를 뽑아 봉사하는 헌혈행사를 가졌다. 이번 2주년 기념 헌혈행사에서 모은 헌혈증은 소아암 및 백혈병 등 수혈을 필요로 하는 환자에게 유용하게 활용될 수 있도록 건국대학교 병원에 기증된다. 더 클래식 500 마케팅팀 김연남 팀장은 “창립기념 헌혈 행사를 통해 직원들의 단합과 회사 전 임직원들이 ‘섬김’의 봉사정신을 재무장하는 계기가 됐다”면서 “기념식이나 간단한 이벤트보다는 뜻 깊은 행사를 통해 사회봉사를 실천하자는 취지에서 2년 연속 헌혈행사를 하게 됐다”고 말했다.,https://news.naver.com/main/read.nhn?mode=LSD&mid=shm&sid1=260&oid=014&aid=0002457195,284
261593,2011.06.15. 오후 1:06,부동산,세계일보,일일 유동인구 1만 2천여명을 자랑하는 부평 그곳에 도시형생활주택이 뜬다,세계닷컴 도시형 생활주택이 주목을 받고 있다. 매매시장의 침체로 가격 상승에 대한 기대감이 꺾이면서 언제 오를지 모르는 아파트에 큰 돈을 들이는 것보다 적은 돈을 투자해 매달 안정적인 임대수익을 올리는 게 낫다는 생각에서다. 도시형 생활주택은 빠른 속도로 늘어나는 1 2인 가구 수요를 겨냥하여 국토해양부가 지난해 첫 도입을 하였다. 2011년 신묘년에도 1인 가구 수요가 급증하고 있어 안정적인 임대수익을 가질 수 있는 소형 수익형 부동산이 인기를 끌고 있다. 도시형 생활주택은 크기가 작아 투자금이 많이 들지 않고 안정적인 임대수익률이 최고인 상품으로 각광받고 있다. 1호선 부평시장역 도보 2분거리 200m 에 실투자금 2 300만원으로 임대수익률 12%인 신축 소형 수익형 부동산이 있어 투자자들 사이에 화제다. 인천 광역시 부평구 부평동 372 18번지에 위치한 ‘청솔스타빌’은 지하1층 지상 15층으로 2층은 근린생활시설 3층 5층은 오피스텔 11호 6층 15층은 도시형생활주택 60세대 로 구성되어 있다. ‘청솔스타빌’ 인근에 위치한 1호선 부평역은 부평과 인천 지하철 노선의 유일한 환승역으로 일일 유동인구가 1만2천여명에 달한다. 또한 2012년 12월 지하철 7호선 연장선 서울 온수역 부평구청역 10.2km 이 개통되면 인천과 부천시민들이 이용하는 경인전철의 이용객을 분산시켜 부평과 부천 중 상동 신도시의 교통이 크게 좋아질 것으로 전망이며 역세권으로 발돋움해 지역경제에도 큰 도움이 될 것으로 보인다. 낙후된 시설과 대형유통시설의 진입으로 활기를 잃어가던 부평 종합시장 등 재래시장들도 다양한 현대화 사업을 통해 활기를 찾아가고 있으며 변화의 시도가 성공적으로 진행됨에 따라 부평역 상권은 구매력이 왕성한 10 20대를 공략하는데 성공했다. 동시에 지역상권으로서의 역할도 수행할 수 있어 명실상부한 인천 제일의 상권으로 평가 받고 있다. 이곳에 위치한 도시형생활주택 ‘청솔스타빌’은 전세대 20㎡ 전용 미만 소형으로만 구성되어 소액투자가 가능하며 10%의 계약금으로 690만원이면 계약이 가능하다. 또한 중도금 60% 전액 회사무이자 조건 국민은행 대출이 가능하며 중도금 전액이 입주시 담보대출로 전환되어 실투자금 2000만원대로 수익률 12%이상 실현이 가능하다. 임대사업자 등록시 취 등록세 100% 감면 대상이 되며 대한주택보증㈜의 보증서로 수분양자들의 계약금 및 중도금 전액을 안전하게 보호해 주기 때문에 믿음을 주고 있다. ‘청솔스타빌’은 붙박이장 책상 드럼세탁기 가스렌지 에어컨 냉장고 침대 등을 갖춘 풀옵션 도시형생활주택으로 2011년 12월 입주 예정이다. 성공적인 투자를 꿈꾼다면 빠른 문의를 통해 최고의 투자상품을 놓치지 않는 것이 좋겠다. 문의번호 032 362 8777 ※본 콘텐츠는 기업 제공 자료로 세계닷컴의견과 다를수 있습니다. Segye.com Segye.com 인기뉴스 흑거미 K 4 美 험비도 일격에 파괴… 가공할 위력 쌈밥 어린이집 이번엔 달팽이 밥·거미 국 고교 교장이 여학생에 변태 성행위 강요 파문 총기 방치했다 부사관 대검으로 병사 찔러 휴 헤프너 결혼 앞두고 60살 연하 신부에 차여 ⓒ 세계일보 Segye.com 무단 전재 및 재배포 금지 금융전문뉴스 세계파이낸스 모바일로 만나는 세계닷컴 세계닷컴은 한국온라인신문협회 www.kona.or.kr 의 디지털뉴스이용규칙에 따른 저작권을 행사합니다.,https://news.naver.com/main/read.nhn?mode=LSD&mid=shm&sid1=260&oid=022&aid=0002275389,284
261594,2011.06.15. 오후 1:05,부동산,매일경제,종잣돈 3천 밀리오레를 잡아라,노후는 길어지고 있고 정년은 짧아지는 현실에서 노후 대책을 소홀히 했을 경우 자신은 물론 자녀들에게도 짐이 될 수 있다. 그러다 보니 안정된 노후를 위한 수익형 부동산의 비중이 높아지고 있다. 상가는 대표적인 수익형 부동산으로 꾸준한 임대수익과 향후 가치증가란 두 마리 토끼를 잡을 수 있다. 지하철 역세권 전국상권에 위치한 상가는 일정한 투자수익률이 보장되는 곳이다. 그러나 안전한 상가투자를 고려하고 있다면 짓고 있는 상가보다는 이미 검증된 전문 상가를 찾는 것이 좋다는 부동산 PB들이 조언이다. 투자자는 임차인을 구하려고 노력할 필요도 없고 임대수익을 보장해 주는 곳이라면 투자가치는 충분하다. 얼마전 동대문 패션의 신화를 창조한 동대문 밀리오레 가 13년만에 개별호수를 등기분양 하고 있어 화제다. 동대문 밀리오레는 지하철 동대문역사문화공원역 2 4 5호선 동대문역 1 4호선 역세 권과 40여개의 버스노선이 지나며 동대문과 청계천을 하나로 잇는 동선의 중심에 위치한다. 동대문 시장상권은 세계 최대 규모의 의류 패션 상권이자 서울 패션사업의 중심지로 현재 밀리오레 두타 APM 등 37개의 대규모 패션 도소매 상가 3만5천 개의 점포에 하루 유동인구가 60만 명에 이르고 연간 280만 명의 해외관광객이 방문하고 있으며 하루 평균 매출만 무려 400억 원에 이르고 있다. 서울시는 1조원 규모 개발계획 발표로 도심 재창조 프로젝트의 핵심 사업 동대문운동장 공원화 사업이 2012년 완공 예정인 동대문 디자인 플라자 파크를 서울의 랜드마크로 만들어 동대문 시장의 현재 연 매출 10조 원에서 15조 원으로 높이고 일일 유동인구 60만 명에서 75만 명으로 외국인 관광객은 현재 연 280만 명에서 300만 명의 경제 효과를 바라보고 있고 추가로 국립의료원 기동대 한양공고 등의 부지에 호텔 컨벤션센터의 조성 계획도 수립했다. 동대문 개발 프로젝트의 수혜 지역으로 떠오르는 곳이 바로 동대문 상권 중심에 위치한 밀리오레이다. 동대문은 청계천 복원 성공이후 동대문 상권 매출이 2 3배 이상 올라간 것으로 비춰 봤을 때 동대문 운동장 사업이 완료 되면 상권일대 시세 월세 권리금이 상승 할 것으로 예상된다. 회사 관계자는 “밀리오레는 현재 공실 없이 임대가 맞춰져 있으며 실투자금 3 4천만 원대 투자로 등기 이전이 가능하며 은행 이자의 3 4배의 임대 수익이 보장되기에 조기 마감이 예상된다” 며 안정된 임대 수익을 원한다면 서두르는 것이 좋다고 밝혔다. 신청접수 순서에 따라 개별호수가 지정되는 등기분양 방식이다. 접수문의 02 2118 8611 자료제공 동대문 밀리오레 ⓒ 매일경제 mk.co.kr 무단전재 및 재배포 금지 MBA도 모바일로 공부한다.,https://news.naver.com/main/read.nhn?mode=LSD&mid=shm&sid1=260&oid=009&aid=0002484979,284
261595,2011.06.15. 오후 1:05,부동산,헤럴드경제,수원 광교신도시에서 명품 상가오피스텔 분양 받는법,☞ 경기대 도보 3분 경기대역 도보2분 거리의 초역세권 ☞ 전매 무제한 1가구 2주택 미적용 ☞ 광교 신도시 최저 분양가 ☞ 오피스텔 600만원대 상가 2 000만원대 ☞ 선착순 호수 지정 계약 ☞ 고품격 풀옵션 미래 가치 상승과 프리미엄 기대 ☞ 소액투자 가능 투자 대비 임대수익 안정적 ☞ 전세가 높아 환금성 유리 ☞ 부동산 투자 전문가들이 말하는 최고의 상업지역 ☞ 광교 테크노밸리 바로옆에 위치 ☞ 동수원 IC 최단거리 약 100m ☞ 주 풍산건설 책임준공 국제신탁 자금관리 2011년 새해 부동산 시장에서 사람들에게 가장 뜨거운 관심을 받고 있는 지역은 어디일까 모든 부동산 전문가들은 한목소리로 광교 신도시를 1순위로 지목하고 있다. 그 동안 논란을 거듭해온 경기도청 수원지방법원 수원지방검찰청 이전이 확정되면서 118 218㎡ 약35 760평 규모의 행정타운과 65 858㎡ 약19 922평 법조타운이 조성되고 신분당선 연장선의 실시계획승인으로 1월에 착공이 들어가면서 지하철 개통으로 인한 역세권 호재까지 반영되며 상업시설이 살아나고 임대 수요 또한 폭발적으로 늘어날 것이라는 것이 전문가들의 공통된 의견이다. 광교신도시는 경기도 수원시 영통구 이의동 원천동 하동과 팔달구 우만동 장안구 하광교동 상광교동 및 용인시 수지구 상현동 일원 등 2개의 시에 걸쳐서 산업단지와 상업 주거 행정이 어우러져 개발되는 자족 신도시이다. 도시 중심성을 확보할 수 있는 도시공간구조 형성 및 친환경적 도시환경 조성으로 수원시와 용인시 서북부 지역의 발전 도모를 목적으로 하고 있으며 총 면적은 1130만 1699㎥ 약341만8000평 이며 강남 분당 판교를 잇는 경부축 연결 선상에 위치하고 있다. 광교신도시는 영동고속도로 경부고속도로 용인서울고속도로 북수원 상현IC간 도로 흥덕 하동간 도로 동수원 성북IC간 도로 교차지점에 입지하고 있으며 지구내의 동수원 나들목 광교 나들목 신대 나들목의 이용으로 사통팔달 동서남북 어디든지 신속하게 갈 수 있다. 현재 용인서울간고속도로 이용하면 강남까지 30분정도 소요되며 2015년에는 정자역에서 광교신도시에 이르는 신분당선이 개통돼 강남까지 30분이면 도달이 가능하게 되며 지하철 버스를 통해 외부 대중교통을 최대 60%까지 분담하게 된다. 또한 광교신도시의 교육기관은 신설될 학교를 포함해 초등학교 9곳 중학교 6곳. 고등학교 8곳이며 특히 서울대학교 융합과학기술대학원 아주대학교 경기대학교 경희대학교 합동신학대학원대학교등 대학교 5곳도 입지하게 된다. 더불어 경기과학고 서울국제학교 성남 성균관대학교 경희대학교 국제캠퍼스 등 의 학교들도 인근지역에 위치하고 있으며 광교신도시 주변에 아주대병원 빈센트 병원 등 800병상 이상의 대형병원이 입지하고 있으며 추후 동백연세대 의료원과 을지병원 등이 추가로 입지할 예정이다. 녹지율은 국내 신도시 최고 수치인 41 7% 주택용지비율은 18.8% 자족용지비율은 27%이며 20만평 2 043 858㎥ 넓이의 원천 신대호수를 포함하고 있다. TOD Transit Oriented Developement 압축도시 지향으로 인구밀도는 69 ha로 국내 신도시 중 최저이며 주택은 아파트 23 227세대 연립주택 2 149세대 주상복합 5 624세대로 총 31 000세대가 공급된다. 특히 광교테크노밸리는 26만 9404㎡ 약81 495평 의 대규모 부지로 경기도에서 1990년대 후반부터 추진한 사업단지로 총 사업비만 5728억원이상 투입됐다. 2001년부터 운영중인 경기중소기업지원센터를 필두로 2006년에 개원한 나노소자특화팹센터 2007년에 완공된 경기바이오센터와 경기R D센터를 비롯해 차세대융합기술연구원 중소기업지원센터 등 5개 기관과 기업 224개 업체가 입주해 있고 주변으로는 첨단바이오특화단지 경기도청을 포함한 광교행정타운 법조타운과 같은 대형 산업 및 업무시설이 조성되고 있다. 이곳에 풍산건설이 책임준공하고 국제신탁이 자금관리 하는 이스턴타워 오피스텔과 상가를 지하4층 지상10층 규모로 공사진행중이며 분양을 시작했다. 이스턴타워 오피스텔.상가는 경기대와 경기대역 광교테크노 밸리를 연결하는 트라이앵글 삼각축 의 중심축에 위치하고 있으며 광교테크노밸리에 입주한 224개 기업체의 약 4천여명의 상주인원과 제약 첨단바이오 특화단지 조성으로 향후 상주인원은 1만2천여명 일이용객 1만여명 교육연구연인원 7만여명의 이상의 대규모 상권이 유입되면서 2만여 가구에 달하는 배후세대와 경기대학교 약2만여명 아주대학교 약1만2천여명 경희대학교 서울대학교 융합 기술대학원 아주대병원 합동신학대학원대학교 등의 교육시설이 밀집돼 있고 비즈니스파크 및 R D단지등이 가까워 소형 오피스텔을 찾는 직장인 연구원 신혼부부 대학생 등의 풍부한 임대수요가 기대된다. 부동산 전문가들은 광교는 명품신도시 이미지로 현재 중대형 아파트가 주류를 이루고 있고 소형평형 아파트의 공급률이 낮고 오피스텔 용지 광교 6% 분당 9% 판교 8% 일산 8% 부족으로 오피스텔 공급이 턱 없이 부족해 위의 상주인원들의 수용이 한정될 수밖에 없으므로 광교신도시의 완공 후 중소형 오피스텔은 물론 산가도 품귀현상이 바로 나타날 것으로 예상되다 보니 광교신도시의 이스턴타워 오피스텔 상가를 최고의 투자처로 손꼽을수 있다고 말하고 있다. 이스턴타워 오피스텔 상가는 현재 지하 토목공사가 완료 단계로 공정률 20%이상 진행중이고 분양가에서도 거품을 모두 빼고 광교신도시에서 사상 최초의 최저 분양가를 책정하였다. 많은 투자자들이 앞다퉈 이스턴타워 오피스텔 상가 신축 현장을 찾고 있으므로 수익형 부동산에 관심을 갖는분들이나 안정된 투자처를 찾는분 미래가치를 생각하는분 첫투자 하시는 분들은 하루 빨리 방문하는 것이 좋으며 방문전 신청금 입금하시고 호수지정을 받고 방문 상담하시는 것이 유리하다.,https://news.naver.com/main/read.nhn?mode=LSD&mid=shm&sid1=260&oid=016&aid=0000386818,284
261596,2011.06.15. 오후 1:03,부동산,노컷뉴스,포스코건설 해외현장 인근 소외계층 돕기 봉사,임직원들 의류 신발 등 기증…내달 초 베트남 페루 현장 인근 전달 CBS산업부 정재훈 기자 포스코건설은 최근 인천 송도사옥 1층 로비에서 자사 임직원 140여 명과 사단법인 우리복지 직원이 참여한 가운데 해외현장 인근지역 소외계층을 위한 헌 의류 및 헌 신발 포장 봉사활동을 실시했다고 15일 밝혔다. 포스코건설은 이날 직원들로부터 기증받은 아동과 성인의 여름 및 겨울 의류 신발 등 약 3천여 점을 분류 포장했으며 포장된 물품들은 다음달 초 포스코건설이 진출한 베트남 현장과 페루 칼파 발전소 현장 인근 마을 주민들에게 전달된다. 한편 포스코건설은 캄보디아의 고교에 도서를 전달하는 등 국내뿐 아니라 해외지역 봉사활동에도 폭넓게 참여하고 있다.,https://news.naver.com/main/read.nhn?mode=LSD&mid=shm&sid1=260&oid=079&aid=0002259898,284
261597,2011.06.15. 오후 12:59,부동산,매일경제,870만 원이면 동해 바닷가 별장을 산다.,보증금 870만 원으로 바닷가 나만의 별장을…. 3년 후 전액 반환 답답한 도시생활 쌓여만 가는 피로와 스트레스. 이럴때면 어디론가 멀리 떠나고 싶고 바닷가에 나만의 별장이 있었으면 한다. 하지만 일반인이 이런 꿈을 꾸기에는 너무나 부담이 크다. 왠만한 주말 별장의 가격은 최소 1 2억은 하기 때문이다. 동해바다 주문진에 위치한 호텔식 주말 별장 ‘더 블루힐’은 이러한 모든 갈증을 해소해 준다. ‘더 블루힐’은 콘도의 1 3 가격인 보증금 870만 원을 내면 3년간 연 20일씩 나만의 별장으로 사용할 수 있다. 보증금은 3년 후 전액 반환된다. 기존 콘도에 비해 실내공간이 2배 정도 넓어 가족·친구들과 놀러와도 전혀 불편함이 없다. 한정된 회원만을 모집하기 때문에 여름·겨울 성수기에도 예약이 보장된다. 올 여름 바닷가에 방 3개 화장실 2개 거실 주방 식당 등으로 이뤄진 바닷가의 넓은 객실을 이용하려면 1박 당 최소한 40만 원은 든다. 그러나 ‘더 블루힐’ 회원이 되면 사용하고 싶을 때 사용하고 5만 원대의 기본 관리비 전기 가스 세탁 청소 등 만 내면 된다. 3년 간 이용혜택을 돈으로 환산하면 800만 원은 넘는다. ‘더 블루힐’은 서울에서 2시간 반 거리인 강릉 주문진 해수욕장 바로 앞에 위치해 있고 발코니에서는 바다가 조망이 가능하다. 25분 거리 내에 샌드파인 골프장 오대산 용평스키장 대관령 목장 등이 위치해 사계절 별장으로 쓰기에 알맞은 입지조건을 갖췄다. 여기에 보증금에 대해서는 본인명의로 등기까지 해주기 때문에 안전하다. 한정상품이기 때문에 생각이 있는 투자자나 수요자들은 서두르는 것이 좋다. 홈페이지 www.thebluehill.co.kr 문의 1577 0769 자료제공 더블루힐 ⓒ 매일경제 mk.co.kr 무단전재 및 재배포 금지 MBA도 모바일로 공부한다.,https://news.naver.com/main/read.nhn?mode=LSD&mid=shm&sid1=260&oid=009&aid=0002484977,284
261598,2011.06.15. 오후 12:55,부동산,헤럴드경제,하숙대란 겪는 송도 투자자에게 인기 절정,□ 5000만원대 수익형 풀옵션 싱글하우스 □ 호실별 개별 등기분양 □ 연 10%이상 임대수익 인천대 연세대 삼성 바이오기지 등 □ 편리한 교통 접근성 지하철 역세권 광역버스 서울 강남까지 40분대 □ 시행회사 임대 및 월 수익 책임관리 □ 상담신청접수 032 832 0071 아파트 분양시장이 위축돼 있는 요즘에도 원룸텔 소형오피스텔에 대한 청약 열풍은 지속되고 있다. 부동산 투자수익과 월 고정수익을 동시에 거머쥐는 재테크 수단으로 여겨지고 있기 때문이다. 도시형생활주택 즉 싱글하우스는 타 수익형 부동산에 비해 임대 수요가 많아 수익률이 보장되며 주로 퇴직자나 전업주부 등 투자의 경험이 많지 않은 사람도 운영이 가능하고 투자 후 3개월 후면 사업 안정권에 접어들기 때문에 개인 시간이 많아진다는 장점을 갖고 있다. 송도 국제도시 내 경제자유구역은 소형 원룸이 많이 부족하다. 게다가 주위 고시텔도 부족하다 보니 월세를 45만원에서 47만원까지 받는 곳도 있다. 실 거주자에겐 안타까운 소식이지만 투자자에겐 기쁜 소식이 아닐 수 없다. 송도 국제도시는 학생 직장인 상권 종사자 등 풍부하고 탄탄한 배후 임대 수요층이 확보돼 있는 지역이기 때문에 소형 원룸의 수요는 지속적으로 늘어날 전망이다 이러한 송도 국제도시에 싱글하우스 ‘포레스트’가 분양 중이다. 송도 ‘포레스트’의 분양은 투자자들의 관심을 끌기에 충분하다. 5천만원대 분양가에 50 60만원이상의 월세수익을 노릴 수 있고 게다가 호실 별 개별등기까지 가능하기 때문이다. 송도 ‘포레스트’가 위치한 송도 국제 자유구역에는 바로 옆 해양경찰청과 인근 인천대 연세대 신축공사 중 등의 대학과 트레이드타워 국제 비즈니스센터 등의 경제 업무지구와 함께 미추홀 공원 해돋이공원 센트럴파크 등의 휴식공간까지 아우르는 최고의 입지조건으로 손꼽힌다. 탄탄한 배후 임대 수요층이 확보돼 있는 지역이며 이미 인천 지하철 1호선 동막역부터 캠퍼스타운역 테크노파크역 등 국제업무지구까지 아우르는 역세권에 위치하여 대중교통편까지 완벽한 지역이라 하겠다. 싱글하우스의 주요고객인 젊은층의 1인 가구는 대중교통이 편리하면서 많은 사람들이 쉽게 접근할 수 있는 곳을 선호하기 때문에 송도 ‘포레스트’는 주목을 받을 수 밖에 없다. 특히 주변의 센트럴파크와 미추홀공원 해돋이공원 아트센터 등 휴식공간과 취미생활을 마음껏 향유할 수 있는 최적의 입지조건으로 싱글족들의 관심이 높아질 전망이다. 풀옵션 싱글하우스 송도 ‘포레스트’는 현재 선착순 자리배정하기 때문에 향후 위치에 따라 프리미엄 및 월세가 달라질 수 있다. 최고를 누리기 위해선 서두르는 것이 유리하다. 자리배정은 선착순 호수 지정이며 신청접수를 통해 배정을 받을 수 있다.,https://news.naver.com/main/read.nhn?mode=LSD&mid=shm&sid1=260&oid=016&aid=0000386817,284
261599,2011.06.15. 오후 12:54,부동산,노컷뉴스,GS건설 24일 나가수 자이콘서트 개최,자이앱 출시 기념…백지영 JK김동욱 초청 CBS산업부 정재훈 기자 GS건설은 오는 24일 서울 서교동 자이갤러리에서 가수 노래경연 프로그램 나는 가수다 에 출연한 가수 백지영씨와 JK김동욱씨를 초청해 자이콘서트 를 개최한다고 15일 밝혔다. 이번 콘서트는 GS건설이 지난달 태블릿 PC 및 스마트폰용 통합 애플리캐이션 자이앱 의 업계 최초 출시를 기념하고자 마련됐다. 관람 신청은 자이앱 이나 자이홈페이지 www.xi.co.kr 를 통해 누구나 할 수 있으며 신청 고객 중 200명을 추첨해 20일 자이홈페이지에 게재하거나 개별 통보할 예정이다. 한편 자이앱 은 자이 입주민 전용 잡지 가가자이 내용과 최근 자이 분양단지 소개 등 알짜 생활정보 를 볼 수 있는 무료 애플리케이션으로 출시 한 달만에 2만여 명 이상이 다운로드 받았다.,https://news.naver.com/main/read.nhn?mode=LSD&mid=shm&sid1=260&oid=079&aid=0002259893,284
261600,2011.06.15. 오후 12:53,부동산,매일경제,종잣돈 3천만 원 있다면 동대문 밀리오레 잡아라,“가난하게 살 사람은 돈이 생겼을 경우 어디에 돈을 쓸까 생각하지만 부자로 살 사람은 어디에 투자를 할 것인가를 생각한다” 종자돈이 모이기까지는 많은 시간이 걸린다. 단순 무식하게 열심히 투자만 한다고 돈을 벌던 시대는 지났으며 이제는 흐름과 방향을 잘 파악해야만 한다. 저금리 시대에 수익형 부동산의 비중이 높아지고 있다. 상황이 이렇게 되자 최근 경기 회복에 대한 기대감으로 고정적인 수익을 얻을 수 있는 상가가 투자 상품으로 부상 하고 있다. 그중에서 주목받는 곳이 서울시가 1조 원의 사업비를 들여 동대문 운동장의 공원화 2012년 말 등 동대문 시장을 세계적인 패션 관광명소로 개발한다고 발표함 서울시 홈페이지 참조 에 따라 동대문 시장의 붐을 예측하는 창업자들과 투자자들의 관심이 몰리고 있다. 얼마전 동대문 패션의 신화를 창조한 동대문 밀리오레 가 13년 만에 개별호수를 등기분양 하고 있어 화제다. 동대문 밀리오레는 지하철 동대문역사문화공원역 2 4 5호선 동대문역 1 4호선 역세상권과 40여 개의 버스노선이 지나며 동대문과 청계천을 하나로 잇는 동선의 중심에 위치한다. 동대문 시장상권은 세계 최대 규모의 의류 패션 상권이자 서울 패션사업의 중심지로 현재 밀리오레 두타 APM 등 37개의 대규모 패션 도소매 상가 3만5천 개의 점포에 하루 유동인구가 60만 명에 이르고 연간 280만 명의 해외관광객이 방문하고 있으며 하루 평균 매출만 무려 400억 원에 이르고 있다. 서울시는 1조 원 규모 개발계획 발표로 도심 재창조 프로젝트 의 핵심 사업 동대문운동장 공원화 사업이 2012년 완공 예정인 동대문 디자인 플라자 파크를 서울의 랜드마크로 만들어 동대문 시장의 현재 연 매출 10조 원에서 15조 원으로 높이고 일일 유동인구 60만 명에서 75만 명으로 외국인 관광객은 현재 연 280만 명에서 300만 명의 경제 효과를 바라보고 있고 추가로 국립의료원 기동대 한양공고 등의 부지에 호텔 컨벤션센터의 조성 계획도 수립했다. 동대문 개발 프로젝트의 수혜 지역으로 떠오르는 곳이 바로 동대문 상권 중심에 위치한 밀리오레 이다. 동대문은 청계천 복원 성공이후 동대문 상권 매출이 2 3배 이상 올라간 것으로 비춰 봤을 때 동대문 운동장 사업이 완료 되면 상권일대 시세 월세 권리금이 상승 할 것으로 예상된다. 회사 관계자는 “밀리오레는 현재 공실 없이 임대가 맞춰져 있으며 실투자금 3 4천만 원대 투자로 등기 이전이 가능하며 은행 이자의 3 4배의 임대 수익이 보장되기에 조기 마감이 예상 된다” 며 안정된 임대 수익을 원한다면 서두르는 것이 좋다고 밝혔다. 신청접수 순서에 따라 개별호수가 지정되는 등기분양 방식이다. 접수문의 02 2118 8611 자료제공 동대문 밀리오레 ⓒ 매일경제 mk.co.kr 무단전재 및 재배포 금지 MBA도 모바일로 공부한다.,https://news.naver.com/main/read.nhn?mode=LSD&mid=shm&sid1=260&oid=009&aid=0002484973,284
261601,2011.06.15. 오후 12:53,부동산,파이낸셜뉴스,강남오피스텔 투자자들이 지금 동탄에 투자를하는이유,최근 수도권 오피스텔에서 강남보다 나은 수익률을 얻을 수 있다는 전망이 속속 나오면서 동탄 신도시의 관심이 높아지고 있다. 특히 동탄 신도시의 에스원스마트빌 오피스텔이 최적의 위치조건으로 주목을 받고 있다. 강남이나 분당신도시에 투자를권하던 D업채 투자전문가도 지금은 동탄에 투자하는것이 입지나 투자시기도 정확히 맞다고 조언을했다. 동탄 에스원스마트빌은 평당 600만원대로 저렴한 분양가로 1억초반에 분양받을수 있는 반면에 강남이나 분당은 평당 1300 2200만원대로 고분양가로 2억이상 3억정도까지 분양을 받으나 월세는 70만원에서 100만원정도로 비슷하기 때문에 수익률면에서는 확연하게 차이가 난다. 그러기에 오피스텔 투자를 준비중인 많은이들이 강남이나 분당보다는 동탄신도시로 많은 관심과 투자를 하고있는 추세다. 동탄은 삼성반도체의 생산라인 기공과 한림대학병원의 완공을 코 앞에 두고 최적의 입지를 자랑하는 동탄 에스원스마트빌은 동탄에서 가장 수요가 높은 소형 오피스텔로만 전 세대 분양을 하고 있어 그 가치는 앞으로도 더욱 상승 예정이다. 이 곳은 이러한 엄청난 임대수요 뿐만 아니라 교통여건도 좋아 미래가치도 뛰어나다. 바로 서울과의 교통여건이 좋아는 점인데 경부고속도로 동탄 IC와 기흥IC가 10분 이내에 접근가능하고 용인 서울간 고속도로로 현장에서 서울 강남까지 30분대로 갈 수 있다. 또한 동탄 신도시는 GTX고속전철 건설계획 분당선 연장인 동탄역 신설예정 등의 교통수혜지이다. 동탄 에스원스마트빌은 이러한 1인 가구를 위해 오피스텔 내부 뿐만 아니라 원격지원을 통한 개인 보안 시스템과 홈네트워크 시스템 등을 지원하고 내부는 풀옵션의 주방가전과 풀퍼니시드 시스템을 공급한다.부동산 전문가들은 이렇게 임대수요가 풍부하고 교통이 편리한 곳에 오피스텔을 선택하는 것은 매우 안정적이며 투자매리트도 충분하다고 설명한다. 동탄 에스원스마트빌은 미래가치까지 따진다면 시세차익까지 노릴 수 있어 그야말로 노른자 입지가 아닐 수 없다. 업체관계자는 오피스텔 아파트 포함하여 154세대로 많지 않은 세대로 조기마감 될 것을 예상하고있다. 홈페이지 hp sonesmartvill.com 대표번호 1661 8903 오늘의 핫뉴스 이벤트 “축하 메세지 남기고 대박선물 받자” 카카오톡 “짜증나네”…아무나 친구추가 美 ‘인기폭발’ 없어서 못파는 한국차가 있다 묶음상품 사면 ‘바보’…낱개보다 2배 비싸 온라인몰 ‘대형마트 타도’ 전면전 본 자료는 해당 업체에서 제공한 보도 자료입니다.,https://news.naver.com/main/read.nhn?mode=LSD&mid=shm&sid1=260&oid=014&aid=0002457191,284
261602,2011.06.15. 오후 12:50,부동산,파이낸셜뉴스,대명리조트 찬스 1200만원대 한정분양,골프 스키 오션월드 콘도를 회원권 하나로！ 대명 쏠비치리조트 실제 전경 대명레저산업은 2011년 창립 32주년을 기념해 봄 시즌 2011년 하프패밀리 실속형 회원권을 특별 한정모집 하고 있다. 이 상품은 연간 20박을 사용하는 하프패밀리형 상품으로 분양즉시 회원 앞으로 소유권 등기이전을 할 수 있다. 실속형 회원권 하프패밀리상품 개인 기명인 경우는 1 230만원 법인의 경우는 무기명 1 330만원에 회원을 한정모집 한다. 회원가입 시 골프 스키 오션월드 및 각 지역 아쿠아시설의 무료 및 할인혜택이 부여되며 가입과 동시에 전국의 대명리조트 8곳 설악 경주 양평 홍천 양양 변산 단양 제주 직영리조트와 2곳의 해운대 도고 체인콘도 및 홍천 설악 퍼블릭 골프장을 할인가격으로 이용할 수 있다.또한 4곳의 호텔 및 제주 크라운CC 제주 제피로스 CC 제주 에코랜드 CC 경북예천 한맥 CC를 할인가격으로 이용 가능하다. 법인회원을 위한 세미나실 연회장 각종 부대시설이 완벽하게 갖춰져 있어 비즈니스에도 활용도가 높다. 대명 비발디파크는 4계절 내내 색다른 즐거움을 느낄 수 있는 곳으로 스키월드 정규골프장 C.C 오션월드 퍼블릭 골프장 등 4계절 이용 가능한 각종 부대시설과 2300여 객실이 있으며. 서울∼춘천간 고속도로 개통으로 서울에서 1시간 정도면 부담 없이 찾을 수 있는 점도 큰 매력이다. 한려해상 국립공원에 위치한 대명리조트 거제 2013년 3월완공예정 가 착공에 들어가 있고 2012년 해양엑스포가 열리는 여수에도 대명리조트 여수 2012년 5월완공예정 가 예정되어 있어 국내 최고수준의 4계절 종합 해양 리조트로 탄생할 예정이다. 대명리조트는 이용 시 불편함이나 번거로움이 전혀 없도록 각 회원담당자가 최초 계약에서부터 예약관리까지 철저하게 1 1 담당제로 회원을 관리한다. 모든 회원들이 최고의 품격을 가지고 가족과 여유로움을 즐길 수 있도록 최상의 서비스를 제공하는 것이다. 산 바다 온천 스키 그리고 4계절이 함께하는 곳 대명리조트에서 삶의 여유를 즐기고 싶다면 바로 지금이 분양가격 인상 전에 회원권을 구입할 수 있는 절호의 기회이다 작년12월 성황리에 오픈한 홍천 비발디파크 단지 내 소노펠리체는 국내 최고급 VVIP리조트로 분양마감 중에 있다. 연간 60일을 사용하며 객실은 실버 134.28m² 골드 168.91m² 펜트하우스 202.11m² 프레지덴셜 305.22m² 로 노블리안 회원전용으로 전 직영리조트의 노블리안 회원 전용객실을 사용할 수 있다. 특별회원모집에 대한 분양 안내책자 카다로그 및 CD 를 받아보고 싶으면 대명리조트 본사 02 2222 5924로 문의를 하면 자료 수령 후 자세한 상담을 받을 수 있다. 24시간 상담가능 오늘의 핫뉴스 이벤트 “축하 메세지 남기고 대박선물 받자” 카카오톡 “짜증나네”…아무나 친구추가 美 ‘인기폭발’ 없어서 못파는 한국차가 있다 묶음상품 사면 ‘바보’…낱개보다 2배 비싸 온라인몰 ‘대형마트 타도’ 전면전 본 자료는 해당 업체에서 제공한 보도 자료입니다.,https://news.naver.com/main/read.nhn?mode=LSD&mid=shm&sid1=260&oid=014&aid=0002457190,284
261603,2011.06.15. 오후 12:46,부동산,파이낸셜뉴스,인플레이션을 헷지할수 있는 투자대안은 부동산... 역세권 아파트 특별 할인 분양1015%,마이클 헛진스 JP모간자산운용 글로벌 리츠 투자전략가는 9일 전세계적으로 인플레이션에 대한 우려가 커지고 있는 시점에서 부동산은 인플레이션 위험을 헷지할 수 있는 효과적인 대안투자라고 강조했다 이러한 시점에서 남양주 구리 최초의 초고층 40층 랜드마크인 마제스타워는 초역세권 도농역 도보5분 에 위치하고 있으며 편리한 교통 및 향후 주변 개발호재를 안고 있는 명품아파트를 특별 할인된 가격으로 분양 받을 수 있는 기회는 최고의 투자대안이 될 것이다 강남진입20분대 구리TG가 바로 앞 서울외곽순환도로 올림픽대로 강변북로와 직접 연결되는 단지 바로 옆 도시계획도로를 통해 20분대면 강남 생활권을 누릴 수 있습니다. 또한 중부고속도로 판교 구리간고속도로가 5분거리라 전국 어디로든 이동이 빠릅니다. 가운택지개발지구 2014년까지 가운택지지구 150만평에 상업지역 지식정보단지 공원 행정타운 조성으로 자족도시로 탈바꿈될 전망입니다. 인구 저밀도의 친환경 주거단지로 개발될 계획이고 황금산은 남양주를 대표하는 시민공원으로 조성될 계획입니다. 서울동북부의중심도시 남양주시 중심권이 도농동으로 이동해 남양주시제2청사 교육청 경찰서 등이 이전해 업무단지가 형성됩니다. 또한 반도체와IT 및 BT등 최첨단업체가 입주하게 되면 여의도 면적2배 크기의 서울동북부의 신중심지로 변모할 것입니다. 잔여세대 선착순 동호수 지정계약이며 가격할인 및 시스템에어컨 발코니 확장이 무료로 지원되고 있습니다 홈페이지 hp blog.naver.com jbj117317 문의 031 555 2130 오늘의 핫뉴스 이벤트 “축하 메세지 남기고 대박선물 받자” 카카오톡 “짜증나네”…아무나 친구추가 美 ‘인기폭발’ 없어서 못파는 한국차가 있다 묶음상품 사면 ‘바보’…낱개보다 2배 비싸 온라인몰 ‘대형마트 타도’ 전면전 본 자료는 해당 업체에서 제공한 보도 자료입니다.,https://news.naver.com/main/read.nhn?mode=LSD&mid=shm&sid1=260&oid=014&aid=0002457188,284
261604,2011.06.15. 오후 12:42,부동산,매일경제,투자의 기본원칙 역세권 대학가의 오피스텔을 잡아라,부동산 전문가들은 2011년 부동산 시장에서 가장 뜨거운 관심을 받는 지역으로 광교 신도시를 지목했다. 논란을 거듭해온 경기도청 수원지방법원 수원지방검찰청 이전이 확정되면서 118 218㎡ 약35 760평 규모의 행정타운과 65 858㎡ 약19 922평 법조타운이 조성되고 신분당선 연장선의 실시계획승인으로 1월에 착공이 들어가면서 지하철 개통으로 인한 역세권 호재까지 반영되면 상업시설이 살아나고 임대 수요 또한 폭발적으로 늘어날 것이라는 것이 전문가들의 공통된 의견이다. 이곳에 풍산건설이 책임준공하고 국제신탁이 자금 관리하는 ‘이스턴타워’ 오피스텔이 지하4층 지상10층 규모로 분양 중이다. 이스턴타워 오피스텔은 경기대와 경기대역 광교테크노밸리를 연결하는 트라이앵글 삼각축 의 중심축에 위치하고 있으며 현재 광교 테크노밸리에 224개 기업체의 약 4천여 명의 상주인원이 있고 향후 제약 첨단바이오 특화단지 조성으로 상주인원은 1만2천여 명 일 이용객 1만여 명 교육연구원 인원 7만여 의 이상의 대규모 상권이 유입될 것으로 보인다. 2만여 가구에 달하는 배후세대와 경기대 약2만여 명 아주대 약1만2천여 명 경희대 서울대융합기술대학원 아주대병원 합동신학대학원대학교 등의 교육시설이 밀집돼 있고 비즈니스파크 및 R D단지 등이 가까워 소형오피스텔을 찾는 직장인 연구원 신혼부부 대학생 등의 풍부한 임대수요를 기대해 볼 수 있다. ‘이스턴타워’ 오피스텔은 최적의 교통환경도 갖췄다. 경기대역과 도보1분 거리이며 현재 용인 서울 고속도로 이용하면 강남까지 30분 정도 소요된다. 2015년에는 정자역에서 광교신도시에 이르는 신분당선이 개통돼 강남까지 30분이면 도달이 가능하게 되며 지하철 버스를 통해 외부 대중교통을 최대 60%까지 분담하게 된다. 이스턴타워 오피스텔은 현재 지하 토목공사가 완료 단계로 공정률 15%이상 진행 중이고 분양가에서도 거품을 모두 빼 광교신도시에서도 저렴한 분양가를 책정했다. 안정적인 투자로 부동산 투자를 고려하는 중이라면 하루 빨리 방문하는 것이 좋으며 신청금 입금 후 방문 상담 받아야 원하시는 호수로 선점이 가능하다. 분양문의 031 252 5700 자료제공 이스턴타워 ⓒ 매일경제 mk.co.kr 무단전재 및 재배포 금지 MBA도 모바일로 공부한다.,https://news.naver.com/main/read.nhn?mode=LSD&mid=shm&sid1=260&oid=009&aid=0002484972,284
261605,2011.06.15. 오후 12:42,부동산,디지털타임스,대우건설 송파 푸르지오 시티 분양,대우건설은 송파구 문정동 가든파이브 활성화 단지 1 2BL에 24.90㎡ 52.17㎡ 규모 소형 오피스텔 1249실과 사우나 휘트니스 골프연습장 게스트룸을 보유한 프리미엄 오피스텔 송파 푸르지오 시티 를 분양한다고 15일 밝혔다. 분양가는 3.3㎡당 1100만원 선이며 견본주택은 종합운동장 사거리 인근 아시아선수촌 아파트 맞은편에 위치한 서울 송파구 잠실동 196 9번지에 오는 17일 공개될 예정이다. 한편 해당 지역은 대형유통단지 가든파이브와 문정동 법조타운 등이 주변에 위치해 있으며 지하철 8호선 지하철 8호선 문정ㆍ장지역을 도보로 이용할 수 있다. 분양문의는 1544 3330이다.,https://news.naver.com/main/read.nhn?mode=LSD&mid=shm&sid1=260&oid=029&aid=0002069009,284
261606,2011.06.15. 오후 12:42,부동산,디지털타임스,GS건설 나가수 백지영JK김동욱 초청 콘서트,GS건설은 MBC 나는 가수다 프로그램에 출연한 가수 백지영씨와 JK김동욱씨를 초청해 오는 24일 서울 서교동 자이갤러리에서 자이콘서트 를 개최한다고 15일 밝혔다. 이번 콘서트는 GS건설이 지난달 업계 최초로 태블릿 PC 및 스마트폰 용 통합 애플리캐이션 자이앱 출시를 기념하는 의미에서 마련됐다. 관람 신청은 해당 앱 또는 홈페이지 www.xi.co.kr 를 통해 받으며 자이 고객뿐 아니라 일반고객 까지 누구나 신청 가능하다. 당첨자는 오는 20일 홈페이지에 게재 또는 개별 통보될 예정이며 인원은 총 200명이다. GS건설 관계자는 고객들에게 자이만의 특별한 서비스를 제공하기 위해 이번 콘서트를 마련했다 며 나가수에서 자진 하차해 아쉬움을 남긴 실력파 가수 2명이 참석한다는 소식에 벌써부터 참가 문의가 폭주하고 있다 고 말했다.,https://news.naver.com/main/read.nhn?mode=LSD&mid=shm&sid1=260&oid=029&aid=0002069008,284
261607,2011.06.15. 오후 12:42,부동산,디지털타임스,LH 원주 분양토지 투자설명회,한국토지주택공사 LH 는 수도권 소재 공동주택지 투자설명회에 이어 오는 24일 오후 2시 강원도 원주 호텔 인터불고 원주 장미홀에서 원주지역 분양토지 투자설명회를 개최한다. 이번 설명회에서는 부동산 투자관련 외부전문가와 원주시 대표 공인중개사가 밝히는 하반기 지방 부동산 시장 전망 및 원주지역 투자전략과 LH가 원주시에 조성중인 혁신도시 무실 2ㆍ3지구 공동ㆍ단독주택 상업ㆍ업무 준주거ㆍ근린생활 등 매각토지를 소개한다.,https://news.naver.com/main/read.nhn?mode=LSD&mid=shm&sid1=260&oid=029&aid=0002069007,284
261608,2011.06.15. 오후 12:40,부동산,매일경제,3년 보증금 870만 원 동해안 별장 화제,보증금 870만 원으로 바닷가 나만의 별장을…. 3년 후 전액 반환 답답한 도시생활 쌓여만 가는 피로와 스트레스. 이럴때면 어디론가 멀리 떠나고 싶고 바닷가에 나만의 별장이 있었으면 한다. 하지만 일반인이 이런 꿈을 꾸기에는 너무나 부담이 크다. 왠만한 주말 별장의 가격은 최소 1 2억은 하기 때문이다. 동해바다 주문진에 위치한 호텔식 주말 별장 ‘더 블루힐’은 이러한 모든 갈증을 해소해 준다. ‘더 블루힐’은 콘도의 1 3 가격인 보증금 870만 원을 내면 3년간 연 20일씩 나만의 별장으로 사용할 수 있다. 보증금은 3년 후 전액 반환된다. 기존 콘도에 비해 실내공간이 2배 정도 넓어 가족·친구들과 놀러와도 전혀 불편함이 없다. 한정된 회원만을 모집하기 때문에 여름·겨울 성수기에도 예약이 보장된다. 올 여름 바닷가에 방 3개 화장실 2개 거실 주방 식당 등으로 이뤄진 바닷가의 넓은 객실을 이용하려면 1박 당 최소한 40만 원은 든다. 그러나 ‘더 블루힐’ 회원이 되면 사용하고 싶을 때 사용하고 5만 원대의 기본 관리비 전기 가스 세탁 청소 등 만 내면 된다. 3년 간 이용혜택을 돈으로 환산하면 800만 원은 넘는다. ‘더 블루힐’은 서울에서 2시간 반 거리인 강릉 주문진 해수욕장 바로 앞에 위치해 있고 발코니에서는 바다가 조망이 가능하다. 25분 거리 내에 샌드파인 골프장 오대산 용평스키장 대관령 목장 등이 위치해 사계절 별장으로 쓰기에 알맞은 입지조건을 갖췄다. 여기에 보증금에 대해서는 본인명의로 등기까지 해주기 때문에 안전하다. 한정상품이기 때문에 생각이 있는 투자자나 수요자들은 서두르는 것이 좋다. 홈페이지 www.thebluehill.co.kr 문의 1577 0769 자료제공 더블루힐 ⓒ 매일경제 mk.co.kr 무단전재 및 재배포 금지 MBA도 모바일로 공부한다.,https://news.naver.com/main/read.nhn?mode=LSD&mid=shm&sid1=260&oid=009&aid=0002484971,284
261609,2011.06.15. 오후 12:40,부동산,아시아경제,“월세 받아 가세요” 10년동안 임대료 대기업에서 지급”,선임대후분양으로 “치솟는 물가 불안한 연금 한번에 해결했어요” 가정주부 이모씨 49세 는 남편 월급이외에 소형매장 3개를 뉴코아에 임대주고 매달 300만원 가량의 임대수익을 올리고 있다. 내집마련과 함께 소액의 수익상가를 먼저 사둔 것이 남들과 차별화된 재테크 전략이라고 말한다. 월급만으로 물가상승 자녀교육비 급증과 노후대책을 동시에 감당하기는 불가능하다는 것이다 베이비붐 세대의 대규모 은퇴와 보금자리주택 등 정부의 적극적인 임대주택 공급으로 점차 주택가격은 하락할 전망이지만 빨라지는 정년과 평균수명연장 등은 노후생계를 위협하므로 생계유지수입원 확보에 빨간불이 들어왔다. 이런 사회분위기에 맞게 ‘선임대후분양’에 확정수익율 보장까지 되는 임대수익의 2중3중 안정장치가 되어있는 부천터미널 ‘소풍’은 분양특수를 맞고 있다. 등기이전받고 10년동안 뉴코아에서 월세받고 초기 3년간 총 18% 확정수익 또 받고.. ‘소풍’은 신도시의 탁월한 입지와 이랜드 그룹 뉴코아 킴스클럽이 10년 임대의 장기 계약조건으로 입점 임대계약기간 2009.9 2019.9 함으로써 10년동안 공실 및 건물관리 염려 없이 대기업으로부터 안정적으로 월세를 받을 수 있다. 실투자금 7천만원대 매장을 분양받으면 기다릴 필요없이 등기이전 후 바로 보증금과 익월 최저 85만원 120만원의 임대수익이 지급되며 무엇보다 초기 3년간 최저 18%수익보장이 되어 초기 투자리스크가 전혀 없다는 것이 강점이다. 롯데백화점 본점 약 7.8배의 대규모 유통센터로 알려진 이곳은 현재 부천종합터미널과 11개관의 프리머스영화관 컨벤션웨딩홀 스포츠 센터가 단일건물 내 입점하여 집객파워 및 매출 시너지가 무엇인지 보여주고 있다. 이중 1층부터 5층 까지 도심형 최대 프리미엄 아울렛인 뉴코아와 킴스클럽이 입점한 매장을 등기분양 한다. 이랜드가 선점한 이곳은 교통의 요지이며 지하철1호선과 2012년 개통예정인 7호선 상동역의 더블역세권형성으로 상권성장 잠재력과 시세차익이 기대되는 곳이다. 또한 현재 완공 후 영업중인 것을 분양 받으므로 투자 후 바로 수익이 발생하고 소유권 이전 받기 전까지 분양대금을 한국자산신탁에서 안전하게 관리 해준다는 것이 투자자들이 선호하는 큰 이유중에 하나다. 분양문의 1588 4993 신청접수 방법 신청금 100만원 신청계좌 하나은행 100 910026 09904 예금주 한국자산신탁회사 ※ 본 내용은 아시아경제 편집 방향과 무관하며 모든 책임은 정보 제공자에게 있습니다.,https://news.naver.com/main/read.nhn?mode=LSD&mid=shm&sid1=260&oid=277&aid=0002623534,284
261610,2011.06.15. 오후 12:39,부동산,매일경제,1인 가구 증가 대책은 역시 오피스텔,최근 소형 임대주택의 관심이 높아진 것은 1인 주거 문화가 급격히 확산되기 때문이라는 분석이 대부분이다. 통계청에 따르면 지난 10년 사이 소형 가구는 400만 가구로 약 3배 이상 증거한 것으로 나타났다. 이로 인해 주택 시장은 물론 이들을 겨냥한 상품과 서비스가 속속 등장할 정도로 싱글족 소형 가구에 대한 관심이 높아지고 있다. 부동산 상품 중대형 주택이나 아파트 보다는 소형 주택에 대한 관심이 많은데 그 중에서도 꾸준한 월수익을 얻을 수 있는 오피스텔은 가장 인기가 높은 투자처이다. 최근 높은 분양률을 보이는 곳 중에 하나는 바로 동탄 신도시이다. 눈에 띄는 대형 호재가 겹쳐 투자 가치가 충분히 높기 때문이다. 삼성반도체의 생산라인 기공과 790병 상의 한림대병원의 완공으로 약 30만여 명의 잠재수요가 갖춰졌다. 이에 많은 투자자들은 “동탄 신도시는 이미 실수요자가 대기하고 있는 실정이기 때문에 오피스텔 분양의 열기가 뜨거운 곳이다. 그 중에서도 소형 오피스텔이 인기가 높기 때문에 소형 오피스텔의 선택에 있어 입지조건과 내부조건을 좀 더 꼼꼼히 살펴보는 것이 중요하다.”고 설명한다. 동탄 신도시에 오피스텔 분양을 하고 있는 동탄 에스원스마트빌 소형 오피스텔을 찾는 많은 수요자들은 위치를 중요히 여긴다. 수요가 많은 삼성반도체와 가까이에 위치하고 있는지를 확인해야 하며 오피스텔 내부의 구조와 풀옵션 저렴한 관리비 지역난방시스템 상태도 고려하는 것이 실수요자가 몰리는 오피스텔을 분양 받는 비법이다. 많은 사람들이 소형 오피스텔을 선호하지만 실제로 많은 소형 오피스텔을 공급하지 못하고 있는 동탄 신도시는 이러한 이유로 저렴한 금액을 투자하면서도 더 높은 수익률을 얻을 수 있다. 뿐만 아니라 교통상황이 좋아져 일시적인 호재에서 그치는 것이 아니라 미래가치 또한 높게 평가되고 있다. 동탄IC 기흥IC에서 5 10분내로 진입이 가능하며 분양선의 연장과 KTX GTX 예정 의 동탄역 신설로 대중교통을 이용해서도 서울 강남까지 20분 정도면 이동이 가능하다. 홈페이지 hp sonesmartvill.com 문의 1661 8903 자료제공 동탄 에스원스마트빌 ⓒ 매일경제 mk.co.kr 무단전재 및 재배포 금지 MBA도 모바일로 공부한다.,https://news.naver.com/main/read.nhn?mode=LSD&mid=shm&sid1=260&oid=009&aid=0002484970,284
261611,2011.06.15. 오후 12:32,부동산,머니투데이,송도 임대수요 풍부해 투자자들에게 인기 많아…,머니투데이 □ 5000만원대 수익형 풀옵션 싱글하우스 □ 호실별 개별 등기분양 □ 연 10%이상 임대수익 인천대 연세대 삼성 바이오기지 등 □ 편리한 교통 접근성 지하철 역세권 광역버스 서울 강남까지 40분대 □ 시행회사 임대 및 월 수익 책임관리 □ 상담신청접수 032 832 0071 아파트 분양시장이 위축돼 있는 요즘에도 원룸텔 소형오피스텔에 대한 청약 열풍은 지속되고 있다. 부동산 투자수익과 월 고정수익을 동시에 거머쥐는 재테크 수단으로 여겨지고 있기 때문이다. 도시형생활주택 즉 싱글하우스는 타 수익형 부동산에 비해 임대 수요가 많아 수익률이 보장되며 주로 퇴직자나 전업주부 등 투자의 경험이 많지 않은 사람도 운영이 가능하고 투자 후 3개월 후면 사업 안정권에 접어들기 때문에 개인 시간이 많아진다는 장점을 갖고 있다. 송도 국제도시 내 경제자유구역은 소형 원룸이 많이 부족하다. 게다가 주위 고시텔도 부족하다 보니 월세를 45만원에서 47만원까지 받는 곳도 있다. 실 거주자에겐 안타까운 소식이지만 투자자에겐 기쁜 소식이 아닐 수 없다. 송도 국제도시는 학생 직장인 상권 종사자 등 풍부하고 탄탄한 배후 임대 수요층이 확보돼 있는 지역이기 때문에 소형 원룸의 수요는 지속적으로 늘어날 전망이다 이러한 송도 국제도시에 싱글하우스 ‘포레스트’가 분양 중이다. 송도 ‘포레스트’의 분양은 투자자들의 관심을 끌기에 충분하다. 5천만원대 분양가에 50 60만원이상의 월세수익을 노릴 수 있고 게다가 호실 별 개별등기까지 가능하기 때문이다. 송도 ‘포레스트’가 위치한 송도 국제 자유구역에는 바로 옆 해양경찰청과 인근 인천대 연세대 신축공사 중 등의 대학과 트레이드타워 국제 비즈니스센터 등의 경제 업무지구와 함께 미추홀 공원 해돋이공원 센트럴파크 등의 휴식공간까지 아우르는 최고의 입지조건으로 손꼽힌다. 탄탄한 배후 임대 수요층이 확보돼 있는 지역이며 이미 인천 지하철 1호선 동막역부터 캠퍼스타운역 테크노파크역 등 국제업무지구까지 아우르는 역세권에 위치하여 대중교통편까지 완벽한 지역이라 하겠다. 싱글하우스의 주요고객인 젊은층의 1인 가구는 대중교통이 편리하면서 많은 사람들이 쉽게 접근할 수 있는 곳을 선호하기 때문에 송도 ‘포레스트’는 주목을 받을 수 밖에 없다. 특히 주변의 센트럴파크와 미추홀공원 해돋이공원 아트센터 등 휴식공간과 취미생활을 마음껏 향유할 수 있는 최적의 입지조건으로 싱글족들의 관심이 높아질 전망이다. 풀옵션 싱글하우스 송도 ‘포레스트’는 현재 선착순 자리배정하기 때문에 향후 위치에 따라 프리미엄 및 월세가 달라질 수 있다. 최고를 누리기 위해선 서두르는 것이 유리하다. 자리배정은 선착순 호수 지정이며 신청접수를 통해 배정을 받을 수 있다. 신청금 100만원 미 계약시 환불 입금계좌 우리은행 1005 801 841070 예금주 주 씨 유 신청접수 032 832 0071 ※ 본 자료는 해당 업체에서 제공한 비즈니스정보입니다.,https://news.naver.com/main/read.nhn?mode=LSD&mid=shm&sid1=260&oid=008&aid=0002555781,284
261612,2011.06.15. 오후 12:30,부동산,노컷뉴스,건설협회 17일 임시총회 개최,VISION 2020 선포식 위기극복 결의문 채택 CBS산업부 정재훈 기자 대한건설협회 최삼규 회장은 17일 오전 서울 강남구 논현동 건설회관 2층 중회의실에서 전국 대의원이 참석한 가운데 2011 회계년도 제1회 임시총회를 열어 상반기 사업 추진실적을 보고하고 2010 회계년도 결산안 등을 심의 의결한다. 이날 총회에서는 대한건설협회의 중장기 발전 전략을 담은 VISION 2020 선포식과 함께 대정부 건의 회원사의 건설산업 위기 극복 의지를 담은 결의문 채택도 있을 예정이다.,https://news.naver.com/main/read.nhn?mode=LSD&mid=shm&sid1=260&oid=079&aid=0002259886,284
261613,2011.06.15. 오후 12:17,부동산,동아일보,대우건설 송파 푸르지오 시티 6월 분양,동아닷컴 대우건설은 서울시 송파구 문정동 일대에서 송파 푸르지오 시티를 6월 중 분양한다. 송파 푸르지오 시티는 지하5층 지상15층 1개동 총 1249실 규모의 오피스텔로 1 2층엔 판매시설과 오피스 2층 를 포함하고 있다. 송파 푸르지오 시티는 서울 강남 최고의 입지와 입주민들의 고품격 라이프스타일을 고려한 프리미엄 오피스텔로 뛰어난 입지와 상품성을 갖춰 실수요는 물론 투자 수요의 관심을 끌 것으로 기대되고 있다. 서울시 송파구 문정동 가든파이브 활성화단지 1 2BL에 위치해 있어 위례신도시 장지지구 세곡지구로 이어지는 강남 신 주거벨트 개발에 따른 수혜를 기대할 수 있다. 송파 푸르지오 시티 남측으로는 코엑스몰의 6.2배 약 24만평 규모의 대형유통단지인 가든파이브가 현재 입점해 있으며 북측은 문정동 법조타운이 조성돼 동부지법 동부지검 등이 이전 될 예정이다. 특히 법조타운 내 미래형 업무용지에는 추후 신소재 로봇 등의 미래형 업무 단지로 개발될 예정이다. 인근 한화 오벨리스크와 특별계획구역 5 6 구역의 오피스텔 및 공동주택이 예정대로 개발되면 총 6 000여세대에 이르는 미니 신도시급 주거단지가 형성되며 위례신도시 장지택지지구 강남 세곡 보금자리를 잇는 강남의 신규 주거축으로 떠오를 것이다. 또한 제2롯데월드 가락시장 현대화 KTX 수서역 등 강남지역의 핵심 개발계획이 다수 예정되어 있어 그 프리미엄은 향후 더욱 높아질 것이다. 또한 최근 수요자들의 인기를 얻고 있는 전용면적 24.90㎡ 52.17㎡의 소형 중심으로 구성돼 있다. 커뮤니티 시설도 잘 갖춰져 있다. 지하층 중앙 선큰광장에는 지역의 랜드마크적 공간을 조성하며 1인 거주 주거상품의 필수 시설인 사우나 헬스장 골프연습장 등의 스포츠 시설과 게스트룸 등의 커뮤니티시설을 계획하여 입주자에게 최고의 편리성과 쾌적성을 제공할 예정이다. 송파 푸르지오 시티는 1 2인 가구의 주거 패턴에 맞는 컴팩트한 유니트로 기존의 단순한 원룸형 구성과는 차별화된 평면을 선보일 예정이다. 특히 기존에 원룸형 오피스텔에서는 볼 수 없었던 1.5베이의 유니트를 과감히 도입해 공간의 가변성 및 쾌적성을 확보했다. 천정고도 기본 2.45m 이상 확보해 기존 오피스텔 대비 거주 공간의 개방성을 높였다. 한편 이 오피스텔은 대형 오피스텔 최초로 신재생에너지를 적극 도입했다. 상업시설과 오피스텔 공용부는 신재생 에너지인 지열발전과 태양광발전을 활용하였으며 에너지 성능지표를 고려한 친환경 설계로 여타 일반 오피스텔 대비 뛰어난 관리비 절감효과를 누릴 수 있다. 송파 푸르지오 시티는 6월 중 오픈할 예정이며 입주는 2013년 8월 예정이다. 분양가는 3.3㎡당 1200만원대다. 분양문의 1544 3330 본 자료는 해당기관에서 제공한 보도 자료입니다.,https://news.naver.com/main/read.nhn?mode=LSD&mid=shm&sid1=260&oid=020&aid=0002251610,284
261614,2011.06.15. 오후 12:17,부동산,아시아경제,송도 싱글하우스 포레스트 앉아서 돈 번다는데…,□ 5000만원대 수익형 풀옵션 싱글하우스 □ 호실별 개별 등기분양 □ 연 10%이상 임대수익 인천대 연세대 삼성 바이오기지 등 □ 편리한 교통 접근성 지하철 역세권 광역버스 서울 강남까지 40분대 □ 시행회사 임대 및 월 수익 책임관리 □ 상담신청접수 032 832 0071 아파트 분양시장이 위축돼 있는 요즘에도 원룸텔 소형오피스텔에 대한 청약 열풍은 지속되고 있다. 부동산 투자수익과 월 고정수익을 동시에 거머쥐는 재테크 수단으로 여겨지고 있기 때문이다. 도시형생활주택 즉 싱글하우스는 타 수익형 부동산에 비해 임대 수요가 많아 수익률이 보장되며 주로 퇴직자나 전업주부 등 투자의 경험이 많지 않은 사람도 운영이 가능하고 투자 후 3개월 후면 사업 안정권에 접어들기 때문에 개인 시간이 많아진다는 장점을 갖고 있다. 송도 국제도시 내 경제자유구역은 소형 원룸이 많이 부족하다. 게다가 주위 고시텔도 부족하다 보니 월세를 45만원에서 47만원까지 받는 곳도 있다. 실 거주자에겐 안타까운 소식이지만 투자자에겐 기쁜 소식이 아닐 수 없다. 송도 국제도시는 학생 직장인 상권 종사자 등 풍부하고 탄탄한 배후 임대 수요층이 확보돼 있는 지역이기 때문에 소형 원룸의 수요는 지속적으로 늘어날 전망이다 이러한 송도 국제도시에 싱글하우스 ‘포레스트’가 분양 중이다. 송도 ‘포레스트’의 분양은 투자자들의 관심을 끌기에 충분하다. 5천만원대 분양가에 50 60만원이상의 월세수익을 노릴 수 있고 게다가 호실 별 개별등기까지 가능하기 때문이다. 송도 ‘포레스트’가 위치한 송도 국제 자유구역에는 바로 옆 해양경찰청과 인근 인천대 연세대 신축공사 중 등의 대학과 트레이드타워 국제 비즈니스센터 등의 경제 업무지구와 함께 미추홀 공원 해돋이공원 센트럴파크 등의 휴식공간까지 아우르는 최고의 입지조건으로 손꼽힌다. 탄탄한 배후 임대 수요층이 확보돼 있는 지역이며 이미 인천 지하철 1호선 동막역부터 캠퍼스타운역 테크노파크역 등 국제업무지구까지 아우르는 역세권에 위치하여 대중교통편까지 완벽한 지역이라 하겠다. 싱글하우스의 주요고객인 젊은층의 1인 가구는 대중교통이 편리하면서 많은 사람들이 쉽게 접근할 수 있는 곳을 선호하기 때문에 송도 ‘포레스트’는 주목을 받을 수 밖에 없다. 특히 주변의 센트럴파크와 미추홀공원 해돋이공원 아트센터 등 휴식공간과 취미생활을 마음껏 향유할 수 있는 최적의 입지조건으로 싱글족들의 관심이 높아질 전망이다. 풀옵션 싱글하우스 송도 ‘포레스트’는 현재 선착순 자리배정하기 때문에 향후 위치에 따라 프리미엄 및 월세가 달라질 수 있다. 최고를 누리기 위해선 서두르는 것이 유리하다. 자리배정은 선착순 호수 지정이며 신청접수를 통해 배정을 받을 수 있다. 신청금 100만원 미 계약시 환불 입금계좌 우리은행 1005 801 841070 예금주 주 씨 유 신청접수 032 832 0071 ※ 본 내용은 아시아경제 편집 방향과 무관하며 모든 책임은 정보 제공자에게 있습니다.,https://news.naver.com/main/read.nhn?mode=LSD&mid=shm&sid1=260&oid=277&aid=0002623521,284
261615,2011.06.15. 오후 12:13,부동산,동아일보,강남 20분대 아파트형공장으로 눈 돌려볼까,동아닷컴 아파트 시장 침체가 지속되고 있는 가운데 수익형부동산으로 수요자들의 관심이 쏠렸다. 시세차익보다는 꾸준한 임대수익을 올릴 수 있어 노후대비와 재테크를 꾀할 수 있어서다. 특히 오피스텔 아파트형공장 등 새로운 재테크를 찾는 수요자와 투자자들로부터 인기를 얻고 있다. 최근 아파트형공장은 지식산업센터로 명칭을 변경하고 아파트를 능가할만한 세련된 외관과 규모로 투자메리트를 갖추고 있기 때문이다. 아파트나 주상복합 못지 않은 초고층 랜드마크 빌딩은 물론 녹지 환경을 갖춘 쾌적한 설계를 선보이고 있다. 아파트형공장 단지 내에는 공원 상가 등 지원시설도 함께 조성돼 수익형부동산을 찾는 투자자들이 눈여겨볼만하다. 아파트형공장은 제조업체는 물론 지식산업 정보통신산업 지원시설까지 복합적으로 입주가 가능하고 각종 금융 세제 지원이 풍부하다. 더불어 공장 이미지를 탈피하고 첨단 지식산업센터로 변모하면서 관심이 더욱 높아지고 있다. 최근 강남과 인접한 매머드급 아파트형공장이 분양에 나서 관심을 가져볼 만하다. 특히 건설사들도 아파트형공장 건설로 ‘틈새시장’을 공략하고 있어 입지와 규모 시설 면에서 투자 유망 단지가 눈에 띈다. 강남 20분대 진입이 가능한 경기도 안양시 관양동에 들어서는 ‘인덕원디지털엠파이어’는 대표적인 사례다. ‘인덕원디지털엠파이어’는 안양벤처밸리의 새로운 랜드마크로 떠오를 전망이다. 고려개발은 경기도 안양시 관양동에서 아파트형공장 ‘인덕원디지털엠파이어’를 분양한다. 이 아파트형공장은 지하3층 지상13층 2개동 규모로 올해 12월이면 준공이 완료될 예정이다. 1층 지원시설은 현재 100% 분양을 완료했다. 특히 입주 기업의 비즈니스 스타일에 따라 공간 구성이 자유로운 맞춤형 평면 설계를 선보인다. A동에는 확장을 고려해 3면 발코니를 서비스 면적으로 제공해 입주 기업의 특성에 따라 휴게실 업무보조공간 등 다양한 용도로 사용할 수 있다. 지상2 13층은 4.2m 층고를 적용해 쾌적한 업무 환경을 제공한다. 주차공간도 넉넉하다. 법정대비 약 1.8배의 넉넉한 주차공간을 확보해 편리하며 하역장을 진출입구와 근거리에 배치해 물류동선을 최소화했다. 화물차가 지상 4층까지 직접 올라가는 드라이브 인 시스템도 적용한다. 한편 층별 구조에 따라 하중을 차별화해 건물의 안전성을 확보하고 지진과 강풍 등 자연재해에 대한 구조적 안정성을 검증한 특화 설계를 선보일 예정이다. 조경 시설도 뛰어나다. 지하 공간의 채광성 확보와 지하시설로의 접근성을 높이기 위해 썬큰광장을 조성한다. 또한 옥상정원도 있어 관악산 조망이 가능하다. 건물 중간층인 5층에는 입주자들의 커뮤니티와 휴식을 위한 휴게공간이 마련되며 저층부 입주자들의 편의를 제공할 계획이다. 또한 다목적 회의실도 조성해 직원회의 고객상담 바이어 접견 교육이 가능하도록 활용할 예정이다. 한편 빗물 이용시설 등 친환경 에너지를 활용해 에너지 및 관리비 절감도 가능하다. 에너지 절감효과가 우수한 전열교환식 환기시스템 초고속 정보통신과 CATV 등 첨단시스템 전력 및 조명제어 시스템 등도 갖출 예정이다. 인덕원디지털엠파이어는 4호선 인덕원역이 도보 거리에 있는 ‘역세권’ 아파트형공장으로 강남권 20분대 진입이 가능하다. 또한 경부 서해안고속도로 제2경인고속도로 서울외곽순환고속도로 의왕 과천간 고속화도로가 가까워 교통이 편리하다. 인덕원디지털엠파이어 사업지 앞으로 왕복 8차선 시민대로가 위치해 있다. 인근에 안양시청 법원 공원 동원구청 등이 가깝고 이마트 롯데마트 홈플러스 한림대 성심병원 등 생활편의시설이 잘 갖춰져 있다. 수도권을 대표하는 벤처단지로 급부상하는 안양벤처밸리 내에 위치해 있으며 사업지 인근에 터미널 부지 대한전선 안양공장 개발예정지 등이 있어 개발호재에 따른 수혜도 기대해볼 수 있다. 한편 취득세와 등록세를 100% 면제받을 수 있으며 재산세와 종합토지세도 5년간 50% 감면받는다. 또한 중도금 20% 무이자 융자 안양벤처밸리 육성자금 최대 70% 장기저리융자 등의 자금지원 혜택을 받을 수 있으며 입주 후에는 공용시설 이용으로 관리비를 절감할 수 있다. 분양관계자는 “타 아파트형공장은 전용 200평으로는 전 층 모두를 사용할 수 없지만 디지털엠파이어는 2개동으로 나뉘어 전용 200평도 한 층을 모두 사용할 수 있어 사옥으로도 손색이 없으며 3면 발코니 무료 확장 서비스를 제공하고 있다”고 말했다. 분양문의 031 476 4555 본 자료는 해당기관에서 제공한 보도 자료입니다.,https://news.naver.com/main/read.nhn?mode=LSD&mid=shm&sid1=260&oid=020&aid=0002251607,284
261616,2011.06.15. 오후 12:09,부동산,동아일보,스마트한 자동차 쇼핑 국내 최대 규모 ‘엠월드’ 오픈,동아닷컴 자동차 유통 시장이 바뀐다. 이제 자동차도 쇼핑몰에서 고르는 시대가 온 것. 국내외 신차 및 중고차를 사고 팔 수 있는 것은 물론 차량 정비 튜닝 차량 검사 등록 업무 등 자동차와 관련된 모든 것을 한 곳에서 해결할 수 있게 됐다. 기존 중고 자동차 매매 단지는 낡은 건물에 극성스러운 호객꾼 등을 떠올리게 하는 이미지를 가지고 있었지만 이제 백화점식 중고차 매매 단지가 속속 생겨나고 있다.자동차와 관련된 모든 것을 한 건물에서 해결할 수 있는 ‘원스톱 자동차 전문 쇼핑 공간’은 자동차 유통시장의 판도를 완전히 바꿀 것으로 보인다. 시스템과 금융 유통을 유기적으로 연결하면서 모든 서비스와 제반 업무를 한 곳에서 처리하고 해결하는 오토 매매시스템으로 발전될 전망이다. 이런 가운데 오는 6월 30일이면 국내 최대 규모의 자동차 전문 복합단지인 대구 엠월드가 그랜드 오픈한다. 엠월드는 대구광역시 서구 이현동에 들어서는 지하2층 지상6층 연면적 104 849㎡ 규모의 자동차 복합 단지다. 대구 달서구 본리동 서구 이현동 모터스로드 등 기존 수입차 매장 수입차 정비센터 자동차검사소가 밀집한 자동차 유통 핵심입지에 위치해 있다.더불어 경부 중부내륙 88고속도로 중앙고속도로 등을 이용해 전국 어디서나 접근이 용이하다는 입지적인 장점도 갖췄다. 국내외 신차 및 중고차 매매에서 차량정비 튜닝은 물론 차량 검사 등록 업무 등 체계적이고 전산화된 원스톱 관리시스템을 통해 고품격 자동차 전문 쇼핑 공간으로 조성된다.수입차를 비롯 소비자가 원하는 국내외 차량 전부를 유통시킬 계획이며 국내 최초로 서비스 검색시스템인 ‘키오스크 시스템’을 갖췄다.키오스크 시스템은 은행의 ATM 지하철 발권기 관공서 증명서발급 등에서만 볼 수 있었던 시스템으로 자동차시장에서는 국내 최초로 도입됐다. 고객들은 엠월드 1층 로비라운지와 전층 매장입구에 갖춰진 키오스크를 통해 원하는 차량의 정보와 위치를 손쉽게 검색할 수 있다. MD구성도 뛰어나다. 엠월드는 지하 2층에 자동차 정비센터 자동차 부품대리점 자동차 성능 검사소 남성사우나가 들어선다. 지하 1층부터 지상 5층에는 국산 및 수입신차 및 중고차를 전시한다. 지상 1층은 금융 및 보험사 등 제반시설이 이미 들어섰다. 지상 6층은 튜닝 카오디오 카인테리어 스크린골프 푸드코드 및 근린생활시설이 들어설 예정이다. 엠월드는 기존 상사들이 속속 입점 중이다. 3월부터 영업중인 일부 상사는 입점 후 매출 200%를 기록하고 있다. 고객상담센터 1566 2111 본 자료는 해당기관에서 제공한 보도 자료입니다.,https://news.naver.com/main/read.nhn?mode=LSD&mid=shm&sid1=260&oid=020&aid=0002251598,284
261617,2011.06.15. 오후 12:06,부동산,동아일보,아파트값 빈부차이 2년만에 최저치…내집마련 더 힘들어져,동아일보 최근 1년간 전국 상위 20%에 해당하는 고가 아파트는 값이 소폭 내린 반면 하위 20%의 저가 아파트 가격은 껑충 뛰어 고ㆍ저가 아파트간 가격 차이가 줄어든 것으로 나타났다. 이는 부동산경기 침체로 인해 고가 아파트가 투자 대상으로서 매력을 잃은 한편 주택시장이 실수요자 위주로 재편되면서 저가 아파트에 수요가 집중됐기 때문이라고 부동산 전문가들은 전했다. 15일 국민은행이 전국 아파트를 가격 순으로 5등분해 평균 가격을 분석한 5분위 주택가격 자료에 따르면 상위 20% 주택의 평균 가격은 지난해 5월 기준 5억2980만원에서 올해 5억2269만원으로 1.3% 감소했다. 반면 서민들이 주로 거주하는 하위 20%의 5월 평균 매매가격은 8270만원으로 지난해 6천617만원에 비해 25% 1천653만원 상승했다. 고가 아파트와 저가 아파트간 가격 차이를 나타내는 5분위 배율은 6.3으로 지난2009년 1월 이후 최저치였다. 5분위 배율은 상위 20% 평균 주택가격을 하위 20% 평균가로 나눈 값으로 고.저가 아파트 간 격차가 심할수록 커진다. 부동산 리서치전문업체 리얼투데이는 상위 20% 아파트 매매가격은 15개월 연속 하락했으나 하위 20%는 27개월째 꾸준히 오름세를 보이고 있다고 전했다. 한편 서울의 5분위 배율은 지난해에 이어 올해도 4.1로 동일했다. 상위 20% 아파트 평균가격이 9억5110만원으로 지난해보다 2355만원 2.5% 떨어져 전국 추세와 동일했으나 하위 20% 아파트도 지난해 2억3501만원에서 0.5%내린 2억3386만원으로 감소했기 때문이다. 부동산포털 닥터아파트에 따르면 현재 5.30 기준 서울에서 평균 매매가가 9억원을 넘는 고가아파트는 총 18만2358가구로 1년만에 6762가구가 줄었다. 국민은행 관계자는 서울 외 지역은 표본 주택 수가 적어 따로 통계를 만들 수없지만 전국 5분위 배율이 떨어진 점을 감안하면 비서울 지역에서 서민주택 가격이 크게 올랐다는 결론이 나온다 고 설명했다. 리얼투데이 양지영 팀장도 부산발 부동산열풍 이 인근으로 확산되면서 지방의 소형주택 가격이 대폭 올랐다 면서 집값의 빈부격차는 줄었지만 서민의 내집마련은 더 어려워진 셈 이라고 말했다. 이어 부동산 침체로 아파트 투자에 대한 불안감이 커져 비싼 집에 대한 수요가 감소한 반면 전세난에 쫓겨 중소형 주택 매입에 나서는 실수요자가 늘면서 아파트간 격차를 좁히는 데 일조했다 고 분석했다.,https://news.naver.com/main/read.nhn?mode=LSD&mid=shm&sid1=260&oid=020&aid=0002251596,284
261618,2011.06.15. 오후 12:06,부동산,헤럴드경제,“월세 받아 가세요” 10년동안 임대료 대기업에서 지급.,선임대후분양으로 “치솟는 물가 불안한 연금 한번에 해결했어요” 가정주부 이모씨 49세 는 남편 월급이외에 소형매장 3개를 뉴코아에 임대주고 매달 300만원 가량의 임대수익을 올리고 있다. 내집마련과 함께 소액의 수익상가를 먼저 사둔 것이 남들과 차별화된 재테크 전략이라고 말한다. 월급만으로 물가상승 자녀교육비 급증과 노후대책을 동시에 감당하기는 불가능하다는 것이다 베이비붐 세대의 대규모 은퇴와 보금자리주택 등 정부의 적극적인 임대주택 공급으로 점차 주택가격은 하락할 전망이지만 빨라지는 정년과 평균수명연장 등은 노후생계를 위협하므로 생계유지수입원 확보에 빨간불이 들어왔다. 이런 사회분위기에 맞게 ‘선임대후분양’에 확정수익율 보장까지 되는 임대수익의 2중3중 안정장치가 되어있는 부천터미널 ‘소풍’은 분양특수를 맞고 있다. 등기이전받고 10년동안 뉴코아에서 월세받고 초기 3년간 총 18% 확정수익 또 받고.. ‘소풍’은 신도시의 탁월한 입지와 이랜드 그룹 뉴코아 킴스클럽이 10년 임대의 장기 계약조건으로 입점 임대계약기간 2009.9 2019.9 함으로써 10년동안 공실 및 건물관리 염려 없이 대기업으로부터 안정적으로 월세를 받을 수 있다. 실투자금 7천만원대 매장을 분양받으면 기다릴 필요없이 등기이전 후 바로 보증금과 익월 최저 85만원 120만원의 임대수익이 지급되며 무엇보다 초기 3년간 최저 18%수익보장이 되어 초기 투자리스크가 전혀 없다는 것이 강점이다. 롯데백화점 본점 약 7.8배의 대규모 유통센터로 알려진 이곳은 현재 부천종합터미널과 11개관의 프리머스영화관 컨벤션웨딩홀 스포츠 센터가 단일건물 내 입점하여 집객파워 및 매출 시너지가 무엇인지 보여주고 있다. 이중 1층부터 5층까지 도심형 최대 프리미엄 아울렛인 뉴코아와 킴스클럽이 입점한 매장을 등기분양 한다. 이랜드가 선점한 이곳은 교통의 요지이며 지하철1호선과 2012년 개통예정인 7호선 상동역의 더블역세권형성으로 상권성장 잠재력과 시세차익이 기대되는 곳이다. 또한 현재 완공 후 영업중인 것을 분양 받으므로 투자 후 바로 수익이 발생하고 소유권 이전 받기 전까지 분양대금을 한국자산신탁에서 안전하게 관리 해준다는 것이 투자자들이 선호하는 큰 이유중에 하나다.,https://news.naver.com/main/read.nhn?mode=LSD&mid=shm&sid1=260&oid=016&aid=0000386813,284
261619,2011.06.15. 오후 12:05,부동산,동아일보,먼저 움직이는 강남부자들,동아닷컴 부동산 시장 어떻게 움직일까 최근 부동산 시장이 심상치 않다. 전세금 상승 급매물 소진 등으로 매수 심리가 살아나고 있다. 부동산 시장에 ‘바닥론’이 힘을 얻고 있다. 최근 부산을 비롯한 지방 부동산 시장이 활기를 띠고 있고 오피스텔을 비롯한 수익형부동산도 인기를 끌고 있다. 더군다나 ‘올스톱’됐던 거래가 국지적으로 성사되고 있는 것으로 나타났다. 전문가들은 “당분간 집값 변동은 크지 않을 것으로 보이나 공급 규모가 감소하면서 미분양등이 소진될 것으로 보인다”면서 “전세금 상승 현상은 당분간 지속될 것”이라고 말했다. 실제로 올 들어 부동산 시장엔 신규 분양 물량이 봇물을 이루고 있고 미분양 물량도 소진되고 있는 분위기다. 전세금이 급등하면서 실수요자들을 중심으로 부동산 시장에 매수세가 반영되고 있는 가운데 입주 물량이 급감할 것으로 예상되고 있어 귀추가 주목된다. 업계에 따르면 2009년 이후 분양 물량 감소로 2011년 2012년에는 20년 만에 최저수준 이하로 입주가 급감할 예정이다. 부동산정보업체 부동산114에 따르면 20년간 연평균 입주 약34만가구 2010년 약29만가구 2011년 약18만가구 2012년 약11만가구로 입주물량이 감소한다. 부자들 “지금이 매입시기” ‘큰 손’들의 움직임은 달랐다. 그들은 ‘위기’를 ‘기회’로 삼아 투자안전성이 높으면서도 입지와 배후수요 등을 판단한 수익성 높은 투자에 나서고 있다. 서울 강남구에 사는 이모 57세 가명 씨는 부동산 침체를 뚫고 수익을 낼 수 있는 알짜 부동산을 좋은 조건에 선점했다. 그는 “지금까지 부동산 시장에서 대표적인 투자 상품으로 꼽히던 아파트는 정부 규제와 과잉공급으로 인기가 시들해지고 있는 것이 사실이다”면서 “하지만 입지여건과 개발호재를 갖춘 안정적인 알짜 아파트를 선점하는 것은 현명하다”고 말했다. 전세대란 이후 입주 급감에 따른 집값 상승도 예견되고 있고 향후 전세 대신 월세 시대가 도래할 것으로 전망되면서 똘똘한 아파트에 투자하고 있는 것. 최근 명문학군 아파트로 주목 받는 일산 자이 위시티는 입주를 시작한 아파트로 조경이 뛰어나고 학군도 좋아 강남권에서도 문의가 늘고 있다. GS건설 ‘일산자이 위시티’는 지하2층 지상30층 43개동 총 4 683가구 규모로 교통 및 편의시설 이용도 뛰어나다. 일산I.C 고양I.C가 가깝고 제2자유로와 경의선 복선전철 등을 이용할 수 있어 서울과의 접근성이 뛰어나다. 경의선 백마역 풍산역과 지하철 3호선 정발산역도 가깝다. 특히 GTX 개발 계획 확정 경의선 복선전철 파주 문산역 서울 상암DMC역 구간 개통으로 ‘서울 일산’ 30분 시대를 열었다. 또한 서울외곽순환고속도로 고양IC와 파주 서울을 잇는 310번 도로 자유로 일산IC 등이 인접해 있어 승용차를 이용할 경우 서울 접근성 승용차로 30분 이 탁월하다. 광역버스 교통망도 우수한 편이다. 일산 자이는 즉시 입주 가능 하며 금융 조건은 계약금 20% 중도금 60% 3년 이자 지원 이 주어지며 입주시 잔금 20%를 납입하면 추가혜택도 있다. 또 풀옵션 일부 세대 제외 과 발코니 확장이 무상으로 제공된다. 분양문의 1577 9593 본 자료는 해당기관에서 제공한 보도 자료입니다.,https://news.naver.com/main/read.nhn?mode=LSD&mid=shm&sid1=260&oid=020&aid=0002251595,284
261620,2011.06.15. 오후 12:02,부동산,동아일보,청약 기대감 높이는 교하신도시 롯데캐슬 1순위 청약,동아닷컴 교하신도시 운정지구 중심에 롯데캐슬이 조성돼 수요자들의 관심을 끌고 있다. 롯데건설은 경기도 파주시 교하신도시 운정지구 A14 블록에서 교하신도시 운정지구 롯데캐슬을 6월 10일부터 본격 분양한다. 교하신도시 운정지구 롯데캐슬은 지하 1층 지상 18 30층 20개동 규모로 전용면적 59A㎡ 130가구 59B㎡ 48가구 84A㎡ 650가구 84B㎡ 217가구 101A㎡ 195가구 101B㎡ 21가구 113A㎡ 231가구 113B㎡ 120가구 113C㎡ 120가구 126A㎡ 75가구 126B㎡ 73가구 등 총 1880가구로 구성된다. 청약 일정은 15일 1순위를 시작으로 17일까지 진행될 예정이다. 교하신도시 운정지구 롯데캐슬은 단지 남쪽에 726 733㎡ 규모의 가온 호수공원이 위치해 있는 호수 조망권 단지이며 공원이 인접해 그린 프리미엄도 기대할 수 있다. 단지 내 조경도 뛰어나다. 단지의 절반을 테마공원으로 조성하기 때문이다. 자작나무숲길 메타세콰이어길 단풍나무길 억새밭길 등 숲과 나무 사이로 1.1Km의 테마산책로와 약 700m에 달하는 자전거 도로가 조성되며 편백나무 동산 숲속놀이터 미디어폴의 빛과 바닥분수의 물줄기가 오케스트라의 음악에 맞춰 춤을 추는 빛의 광장도 들어설 예정이다. 교통도 편리하다. 경의선 운정역과 가깝고 제2자유로 김포 관산간 도로 개통으로 서울 접근성이 뛰어나다. 견본주택은 지하철3호선 마두역 4번 출구 뉴코아 사거리에 위치해 있다. 분양문의 031 908 1880 본 자료는 해당기관에서 제공한 보도 자료입니다.,https://news.naver.com/main/read.nhn?mode=LSD&mid=shm&sid1=260&oid=020&aid=0002251593,284
261621,2011.06.15. 오후 12:00,부동산,뉴시스,교통·교육·편의시설 모두 갖춘 한라비발디 플러스 눈길,서울 뉴시스 온라인뉴스팀 한동안 잠잠했던 파주 교하신도시에 다시 관심이 집중되고 있다. 부동산 침체와 함께 신도시 입주물량이 쏟아지면서 마이너스로 떨어졌던 아파트 분양권 값은 어느새 분양가 수준으로 올라섰다. 15일 부동산 전문가에 따르면 특히 중소형 아파트는 파주와 일산 서울 일대 전세 수요가 가세하면서 웃돈이 붙기 시작했으며 지난해 이후 몇 개월 동안 아파트 공급물량이 없어 신규분양 예정 단지에 관심이 높아지고 있다. 이런 가운데 A14 블록 롯데캐슬의 분양에 이어 A22 블럭 한라건설 한라비발디 플러스 의 분양이 예정돼 있어 더욱 활기를 띌 것으로 보인다. ◇제2자유로 신도시 교통 흐름 바꿔 이러한 변화의 시작은 올 초 제2자유로가 개통되면서 부터다. 서울 접근성이 좋아지면서 신도시 내 교통 흐름 자체를 변화시켰다는 평가다. 제2자유로는 총 연장 22.7㎞ 폭 31 34m의 왕복 6차로 도로다. 자가용을 이용한 서울 진입이 20분 이내로 단축된 데다 일산신도시를 거치지 않고 서울 도심을 직접 연결하는 간선급행 버스도 운행돼 서울을 한걸음에 내달릴 수 있게 됐다. 빨라진 교통망 덕에 파주 일산신도시 내는 물론 서울 수요자들도 새 아파트를 찾아 교하신도시로 몰려들고 있다. ◇한라건설 한라비발디 플러스 교통·상업·교육의 중심 가장 주목을 받는 아파트가 파주 교하신도시 A22블록 한라비발디 플러스 다. 오는 6월말 모델하우스를 오픈하는 이 아파트는 교통 교육 상업시설 등이 잘 갖춰져 있어 관심이 높다. 지하 2층∼지상 25층 10개동에 전용면적 59∼130㎡ 총 823가구로 분양 주택형 별로는 59㎡ 72가구 84㎡ 385가구 101㎡ 220가구 130㎡ 146가구 등이다. 단지 주변이 간선급행 버스의 시발점으로 도심 접근이 편리하다. 또 지난 2009년 복선 전철화 된 경의선 이용은 물론 문발IC도 인접해 있어 자유로 접근도 용이하다. 게다가 상업지구가 단지 바로 앞에 조성된다. 이곳엔 다양한 생활편의시설과 함께 교육관련 시설이 들어설 예정이다. 특히 대형 할인마트인 홈플러스가 상업지구내에 들어설 계획이다. 초등학교도 단지 옆에 위치하고 있으며 중학교도 신설될 예정이다. ◇자연과 함께하는 에코 라이프의 시작 전체 동 棟 은 타워형의 남향위주 단지배치로 일조·채광을 극대화했다. 단지 옆에는 근린공원 조성된다. 또 주차공간은 대부분 지하로 배치해 단지 내 녹지율만 50%에 달한다. 특히 단지 내에는 약 1500㎡의 잔디광장이 조성된다. 초록이 펼쳐진 드넓은 광장에서 때때로 문화공연도 펼쳐져 가족 또는 이웃과 함께 여유로운 시간을 보낼 수 있다. 약 1000㎡의 전나무 삼림욕장도 조성된다. 이곳에선 피톤치드 Phytoncide 를 만끽 할 수 있어 몸과 마음이 건강한 삶도 누릴 수 있다. 이밖에 왕벚나무 이팝나무 청단풍 느티나무 등 4가지 테마가 있는 약2km의 산책로와 약 230m 길이의 생태수 공간 전동 옥상 녹화 등이 갖춰져 있다. ◇특화 설계 생활프리미엄 누려라 한라건설 한라비발디 는 입주민을 위한 다양한 커뮤니티 시설도 최고 수준이다. 휘트니스 시설에는 체력단련을 위한 헬스공간 GX룸 외에 실내 스크린 골프와 퍼팅장을 조성했다. 또한 유아보육시설 실내 놀이터 어린이문고 및 독서실 등 단지 내 다양한 보육 및 어린이 놀이시설이 조성된다. 특히 실버룸 노인정 에는 혈압 체성분 측정 등이 가능한 헬스케어시스템을 갖춰 어르신들의 기초건강을 챙길 수 있다. 아파트 내부는 첨단시스템의 종합전시장이다. 초고속 인터넷 환경을 구축한 정보통신아파트로 무인경비시스템까지 갖춰 입주민의 안전까지 배려해 생활의 편리함과 안락함을 누릴 수 있다. 집을 비우고 외출했을 때에도 외부에서 가스·거실 조명·난방 조절을 할 수 있는 홈 네트워크 시스템이 갖춰진다. 에너지 절약시스템도 눈에 띈다. 한라비발디는 국토해양부에서 시행하는 주택의 소음 구조 환경 생활환경 화재소방 등을 심사하는 주택성능등급평가에서 인정받은 아파트다. 업체 관계자는 이 아파트는 신생에너지를 이용해 에너지 절약형 친환경 녹색단지를 설계한다 며 우수 재활용 시스템으로 비가 올 때 저장된 빗물을 조경수 및 기타 공용수로 활용하고 LED조명 및 태양광을 이용하는 에너지 절약형 가로등도 적용된다. 한편 한라건설 한라비발디 플러스의 견본주택은 뉴코아아울렛 사거리 인근에 위치해 있다.,https://news.naver.com/main/read.nhn?mode=LSD&mid=shm&sid1=260&oid=003&aid=0003910795,284
261622,2011.06.15. 오전 11:59,부동산,매일경제,송도 국제도시 원룸텔 분양가 5천만 원대에 월세가 60만 원,아파트 분양시장이 위축돼 있는 요즘 원룸텔 소형오피스텔에 대한 청약 열풍은 지속되고 있다. 부동산 투자수익과 월 고정수익을 동시에 거머쥐는 재테크 수단으로 여겨지고 있기 때문이다. 도시형 생활주택 즉 싱글하우스는 타 수익형 부동산에 비해 임대 수요가 많아 수익률이 보장되며 주로 퇴직자나 전업주부 등 투자의 경험이 많지 않은 사람도 운영이 가능하고 투자 후 3개월 후면 사업 안정권에 접어들기 때문에 개인 시간이 많아진다. 송도 국제도시 내 경제자유구역은 소형 원룸이 많이 부족하다. 주위 고시텔도 부족하다 보니 월세를 45만 원에서 47만 원까지 받는 곳도 있다. 송도 국제도시는 학생 직장인 상권 종사자 등 배후 임대 수요층이 확보돼 있는 지역이기 때문에 소형 원룸의 수요는 지속적으로 늘어날 전망이다. 이러한 송도 국제도시에 싱글하우스 ‘포레스트’가 분양 중이다. 5천만 원대 분양가에 50 60만 원이상의 월세수익을 노릴 수 있고 호실별 개별등기까지 가능하다. 송도 국제 자유구역에는 바로 옆 해양경찰청과 인근 인천대 연세대 신축공사중 등의 대학과 트레이드타워 국제 비즈니스센터 등의 경제 업무지구와 함께 미추홀 공원 해돋이 공원 센트럴파크 등의 휴식공간이 있다. 탄탄한 배후 임대 수요층이 확보돼 있는 지역이며 이미 인천 지하철 1호선 동막역부터 캠퍼스타운역 테크노파크역등 국제업무지구까지 아우르는 역세권에 위치해 대중교통편까지 완벽한 지역이라 하겠다. 싱글하우스의 주요 고객인 젊은 층의 1인 가구는 대중교통이 편리하면서 많은 사람들이 쉽게 접근할 수 있는 곳을 선호하기 때문에 송도 ‘포레스트’는 주목을 받을 수 밖에 없다. 풀옵션 싱글하우스 송도 ‘포레스트’는 현재 선착순 자리배정하기 때문에 향후 위치에 따라 프리미엄 및 월세가 달라질 수 있다. 자리배정은 선착순 호수 지정이며 신청접수를 통해 배정을 받을 수 있다. 문의 032 832 0071 자료제공 송도 포레스트 ⓒ 매일경제 mk.co.kr 무단전재 및 재배포 금지 MBA도 모바일로 공부한다.,https://news.naver.com/main/read.nhn?mode=LSD&mid=shm&sid1=260&oid=009&aid=0002484962,284
261623,2011.06.15. 오전 11:56,부동산,세계일보,부평 부천역 신일 소형오피스텔 선착순 분양,세계닷컴 ☞ 계약금 5% 약 500만원 만 내시면 입주때까지 들어가는 돈 ‘無’ ☞ 중도금 전액 무이자 ☞ 풀옵션 특별 제공 ☞ 1가구 2주택 무관 ☞ 서울 7호선 부평구청역과 인천 지하철 1호선 환승역세권 · 서울 1호선 부평역 신일건업이 인천 부평구 부평역과 부평 구청역 2분거리에 오피스텔 ‘신일 유스테이션’을 분양 중이다. 지난번 문을 연 신일 유스테이션 견본주택은 개관 3일 동안 1만 명이 넘는 관람객이 찾아 청약돌풍을 예고했다. 최근 3년 동안 주변지역에 신규오피스텔이 없었다는 측면에서 수익률에 대한 투자자들의 기대가 컸던 것으로 보인다고 회사측은 밝혔다. 신일 유스테이션은 지하 7층∼지상 20층 규모의 주상복합 오피스텔로 64.46㎡ 19형 108실 마감 70.61㎡ 21형 224실 82.85㎡ 25형 18실 103.31㎡ 31형 32실 등으로 총 382실로 구성됐다. 분양가와 계약조건도 우수하다. 분양가는 3.3㎡당 400만원 대로 저렴하며 중도금 무이자 혜택 무제한 전매제한 풀옵션 무상제공 등 혜택이 소액투자자들의 관심을 끌 것으로 보인다. 소형오피스텔이지만 20층 규모의 랜드마크적 외관 고급커뮤니티와 풀옵션 및 세련된 마감자재를 활용한 점도 눈에 띈다. 인천지하철 1호선과 환승될 예정인 7호선 부평구청역이 2012년 개통 예정으로 오피스텔 완공과 함께 도보 5분에 바로 이용가능한 더블 역세권 으로 강남까지 50분대면 이동할 수 있게 된다. 근처에 공단이 있어 공실이 거의 없는 안정적인 임대수요를 제공한다오후 4 30 2011 06 08. 북측에 GM대우 자동차공단 1만2000여명 부평공단 2만356명 이 있고 남측으로는 부평시장 상권이 자리한다. 또한 바로옆에는 부평구청이 위치해 있어 공실 걱정은 없을 듯 하다. 신일 유스테이션 관계자는 “싼 분양가와 최근 주변지역에 신규오피스텔이 없었다는 점에 수요자들이 매력을 느낄 것으로 판단된다”고 말했다. 견본주택은 롯데마트 삼산점과 삼산체육관 인근에 위치해 있다. ◈ 신청금 100만원을 입금하시고 방문하시면 호수 지정에 유리 ◈ 신청계좌 국민은행 392001 04 162963 ◈ 예금주 신일건업 정 계약시에는 자금관리 신탁사로 입금 ◈ 홈페이지 hp blog.naver.com eco2800 ◈ 분양문의 032 439 4600 ※본 콘텐츠는 기업 제공 자료로 세계닷컴의견과 다를수 있습니다. Segye.com Segye.com 인기뉴스 흑거미 K 4 美 험비도 일격에 파괴… 가공할 위력 쌈밥 어린이집 이번엔 달팽이 밥·거미 국 고교 교장이 여학생에 변태 성행위 강요 파문 총기 방치했다 부사관 대검으로 병사 찔러 휴 헤프너 결혼 앞두고 60살 연하 신부에 차여 ⓒ 세계일보 Segye.com 무단 전재 및 재배포 금지 금융전문뉴스 세계파이낸스 모바일로 만나는 세계닷컴 세계닷컴은 한국온라인신문협회 www.kona.or.kr 의 디지털뉴스이용규칙에 따른 저작권을 행사합니다.,https://news.naver.com/main/read.nhn?mode=LSD&mid=shm&sid1=260&oid=022&aid=0002275373,284
261624,2011.06.15. 오전 11:51,부동산,헤럴드경제,부평역 더블 역세권 신일오피스텔 특별이벤트 분양,☞ 계약금 5% 약 500만원 만 내시면 입주때 까지 들어가는 돈이 없다. ☞ 중도금 전액 무이자 ☞ 풀옵션 특별 제공 ☞ 1가구 2주택 무관 ☞ 서울 7호선 부평구청역과 인천 지하철 1호선 환승역세권·서울 1호선 부평역 신일건업이 인천 부평구 부평역과 부평 구청역 2분거리에 오피스텔 ‘신일 유스테이션’을 분양 중이다. 지난번 문을 연 신일 유스테이션 견본주택은 개관 3일 동안 1만 명이 넘는 관람객이 찾아 청약돌풍을 예고했다. 최근 3년 동안 주변지역에 신규오피스텔이 없었다는 측면에서 수익률에 대한 투자자들의 기대가 컸던 것으로 보인다고 회사측은 밝혔다. 신일 유스테이션은 지하 7층∼지상 20층 규모의 주상복합 오피스텔로 64.46㎡ 19형 108실 마감 70.61㎡ 21형 224실 82.85㎡ 25형 18실 103.31㎡ 31형 32실 등으로 총 382실로 구성됐다. 분양가와 계약조건도 우수하다. 분양가는 3.3㎡당 400만원 대로 저렴하며 중도금 무이자 혜택 무제한 전매제한 풀옵션 무상제공 등 혜택이 소액투자자들의 관심을 끌 것으로 보인다. 소형오피스텔이지만 20층 규모의 랜드마크적 외관 고급커뮤니티와 풀옵션 및 세련된 마감자재를 활용한 점도 눈에 띈다. 인천지하철 1호선과 환승될 예정인 7호선 부평구청역이 2012년 개통 예정으로 오피스텔 완공과 함께 도보 5분에 바로 이용가능한 더블 역세권 으로 강남까지 50분대면 이동할 수 있게 된다. 근처에 공단이 있어 공실이 거의 없는 안정적인 임대수요를 제공한다오후 4 30 2011 06 08. 북측에 GM대우 자동차공단 1만2000여명 부평공단 2만356명 이 있고 남측으로는 부평시장 상권이 자리한다. 또한 바로옆에는 부평구청이 위치해 있어 공실 걱정은 없을 듯 하다. 신일 유스테이션 관계자는 “싼 분양가와 최근 주변지역에 신규오피스텔이 없었다는 점에 수요자들이 매력을 느낄 것으로 판단된다”고 말했다. 견본주택은 롯데마트 삼산점과 삼산체육관 인근에 위치해 있다. ◈ 신청금 100만원을 입금하시고 방문하시면 호수 지정에 유리하다. ◈ 신청계좌 국민은행 392001 04 162963 ◈ 예금주 u3000신일건업 정 계약시에는 자금관리 신탁사로 입금합니다.,https://news.naver.com/main/read.nhn?mode=LSD&mid=shm&sid1=260&oid=016&aid=0000386810,284
261625,2011.06.15. 오전 11:48,부동산,서울경제,대림3구역 813가구 들어서,서울 영등포구 신길로변 대림중 인근에 아파트 813가구가 들어선다. 서울시는 지난 14일 건축위원회에서 영등포구 대림동 917 49번지 일대 대림3주택재건축정비사업 계획안을 조건부로 통과시켰다고 15일 발표했다. 대림3구역에는 용적률 349%가 적용돼 지하 3층 지상 21층 규모 13개 동 813가구가 건립된다. 규모별로는 전용면적 59㎡ 213가구 84㎡ 564가구 123㎡ 36가구 등이다. 대림3구역은 신길로와 공단로가 접해 있으며 주변에 신대림초교ㆍ대림중ㆍ강남성심병원 등이 위치해 있다. 건축위원회는 또 동대문구 용두동 10 3번지 청량리1재정비촉진구역 도시환경정비사업 조감도 계획안을 통과시켰다. 청량리1구역에는 지하 5층 지상 24층 규모의 오피스텔 및 근린생활시설이 들어서게 된다. 지상 1 2층에는 근린생활시설 지상 3 6층에는 업무시설 오피스 지상 7 24층에는 오피스텔 243실이 각각 공급된다. 연내 착공에 들어가 오는 2013년 상반기에 완공될 예정이다.,https://news.naver.com/main/read.nhn?mode=LSD&mid=shm&sid1=260&oid=011&aid=0002160084,284
261626,2011.06.15. 오전 11:47,부동산,파이낸셜뉴스,GS건설 나는가수다 출연가수 초청 무료 콘서트,GS건설이 TV 인기 프로그램 ‘나는 가수다’에 출연했던 가수들을 서울 서교동 자이갤러리에 초청해 무료 콘서트를 개최한다. GS건설은 ‘나는 가수다’ 프로그램에 출연했던 가수 백지영과 JK김동욱을 초청해 오는 24일 서울 서교동 자이갤러러에서 ‘자이 콘서트’를 개최한다고 15일 밝혔다. 이번 콘서트는 GS건설이 지난달 업계 최초로 태블릿 PC 및 스마트폰 용 통합 애플리케이션인 ‘자이앱’ 출시를 기념하는 의미에서 마련됐다. 콘서트 관람 신청은 자이고객뿐만 아니라 일반고객도 누구나 자이앱이나 자이홈페이지 www.xi.co.kr 를 통해 가능하다. 자이앱에서는 소통공간 페이지에서 ‘참여하기’를 터치하면 신청 글을 남길 수 있고 홈페이지는 회원가입을 한 후 ‘신청하기’에서 방청권을 신청하면 된다. GS건설은 신청고객 중 200명을 추첨해 20일 자이홈페이지에 게재 또는 개별통보할 예정이다. GS건설 관계자는 “고객들에게 자이만의 특별한 서비스를 제공하기 위해 이번 콘서트를 마련했다”며 “나는 가수다 프로그램에서 자진 하차해 아쉬움을 남긴 실력파 가수 2명이 참석한다는 소식에 벌써부터 참가 문의가 폭주하고 있다”고 전했다. 한편 ‘자이앱’은 자이 입주민 전용 잡지인 ‘가가자이’ 내용과 최근 자이 분양단지 소개 등 ‘알짜 생활정보’를 수시로 업데이트하여 확인해 볼 수 있는 무료 애플리케이션으로 출시한지 한 달만에 2만여명 이상이 다운로드를 받을 정도로 큰 호응을 얻고 있다.,https://news.naver.com/main/read.nhn?mode=LSD&mid=shm&sid1=260&oid=014&aid=0002457171,284
261627,2011.06.15. 오전 11:46,부동산,헤럴드경제,한강변에가장 가까운 아파트 마지막기회,♣서울 올림픽 대로가 연장 “한라비발디” 단지 앞으로 다음달 김포한강로 개통 IC 바로인접 여의도 20분 강남 40분 조류 생태공원 맨 앞 자리 ♣인근 강 산 공원을 끼고 있는 자연친화적 아파트 ♣계약금 5% 전세대 중도금 전액 무이자 한강과 맞닿은 한강신도시. 오는 2013년 조성이 완료되는 한강신도시는 서울에서 서쪽으로 약 12km내 거리에 자리한다 수도권 2기 신도시에 길이 열린다. 한강과 한강의 물줄기를 끌어들여 수변도시로 개발된다. 한강신도시는 김포시 장기동 운양동 양촌면 일대에 조성된 곳으로 이름에서도 유추할 수 있듯이 한강이 메인이 되는 도시다. 특히 한강 하류를 활용한 생태공원과 친환경 수로로 주목을 받고 있는 도시이기도 하다. 때문에 ‘한국의 베니스’로 불리기도 한다. 이곳 한강신도시는 크게 3개의 콘셉트로 개발된다. 한강변에 가장 가까운 곳에 생태환경지구가 조성된다. 생태환경지구는 생태체험. 학습공간이 도입되고 문화예술의 거리 아트빌리지 등 문화도시에 필요한 기반시설이 갖춰질 예정이다. 생태환경지구 남쪽으로는 문화교류지구와 서쪽으로는 중심상업지구가 있는 복합업무지구가 들어선다. 전문가들은 한강신도시에서 주거환경과 올림픽대로를 통한 강남접근성 등을 따져볼 때 생태환경지구의 주거가치가 상대적으로 클 것이라는 평가다. 한강신도시 “한라비발디”는 지하 2층 지상 19층 12개동으로 총 857가구의 대단지로 구성되 있으며 105m2 구 39평 형 대로 잔여세대를 분양하고 있다. 타지역보다 저렴한 분양가로 한강신도시 내에서 가장 금싸라기 땅에 들어선다. 한강신도시 대부분의 아파트는 중도금 이자 후불제로 진행하나 “한라비발디” 계약조건으로는 계약금 5% 2회분납 하면 중도금 60%전액 무이자로 추가 금액 부담이 전혀 없다 서둘러야 선호하는 동호수를 지정할수 있다. 또 전매제한이 없어 투자자들이 몰리는 추세이다. 현재 견본주택을 통해 신청접수를 받고 있으며 신청금 100만원을 우리은행 1005 601 820602 예금주 한라건설 주 입금하면 누구나 한강신도시 한라비발디의 주인이 될수 있다.,https://news.naver.com/main/read.nhn?mode=LSD&mid=shm&sid1=260&oid=016&aid=0000386799,284
261628,2011.06.15. 오전 11:45,부동산,머니투데이,대기업에서 월세받고 초기 3년간 확정수익 또 받고,머니투데이 선임대후분양으로 “치솟는 물가 불안한 연금 한 번에 해결했어요” 가정주부 이모씨 49세 는 남편 월급이외에 소형매장 3개를 뉴코아에 임대주고 매달 300만원 가량의 임대수익을 올리고 있다. 내집마련과 함께 소액의 수익상가를 먼저 사둔 것이 남들과 차별화된 재테크 전략이라고 말한다. 월급만으로 물가상승 자녀교육비 급증과 노후대책을 동시에 감당하기는 불가능하다는 것이다. 베이비붐 세대의 대규모 은퇴와 보금자리주택 등 정부의 적극적인 임대주택 공급으로 점차 주택가격은 하락할 전망이지만 빨라지는 정년과 평균수명연장 등은 노후생계를 위협하므로 생계유지수입원 확보에 빨간불이 들어왔다. 이런 사회분위기에 맞게 ‘선임대후분양’에 확정수익율 보장까지 되는 임대수익의 2중3중 안정장치가 되어있는 부천터미널 ‘소풍’은 분양특수를 맞고 있다. 등기이전받고 10년동안 뉴코아에서 월세받고 초기 3년간 총 18% 확정수익 또 받고.. ‘소풍’은 신도시의 탁월한 입지와 이랜드 그룹 뉴코아 킴스클럽이 10년 임대의 장기 계약조건으로 입점 임대계약기간 2009.9 2019.9 함으로써 10년동안 공실 및 건물관리 염려 없이 대기업으로부터 안정적으로 월세를 받을 수 있다. 실투자금 7천만원대 매장을 분양받으면 기다릴 필요없이 등기이전 후 바로 보증금과 익월 최저 85만원 120만원의 임대수익이 지급되며 무엇보다 초기 3년간 최저 18%수익보장이 되어 초기 투자리스크가 전혀 없다는 것이 강점이다. 롯데백화점 본점 약 7.8배의 대규모 유통센터로 알려진 이곳은 현재 부천종합터미널과 11개관의 프리머스영화관 컨벤션웨딩홀 스포츠 센터가 단일건물 내 입점하여 집객파워 및 매출 시너지가 무엇인지 보여주고 있다. 이중 1층부터 5층 까지 도심형 최대 프리미엄 아울렛인 뉴코아와 킴스클럽이 입점한 매장을 등기분양 한다. 이랜드가 선점한 이곳은 교통의 요지이며 지하철1호선과 2012년 개통예정인 7호선 상동역의 더블역세권형성으로 상권성장 잠재력과 시세차익이 기대되는 곳이다. 또한 현재 완공 후 영업 중인 것을 분양 받으므로 투자 후 바로 수익이 발생하고 소유권 이전 받기 전까지 분양대금을 한국자산신탁에서 안전하게 관리 해준다는 것이 투자자들이 선호하는 큰 이유 중에 하나다. 분양문의 1588 4937 신청접수 방법 신청금 100만 원 신청계좌 하나은행 100 910026 09904 예금주 한국자산신탁회사 ※ 본 자료는 해당 업체에서 제공한 비즈니스정보입니다.,https://news.naver.com/main/read.nhn?mode=LSD&mid=shm&sid1=260&oid=008&aid=0002555736,284
261629,2011.06.15. 오전 11:45,부동산,파이낸셜뉴스,대명리조트 1230만원 실속형상품 한정분양,골프 스키 오션월드 콘도를 회원권 하나로 대명레저산업은 2011년 창립 32주년을 기념해 여름 시즌 2011년 하프패밀리 실속형 회원권을 특별 한정모집 하고 있다. 이 상품은 연간 20박을 사용하는 하프패밀리형 상품으로 분양즉시 회원 앞으로 소유권 등기이전을 할 수 있다. 실속형 회원권 하프패밀리상품 개인 기명인 경우는 1 230만원 법인의 경우는 무기명 1 330만원에 회원을 한정모집 한다. 회원가입 시 골프 스키 오션월드 및 각 지역 아쿠아시설의 무료 및 할인혜택이 부여되며 가입과 동시에 전국의 대명리조트 8곳 설악 경주 양평 홍천 양양 변산 단양 제주 직영리조트와 2곳의 해운대 도고 체인콘도 및 홍천 설악 퍼블릭 골프장을 할인가격으로 이용할 수 있다.또한 4곳의 호텔 및 제주 크라운CC 제주 제피로스 CC 제주 에코랜드 CC 경북예천 한맥 CC를 할인가격으로 이용 가능하다. 법인회원을 위한 세미나실 연회장 각종 부대시설이 완벽하게 갖춰져 있어 비즈니스에도 활용도가 높다. 대명 비발디파크는 4계절 내내 색다른 즐거움을 느낄 수 있는 곳으로 스키월드 정규골프장 C.C 오션월드 퍼블릭 골프장 등 4계절 이용 가능한 각종 부대시설과 2300여 객실이 있으며. 서울∼춘천간 고속도로 개통으로 서울에서 1시간 정도면 부담 없이 찾을 수 있는 점도 큰 매력이다. 한려해상 국립공원에 위치한 대명리조트 거제 2013년 3월완공예정 가 착공에 들어가 있고 2012년 해양엑스포가 열리는 여수에도 대명리조트 여수 2012년 5월완공예정 가 예정되어 있어 국내 최고수준의 4계절 종합 해양 리조트로 탄생할 예정이다. 대명리조트는 이용 시 불편함이나 번거로움이 전혀 없도록 각 회원담당자가 최초 계약에서부터 예약관리까지 철저하게 1 1 담당제로 회원을 관리한다. 모든 회원들이 최고의 품격을 가지고 가족과 여유로움을 즐길 수 있도록 최상의 서비스를 제공하는 것이다. 산 바다 온천 스키 그리고 4계절이 함께하는 곳 대명리조트에서 삶의 여유를 즐기고 싶다면 바로 지금이 분양가격 인상 전에 회원권을 구입할 수 있는 절호의 기회이다 특별회원모집에 대한 분양 안내책자 카다로그 및 CD 를 받아보고 싶으면 대명리조트 본사 02 2222 5912 로 문의를 하면 자료 수령 후 자세한 상담을 받을 수 있다. 24시간 상담가능 오늘의 핫뉴스 이벤트 “축하 메세지 남기고 대박선물 받자” 카카오톡 “짜증나네”…아무나 친구추가 美 ‘인기폭발’ 없어서 못파는 한국차가 있다 묶음상품 사면 ‘바보’…낱개보다 2배 비싸 온라인몰 ‘대형마트 타도’ 전면전 본 자료는 해당 업체에서 제공한 보도 자료입니다.,https://news.naver.com/main/read.nhn?mode=LSD&mid=shm&sid1=260&oid=014&aid=0002457168,284
261630,2011.06.15. 오전 11:37,부동산,연합뉴스,아파트값 빈부차이 2년만에 최저치종합,저가주택 25% 올라‥서민 내집마련은 험난 서울 연합뉴스 이유진 기자 최근 1년간 전국 상위 20%에 해당하는 고가 아파트는 값이 소폭 내린 반면 하위 20%의 저가 아파트 가격은 껑충 뛰어 고ㆍ저가 아파트간 가격 차이가 줄어든 것으로 나타났다. 이는 부동산경기 침체로 인해 고가 아파트가 투자 대상으로서 매력을 잃은 한편 주택시장이 실수요자 위주로 재편되면서 저가 아파트에 수요가 집중됐기 때문이라고 부동산 전문가들은 전했다. 15일 국민은행이 전국 아파트를 가격 순으로 5등분해 평균 가격을 분석한 5분위 주택가격 자료에 따르면 상위 20% 주택의 평균 가격은 지난해 5월 기준 5억2천980만원에서 올해 5억2천269만원으로 1.3% 감소했다. 반면 서민들이 주로 거주하는 하위 20%의 5월 평균 매매가격은 8천270만원으로 지난해 6천617만원에 비해 25% 1천653만원 상승했다. 고가 아파트와 저가 아파트간 가격 차이를 나타내는 5분위 배율은 6.3으로 지난 2009년 1월 이후 최저치였다. 5분위 배율은 상위 20% 평균 주택가격을 하위 20% 평균가로 나눈 값으로 고.저가 아파트 간 격차가 심할수록 커진다. 부동산 리서치전문업체 리얼투데이는 상위 20% 아파트 매매가격은 15개월 연속 하락했으나 하위 20%는 27개월째 꾸준히 오름세를 보이고 있다고 전했다. 한편 서울의 5분위 배율은 지난해에 이어 올해도 4.1로 동일했다. 상위 20% 아파트 평균가격이 9억5천110만원으로 지난해보다 2천355만원 2.5% 떨어져 전국 추세와 동일했으나 하위 20% 아파트도 지난해 2억3천501만원에서 0.5% 내린 2억3천386만원으로 감소했기 때문이다. 부동산포털 닥터아파트에 따르면 현재 5.30 기준 서울에서 평균 매매가가 9억원을 넘는 고가아파트는 총 18만2천358가구로 1년만에 6천762가구가 줄었다. 국민은행 관계자는 서울 외 지역은 표본 주택 수가 적어 따로 통계를 만들 수 없지만 전국 5분위 배율이 떨어진 점을 감안하면 비서울 지역에서 서민주택 가격이 크게 올랐다는 결론이 나온다 고 설명했다. 리얼투데이 양지영 팀장도 부산발 부동산열풍 이 인근으로 확산되면서 지방의 소형주택 가격이 대폭 올랐다 면서 집값의 빈부격차는 줄었지만 서민의 내집마련은 더 어려워진 셈 이라고 말했다. 이어 부동산 침체로 아파트 투자에 대한 불안감이 커져 비싼 집에 대한 수요가 감소한 반면 전세난에 쫓겨 중소형 주택 매입에 나서는 실수요자가 늘면서 아파트간 격차를 좁히는 데 일조했다 고 분석했다.,https://news.naver.com/main/read.nhn?mode=LSD&mid=shm&sid1=260&oid=001&aid=0005113643,284
261631,2011.06.15. 오전 11:36,부동산,헤럴드경제,한강신도시 최초 10%할인 39평형 “현대성우오스타” 내집장만 특급기회,분양가 10% 할인 9호선연장 예정 초역세권 도보5분 김포대수로 조망 중도금전액 무이자... 발코니확장무료. 계약금 5% 계약과동시 전매가능 올림픽대로 연장 김포한강로 다음달 7월 개통 강남역 45분 여의도 15분 지난 15일 김포한강신도시 모델하우스가 개관하자 수만명의 인파가 몰렸다. 15 17일까지 사흘간 누적 관람객은 각사별로 3만여명에 이르며 올해 수도권 청약 최대 인파를 기록했다. 경기도 김포시에 마련된 김포한강신도시 합동분양 모델하우스는 밀려드는 인파와 차량으로 하루 종일 문전성시를 이뤘다. 개장과 동시에 예비 청약자들이 한꺼번에 몰리면서 50m 가량 줄지어 선 모습이 목격됐다. 김포한강신도시는 대한민국 최초 수로 도시로 개발되는 친환경 신도시다. 김포대수로를 따라 소형유람선과 요트를 즐길 수 있는 한강신도시에서 분양 대기자들은 김포대수로 조망권에 큰 관심을 가지고 있다. 시행 시공 성우종합건설㈜ 한강신도시에 현재 분양하고 있는 단지 중에서 실제로 김포대수로에 인접하고 있는 “현대성우오스타”는 한강신도시 최초 분양가 10% 할인 중도금 무이자 발코니확장 무료 라는 파격적인 혜택에 분양문의 현대성우오스타 주택전시관 031 996 8017 가 끊이질 않고 있다. 현대성우오스타는 전용면적 101㎡ 구39평 131㎡ 구49평 465세대로 구성되며 단지 내 보행자통로가 김포대수로와 연결돼 휴식공간으로 이용 가능하며 단지 내 녹지율이 50% 이상이고 지상에 주차장이 없는 공원 같은 아파트로 수로가 내려다보이는 조망권이 장점이다. 131㎡ 구49평 은 친환경 조망권과 향후 프리미엄으로 조기 마감됐다. 입지여건도 뛰어나다. 9호선이 연장 예정 되면 초역세권이며 청송마을 현대타운 2400세대 장기지구와 도보로 10분 내 거리에 있어 이미 조성된 기반시설을 쉽게 이용할 수 있다. 또한 장기 초 중 고등학교 및 고창 초 중학교 등 교육시설이 단지와 가까워 교육인프라가 훌륭하다. 그 동안 김포한강신도시는 서울 도심과 불과 25km 거리에 위치하면서도 국도 48호선 외에 광역도로망이 미비해 서울 접근성이 떨어진다는 지적을 받아왔다. 하지만 올림픽대로 확장공사가 마무리되고 김포한강로가 올림픽대로와 금년 6월 바로 연결되면 서울 여의도 까지 15분대 강남까지 40분대 진입이 가능 하며 지난 2월 28일자로 김포시의회에서 지하철 9호선을 한강신도시까지 연장하는 결의안을 만장일치로 가결하여 국토해양부에 승인을 신청한 상태로 시 관계자는 “지하철 9호선 연장사업이 완료되면 한강신도시에서 강남까지 50분에 도착할 수 있다” 면서 “김포가 수도권의 새로운 거점도시로 성장하고 한강신도시도 크게 활성화될 것으로 기대 된다”고 말한다. 한강신도시 입주가 2011년 6월부터 본격적으로 이뤄짐에 따라 한강신도시↔강남역 한강신도시↔계양역 서울공항철도연계 13개 노선 94대를 우선 신설하고 입주가 모두 완료되는 2015년까지 46개 노선 360여대가 증차되게 된다. 이를 통해 김포시는 새롭게 개통되는 김포한강로 등 주요 도로축을 중심으로 대중교통 노선이 확충됨에 따라 서울과 인천 경기권을 아우르는 편리한 교통네트워크를 구축할 것으로 기대된다. 지난해 전국 전셋값 상승률이 8년 만에 최고치를 기록한 데 이어 올 들어 1분기에만 이미 작년 상승률의 절반 수준을 훌쩍 뛰어넘는 등 사상 최악의 ‘전세대란’을 겪은 2002년 10.1% 기록을 넘어설 것이란 우려가 현실화되고 있다. 7일 국토해양부와 국민은행에 따르면 올 1분기 현재 전국 전셋값 상승률은 4.3%를 기록 8년 만에 최고치를 기록했던 작년 연간 상승률 7.1% 의 절반 수준을 이미 넘어섰다. 이 같은 추세라면 올 가을 이사철 이전에 전세대란을 치렀던 2002년 기록을 뛰어넘을 것으로 예상된다. 특히 올 하반기 서울에서 사상 최대 규모의 재개발 재건축 이주 수요가 대기하고 있어 전세시장을 압박하고 있다. 전셋값 상승에 부담을 느낀 전세 수요자들이 매매로 선회하면서 2기 신도시 중 서울에서 가장 가까우면서도 저렴한 분양가의 한강신도시에 수요자들의 관심이 쏠리고 있다. 특히 현대성우오스타는 분양가 10%할인으로 평당 850만원대에 2012년 5월 입주시까지 추가 비용이 전혀 없고 계약후 전매도 가능해서 내 집 마련 주택임대사업에 관심을 갖고 있는 수요자라면 두마리 토끼를 잡는 격이 될 전망이다. 선착순 동 호수 지정계약 진행으로 분양권 확보를 위해서는 미리 신청 접수 하고 방문 하는 것이 유리 하다.,https://news.naver.com/main/read.nhn?mode=LSD&mid=shm&sid1=260&oid=016&aid=0000386787,284
261632,2011.06.15. 오전 11:35,부동산,파이낸셜뉴스,4대강 유지보수 예산 당초보다 10배 증가한 2400억원 투입,올해 공사가 마무리되는 4대강의 보 생태공원 자전거길 등의 체계적인 유지관리를 위한 예산이 당초보다 10배가량 늘어 2400억원이 투입된다. 또 관리주체를 놓고 논란이 됐던 4대강 본류의 다기능 보와 홍수조절지 관리는 한국수자원공사가 맡는다. 국토해양부는 이같은 내용의 4대강 하천유지관리방안을 확정해 최근 이명박 대통령에게 보고했다고 15일 밝혔다. 국토부는 4대강 공사가 끝나는 내년부터 한강 낙동강 등 4대강살리기 사업구간 1956㎞ 을 포함한 국가하천 61개소 2979㎞의 유지보수를 위해 연 2400억원을 투입하기로 했다. 이는 그동안 지자체가 투입한 국가하천 유지보수비가 연 250억원 안팎인 것을 감안할때 10배 가까이 늘어난 것이다. 이는 4대강살리기 사업으로 보 둔치 생태공원 등 종전보다 관리범위가 넓어지면서 유지보수비도 증가했기 때문이다. 국토부는 이와함께 그동안 지자체에 일임해왔던 국가하천의 유지보수 업무 가운데 4대강 본류의 보 제방 준설 등 중요한 하천시설과 구간은 국가가 직접 수행하거나 수공에 위탁하는 등 역할을 분담하기로 했다. 이에따라 국토부는 앞으로 댐 보 저수지간의 연계운영 계획 등 4대강의 유지관리계획수립을 총괄하고 4대강 내 둑 제방 저수로 등 중요시설물을 관리하게 된다. 또 논란이 됐던 4대강 본류의 16개 다기능 보와 2개 홍수조절지 문화관 등 관리는 수공이 책임진다. 지자체는 태화강 만경강 등 4대강 이외 국가하천 유지보수와 4대강 구간의 둔치 자전거도로 생태공원 습지 등 친수시설 관리를 맡게 된다. 국토부는 현재 수공이 댐 관리만 가능한 점을 고려해 보 관리가 가능하도록 6월 국회에서 하천법을 개정할 방침이다. 4대강 사업이후 유지보수비도 상당수 국고에서 지원된다. 국토부는 둑 저수로 등 시설물관리와 수공의 보 홍수조절지 관리에 1000억원의 국가 예산을 투입하고 나머지 1400억원은 지자체가 수행하는 4대강 친수시설 및 4대강 외 국가하천 유지보수에 배정하되 국가와 지자체가 나눠서 부담하기로 했다. 지자체는 하천점유료와 골재채취료 둔치의 주차장 체육시설 임대 등 친수시설 수익사업 등을 통해 유지보수 비용을 충당하게 된다. 국토부는 조만간 기획재정부와 협의해 국고지원 금액을 최종 확인한 후 다음 국회에 예산심의를 요청할 방침이다.,https://news.naver.com/main/read.nhn?mode=LSD&mid=shm&sid1=260&oid=014&aid=0002457155,284
261633,2011.06.15. 오전 11:34,부동산,이데일리,아주산업 만원의 행복 나눔경영 실천,투병중인 레미콘 운반기사 가족에 성금전달 이데일리 이진철 기자 아주그룹 건자재 계열사인 아주산업이 나눔경영을 실천하고 있다. 아주산업은 힘겨운 투병생활을 이어가고 있는 레미콘 운반기사 가족을 찾아 환우의 빠른 쾌유를 기원하며 성금 500만원을 전달했다고 15일 밝혔다. 이번 성금은 아주산업 전 임직원들이 매월 급여에서 1만원씩을 모금하는 일명 만원의 행복 기금으로 마련된 것이다. 만원의 행복 기금은 2007년부터 4년여간 이어온 아주산업의 대표적인 나눔 활동으로 매달 임직원들이 받는 월급에서 1만원의 금액을 적립해 임직원들의 뜻을 모아 불우이웃 돕기 등에 사용된다. 이날 성금을 전달 받은 병점사업소 이수욱 레미콘 기사는 올해 2월 뇌출혈 수술 후 의식 불명상태로 투병 중인 아내를 위해 레미콘 운반업무와 간호활동을 병행하는 힘든 상황 속에서도 웃음을 잃지 않고 주위 동료들에게 귀감이 되는 성실한 모습을 보여왔다고 아주그룹 측은 전했다. 주흥남 아주산업 사장은 성금이 투병생활에서 힘겹게 병마와 싸우고 있는 이수욱 기사 가족 분들에게 조금이나마 힘과 위로가 되길 바란다 고 말했다. 주흥남 아주산업 사장 왼쪽에서 두번째 이 이수욱 레미콘 기사 세번째 에게 투병 중인 환우의 빠른 쾌유를 기원하며 아주산업 전 임직원들의 뜻을 모아 성금 500만원을 전달하고 있다.,https://news.naver.com/main/read.nhn?mode=LSD&mid=shm&sid1=260&oid=018&aid=0002452803,284
261634,2011.06.15. 오전 11:33,부동산,아시아경제,화성산업 대곡역 화성파크드림 With 단지내 상가 분양,대곡역 화성파크드림 With 조감도. 아시아경제 문소정 기자 화성산업 대표이사 이홍중 은 대구광역시 달서구 대곡동에 위치한 대곡역 화성파크드림 With 359가구 단지 내 상가를 분양한다. 대곡역 화성파크드림 With 단지내 상가는 지상 2층 규모로 지상 1층 15개 점포 2층 6개 점포로 전체 21개 점포로 구성돼 있다. 대곡역과 인접하고 월배로 대로변에 위치한 스트리트형 길거리상가다. 입찰등록은 오는 22일부터 23일 오후 3시까지 받아 23일 오후 3시에 내정가공개 경쟁입찰을 할 계획이다. 입찰보증금은 점포별 500만원이다. 분양 관계자는 단지내 고정고객뿐 아니라 배후에 약 8500여 가구의 대단지 아파트가 밀집해 있어 주거를 기반으로 한 상권형성이 매우 용이하다 며 점포구획도 다양한 업종이 입점하는데 편리하도록 구성했으며 여러 개의 점포를 분양받아 하나로 통합 대형점포를 구성할 수 있다는 장점이 있다 고 전했다. 한편 지난해 선보였던 대곡역 화성파크드림 With 아파트는 전 가구 3순위 청약을 마감했으며 현재 분양률은 100%다.,https://news.naver.com/main/read.nhn?mode=LSD&mid=shm&sid1=260&oid=277&aid=0002623501,284
261635,2011.06.15. 오전 11:33,부동산,서울경제,5월 아파트 거래량 13% 급감,DTI 규제 부활 등 여파로 강남 3구 21.6%나 줄어 지방은 올 들어 첫 감소 전국 아파트 거래량이 총부채상환비율 DTI 규제 여파 등으로 두 달 연속 감소했다. 지방은 올해 들어 거래량이 처음으로 줄어든 것으로 나타났다. 15일 국토해양부가 발표한 5월 아파트 실거래가 자료에 따르면 전국 아파트 거래 건수는 4만8 077건으로 전달보다 7 509건 13.5% 급감했다. 지난 4월에 이어 두 달 연속 감소세다. 전국 아파트 거래량이 두 달 연속 감소한 것은 3ㆍ22대책 으로 DTI 규제가 4월부터 다시 시작되면서 주택 구매심리가 위축됐기 때문인 것으로 분석된다. 여기다 주택경기 침체 계절적 비수기 등이 영향을 미쳤다. 5월 신고자료에는 3월 계약분 9 600여건 4월 계약분 2만3 600여건 5월 계약분 1만4 800여건이 포함돼 있다. 지역별로는 서울 3 805건 수도권 1만5 080건으로 전월 대비 각각 20% 15.9% 감소했다. 서울ㆍ수도권은 DTI가 부활된 4월에 이어 두 달 연속 감소했다. 특히 강남 3구의 아파트는 5월 거래량이 전월 대비 21.6% 줄어든 575건에 불과했다. 지방 광역시 제외 은 12.3% 감소한 3만2 997건을 기록했다. 지방의 거래량이 감소한 것은 올해 들어 처음이다. 16개 시도 중에서는 최근 국제과학비즈니스벨트ㆍ세종시 등 개발 호재가 있는 충남도 4 080건 만 유일하게 899건 28% 증가했고 나머지 15개 시도는 모두 감소했다. 실거래가도 전반적으로 약세를 보이고 있다. 서울 강남구 대치동 은마아파트 전용 77㎡는 4월 최고 9억6 500만원까지 거래됐지만 5월에는 최고가가 9억2 600만원으로 떨어졌다. 서울 서초구 반포동 AID차관 전용 73㎡는 전월 대비 2 000만 4 000만원가량 내린 12억1 000만 12억3 000만원에 거래됐다. 서울 도봉구 한신아파트 전용 85㎡는 4월에 2억9 000만 3억1 000만원에 팔렸으나 5월에는 최고 5 000만원 떨어진 2억6 000만원에 거래됐다.,https://news.naver.com/main/read.nhn?mode=LSD&mid=shm&sid1=260&oid=011&aid=0002160071,284
261636,2011.06.15. 오전 11:30,부동산,연합뉴스,5월 아파트 거래량 전월대비 13.5% 감소종합,사진은 부산 수영구와 해운대구의 아파트촌과 단독주택 모습 자료사진 지방 3만2천여건..올해 들어 첫 감소 5.1대책 효과 없어..일반아파트도 실거래가 하락 서울 연합뉴스 서미숙 기자 지난달 전국의 아파트 거래량이 전월에 비해 눈에 띄게 감소했다. 서울ㆍ수도권의 거래량은 두달 째 줄었고 지방 중소도시의 아파트도 올해 들어 처음 감소했다. 정부가 지난달 1일 내놓은 5.1 주택공급 활성화 방안 에도 불구하고 지난 4월 부활된 총부채상환비율 DTI 과 주택경기 침체 비수기 등이 거래 감소에 영향을 미친 것으로 보인다. 국토해양부는 지난달 신고된 전국의 아파트 실거래 건수는 총 4만8천77건으로 전월 5만5천586건 대비 13.5% 7천509건 감소했다고 15일 밝혔다. 5월 실거래건수는 신고기간 계약일로부터 60일 이내 에 따른 시차로 3월 계약분 9천600여건 4월 계약분 2만3천600여건 5월 계약분 1만4천800여건이 포함됐다. 지역별로는 서울 3천805건 수도권 1만5천80건으로 전월 대비 각각 20% 15.9% 감소했다. 서울 수도권은 DTI가 부활된 지난 4월에 이어 두달 연속 감소했다. 특히 강남 3구의 아파트는 지난달 신고건수가 전월대비 21.6% 줄어든 575건에 불과했다. 강남구 개포동의 한 중개업소 대표는 5.1대책에도 불구하고 전세만 움직일 뿐 매매 거래는 거의 없다 고 말했다. 다만 지난 5.1대책에서 서울 과천 5대 신도시의 1주택자 양도세 비과세 2년 거주요건 폐지로 분당 일산 등 수도권 5개 신도시의 거래량이 4월 1천588건에서 5월에는 1천684건으로 소폭 증가했다. 지방 광역시 제외 은 12.3% 감소한 3만2천997건을 기록했다. 지방의 거래량이 감소한 것은 올해 들어 처음이다. 16개 시ㆍ도 중에서는 최근 국제과학비즈니스벨트 세종시 등 개발호재가 있는 충남도 4천80건 만 유일하게 28% 899건 증가했고 나머지 15개 시ㆍ도는 모두 감소했다. 실거래가는 재건축에 이어 일반아파트도 약세를 보이고 있다. 서울 강남구 대치동 은마아파트 전용 77㎡는 지난 4월 최고 9억6천500만원까지 팔렸으나 5월에는 최고가가 9억2천600만원으로 떨어졌고 서울 서초구 반포동 AID차관 전용 73㎡는 전월 대비 2천만 4천만원가량 내린 12억1천만 12억3천만원에 거래됐다. 서울 도봉구 한신아파트 전용 85㎡는 4월에 2억9천만 3억1천만원에 팔렸으나 5월에는 최고 5천만원 떨어진 2억6천만원에 거래됐다.,https://news.naver.com/main/read.nhn?mode=LSD&mid=shm&sid1=260&oid=001&aid=0005113622,284
261637,2011.06.15. 오전 11:30,부동산,헤럴드경제,건설공제조합 경영전략 확정,송용찬 사진 건설공제조합 이사장은 오는 2020년 종합 건설 금융기관으로 도약하기 위해 지난 14일 운영위원회를 개최 중장기 발전 방안인 ‘2020 경영 전략’을 확정했다. 2020 경영 전략은 향후 10년간 조합을 둘러싼 경영 환경 변화에 대응하고 국내 최고의 건설 보증기관으로서 경쟁력과 신성장동력을 확보하기 위한 발전 방안이다.,https://news.naver.com/main/read.nhn?mode=LSD&mid=shm&sid1=260&oid=016&aid=0000386762,284
261638,2011.06.15. 오전 11:29,부동산,한국경제TV,가락시장 현대화 1단계 착공,서울 송파구에 있는 가락동 농수산물도매시장이 오는 2018년까지 친환경·최첨단 시장으로 새롭게 단장됩니다. 서울시는 3단계로 진행될 가락시장 현대화 1단계 사업을 16일부터 시작한다고 밝혔습니다. 지난 1985년에 건설된 가락시장은 현대화 사업이 마무리되면 건물 총 면적이 기존 시설보다 2배 정도 늘어납니다. 내년에 완공될 1단계 사업은 송파대로변 부지에 최고 18층 높이의 건물 7개 동을 건립하는 내용을 담고 있습니다.,https://news.naver.com/main/read.nhn?mode=LSD&mid=shm&sid1=260&oid=004&aid=0002082263,284
261639,2011.06.15. 오전 11:28,부동산,한국경제TV,신정뉴타운 아파트 2천297가구 건립,서울 양천구 신정동 신정뉴타운 지구에 최고 22층 높이의 아파트 2천297가구가 오는 2019년까지 들어섭니다. 서울시는 신정재정비촉진지구 내 존치관리구역을 신정 1 5 1 6 재정비촉진구역으로 변경하는 안을 16일부터 공람한다고 밝혔습니다. 변경안에 따르면 신정동 1 5구역에는 아파트 16개동 1천459가구를. 1 6구역에는 11개동 838가구를 건립합니다. 전용면적 85㎡ 이하의 중소형 주택이 2천91가구로 전체 가구의 91%를 60㎡ 이하 소형주택이 54.8%를 차지할 만큼 중소형 주택 위주로 공급됩니다.,https://news.naver.com/main/read.nhn?mode=LSD&mid=shm&sid1=260&oid=004&aid=0002082262,284
261640,2011.06.15. 오전 11:23,부동산,연합뉴스,경실련 분양가 상한제 폐지 반대,상한제 폐지 논의 중단 의견서 국회에 제출 서울 연합뉴스 김동호 기자 경제정의실천시민연합은 15일 오전 여야가 진행중인 분양가 상한제 폐지 논의를 중단할 것 등을 요구하는 의견서를 국회 국토해양위원회에 제출했다고 밝혔다. 경실련은 의견서에서 제도가 도입된지 3년에 불과한 데 지금 수도권 민간택지에는 상한제 아파트가 거의 공급도 되지 않았다 며 상한제 폐지는 과거 자율화 조치 시절로 돌아가 수천조원에 달하는 부동산 거품 을 떠받치겠다는 것 이라고 주장했다. 경실련은 상한제 폐지로 공급이 확대되고 집값이 안정될 것이라는 건설업계의 주장에 대해 업계의 자금난을 바가지 분양 을 통해 소비자에게 전가하겠다는 발상이다. 참여정부시절 주택 250만호 주택이 공급됐지만 집값은 오히려 올랐다 고 반박했다. 경실련은 건설사를 위한 선분양 특혜제도가 유지되는 한 상한제는 엄격히 시행해야 하고 분양가 자율화를 도입하려면 후분양제 실시가 우선돼야 한다 고 지적했다. 경실련은 이어 국회는 상한제 폐지논의를 즉각 중단하고 반값아파트 확대 기본형 건축비 정상화 후분양제 시행 등 소비자를 위한 집값 안정책을 마련해 거품을 제거하고 주택 제도를 개선해야 한다 고 요구했다.,https://news.naver.com/main/read.nhn?mode=LSD&mid=shm&sid1=260&oid=001&aid=0005113598,284
261641,2011.06.15. 오전 11:20,부동산,동아일보,부산 장전동 온천장역 바로 옆에 현대성우오스타 오피스텔,동아닷컴 극심한 오피스텔 공급 가뭄을 겪던 부산 온천장역 역세권에 모처럼 새 오피스텔 분양의 단비가 내린다. 성우종합건설은 부산 금정구 장전동 지하철 1호선 온천장역 인근에 현대성우오스타 오피스텔을 6워23일 견본주택을 열며 분양을 시작한다. 온천장역 현대성우오스타는 지하 2층 지상 22층 1개동 규모다. 여기에 전용면적 기준 50 52㎡ 324실 53㎡ 2실의 오피스텔이 들어설 예정이다. 온천장역 현대성우오스타 오피스텔은 견본주택 개관에 앞서 6월 17일 20일까지 청약접수를 받고 당첨자 발표는 6월 22일 계약은 6월 23일 24일 양일간 진행된다. 요즘 몸값이 치솟고 있는 소형 아파트 대체 주거공간으로 수요자들의 인기가 높은 소형 오피스텔만으로 구성된 게 특징이다. 이 오피스텔이 위치한 온천장역 일대는 부산에서도 입지여건이 뛰어나기로 정평이 나있는 곳이다. 온천장역이 걸어서 3분 거리다.,https://news.naver.com/main/read.nhn?mode=LSD&mid=shm&sid1=260&oid=020&aid=0002251577,284
261642,2011.06.15. 오전 11:18,부동산,아시아경제,신정 뉴타운 중소형 아파트 2297가구 공급,서울 신정 뉴타운지구 1구역 전경사진. 아시아경제 정선은 기자 서울 신정뉴타운에 중소형 아파트 90%를 포함한 2297가구가 들어선다. 서울시는 양천구 신정뉴타운지구 내 신정 6·7존치관리구역을 신정 1 5 1 6 재정비촉진구역으로 변경하는 재정비촉진계획변경 안 이 6월16일부터 30일까지 14일간 공람할 예정이라고 15일 밝혔다. 이에 따라 사업지인 양천구 신정동 160 일대에 2019년까지 지상 5 22층 규모의 아파트 2297가구가 지어진다. 세부적으로 1 5구역은 용적률 234.03%를 적용받아 16개동 1459가구 1 6구역은 용적률 219.54%로 11개동 838가구가 각각 건립된다. 특히 전용면적 60㎡ 이하 소형주택이 1259가구로 전체 54.8%이다. 이중 500가구는 재개발임대주택으로 들어선다. 또한 전용면적 85㎡이하 중소형주택이 전체 건립 가구수의 91.0%인 2091가구로 원주민 재정착을 유도할 방침이다. 신정재정비촉진지구는 영등포 부도심과 가깝고 간선도로인 남부순환로 신월로 등에 접하고 있다. 지하철 2· 5호선이 가깝게 입지해서 교통여건이 양호한 지역이다.,https://news.naver.com/main/read.nhn?mode=LSD&mid=shm&sid1=260&oid=277&aid=0002623483,284
261643,2011.06.15. 오전 11:17,부동산,이데일리,영등포구 대림중학교 인근에 아파트 813가구 건립,이데일리 이지현 기자 서울 영등포구 신길로변 대림중학교 인근에 아파트 813가구가 들어선다. 서울시는 지난 14일 건축위원회에서 영등포구 대림동 917 49번지 대림3주택재건축정비사업 계획안을 조건부로 통과시켰다고 15일 밝혔다. 계획안에 따르면 대림3구역에는 용적률 349%가 적용돼 지하3층 지상21층 규모 13개동 813가구가 건립된다. 전용면적별로는 59㎡ 213가구 84㎡ 564가구 123㎡ 36가구로 구성된다. 대림3구역은 신길로와 공단로가 접해 있으며 주변에 신대림초등학교 대림중학교 강남성심병원 등이 위치해 있다. 이날 건축위원회는 동대문구 용두동 10 3번지 청량리1재정비촉진구역 도시환경정비사업 계획안도 통과시켰다. 이에 따라 청량리1구역에는 지하 5층 지상 24층 규모의 오피스텔 및 근린생활시설이 들어서게 된다. 지상 1 2층에는 근린생활시설 지상3 6층에는 업무시설 오피스 지상7 24층에는 오피스텔 243실이 각각 공급된다. 연내 착공에 들어가 2013년 상반기 완공예정이다.,https://news.naver.com/main/read.nhn?mode=LSD&mid=shm&sid1=260&oid=018&aid=0002452788,284
261644,2011.06.15. 오전 11:16,부동산,이데일리,가락동 농수산물시장 시설현대화사업 첫삽,1단계 지하3층·지상18층 건물착공 3단계로 나눠 순환개발 진행.. 2018년 완료 이데일리 이진철 기자 서울 송파구 가락동 농수산물도매시장이 친환경·최첨단 시장으로 탈바꿈하기 위한 첫 삽을 뜬다. 서울시는 1985년에 지어져 노후화된 가락동 농수산물도매시장 가락시장 의 시설현대화사업의 1단계 사업 착공식을 오는 16일 개최한다고 15일 밝혔다. 가락시장 시설현대화사업은 오는 2018년까지 3단계로 나눠 순환개발방식으로 진행된다. 현재 가락시장은 5000여개 유통업체가 영업중이며 하루 이용객은 13만명 출입차량은 6만7000대에 달한다. 하루 평균 8000톤의 농산물이 거래되며 이는 서울시민이 먹는 농수산물의 절반 정도를 차지한다. 1단계 사업은 현재 설계가 완료돼 2013년 완공될 예정으로 송파대로변 5만4828㎡ 부지에 지하 3층 지상 18층 규모로 지어진다. 여기엔 소매동 업무지원동 편의시설동 등이 들어서 그동안 도매시장내 혼재됐던 소매기능을 완전히 분리하게 된다. 판매동 소매동 에는 시장 소매기능을 집적화하고 편의시설에는 운동시설 요리교실 의료시설 등 지역주민이 함께 이용할 수 있는 시설이 입주한다. 또 업무동에는 유통 관련 교육연구시설 농어민단체 사무실 보육시설 컨벤션센터 전시홍보실 센터내에서는 언제 어디서든 무선으로 물류를 처리할 수 있는 u 마켓 구현을 위한 시장통합운영센터 등이 들어선다. 서울시는 유비쿼터스 기술이 적용된 u 마켓이 실현되면 농촌과 도매시장간 전자문서 교환시스템 EDI 에 의해 출하예약 시스템이 구축돼 생산자는 출하에 가장 유리한 시기와 시장을 선택할 수 있다 면서 도매시장에서는 물량 조절이 가능해져 급격한 가격의 등락을 막을 수 있게 된다 고 설명했다. 2단계 사업은 2011년부터 2015년까지 수산동 청과시장3동 축산동을 건립하고 3단계사업은 2013년부터 2018년까지 청과1 청과2동 환경동 집배송센터 등 도매시설을 건설한다. 2·3단계사업은 주요도매시설을 U자형으로 배치해 교통 동선을 단순화하고 물류시설을 지하에 배치해 물류효율 개선은 물론 쾌적한 시장 만들기에 중점을 둘 계획이다. 가락시장은 시장의 지붕공간을 시장 유통인 및 시민들을 위한 녹지공간으로 조성하고 자전거도로 커뮤니티광장 시민체육시설 등각종편의시설을 제공하는 공원으로 만들 예정이다. 여기엔 아이들과 시민들이 직접 농업을 체험할 수 있는 도시농업체험장도 조성한다. 또한 주요 시장 건축자재를 모두 친환경자재로 사용하고 에너지 손실 최소화를 위한 새로운 시스템을 도입한다. 농수산 폐기물을 재활용에너지로 전환하고 태양광 지열과 같은 신재생에너지를 활용할 계획이다. 오세훈 서울시장은 가락동 농수산물도매시장은 유통 문화 자연이 어우러진 시민이 즐겨 찾는 친환경 공간이자 유비쿼터스 기술을 활용한 최첨단 미래 도매시장의 모델을 제시하게 될 것 이라고 말했다.,https://news.naver.com/main/read.nhn?mode=LSD&mid=shm&sid1=260&oid=018&aid=0002452787,284
261645,2011.06.15. 오전 11:16,부동산,이데일리,신정뉴타운 중소형 아파트촌으로 개발,신정6·7존치구역 재정비촉진구역으로 변경 2019년까지 총 2297가구 공급.. 중소형 91% 차지 이데일리 이진철 기자 서울 양천구 신정뉴타운의 노후 단독주택지가 재개발사업을 통해 오는 2019년에는 중소형 아파트촌으로 변모할 전망이다. 서울시는 양천구 신정재정비촉진지구내 신정6·7존치관리구역을 신정1 5·1 6재정비촉진구역 으로 변경하는 재정비촉진계획변경안에 대해 오는 30일까지 공람을 진행한다고 밝혔다. 신정재정비촉진변경 계획안에 따르면 신정1 5구역에는 용적률 234.03%가 적용돼 지상 8 22층 아파트 16개동 1459가구 임대주택 288가구 포함 신정1 6구역에는 용적률 219.54%가 적용돼 지상 5 18층 아파트 11개동 838가구 임대주택 212가구 포함 가 각각 2019년까지 건립된다. 신정1 5·1 6구역에 들어서는 아파트 2297가구에는 임대주택 전용면적 60㎡ 이하 소형주택이 전체 건립가구수의 54.8%인 1259가구가 들어서며 이중 500가구는 재개발임대주택으로 건립된다. 또 전용면적 85㎡이하의 중소형주택이 2091가구로 전체 건립 가구수의 91.0%를 차지한다. 서울시는 신정1 5·1 6구역에 중소형주택들이 비교적 많이 건립되는 것은 급격히 1 2인 가구가 늘어나는 현상과 부담이 적은 중소형주택을 선호하는 경향때문 이라고 설명했다. 신정 1 5구역에는 해누리문화센터를 배치해 대형옥외공간을 제공 지역내 청소년들에게 다양한 문화 이벤트를 유발할 수 있도록 계획했다. 계남근린공원과 연접한 신정1 6구역은 경관녹지 및 공원을 배치하고 공공보행통로를 계획해 근린공원과의 연계성을 강화했다. 특히 신정1 6구역의 문화가로변은 커뮤니티 활성화축으로 조성하기 위해 5 12층 높이의 연도형 아파트를 배치 스카이라인이 아름다운 단지로 조성할 계획이다. 신정재정비촉진지구는 영등포 부도심과 가깝고 간선도로인 남부순환로 신월로 등에 접하고 있으며 지하철 2호선 신정네거리역이 통과하고 있어 대중교통 이용이 양호하다. 임계호 서울시 주거정비기획관은 신정 1 5·1 6구역의 촉진계획은 존치된 대성유니드 일진아이윌 신일해피트리 아파트 등 3개 단지 420가구의 아파트와도 조화를 이루도록 계획됐다 고 밝혔다.,https://news.naver.com/main/read.nhn?mode=LSD&mid=shm&sid1=260&oid=018&aid=0002452786,284
261646,2011.06.15. 오전 11:16,부동산,헤럴드POP,소형주택 노원구에 가장 많고 초대형 아파트는 강남3구에 집중,서울에서 소형주택이 가장 많은 지역은 노원구인 것으로 나타났다. 15일 부동산포털 닥터아파트에 따르면 서울시내 25개구의 가구 수를 주택형별로 분석한 결과 공급면적 99㎡ 이하 소형주택은 노원구에 실수요층이 두터운 중소형아파트는 강남권에 가장 많은 것으로 나타났다. 노원구에는 65㎡ 이하 10평대 초소형아파트가 2만7367가구 24.4% 66 99㎡ 20평대 소형아파트가 5만9414가구 15.9% 집중돼 서울시에서가장 많았다. 노원구에 이어 초소형아파트가 많은 지역은 강남구 1만8311가구 강동구 1만2258가구 송파구 1만1679가구 순이었다. 또 소형아파트는 양천구 2만7139가구 구로구 2만3313가구 도봉구 2만719가구 등에도 많았다. 실수요자들의 관심이 가장 높은 100 132㎡ 30평대 중소형아파트는 강남권에 주로 분포됐다. 중소형이 가장 많은 지역은 송파구로 4만7803가구였고 강남구가 3만8808가구로 뒤를 이었다. 3위는 초소형ㆍ소형에 이어 중형에서도 높은 분포도를 보인 노원구 3만7317가구 에 돌아갔다. 송파구는 133 165㎡ 40평대 중대형아파트 밀집도에서도 1만6135가구로 1위를 차지했다. 그밖에는 강남구 서초구 성북구 등에 중대형이 많았다. 166 195㎡ 50평대 대형과 196㎡ 이상 60평대 이상 초대형아파트 부문에서는 강남ㆍ서초ㆍ송파구 등 강남3구가 압도적인 우위를 보였다. 대형아파트는 강남구 9714가구 서초구 7220가구 송파구 6400가구 순으로 많았으며 3위인 송파구와 4위 영등포구 3096가구 는 차이가 2배 이상 났다. 초대형 부문에서도 서초구 강남구 송파구가 1 3위를 차지했다. 이영진 닥터아파트 리서치연구소장은 “신혼부부나 저렴한 집을 찾는 수요자라면 전체 아파트의 90% 이상이 20평 이하인 노원구를 자금여력이 있다면 중대형아파트가 폭넓게 분포된 강남권을 눈여겨보라”고 조언했다.,https://news.naver.com/main/read.nhn?mode=LSD&mid=shm&sid1=260&oid=112&aid=0002203247,284
261647,2011.06.15. 오전 11:16,부동산,헤럴드POP,건설단체 16일 권도엽 국토부 장관 조찬에서 ‘분양가상한제 폐지’ 강력요청. 국회에는 탄원서 제출,건설업계가 6월 임시국회에서 분양가 상한제 폐지를 위해 국회에 탄원서를 제출했다. 건설단체들은 이어 16일 오전 7시 30분 서울 논현동 임페리얼팰리스호텔에서 권도엽 신임 국토부 장관과 간담회를 갖고 분양가상한제 폐지를 포함한 각종 규제 완화 방안을 건의할 방침이다. 건설단체 모임인 대한건설단체총연합회 건단련 는 전국의 주택 관련 건설업체 5천445개사의 서명을 받아 분양가상한제 폐지를요청하는 내용의 탄원서를 국회 국토해양위원회와 각 정당 정책위의장 앞으로 보냈다고 15일 밝혔다. 건단련은 탄원서에서 “건설산업의 회생을 위해선 단기적인 대책보다 주택경기 침체의 주요 원인으로 작용하는 상한제의 폐지가 시급하다”며 “6월 임시국회에서 상한제가 개선되지 않으면 건설업계는 벼랑 끝에 내몰릴 수밖에 없는 절박한 한계상황에 처할 것”이라고 호소했다. 건단련 주장으로는 2007년9월 상한제 시행 이후 연간 주택건설 물량은 38만가구로 이전 3년 평균치인 50만가구에 비해 24% 줄었다. 여기에 총부채상환비율 DTI 과 담보가치인정비율 LTV 규제 낙후된 건설금융 시스템 건설사들의 무분별한 사업 확장 등 악재가 겹치면서 상위 100대 건설사 중 27개사가 법정관리나 워크아웃에 들어가고 13개사가 대주단협약에 가입해야 했다. 건단련은 “상한제는 2007년 당시 급등하는 주택가격 안정을 위해 도입됐지만 지금처럼 주택시장이 극도로 침체된 상황에서는 도입 취지가 무색할뿐 아니라 서민경제에도 악영향을 끼친다”고 말했다. 그러면서 “상한제가 폐지되면 주택가격이 급등할 것이라는 우려도 일각에서 나오지만 주택보급률이 100%를 넘었고 인구가 줄고있어 폭등 위험은 없다”고 덧붙였다.,https://news.naver.com/main/read.nhn?mode=LSD&mid=shm&sid1=260&oid=112&aid=0002203241,284
261648,2011.06.15. 오전 11:15,부동산,연합뉴스,강남성심병원 인근에 아파트 813가구 건립,서울 연합뉴스 조성흠 기자 서울시는 14일 건축위원회를 열고 영등포구 대림동 917 49번지 일대 13만8천258㎡에 아파트 813가구를 짓는 내용의 대림3주택재건축정비사업 계획안을 통과시켰다고 15일 밝혔다. 이 곳에는 용적률 349%를 적용받아 최고 21층짜리 아파트 13개 동이 들어설 예정이다. 사업지는 신길로와 공단로에 접해 있으며 주변에 신대림초등학교 대림중학교 강남성심병원 등이 있다. 위원회는 또 동대문구 용두동 10 3번지 일대 1천512㎡에 24층짜리 오피스텔을 짓는 내용의 청량리1재정비촉진구역 도시환경정비사업 계획안을 의결했다. 청량리역 경동시장 동부청과시장 근처 왕산로에 접해 있는 이 곳에는 용적률 999%를 적용받아 근린생활시설과 사무실 오피스텔 243실 등이 조성된다. 공사는 연내 시작돼 2013년 상반기에 끝날 예정이다.,https://news.naver.com/main/read.nhn?mode=LSD&mid=shm&sid1=260&oid=001&aid=0005113565,284
261649,2011.06.15. 오전 11:15,부동산,파이낸셜뉴스,신정뉴타운 15 16구역에 아파트 2297가구 건립,노후주택 밀집지역인 서울 양천구 신정동 신정뉴타운 1 5구역과 1 6구역 일대 14만573㎡가 2297가구의 대단위 아파트단지로 탈바꿈한다. 서울시는 신정동 1195일대 신정6존치관리구역 8만8246㎡ 과 1160의36 일대 신정7존치관리구역 5만2327㎡ 을 각각 신정 1 5 및 1 6 재정비촉진구역으로 변경하는 안이 도시재정비위원회 자문을 통과함에 따라 오는 30일까지 주민공람을 실시한다고 15일 밝혔다. 재정비계획안에 따르면 1 5구역은 용적률 234.03%를 적용 지상 8∼22층 아파트 16개동 1459가구 임대 288가구 포함 1 6구역에는 용적률 219.54%가 적용돼 지상 5∼18층 아파트 11개동 838가구 임대 212가구 포함 가 각각 건립된다. 전체 2297가구 가운데 전용면적 60㎡ 이하 소형주택이 54.8%인 1259가구로 계획됐다.이 가운데 500가구는 임대주택으로 건설된다. 나아가 1∼2인가구의 급격한 증가 등을 감안해 전용면적 85㎡ 이하의 중소형주택이 전체 건립가구의 91%인 2091가구 60㎡이하 포함 로 배정됐다. 신정뉴타운은 수도권 남서부와 도심을 연결하는 교통의 요충지로 영등포 부도심과 가깝고 간선도로인 남부순환로·신월로 등에 접해 있다. 지하철2호선 신정네거리역과 5호선 신정역을 걸어서 이용할 수 있어 대중교통 여건도 양호하다. 주변에 온수자연공원 계남근린공원 용왕산근린공원 등이 자리잡고 있어 주거환경이 쾌적하며 신정3구역 등의 근린생활시설과 인근 목동의 기반 및 편의시설을 쉽게 이용할 수 있다.,https://news.naver.com/main/read.nhn?mode=LSD&mid=shm&sid1=260&oid=014&aid=0002457130,284
261650,2011.06.15. 오전 11:15,부동산,연합뉴스,신정뉴타운에 2019년까지 아파트 2천297가구,그래픽 신정뉴타운 1 5 1 6 재정비촉진구역 서울 연합뉴스 박영석 기자 서울시는 신정재정비촉진지구 내 신정 6 7 존치관리구역을 신정 1 5 1 6 재정비촉진구역으로 변경하는 재정비 촉진계획 변경안을 16일부터 공람한다고 15일 밝혔다. zeroground yna.co.kr yonhap graphics 트위터 서울 연합뉴스 박용주 기자 서울 양천구 신정동 신정뉴타운 지구에 5 22층 규모의 아파트 2천297가구가 2019년까지 들어선다. 서울시는 신정재정비촉진지구 내 신정 6 7 존치관리구역을 신정 1 5 1 6 재정비촉진구역으로 변경하는 재정비 촉진계획 변경안을 16일부터 공람한다고 15일 밝혔다. 변경안에 따르면 신정동 1195번지 일대 8만8천246㎡의 1 5구역에 지상 7 22층 평균 18층 아파트 16개 동 1천459가구를 신정동 1160 36번지 일대 5만2천327㎡의 1 6구역에 지상 5 18층 평균 15층 11개 동 838가구를 건립한다. 전용면적 85㎡ 이하의 중소형 주택이 2천091가구로 전체 건립 가구의 91.0%를 전용면적 60㎡ 이하 소형주택이 54.8%를 차지할 만큼 중소형 주택 위주로 공급된다. 건립 가구 중에는 재개발임대주택도 500가구 포함된다. 서울시는 서남 생활권의 주거 기능을 강화하되 자연 지형을 고려해 단지를 조성함으로써 사람·시설·자연이 조화를 이루는 친환경 주거 경관을 만들기로 했다. 근린공원과 연계성을 강화하고 인접한 부분에는 고층 아파트를 배제하며 촉진지구 전체를 가로지르는 해누리 문화의 거리 는 다양한 문화생활이 가능하도록 했다. 이 구역 공사는 내년 하반기 시작돼 2019년 완료될 예정이다.,https://news.naver.com/main/read.nhn?mode=LSD&mid=shm&sid1=260&oid=001&aid=0005113563,284
261651,2011.06.15. 오전 11:15,부동산,머니투데이,신정뉴타운내 아파트 2297가구 들어선다,머니투데이 김창익 기자 서울시 재정비촉진계획 변경안 16 30일 공람 ↑신정재정비촉진지구 위치도. 서울 양천구 신정동 신정뉴타운 지구내에 아파트 2297가구가 들어선다. 서울시는 양천구 신정재정비촉진지구 내 신정 6·7 존치관리구역을 신정 1 5 1 6 재정비촉진구역으로 변경하는 재정비촉진계획변경안을 16일부터 30일까지 공람한다고 15일 밝혔다. 전체 2297가구 중 임대주택 500가구를 포함해 전용면적 60㎡ 이하 소형주택이 1259 54.8% 를 85㎡ 이하 중소형 주택이 2091 91% 를 차지한다. 1 2인 가구 증가에 따른 중소형 선호도가 반영된 결과라고 서울시는 설명했다. 구역별로 보면 1 5구역의 경우 용적률 234.03%가 적용돼 지상 8 22층 아파트 16개동 1459가구가 들어선다. 이 중 임대주택이 288가구다. 신정1 6구역에는 용적률 219.54%가 적용돼 지상 5 18층 아파트 11개동 838가구가 건립된다. 이중 212가구가 임대주택이다. 2019년 완공 예정이다. 사업지는 영등포 부도심 목동과 가깝고 남부순환로와 신월로 등의 간선도로에 접근하기 쉽다. 지하철 2·5호선이 가까워 교통여건은 좋은 편. 주변에 온수자연공원 계남근린공원 용왕산근린공원 등이 있어 쾌적하다. 촉진지구 전체를 가로지르는 상징적 가로인 해누리 문화거리가 조성돼 연령대별로 다양한 문화생활의 기회를 누릴 수 있다. 임계호 서울시주거정비기획관은 “이번 신정 1 5 1 6구역의 촉진계획 수립은 신정재정비촉진지구의 중앙부 능선에 위치하여 뉴타운의 큰 골격을 이루는 문화가로와 순환녹도를 완성하는데 의의가 있다”고 말했다.,https://news.naver.com/main/read.nhn?mode=LSD&mid=shm&sid1=260&oid=008&aid=0002555689,284
261652,2011.06.15. 오전 11:15,부동산,머니투데이,대림3구역 아파트 813가구 들어선다,머니투데이 김창익 기자 ↑대림3 재건축 구역 위치도. 서울 영등포구 대림동 917 49번지 일대에 아파트 813가구가 들어선다. 서울시는 14일 건축위원회를 열고 대림3주택재건축정비사업 계획안을 통과시켰다고 15일 밝혔다. 이에 따라 사업지에 지하3 지상21층 13개동 총 813가구가 건립된다. 규모별로는 전용면적 기준으로 59㎡ 213가구 84㎡ 564가구 123㎡ 36가구 등이다. 신길로 25m 와 공단로 20m 에 접해있고 신대림초등학교·대림중학교·강남성심병원 등이 주변에 있다. 기존의 지형을 유지하여 사업지 주변과 어우러지는 지형순응형 배치와 공원과 공동주택 단지가 유기적으로 연계되도록 계획한 것이 특징이라고 서울시는 설명했다.,https://news.naver.com/main/read.nhn?mode=LSD&mid=shm&sid1=260&oid=008&aid=0002555688,284
261653,2011.06.15. 오전 11:15,부동산,아시아경제,가락시장 시설 현대화 1단계 내일 착공,아시아경제 이은정 기자 국내 최대 공영시장인 서울 가락동 농수산물도매시장 이하 가락시장 이 2018년 친환경·최첨단 시장으로 탈바꿈한다. 서울시는1985년에 지어져 노후화된 가락시장 시설 현대화사업을 2018년까지 3단계로 나눠 순환개발방식으로 진행키로 하고 16일 1단계 사업 착공식을 연다. 1단계 사업은 현재 설계가 완료돼 2013년 완공될 예정으로 송파대로변 5만4828㎡ 부지에 지하3층 지상18층 규모로 지어진다. 여기엔 소매동 판매동 업무지원동 편의시설동 등이 들어성다. 판매동 소매동 에는 시장 소매기능을 집적화하고 편의시설에는 운동시설 요리교실 의료시설 등 지역주민이 함께 이용할 수 있는 시설이 입주한다. 업무동에는 유통 관련 교육연구시설 농어민단체 사무실 보육시설 컨벤션센터 전시홍보실 U 마켓 구현을 위한 시장통합운영센터 등이 들어선다. 2단계사업은 2011년부터 2015년까지 수산동 청과시장3동 축산동을 건립하고 3단계사업은 2013년부터 2018년까지 청과1 청과2동 환경동 집배송센터 등 도매시설을 건설한다. 2·3단계사업은 주요도매시설을 U자형으로 배치해 교통 동선을 단순화하고 물류시설을 지하에 배치해 물류효율 개선은 물론 쾌적한 시장 만들기에 중점을 둘 계획이다. 오세훈 서울시장은 현대화된 가락시장은 유통 문화 자연이 어우러진 시민이 즐겨 찾는 친환경 공간이자 유비쿼터스 기술을 활용한 최첨단 미래 도매시장의 모델을 제시하게 될 것 이라고 말했다.,https://news.naver.com/main/read.nhn?mode=LSD&mid=shm&sid1=260&oid=277&aid=0002623482,284
261654,2011.06.15. 오전 11:15,부동산,아시아경제,동대문구 용두동 일대.. 24층 오피스텔 건립,아시아경제 문소정 기자 서울시 동대문구 용두동 10 3 일대에 24층 높이의 오피스텔이 들어설 전망이다. 서울시는 지난 14일 제18차 건축위원회를 개최해 청량리1재정비촉진구역 도시환경정비사업 계획안을 조건부로 통과시켰다고 15일 밝혔다. 청량리1재정비촉진구역 도시환경정비사업 대상지는 왕산로 35m 와 접해 있고 주변에 청량리역 경동시장 동부청과시장 등이 위치한다. 이번 심의를 통과한 계획안은 지상1 2층 근린생활시설 지상 3 6층 업무시설 사무소 지상 7 24층 업무시설 오피스텔 243실 로 구성돼 있으며 보행자 중심의 공개공지를 계획한 것이 특징으로 올해 착공해 2013년 상반기 완공 예정이다. 한편 같은 날 통과된 대림3주택재건축정비사업 계획안은 기존의 지형을 유지 사업지 주변과 어우러지는 지형순응형 배치 및 공원과 공동주택 단지가 유기적으로 연계되도록 했으며 공동주택 13개동 813가구가 지어진다.,https://news.naver.com/main/read.nhn?mode=LSD&mid=shm&sid1=260&oid=277&aid=0002623480,284
261655,2011.06.15. 오전 11:12,부동산,서울경제,신정 15·6구역 2297가구 건립,서울 양천구 신정동 신정뉴타운 내 신정1 5ㆍ1 6 재정비촉진구역에 지상 5 22층 규모의 아파트 총 2 297가구가 건립된다. 15일 서울시는 이 같은 내용의 신정재정비촉진지구 촉진계획변경안을 오는 30일까지 공람할 예정이라고 발표했다. 신정1 5구역에는 용적률 234.03%가 적용돼 8 22층 아파트 16개 동 1 459가구 임대 288가구 포함 가 신정1 6구역에는 용적률 219.54%가 적용돼 5 18층 아파트 11개 동 838가구 임대 212가구 포함 가 2019년까지 건립된다. 신정1 5ㆍ1 6구역에는 전용면적 60㎡ 이하 소형주택이 전체의 54.8%인 1 259가구가 들어서며 이 중 500가구는 재개발임대주택으로 지어진다. 또 85㎡ 이하 중소형 주택이 전체의 91.0%를 차지해 서민주거 안정과 원주민 재정착에 도움이 될 것으로 보인다. 신정뉴타운은 영등포 부도심과 가깝고 간선도로인 남부순환로 신월로 등에 접해 있으며 지하철 2ㆍ5호선이 인근에 입지해 교통여건이 양호하다. 또 온수자연공원ㆍ계남근린공원ㆍ용왕산근린공원 등과 가까워 주거환경도 쾌적하다. 신정1 5ㆍ1 6구역에는 문화가로축이 조성되고 순환녹도 계획을 통해 자연친화적 주거단지로 건립될 예정이다. 1 5구역에는 문화가로축의 핵심적인 해누리문화센터를 배치 지역 내 청소년들에게 다양한 문화 이벤트를 제공할 계획이다. 또 안전하고 쾌적한 보행 통학로 확보를 위해 단지 주보행동선과 연계된 공공보행통로를 설치할 방침이다. 1 6구역은 경관녹지 및 공원을 배치하고 근린공원에 인접한 부분에는 14 16층의 중층 타워형 주동을 배치해 통경축을 확보했다.,https://news.naver.com/main/read.nhn?mode=LSD&mid=shm&sid1=260&oid=011&aid=0002160065,284
261656,2011.06.15. 오전 11:11,부동산,헤럴드경제,동부건설 ‘영덕역 센트레빌’…최고 2.33대 1로 순위내 마감,동부건설은 용인 기흥구 영덕동에 분양하는 ‘영덕역 센트레빌’ 아파트 청약접수를 받은 결과 3순위 최고 2.33대1의 청약경쟁률을 기록하며 순위 내 분양을 마감했다고 15일 밝혔다. 금융결제원에 따르면 ‘영덕역 센트레빌’ 1 3순위 청약접수결과 233가구 모집에 382명이 신청해 평균 1.64대1의 청약경쟁률을 기록했다. 주택형별로는 84㎡가 총 156가구 모집에 249명이 청약해 1.60대1의 청약경쟁률을 보였다. 101㎡는 77가구 모집에 133명이 청약해 1.73대 1의 성적으로 청약접수를 마쳤다. 특히 13일 실시한 3순위 청약접수에서는 101㎡ A형 수도권 물량이 2.33대1을 기록하는 등 높은 인기를 보였다. 이 같은 ‘영덕역 센트레빌’의 청약 성적은 그동안 청약실적이 좋지 않았던 수도권 분양시장 상황을 감안하면 이례적인 결과다. 계약은 오는 22 24일 3일간 실시한다.,https://news.naver.com/main/read.nhn?mode=LSD&mid=shm&sid1=260&oid=016&aid=0000386725,284
261657,2011.06.15. 오전 11:11,부동산,헤럴드경제,성냥갑 아파트에 ‘전통 바람’ 솔솔,나무기둥·대청마루형 다실 사랑방·안마당 등도 조성 실내 인테리어 대세로 정착 높이 낮추고 기와지붕 얹고 최근엔 외관도 한옥풍으로 현대산업개발이 부산 명륜동에서 분양 중인 ‘명륜 I’PARK 총 1041가구 ’. 부산 유형문화재 제6호인 동래향교가 단지와 맞붙어있는 입지적 특수성을 감안 3개의 주동 住棟 층고를 7층으로 확 낮추고 옥상에 기와지붕을 얹도록 설계됐다. 1층 필로티 공간을 활용해 99㎡규모 다실 茶室 을 조성하고 단지 내 문고와 독서실 이름도 명륜당 및 동재ㆍ서재로 붙였다. 이 회사 관계자는 “인근에 충렬사 명륜공원 舊 동래사적공원 복천박물관 등 다양한 문화재와 사적이 위치하고 있어 한옥풍 단지로 특화했다”며 “외벽을 벽돌 황토색 등으로 마감해 한국적 정취를 물씬 풍기게 될 것”이라고 말했다. 지극히 서구화된 공간으로 꼽히는 콘크리트 성냥갑 아파트에 ‘전통’바람이 솔솔 불고 있다. 최근에는 실내 인테리어에 머물던 ‘한옥풍’ 디자인콘셉트가 아파트 외관까지 빠르게 확산되고 있는 추세다. 아파트 단지 전체의 기품과 정체성을 결정하는 ‘주요 차별화 포인트’로 떠오른 셈이다. 삼성물산이 최근 선보인 수원 ‘래미안 영통 마크원 총 1330가구 ’의 경우 세계 문화유산으로 등재돼 있는 화성을 테마로 대형 문주를 설계해 눈길을 끌었다. LH가 선보인 한옥형 아파트. 사랑방형 한실형 안마당형 다실형 등 4가지 타입으로 구성된 한옥형 주택 평면은 하남 감일지구 7블록에 우선적으로 시범적용된다. 이미 실내 인테리어는 전통미를 접목한 디자인이 큰 줄기로 자리잡은 모양새다. 대림산업은 서울 중구 신당동 용산구 신계동에 이어 경기도 의왕시 ‘내손ㆍ의왕e편한세상’ 등 주력 사업장에 이를 적극 응용하고 있다. 현관 앞에 전통문양을 가미한 중문 中門 이 설치되는가 하면 한지 느낌의 벽지 및 흙 마감재 등이 활용됐다. 심지어 벽 중간마다 한옥에서 볼 수 있는 나무 기둥을 넣기도 했다. 대림산업 관계자는 “한옥 경험이 있거나 전통적 정취에 향수를 느끼는 중장년층 소비자가 주요 타깃층”이라며 “생태학적 인테리어와 조화를 이루면서 정서적 안정감을 주고 어떤 가구와도 쉽게 조화를 이룰 수 있는 것도 강점”이라고 설명했다. 현대건설도 현재 시공 중인 인천 검단 힐스테이트 4차 일부세대에 전통미가 강조된 디자인을 적극 차용했다. 거실 한 쪽에 대청마루 형식의 다실 茶室 이 마련된다. LH는 한발 나아가 지난해 말 한옥구조를 녹여낸 주택평면까지 새롭게 개발했다. 발코니를 확장한 전용면적 84㎡를 기본으로 사랑방 한실 안마당 다실 등 총 4개 유형이다. 특히 안마당형은 약 10㎡ 정도의 미니마당을 집안 내부에 조성 장독대까지 놓을 수 있는 게 특징. 현관 입구 옆에 작은 방을 사랑방처럼 만들어 손님용 침실로 활용할 수 있는 타입도 소비자들의 이목을 사로잡았다. 김승배 피데스개발 사장은 “전통 요소의 현대적 재해석을 통해 고전미와 모던함이 어우러지면서 쉽게 질리지 않는 스타일이 재창조된다”며 “소득수준이 향상됨에 따라 이런 전통에 대한 자부심과 향수가 주거시장까지 스며들고 있는 셈”이라고 말했다.,https://news.naver.com/main/read.nhn?mode=LSD&mid=shm&sid1=260&oid=016&aid=0000386719,284
261658,2011.06.15. 오전 11:11,부동산,헤럴드경제,서울아파트 강북소형 강남대형 뚜렷,‘북소남대 北小南大 ’ 서울 25개 자치구의 아파트 면적별 분포에서 강북 노원구에 소형 아파트가 집중된 반면 서초ㆍ강남ㆍ송파구 등 강남권에는 중대형 아파트가 집중된 것으로 조사됐다. 이같은 결과는 노원구 상계동과 중계동 등지에 위치한 대규모 주공아파트 단지에 상대적으로 소형 아파트 비율이 높은 데 비해 강남권에는 재건축이 활발히 진행되며 상대적으로 중대형 아파트의 공급이 늘고 있기 때문으로 분석된다. 15일 부동산포털 닥터아파트가 6월현재 서울시 25개구의 주택형별 가구수를 분석해본 결과 ▷99㎡이하 10 20평형대 는 노원구 ▷100 165㎡ 30 40평형대 는 송파구 ▷166 195㎡ 50평형대 는 강남구 ▷196㎡이상 60평형대 이상 은 서초구가 가장 많은 것으로 조사됐다. 서울시 소재 65㎡이하 10평형대 초소형아파트는 총 11만2313가구로 이중 24.4%가 노원구 2만7367가구 에 집중돼 있는 것으로 나타났다. 66 99㎡ 20평형대 소형아파트 역시 노원구가 가장 많았다. 서울시 전체 소형아파트 37만3544가구 의 15.9% 5만9441가구 가 노원구에 분포해 있다. 실수요자들의 관심이 가장 높은 100 132㎡ 30평형대 중형 아파트는 강남권에 많이 분포돼 있다. 송파구가 4만7803가구로 가장 많았고 강남구 3만8808가구 가 뒤를 이었다. 166 195㎡ 대형아파트의 경우 강남구가 9714가구로 가장 많았고 서초구가 7220가구 송파구가 6400가구인 것으로 조사됐다.,https://news.naver.com/main/read.nhn?mode=LSD&mid=shm&sid1=260&oid=016&aid=0000386716,284
261659,2011.06.15. 오전 11:11,부동산,헤럴드경제,건설한국號 “막히면 돌아간다”…중동 대신 亞로,삼성물산·대우건설·경남기업 産團조성·호텔 등 잇단 수주 국내 건설업체들이 싱가포르 말레이시아 등 아시아시장에서 잇단 수주낭보를 전하고 있다. 중동 정세불안 여파로 플랜트 수주활동이 크게 위축되자 아시아로 빠르게 눈을 돌린 덕분이다. 매립공사에서 호텔 고속도로에 이르기까지 수주 공종도 크게 다각화되는 모양새다. 15일 건설업계에 따르면 삼성물산 건설부문은 최근 싱가포르 도시개발공사 JTC 가 발주한 해안지역 매립 공사 1억 5077만달러 를 따냈다. 이 프로젝트는 싱가포르 주롱섬 동남부 해안지역 30.8㏊를 매립해 산업단지로 조성하고 호안을 축조하는 공사로 매립 부지 면적이 잠실종합운동장의 43배에 달한다. 대우건설은 말레이시아의 수도 쿠알라룸푸르 반다라야 지구에 들어서는 6성급 호텔의 최종 시공사로 선정됐다. 현지 최초 6성급 호텔다. 지하 3층∼지상 48층 높이로 쿠알라룸푸르의 중앙역인 KL센트럴역 앞에 건립된다. 총 공사 금액은 1억 9000만 달러. 대우건설 관계자는 “쿠알라룸푸르를 방문하는 이들의 첫눈을 사로잡을 상징적인 건축물이 될 것”이라고 말했다. 경남기업도 워크아웃 졸업이후 첫 해외 수주실적을 아시아에서 올렸다. 이 회사는 최근 베트남 최대 규모의 도로건설사업인 하노이 하이퐁 고속도로 4공구 공사를 수주했다. 총 연장거리 105.5㎞ 중 15㎞구간 6차선 의 시공을 맡게 되며 공사금액은 1710억 원 규모다. 경남기업 관계자는 “베트남 개발은행 재원으로 추진되는데다 공사대금의 10%를 선수금으로 받을 예정이어서 사업 리스크가 적다”고 설명했다. 업계 한 전문가는 “상대적으로 아시아에서는 지하철 대형마트 호텔 등 건축과 토목 공종이 강세를 보이고 있다”며 “ 플랜트 등 산업설비보다 공사 수주금액이 저렴하지만 올해 상반기 중동 정세 불안으로 해외 수주가 급감하는 가운데 대안시장으로 역할을 톡톡히 하고 있다”고 말했다.,https://news.naver.com/main/read.nhn?mode=LSD&mid=shm&sid1=260&oid=016&aid=0000386715,284
261660,2011.06.15. 오전 11:11,부동산,헤럴드경제,한강밤섬자이 “4년전 분양가로 모십니다”,84㎡ 28가구 등 46가구 일부에선 한강조망 가능 GS건설이 한강변의 랜드마크로 주목받고 있는 ‘한강밤섬자이’ 전경사진 아파트를 4년전 분양가로 공급키로 해 실수요자들의 관심을 끌고 있다 한강밤섬자이는 서울 마포구 하중동 101번지 일대를 재건축한 아파트 단지로 지하2층∼지상25층 7개동에 전용면적 84∼168㎡ 중대형 평형의 총 488가구로 이뤄져 있다. 이 가운데 ▷ 84㎡ 28가구 ▷ 118㎡ 8가구 ▷ 132㎡ 10가구 등 총 46가구가 이번에 일반분양된다. 한강밤섬자이는 입주 2년차 아파트로 이미 지난 2007년에 전용면적 118 168㎡ 75가구를 일반분양해 최고 12.7대1의 경쟁률을 보이며 순위내 마감을 한 인기단지다. 이번에 공급하는 46가구는 2009년 4월 관련법 개정으로 임대분에서 일반분양분으로 전환된 물량이다. 이번에 일반분양되는 전용 84㎡형의 경우 3.3㎡당 평균가 1987만원으로 주변 시세와 비슷하게 책정됐다. 118㎡형과 132㎡형의 경우 3.3㎡당 2014 2053만원으로 4년 전 분양 당시 가격과 유사하거나 일부 세대는 오히려 낮게 책정돼 가격 경쟁력이 있다는 것이 회사측의 설명이다.,https://news.naver.com/main/read.nhn?mode=LSD&mid=shm&sid1=260&oid=016&aid=0000386713,284
261661,2011.06.15. 오전 11:11,부동산,헤럴드POP,아파트 거래실종...5월 서울 아파트 실거래량 전달대비 20% 감소,부동산 장기침체로 아파트 거래실종 사태가 장기화되고 있다. 국토해양부가 15일 공개한 ‘2011년 5월 신고분 아파트 실거래가 자료’에 따르면 이기간동안 전국 아파트 거래건수는 4만8077건으로 전달 5만5586건보다 13.5% 감소했다. 지난 4월 총부채상환비율 DTI 규제 부활 이후 두달 연속 주택거래량 감소와 가격 하락세가 지속되고 있다. 5개 신도시만 소폭 거래량이 늘었을 뿐 ‘5.1 주택거래 활성화방안’에도 전국적으로 주택거래가 회복세로 돌아서지 못하고 있다. 지역별로는 서울이 3805건으로 전월 4787건 대비 20.5% 감소했고 서울 강남3구 강남·서초·송파구 는 575건으로 전월 7344건 에 비해 21.7% 줄었다. 경기와 인천을 포함한 수도권은 1만5080건으로 전월 1만7940건 대비 15.9% 감소한 반면 5개 신도시는 전월 1588건 보다 6.0% 증가한 1684건을 기록 유일하게 거래량이 늘었다. 4월 아파트 실거래 건수가 증가했던 지방도 5월에는 3만2997건으로 전월 3만7646건 보다 12.3%나 감소했고 6대 광역시도 1만5101건으로 전월 1만7863건 대비 15.5%나 줄었다. 강남3구의 경우 지난해 말 9억원 초과 주택에 대한 취득·등록세 감면 혜택이 종료된 데다 DTI 규제 부활 등의 여파로 재건축 아파트 매수세가 위축되면서 아파트 거래량 감소세가 지속되고 있는 것으로 분석됐다. 특히 5.1주택거래 활성화대책에도 불구하고 아파트실거래가 회복세를 보이지 못하고 있어 정책 효과가 시장에 반영되지 못하고 있는 것으로 풀이됐다. 개별 아파트 실거래가 하락세도계속됐다. 이는 대치은마 개포주공1 가락시영1 서초 반포AID 등 주요 강남3구 재건축아파트들이 저가매물 위주로만 거래가 이뤄졌기 때문이다. 서울 강남구 대치동 은마아파트 전용 77㎡는 4월 최고가가 9억6500만원이었지만 5월에는 9억2600만원으로 4000여만원가량 떨어졌다. 강남구 개포동 개포주공1단지 전용 51㎡는 4월 9억5000만원에 거래되던 3층이 5월에는 9억4000만원에 팔렸다. 4월 실거래가가 12억5000만원이던 서초구 반포동 AID차관아파트 전용 73㎡ 4층은 지난달 12억1000만원에 팔려 4000만원이 떨어졌다. 송파구 가락동 가락시영 1단지 41㎡ 2층은 4월 5억1500만원에서 5월 5억원으로 1500만원 하락했다.,https://news.naver.com/main/read.nhn?mode=LSD&mid=shm&sid1=260&oid=112&aid=0002203232,284
261662,2011.06.15. 오전 11:10,부동산,헤럴드경제,올 입주 10년만에 최저…전세대란 예고,총 19만5천여가구로 급감 하반기 이주수요 2만가구 최근 강남권 전세 급상승 올해 전국 아파트 입주물량이 2000년래 사상 최저 수준으로 급감할 것으로 예상되면서 공급부족으로 인한 가을 전세대란 우려가 커지고 있다. 여기에다 올 하반기 서울 재개발ㆍ재건축 이주 수요만도 2만가구에 달할 전망이어서 주택 수급불균형은 한층 심화될 전망이다. 15일 부동산정보업체 부동산114와 한국건설산업연구원에 따르면 올들어 5월말 현재 전국의 아파트 입주물량은 모두 7만3579가구로 전년동기 12만1573가구 대비 39.5% 줄었다. 월별로는 1월 1만9717가구 2월 1만5526가구 3월 1만809가구 4월 9504가구로 점점 줄어들다 5월에는 1만8023가구로 반등했다. 경기도가 65.4% 급감해 하락세를 주도한 가운데 인천 237% 전남 56% 전북 24% 제주 324% 를 제외한 대다수 지역에서 두자릿수대 감소율을 기록했다. 6 12월 입주 예정 물량도 12만2255가구에 불과해 올 한해를 통틀어 총 19만5034가구가 새로 입주할 전망이다. 이는 지난해 29만7155가구의 65.6%로 2000년대 연평균 입주물량의 3분의 2 수준에 불과하다. 특히 다음달 신규 아파트 입주예정 물량은 1만4622가구로 최근 10년간 7월 입주물량 중 최저치를 기록할 것으로 예상된다. 건산연 허윤경 연구위원은 “연간 입주물량은 2000년대 들어 평균 30만가구를 유지해왔는데 20만가구도 못 미친 해는 1990년대 이후 거의 없었다”고 말했다. 주택공급은 40% 가까이 줄어든 반면 수요는 폭증할 것으로 전망돼 올 하반기 전세시장 불안 우려를 증폭시키고 있다. 올 하반기 이주를 예정하고 있는 서울 재개발ㆍ재건축 사업장은 총 18곳 이주민은 약 2만가구에 달할 것으로 예상된다. 지난달 23일 관리처분계획을 통과한 강남구 대치동 청실아파트 1446가구 가 6 7월 관리처분계획을 수립 중인 논현동 경복아파트 308가구 가 9 10월 이주를 계획하고 있다. 또 송파구 가락동 가락시영1차 4421가구 와 가락시영2차 3685가구 재개발사업장인 관악구 봉천동 봉천제12 2구역 1249가구 양천구 신월동 신정1 1지구 2519가구 영등포구 신길동 신길7구역 1521가구 과 신길5구역 1236가구 등이 하반기 이주에 나설 것으로 보인다. 재개발ㆍ재건축 아파트 단지의 이주수요로 잠잠하던 서울 전셋값도 최근 2주연속 비교적 큰 폭으로 반등했다. 서초구 반포리체 84A㎡의 경우 지난 한주간 전셋값이 1500만원 오른 4억4000만 4억9000만원선 목동 신시가지7단지 66㎡는 1000만원 오른 2억 2억2000만원선을 기록했다.강남구 청실 아파트 이주 수요 여파로 개포동 주공고층5단지 112㎡형의 전셋값도 3억5000만 3억7000만원으로 전주보다 1500만원 가량 올랐다.,https://news.naver.com/main/read.nhn?mode=LSD&mid=shm&sid1=260&oid=016&aid=0000386712,284
261663,2011.06.15. 오전 11:08,부동산,뉴시스,아파트 거래량 두달 연속 감소…전월比 13.5%↓,서울 뉴시스 김형섭 기자 지난달 아파트 거래량이 두달 연속 줄었다. 수도권은 물론 지방도 넉달만에 감소세로 돌아섰다. 국토해양부는 5월 신고분 전국 아파트 거래량은 4만8077건으로 4월 5만5586건 대비 13.5% 감소했다고 15일 밝혔다. 이는 3월 계약분 9600여건 4월 2만360여건 5월 1만4800여건을 포함한 것이다. 지역별로 수도권은 1만5080건으로 전월대비 16% 줄며 2개월 연속 감소했다. 3805건이 거래된 서울은 강남3구 575건 와 강북14구 1878건 가 각각 20.5% 20.7%씩 줄었다. 경기 9824건 와 인천 1451건 도 15.9% 15.1% 줄었다. 서울 강남권을 중심으로 나타난 거래 관망세가 강북은 물론 수도권 외곽까지 확산된 탓이다. 지방은 3만2997건이 거래돼 4월 3만7646건 대비 12.4% 줄며 4개월만에 감소세를 나타냈다. 거래가 줄면서 실거래가도 약세를 보였다. 서울 강남구 개포동 주공1단지 51㎡ 3층은 4월 9억5000만원에 신고됐지만 5월에는 9억4000만원으로 1000만원 떨어졌다. 12억5000만원에 거래됐던 서초구 반포 에이아이디차관 73㎡ 4층도 지난달 12억1000만원으로 실거래가격이 4000만원 하락했다. 송파구 가락동 시영1단지 역시 4월 5억1000만원에서 5월 5억원으로 하향 조정됐다.,https://news.naver.com/main/read.nhn?mode=LSD&mid=shm&sid1=260&oid=003&aid=0003910658,284
261664,2011.06.15. 오전 11:08,부동산,파이낸셜뉴스,올해 아파트입주물량 작년의 60%불과..가을 전세난 가중될 듯,올해 들어 전국의 신규 입주 아파트가 지난해의 60% 수준에 불과한 것으로 나타나 공급 부족에 따른 전세난이 더욱 가중될 전망이다. 15일 한국건설산업연구원과 부동산업계에 따르면 올해 1∼5월 전국의 아파트 입주물량은 7만3579가구로 지난해 동기 12만1573가구 에 비해 39.5%나 감소했다. 월별로는 1월 1만9717가구 2월 1만5526가구 3월 1만809가구 4월 9504가구로 점점 줄어든 뒤 5월들어서는 1만8023가구로 늘었다. 경기지역은 지난해 동기에 비해 무려 65.4%나 줄어 올 가을 수도권의 아파트 전세대란을 예고했다. 이달 이후 연말까지의 전국 입주예정 물량이 12만2255가구로 올해 연간 전국 입주물량은 19만5034가구다.이는 지난해의 29만7155가구에 비해 34.4%나 줄어든 것으로 2000년대 연평균 입주물량의 60% 수준이다. 특히 오는 7월 신규 아파트 입주예정 물량은 1만4622가구로 최근 10년간 같은달 입주물량 중 최저치다. 이처럼 아파트 입주물량이 줄어들면서면 올해가을 전세대란을 우려하는 지적이 나오고 있다. 건산연 허윤경 연구위원은 “2000년대 들어 연간 신규 아파트 입주물량이 평균 30만가구를 유지해왔는데 20만가구에도 못 미친 해는 1990년대 이후 거의 없었다”면서 “가뜩이나 주택 매매 심리가 위축된 상황에서 공급마저 부족해 올해 하반기에도 전세시장이 불안할 것”이라고 고 말했다.,https://news.naver.com/main/read.nhn?mode=LSD&mid=shm&sid1=260&oid=014&aid=0002457119,284
261665,2011.06.15. 오전 11:04,부동산,매일경제,대기업에서 월세 받으니 남편보다 든든해요,선임대후분양으로 “치솟는 물가 불안한 연금 한번에 해결했어요” 가정주부 이모씨 49세 는 남편 월급 이외에 소형매장 3개를 뉴코아에 임대주고 매달 300만 원 가량의 임대수익을 올리고 있다. 내 집 마련과 함께 소액의 수익상가를 먼저 사둔 것이 남들과 차별화된 재테크 전략이라고 말한다. 월급만으로 물가상승 자녀교육비 급증과 노후대책을 동시에 감당하기는 불가능하다는 것이다. 베이비붐 세대의 대규모 은퇴와 보금자리주택 등 정부의 적극적인 임대주택 공급으로 점차 주택가격은 하락할 전망이지만 빨라지는 정년과 평균수명연장 등은 노후생계를 위협하므로 생계유지수입원 확보에 빨간불이 들어왔다. 이런 상황에서 선임대후분양에 수익률 보장까지 되는 임대수익의 2중·3중 안정장치가 돼있는 부천터미널 소풍은 성업을 이루고있다. 등기 이전 받고 10년동안 뉴코아에서 월세 받아…. 소풍은 신도시의 탁월한 입지와 이랜드 그룹 뉴코아 킴스클럽이 10년 임대의 장기 계약조건으로 입점 임대계약기간 2009.9 2019.9 함으로써 10년동안 공실 및 건물관리 염려 없이 대기업으로부터 안정적으로 월세를 받을 수 있다. 실투자금 7천만 원대 매장을 분양 받으면 기다릴 필요 없이 등기 이전 후 바로 보증금과 익월 최저 85만 원 120만 원의 임대수익이 지급된다. 롯데백화점 본점 약 7.8배의 대규모 유통센터로 알려진 이곳은 현재 부천종합터미널과 11개관의 프리머스영화관 컨벤션웨딩홀 스포츠 센터가 단일건물 내 입점해 집객파워 및 매출 시너지가 무엇인지 보여주고 있다. 이중 1층부터 5층 까지 도심형 최대 프리미엄 아울렛인 뉴코아와 킴스클럽이 입점한 매장을 등기분양 한다. 이랜드가 선점한 이곳은 교통의 요지이며 지하철1호선과 2012년 개통예정인 7호선 상동역의 더블 역세권 형성으로 상권성장 잠재력과 시세차익이 기대되는 곳이다. 현재 완공 후 영업중인 것을 분양 받으므로 투자 후 바로 수익이 발생하고 소유권 이전 받기 전까지 분양대금을 한국자산신탁에서 안전하게 관리 해준다는 것이 투자자들이 선호하는 큰 이유중에 하나다. 분양문의 1588 4937 위 내용은 매경닷컴의 편집방향과 무관하며 해당업체에서 제공한 보도자료입니다. ⓒ 매일경제 mk.co.kr 무단전재 및 재배포 금지 MBA도 모바일로 공부한다.,https://news.naver.com/main/read.nhn?mode=LSD&mid=shm&sid1=260&oid=009&aid=0002484902,284
261666,2011.06.15. 오전 11:04,부동산,한국경제TV,대우건설 송파 푸르지오 시티 1249실 분양,대우건설이 서울 송파구 문정동 가든파이브 인근에서 송파 푸르지오시티 오피스텔을 분양합니다. 송파 푸르지오 시티 는 전용 25㎡ 52㎡ 소형 오피스텔 1 249실로 이뤄져 있으며 분양가는 3.3㎡당 1 100만원 선입니다. 오피스텔내 사우나와 휘트니스 골프연습장 게스트룸이 있으며 지하철 8호선 문정.장지역이 도보로 이용 가능합니다. 견본주택은 오는 17일 종합운동장 사거리 아시아선수촌 아파트 맞은편에서 문을 열 예정입니다.,https://news.naver.com/main/read.nhn?mode=LSD&mid=shm&sid1=260&oid=004&aid=0002082242,284
261667,2011.06.15. 오전 11:04,부동산,한국경제TV,5월 서울아파트 거래 21% 감소,5.1 부동산대책 발표에도 불구하고 지난 달 아파트 거래가 감소해 지난 1월 이후 넉달 만에 5만건 아래로 떨어졌습니다. 국토해양부는 지난 달 신고된 전국 아파트 거래 건수가 4만8천77건으로 4월에 비해 7천509건 감소했다고 밝혔습니다. 지역별로는 서울이 3천805건으로 4월에 비해 21% 감소했고 수도권과 지방이 각각 16%와 12% 줄었습니다. 아파트 실거래가격은 강남구 재건축 단지를 중심으로 약보합세가 이어졌습니다. 서울 송파 가락 시영1단지 41㎡는 4월에 5억500만원에서 5억2천만원에 팔렸으나 5월에는 5억원에서 5억1천만원으로 500에서 1천만원 가량 하락했습니다.,https://news.naver.com/main/read.nhn?mode=LSD&mid=shm&sid1=260&oid=004&aid=0002082241,284
261668,2011.06.15. 오전 11:03,부동산,파이낸셜뉴스,자동차 등록번호판 부착시 번호 선택폭 크게 넓어진다,앞으로 자동차 소유자가 등록 번호판을 부착할 경우 자신이 좋아하는 번호를 선택할 수 있도록 선택폭이 크게 넓어진다. 국토해양부는 자동차 2000만대 시대를 맞아 자동차 소유자가 등록번호판을 부착하고자 하는 경우 등록관청에서 제시하는 2가지 범위에서 선택하도록 한 것을 10개 범위로 확대해 자신이 선호하는 번호를 선택할 수 있도록 자동차등록령을 개정할 계획이라고 15일 밝혔다. 이에따라 현재는 자동차 소유자가 등록번호판을 부착할 경우 마지막 뒷자리의 등록번호 2개 홀짝수 중 하나를 택해야 했지만 앞으로는 등록관청에서 제시하는 번호판 뒷 2자리 등록번호 중 무작위로 추출된 10개 번호 홀짝수 배합 내에서 선택할 수 있게 된다. 국토부는 이번 자동차등록번호판의 선택 시행성과 등을 면밀히 모니터링 해 국민 만족도를 향상시킬수 있도록 번호판 선택범위를 단계적으로 확대할 계획이다. 개정안은 또 국민불편을 해소하기 위해 자동차 소유자가 사망시에 교통안전공단에서 상속자에게 자동차 상속 이전등록 의무사항을 통지하도록 해 범칙금 최고 50만원 이 부과되지 않도록 하는 내용도 포함시켰다. 개정안은 6월중 관계부처 협의 후 입법예고 등을 거쳐 올 9월부터는 본격 시행에 들어갈 예정이다.,https://news.naver.com/main/read.nhn?mode=LSD&mid=shm&sid1=260&oid=014&aid=0002457111,284
261669,2011.06.15. 오전 11:01,부동산,이데일리,아파트 거래량 두달째 감소..가격 약보합세,이데일리 박철응 기자 아파트 거래량이 두달째 감소세를 보였다. 국토해양부는 지난달 신고된 아파트 실거래가 신고자료 4만8077건을 15일 공개했다. 계약시기별로 보면 3월분 9600건 4월 2만3600건 5월 1만4800건 가량이다. 지난 3월 5만9000건을 기록한 이후 4월에도 5만5000건으로 줄어들은데 이어 감소세가 지속되는 것이다. 하지만 2006 2010년 5년간 5월 평균 4만2723건 에 비하면 3000건 가량 많은 수치다. 지역별로는 서울이 3805건으로 최근 5년 평균 5890건 에 비해 현저히 낮은 거래량을 보였다. 수도권도 1만5080건으로 5년 평균치 1만9676건 보다 거래량이 적었다. 반면 지방은 3만2997건으로 동월 평균 2만3046건 에 비해 월등히 많은 수치를 보였다. 수도권 주요 단지별로 보면 서울 대치동 은마아파트 77㎡형이 8억9900만 9억2600만원 개포동 주공1단지 51㎡ 9억4000만원 분당 정자동 상록마을 85㎡ 6억6300만원 등으로 약보합세를 보였다.,https://news.naver.com/main/read.nhn?mode=LSD&mid=shm&sid1=260&oid=018&aid=0002452761,284
261670,2011.06.15. 오전 11:00,부동산,파이낸셜뉴스,지방 아파트 거래량도 4개월만에 하락 주택시장 침체 확산,상승세를 계속하던 지방 아파트 거래량이 4개월만에 크게 감소하는 등 주택경기 침체가 전국으로 확산되고 있다. 국토해양부는 2011년 5월 신고된 아파트 실거래 건수는 총 4만8077건으로 전월대비 13.5% 7509건 가 감소했다고 15일 밝혔다. 이로써 전국 아파트 거래량은 지난달에 이어 두달 연속 감소했다. 특히 지방 아파트 거래량은 3만2997건으로 전월대비 12.3% 4649건 나 감소해 지방 주택시장도 상승 분위기가 한풀 꺾였다. 지방 아파트 거래량은 올 1월 2만9304건으로 바닥을 기록한 후 2월 3만2979건 3월 3만6643건 4월 3만7646건으로 계속 증가세를 보여왔다. 지역별로는 전남이 1578건으로 전월 2591건보다 무려 39.0% 1013건 나 감소했으며 광주도 2477건으로 전월 3373건보다 26.5% 896건 나 줄어 감소폭이 컸다. 서울을 비롯한 수도권 아파트 거래량도 1만5080건으로 전월 대비 15.9% 2860건 가 감소하는 등 두달 연속 줄었다. 서울 아파트 거래량은 3805건으로 전월 대비 20.5% 982건 가 감소했다. 강남3구는 575건으로 전월대비 21.6% 159건 가 줄어 지난해 12월 이후 5개월째 감소세를 기록했다. 아파트 거래량이 줄면서 주요지역 아파트가격도 일제히 하락했다. 서울 강남구 개포동 주공1단지 51㎡ 이하 전용면적 은 3층이 9억4000만원에 거래돼 전월 9억5000만원보다 1000만원이 내렸다. 서울 서초구 반포동 에이아이디차관 73㎡도 4층이 12억1000만원에 거래돼 전월 12억5000만원보다 4000만원이 떨어졌다. 서울 송파구 가락동 시영1차 41㎡도 2층이 5억원에 거래돼 전월 5억1500만원보다 1500만원이 내렸다. 이번에 공개된 자료는 매매계약 체결후 60일 이내 신고하기로 한 규정에 따라 5월 계약분 1만4800여건 4월 계약분 2만3600여건 3월 계약분 9600여건이 포함된 것이다.,https://news.naver.com/main/read.nhn?mode=LSD&mid=shm&sid1=260&oid=014&aid=0002457104,284
261671,2011.06.15. 오전 11:00,부동산,이데일리,상한제 2題분양가상한제 이제는 폐지할 때,업계 시장원리 해쳐 공급·품질 떨어뜨려 민주당 안전장치 없는 상황에서 집값 상승만 부추길 것 정부 주택시장 근본적 변화..손질 필요해 이데일리 이태호 기자 부동산 관련 2가지 상한제가 6월 국회의 핫이슈 중 하나다. 대란 이라 불리는 전월세 가격을 인위적으로 제한하는 전월세 상한제 도입과 아파트 분양가 상한제 폐지다. 시장가격에 대한 정부 개입의 필요성과 효과 논란이 각각 다른 영역에서 펼쳐지고 있는 것이다. 부동산 시장의 판도를 뒤흔들 2개의 상한제를 꼼꼼히 뜯어본다. 편집자 주택경기 침체가 지속되면서 분양가상한제에 대한 건설업계의 반발이 거세지고 있다. 지난 2007년 주택가격 폭등을 막기 위해 도입됐지만 주택 품질을 떨어뜨리고 원활한 공급을 저해하는 부작용만 낳고 있다는 이유에서다. 정부 역시 분양가상한제 도입 당시와 지금의 부동산시장 상황이 근본적으로 다르다는 점을 인정하고 폐지나 손질이 필요하다고 가닥을 잡은 상황이다. 하지만 아직까지 정치권은 머뭇거리고 있다. 시장상황 변화에는 공감하지만 주택가격 급반등시 정치적 책임론이 부각될 수 있다는 부담 탓이다. ◇ 정치논리에 공급대란 위험 경제학자들이 아는 것은 많지 않지만 토마토 공급부족 사태를 만드는 방법은 알고 있다. 개당 1원 이상에 팔 수 없다는 법을 통과시키면 된다 밀튼 프리드먼 정창무 서울대 건설환경공학부 교수는 지난 13일 열린 분양가상한제 관련 정책토론회에서 인위적인 가격제한의 부작용을 프리드먼의 이 한 마디로 요약했다. 돈이 안 되니 공급자가 공급을 끊거나 품질을 떨어뜨릴 수밖에 없다는 얘기다. 부동산114에 따르면 지난해 민간아파트 분양물량은 9만711가구로 분양가상한제 도입 전인 2006년 20만7000여가구 대비 반토막났다. 거래량은 2006년 11월 8만9400여건에서 올 4월 5만5500여건까지 37.9% 감소했다. 정 교수는 분양가상한제는 미국 일본 영국 싱가포르 같은 선진국에서도 찾아보기 힘든 제도 라며 핀란드 헬싱키에서 도입했다가 아파트 공급·거래 감소와 기존 아파트가격 상승을 야기한 바 있다 고 지적했다. 권주안 주택산업연구원 연구위원의 연구 결과도 이같은 지적을 뒷받침했다. 권 연구위원은 모의실험을 통해 분석한 결과 분양가상한제를 폐지했을 경우 공급이 늘어 서울 주택가격은 11분기 후 11% 정도 가격이 하락하고 수도권은 12분기 후 5% 정도 하락하는 것으로 나왔다고 설명했다. 이와 관련 최막중 서울대 환경대학원 교수는 경제적으로 옳은 얘기가 해결이 안 되고 논란 거리가 되는 이유는 정치적 문제와 얽혀있기 때문 이라면서 분양가가 당장은 오르고 3년 뒤에는 하락효과가 나타난다고 했을 때 정치인 입장에서 누가 장기적인 효과를 생각해 접근하겠는가 라며 안타까워 했다. 신완철 건설주택포럼 회장도 가격제한으로 인한 가장 큰 문제는 주택공급의 감소 라고 지적하고 최근 발생하는 전세대란의 문제 역시 공급부족 문제와 무관하지 않기 때문에 분양가상한제는 폐지돼야 한다 고 강조했다. ◇ 정치권 집도 상품이다 vs 집값 상승 안된다 한나라당은 지난 2009년부터 분양가 상한제 폐지를 당론으로 채택하고 있으나 민주당은 안전장치 없는 무조건적 폐지에 반대하는 입장이다. 전여옥 한나라당 의원은 집을 상품으로 보느냐 상품이 아닌 것으로 보느냐가 한나라당과 야당의 분명한 차이 라면서 집은 시장에서 사고 팔리는 상품인데 분양가상한제는 학교에서 90점 이상 받아선 안 된다고 말하는 것과 같다 고 주장했다. 반대로 김희철 민주당 의원은 지난 1980년대와 1998년에 분양가 규제를 풀 때마다 주택가격이 폭등했었다 며 국민 대다수가 주택가격이 비싸다고 느끼는데 아무 제도적 정치 없는 무조건적 폐지는 시기상조 라고 강조했다. 그는 한국의 가계 연소득 대비 주택가격비율 PIR Price to Income Ratio 이 서울의 경우 12.6배로 3 4배 정도인 미국이나 일본에 비해 매우 높다는 점도 강조했다. 민간택지 분양가 상한제는 지난 3.22대책 에서 폐지 방침을 발표했지만 4월 임시국회 상정이 무산돼 이달 임시국회로 미뤄진 상태다. 여당은 임시국회에서 재건축·재개발 사업장에 한해 폐지하자는 절충안을 제시할 방침이다. ◇ 정부 이제 폐지해도 될 것 같다 권도엽 국토부 장관은 지난달 26일 열린 인사청문회에서 상한제 때문에 주택 공급이 원활하게 이뤄지지 못했다 면서 가격이 급등한 시기에 단기적 효과를 위해 채택했지만 중장기적으로 자율화해 공급을 늘려야 한다 고 강조했다. 이와 관련 이원재 국토해양부 주택정책관은 분양가상한제는 과도한 분양가 상승시기에 상승을 억제해 집값도 안정시키고 실수요자 부담을 줄이기 위해 도입했는데 현재 주택시장 상황은 집값이 계속 하향 안정세를 보이고 있다 고 설명했다. 그는 분양가상한제를 유지 하지 않더라도 충격은 크지 않을 것 같다고 생각한다 며 총부채상환비율 DTI 주택담보대출비율 LTV 이 안정적으로 관리되고 있어 수요에 대한 안전장치도 갖추고 있는게 아닌가 생각한다 고 말했다.,https://news.naver.com/main/read.nhn?mode=LSD&mid=shm&sid1=260&oid=018&aid=0002452758,284
261672,2011.06.15. 오전 11:00,부동산,연합뉴스,5월 아파트 거래량 전월대비 13.5% 감소,지방 3만2천여건..올해 들어 첫 감소 일반아파트도 실거래가 하락 서울 연합뉴스 서미숙 기자 지난달 전국의 아파트 거래량이 전월에 비해 눈에 띄게 감소했다. 서울ㆍ수도권의 거래량은 두달 째 줄었고 지방 중소도시의 아파트도 올해 들어 처음 감소했다. 지난 4월 부활된 총부채상환비율 DTI 과 주택경기 침체 비수기 등이 영향을 미친 것으로 보인다. 국토해양부는 지난달 신고된 전국의 아파트 실거래 건수는 총 4만8천77건으로 전월 5만5천586건 대비 13.5% 7천509건 감소했다고 15일 밝혔다. 5월 실거래건수는 신고기간 계약일로부터 60일 이내 에 따른 시차로 3월 계약분 9천600여건 4월 계약분 2만3천600여건 5월 계약분 1만4천800여건이 포함됐다. 지역별로는 서울 3천805건 수도권 1만5천80건으로 전월 대비 각각 20% 15.9% 감소했다. 서울 수도권은 DTI가 부활된 지난 4월에 이어 두달 연속 감소했다. 특히 강남 3구의 아파트는 지난달 신고건수가 전월대비 21.6% 줄어든 575건에 불과했다. 지방 광역시 제외 은 12.3% 감소한 3만2천997건을 기록했다. 지방의 거래량이 감소한 것은 올해 들어 처음이다. 16개 시ㆍ도 중에서는 최근 국제과학비즈니스벨트 세종시 등 개발호재가 있는 충남도 4천80건 만 유일하게 28% 899건 증가했고 나머지 15개 시ㆍ도는 모두 감소했다. 실거래가는 재건축에 이어 일반아파트도 약세를 보이고 있다. 서울 강남구 대치동 은마아파트 전용 77㎡는 지난 4월 최고 9억6천500만원까지 팔렸으나 5월에는 최고가가 9억2천600만원으로 떨어졌고 서울 서초구 반포동 AID차관 전용 73㎡는 전월 대비 2천만 4천만원가량 내린 12억1천만 12억3천만원에 거래됐다. 서울 도봉구 한신아파트 전용 85㎡는 4월에 2억9천만 3억1천만원에 팔렸으나 5월에는 최고 5천만원 떨어진 2억6천만원에 거래됐다.,https://news.naver.com/main/read.nhn?mode=LSD&mid=shm&sid1=260&oid=001&aid=0005113508,284
261673,2011.06.15. 오전 11:00,부동산,머니투데이,5.1대책 헛방…아파트 거래량·가격 하락 지속,머니투데이 이군호 기자 5월 실거래량 전달보다 13.5% 준 4만8077건 강남3구 가격은 최대 4000만원 하락 총부채상환비율 DTI 규제 부활 이후 주택거래량 감소와 가격 하락세가 지속되고 있다. 5개 신도시만 소폭 거래량이 늘었을 뿐 5.1 주택거래 활성화방안 에도 전국적으로 주택거래가 회복세로 돌아서지 못하고 있다. 국토해양부가 15일 공개한 2011년 5월 신고분 아파트 실거래가 자료 에 따르면 이 기간동안 전국 아파트 거래건수는 4만8077건으로 전달 5만5586건보다 13.5% 감소했다. DTI 규제 부활직전인 3월에 전월대비 12% 반짝 증가했다가 4월과 5월 연속 하락세다. 지역별로는 서울이 3805건으로 전월 4787건 대비 20.5% 감소했고 서울 강남3구 강남·서초·송파구 는 575건으로 전월 7344건 에 비해 21.7% 줄었다. 경기와 인천을 포함한 수도권은 1만5080건으로 전월 1만7940건 대비 15.9% 감소한 반면 5개 신도시는 전월 1588건 보다 6.0% 증가한 1684건을 기록 유일하게 거래량이 늘었다. 4월 아파트 실거래 건수가 증가했던 지방도 5월에는 3만2997건으로 전월 3만7646건 보다 12.3%나 감소했고 6대 광역시도 1만5101건으로 전월 1만7863건 대비 15.5%나 줄었다. 강남3구의 경우 지난해 말 9억원 초과 주택에 대한 취득·등록세 감면 혜택이 종료된 데다 DTI 규제 부활 등의 여파로 재건축 아파트 매수세가 위축되면서 아파트 거래량 감소세가 지속되고 있는 것으로 분석됐다. 특히 5.1주택거래 활성화대책에도 불구하고 아파트 실거래가 회복세를 보이지 못하고 있어 정책 효과가 시장에 반영되지 못하고 있는 것으로 풀이됐다. 개별 아파트 실거래가 하락세도 계속됐다. 이는 대치은마 개포주공1 가락시영1 서초 반포AID 등 주요 강남3구 재건축아파트들이 저가매물 위주로만 거래가 이뤄졌기 때문이다. 서울 강남구 대치동 은마아파트 전용 77㎡는 4월 최고가가 9억6500만원이었지만 5월에는 9억2600만원으로 4000여만원 가량 떨어졌다. 강남구 개포동 개포주공1단지 전용 51㎡는 4월 9억5000만원에 거래되던 3층이 5월에는 9억4000만원에 팔렸다. 4월 실거래가가 12억5000만원이던 서초구 반포동 AID차관아파트 전용 73㎡ 4층은 지난달 12억1000만원에 팔려 4000만원이 떨어졌다. 송파구 가락동 가락시영 1단지 41㎡ 2층은 4월 5억1500만원에서 5월 5억원으로 1500만원 하락했다. 부동산114 김규정 본부장은 기준금리 인상으로 실수요자들의 심리적인 부담이 커졌고 계절적 비수기까지 맞물려 거래는 하락세가 계속될 것 이라며 6월 국회에서 재건축 초과이익 환수제 분양가상한제 폐지 전월세 상한제 도입 등 주요 부동산법안이 논의 중이어서 실수요자들은 시장 움직임을 계속 주시해야한다 고 말했다.,https://news.naver.com/main/read.nhn?mode=LSD&mid=shm&sid1=260&oid=008&aid=0002555664,284
261674,2011.06.15. 오전 11:00,부동산,아시아경제,다시 불어온 주택거래 한파.. 은마 최고 6000만원 ↓,아시아경제 황준호 기자 주택시장에 한파가 다시 몰아치고 있다. 지난 4월부터 5월까지 한 달간 강남 은마아파트가 최고 6000만원 가량 하락한 것으로 나타났다. 전국 거래량도 지난 3월부터 5월까지 약 1만1065건 가량 축소됐다. 주택 거래량의 경우 지난 겨울 비수기 수준까지 떨어져 정부의 4차례에 걸친 주택 거래 및 공급 대책이 무색한 상황이다. 국토해양부는 15일 지난 5월까지 신고된 아파트 실거래가 신고자료 약 4만8000건을 공개했다. 이는 3월 계약분 약 9600여건 4월 계약분 약 2만3600여건 5월 계약분 약 1만4800여건 등을 포함한 자료다. 실거래가 신고가 매매계약 체결일로부터 60일 이내 이뤄진다는 점에서 이번 자료는 3 5월간 신고한 물량을 대상으로 집계됐다. 먼저 5월 거래량은 4만8077건으로 조사됐다. 3월 거래량 5만9142건에서 4월 5만5586건 등으로 줄어들다 5월 들어 4만건대에 진입했다. 지난 1월 겨울 비수기에 4만건대 진입한 이래 4개월 만의 재진입이다. 수도권 거래량도 1만5080건을 기록해 지난 1월 1만6041건보다 못한 수준으로 떨어졌다. 강남 3구는 575건을 기록해 지난해 8월 이후 최저치를 기록했다. 가격도 하락 곡선을 그리고 있다. 강남 대치동 은마아파트 77㎡ 의 경우 지난 4월 최고 9억6500만원에 거래됐으나 5월 9억2600만원에 거래됐다. 5월 최저가는 8억9900만원으로 지난 4월 대비 약 6600만원 가량 차이를 나타냈다. 이어 서울 송파 가락 시영아파트 41㎡ 도 5억2000만원에서 5억1000만원대로 거래가격이 축소됐다. 서울 강남을 제외한 지역도 하락세를 면치 못했다. 서울 도봉구 도봉동 한신아파트 85㎡ 는 지난 4월 3억1000만원에도 거래됐으나 5월 2억6000만원에 한 건이 거래됐다. 경기 분당구 야탑동 장미마을 현대 85㎡ 는 지난 3월 5억3300만원에 거래됐으나 5월 5억1000만에 거래가격이 신고됐다. 용인 수지구 죽전동 동성2차아파트 85㎡ 도 3억6500만원에서 3억5000만원으로 거래가격이 1500만원 가량 낮아졌다. 국토부 관계자는 지난해 같은 달의 경우 이보다 거래량이 더 줄어들었다 며 계절적인 영향에 따른 결과로 분석된다 고 밝혔다. 하지만 시장에서는 정부의 잇단 정책에도 주택 시장이 살아나지 않을 만큼 침체의 정도가 심각한 상황으로 분석했다. 특히 결혼의 달 5월 등 계절적으로도 겨울 비수기에 비견될 수 없는 상황에서도 지난 겨울과 비슷한 거래실적을 보이고 있다는 점에서 국가 정책의 실패와 추가적인 대책의 강구가 필요하다고 입을 모으고 있다. 한편 실거래가 자료는 공개 홈페이지 rt.mltm.go.kr 나 온나라 부동산정보 통합포털 www.onnara.go.kr 에서 확인할 수 있다.,https://news.naver.com/main/read.nhn?mode=LSD&mid=shm&sid1=260&oid=277&aid=0002623464,284
261675,2011.06.15. 오전 11:00,부동산,아시아경제,5월 항공화물 수송량 28.6만톤..전년대비 8.7%↓,아시아경제 조민서 기자 지난 달 연휴로 인한 항공수출 물량 감소로 항공화물량이 크게 줄었다. 국토해양부는 5월 항공화물 수송량이 지난해 같은 기간에 비해 8.7% 감소한 28만6000톤을 기록했다고 15일 밝혔다. 국제선은 항공 수출입물량 감소로 9.9% 줄어든 26만3000톤을 수송했고 국내선에서는 제주노선 화물 증가로 전년 대비 8.8% 늘어난 2만3000톤을 수송했다. 특히 국제화물은 대부분의 지역에서 화물량이 줄었다. 단 중동과 대양주에서는 원자재 가격 및 유가 상승으로 소비수요가 회복되면서 스마트폰 등 IT제품 수출이 늘었다. 중동이 14.2% 대양주가 9.8% 늘었다. 일본은 지진 및 원전사고로 인한 내수부진으로 화물량이 16.7% 감소했다. 공항별로는 인천공항이 지난해 같은 기간에 비해 10.6% 감소한 25만3000톤을 처리했다. 특히 수출화물이 19% 급감했다. 김포공항은 17% 증가한 4600톤 김해공항은 8.8% 증가한 4900톤을 처리한 것으로 집계됐다. 김포공항은 하네다 노선 운항 증가로 일본지역 수출입 화물이 증가했으며 김해공항은 홍콩 방콕지역 등의 화물이 늘었다. 국내화물의 경우 제주노선 화물량이 11.3% 증가한 1만9000톤을 기록했다. 반면 내륙노선은 운항편수가 줄어 화물량이 4.2% 감소했다. 국토부 관계자는 역대 최고 실적을 기록했던 지난해의 기저효과와 연휴로 항공수출 물량이 줄었다 라며 6월에도 주요 수출국인 EU 미국의 경제회복 지연으로 평판디스플레이 등 IT 제품 수요가 회복되지 않고 있어 예년과 같은 화물증가세를 보이기 어려울 것 이라 말했다.,https://news.naver.com/main/read.nhn?mode=LSD&mid=shm&sid1=260&oid=277&aid=0002623462,284
261676,2011.06.15. 오전 11:00,부동산,아시아경제,정부의 엇박자 대책이 아파트 거래량 감소의 주범,아시아경제 조철현 기자 서울·수도권 아파트 거래량이 3개월 연속 감소하는 등 주택 거래시장 침체의 골이 깊어지고 있다. 거래량이 줄면서 아파트값도 하락세다. 집값 상승 기대감이 사라진 게 거래 부진의 가장 큰 원인이라는 게 전문가들의 지적이다. 국토해양부가 15일 공개한 5월 전국 아파트 실거래 건수는 4만8077건으로 전월보다 7509건 줄었다. 서울·수도권 아파트 거래량도 지난 3월 2만2499건에서 4월 1만7940건으로 줄드니 5월에는 1만5080건으로 떨어졌다. 정부가 올 들어 3.22대책과 5.1대책 등 잇따라 부동산 거래시장 활성화 대책을 내놨지만 주택시장은 정부의 의지와는 반대로 움직이고 있는 것이다. 정부 대책이 이처럼 약발을 받지 못하는 것은 부동산시장 침체의 골이 워낙 깊기 때문이기도 하지만 엇박자 정책도 한몫하고 있다는 지적이 많다. 실제로 정부는 양도세 비과세 요건 완화 2년 거주 폐지 를 주요 내용으로 담은 5.1대책이 효과를 내기도 전인 지난달 17일 5차 보금자리주택지구를 발표했다. 5차 보금자리주택지구인 서울 강동 고덕 강일 3·4지구 과 과천 지식정보타운은 주택 수요자들의 선호도가 높은 준강남권 인 데다 5·1대책의 핵심인 양도세 비과세 요건 완화의 대상 지역이다보니 보금자리주택지구 발표 이후 상당수가 거래를 미루고 대기 수요자로 전환했다는 분석이다. 박상언 유엔알컨설팅 대표는 지난 4월부터 총부채상환비율 DTI 등 규제가 부활한 데다 5차 보금자리주택지구마저 발표되면서 주택 매수 심리가 완전히 얼어붙었다 고 말했다. 현장의 목소리도 크게 다르지 않다. 분당신도시 야탑동 K공인 관계자는 거주 요건에 묶였던 사람들이 최근 집을 많이 내놓고 있지만 매수자가 없으니 거래가 안된다 고 전했다. 이같은 거래 위축 현상이 당분간 지속될 것이란 게 전문가들의 공통된 의견이다. 박원갑 부동산1번지 소장은 금리 인상과 추가적인 집값 하락 우려로 매기가 더욱 위축될 가능성이 크다 고 말했다. 곽창석 나비에셋 대표는 집값을 끌어올릴 만한 동력이 있어야 추격 매수세가 따라 붙으면서 거래도 활발해질 것 이라며 시장 침체 국면을 돌파하기 위한 후속 조치가 하루 빨리 나와야 한다 고 강조했다.,https://news.naver.com/main/read.nhn?mode=LSD&mid=shm&sid1=260&oid=277&aid=0002623458,284
261677,2011.06.15. 오전 11:00,부동산,아시아경제,5월 거래실종에 가격도 뚝..강남 재건축 약세,아시아경제 조민서 기자 5월 서울 주요 아파트의 실거래가가 전반적으로 하향조정됐다. 거래가 부진한 상태로 이어지다보니 가격도 떨어지는 추세다. 특히 강남 재건축 아파트의 약세가 두드러진다. 15일 국토해양부가 발표한 5월 신고분 아파트 실거래가를 보면 서울 강남구 대치동 은마아파트는 두 달 만에 2000만 5000만원까지 가격이 떨어졌다. 실제로 3월 9억8000만원이던 77㎡ 6층의 경우 5월에는 9억2600만원으로 내렸다. 강남 재건축 아파트는 정부의 5.1대책 발표 이후에도 매도자들이 가격을 내려 매매에 나서려는 움직임을 보였다. 개포주공도 거래가 드문 상태에서 1단지 51㎡ 3층이 한 달 새 9억5000만원에서 9억4000만원으로 1000만원 내렸다. 지난 3월 개발계획안 통과 발표 이후에만 반짝 오름세를 보이다 다시 하향조정되는 분위기다. 서초구 반포 에이아이디차관 73㎡ 4층이 12억5000만원에서 12억1000만원으로 송파구 가락동 시영아파트 41㎡ 2층이 5억1500만원에서 5억원으로 각각 가격이 떨어졌다. 강북권도 가격이 주춤하긴 마찬가지다. 노원구 중계그린1단지 45㎡는 3월 2억1400만원이었던 가격이 5월 들어 2억1100만원으로 내렸다. 도봉구 한신아파트 85㎡ 17층 역시 3월 3억1200만원에서 지난 달 2억7500만 2억8800만원으로 조정됐다. 수도권도 보합세다. 경기도 성남시 분당 장미마을 85㎡ 15층이 거래가 없는 가운데 5억1000만원선을 유지하고 있다. 경기 군포 용호마을 e 편한세상 60㎡ 13층은 2월 3억원에서 지난 달에는 2억7880만원으로 내렸다. 한편 국토부에 따르면 5월 실거래건수는 전국 4만8077건으로 서울 3805건 수도권 1만5080건 지방 3만2997건 등이다.,https://news.naver.com/main/read.nhn?mode=LSD&mid=shm&sid1=260&oid=277&aid=0002623448,284
261678,2011.06.15. 오전 10:59,부동산,세계일보,교육도시 일산 덕이 아이파크 명문 학군 아파트로 주목,세계닷컴 경기도 일산 마지막 랜드마크 일산덕이 아이파크 1 5단지의 입주가 1월 중순부터 시작하여 지금 막바지에 이르고 있다. 분양 당시부터 화제를 모았던 덕이지구 아이파크는 부동산 침체 속에서 매머드급 단지가 입주하면서 일시적으로 가격약세를 보였지만 입주시작과 함께 분위기가 다소 회복되고 있다. 현재는 일부 급매물이 소진되면서 동호수가 좋은 세대는 자취를 감추었고 가격 하락은 서서히 멈추고 있는 상태이다. “일산덕이 아이파크”는 브랜드 규모 단지시설 세대 인테리어등 어느 하나 빠질 것 없는 조건으로 일산의 랜드마크로 자리매김이 기대되는 단지이다. 덕이지구는 지역주민의 주거선호도가 높아서 아파트가 10년 이상 된 일산권 지역 주민들이나 파주권에서 이전수요가 높으며 지금도 입주하려는 입주자들과 전세를 구하려는 수요로 분주하다고 한다. 자유로 1 2 강변북로 외곽순환도로를 이용하여 서울로의 접근 편의성 1 556가구 규모의 대단지 덕이지구 총 4 872가구 현대산업개발의 “아이파크” 브랜드까지 더해지면서 일산권 뿐 만 아니라 수도권에서 이만한 단지가 없을 것으로 보여진다. 일산덕이 아이파크는 주변 주거환경과 비교할 때 당연 뛰어나다고 할 수 있다. 이미 일산 신시가지 내 단지들은입주연차가 10년 이상 된 경우가 많기 때문에 대규모 새 아파트의 등장은 매우 반가운 일이 아닐 수 없다. 일산덕이 아이파크 1단지는 693가구 주택형 111 207m2으로 구성되어 있으며 5단지는 863가구 주택형 111 210m2으로 구성되어 있어 대형외에도 중소형을을 찾는 수요자들도 관심을 가질 수 있다. 일산덕이 아이파크가 자리한 일산 서구지역은 국내 최대 규모의 국제전시장 킨텍스 롯데 현대백화점 기존 신세계백화점 2012년 예정 한류월드 예정 레이킨스 몰 농수산물 종합유통센터 이마트등이 위치하여 대한민국 쇼핑과 문화 콘텐츠의 천국으로 우뚝 설 것으로 보이며 이에 따라 향후 일산덕이 아이파크가 일산 서구 지역 개발의 최대 수혜 단지가 될 것은 명확한 사실이다. 또한 단지 인근의 중앙공원은 물론 호수공원과 고양종합운동장 등에서 여가를 즐길 수 있는 쾌적한 환경과 탄현역 역세권 기존 자유로 1 2 및 외곽순환도로를 이용한 서울로의 뛰어난 접근성과 경의선 확충 서울 문산 고속도로 2014년 예정 일산 GTX 2017년 예정 일산 제2의 강남으로 급부상 등으로 수도권 교통의 중심지로 우뚝 설 것으로 기대되며 덕이지구내 백송 한산초교 덕이중교 덕이고교 공사중 가 개교하였거나 예정이며 교육도시 일산의 교육시설과 명문학원 파주 영어마을을 편리하게 이용할 수 있는 교육환경의 중심지를 자랑한다. 전망 채광과 통풍을 고려한 타워형 설계와 녹지율을 높이고 100% 지하주차장 설계 1 5단지 로 안전한 보행 환경과 쾌적한 생활환경을 제공하였으며 넓은 중앙공원과 생태공원을 바라보며 생활할 수 있는 탁월한 조망권을 확보하였으며 전세대를 남향 위주로 배치한 것도 주요 특징이다. 또한 다양한 운동과 휴식을 즐길 수 있는 주민운동시설 및 휘트니스센터 실내 골프연습장 동호회실등 꼭 필요한 시설만을 갖춘 커뮤니티센터가 가장 큰 자랑거리이다. 인근 식사지구 및 덕이지구내 신동아 파밀리에등 한꺼번에 많은 물량이 입주를 시작하면서 전세가격은 주변보다 저렴한 편이다. 일산덕이 아이파크는 신규 아파트임에도 불구하고 기존 아파트와 전세가격 차이가 많이 나지 않자 봄철 수요가 몰리면서 전세거래가 활발하여 현재는 남은 물량이 마무리로 진행 중에 있다. 매매가격은 약보합세를 유지하고 있지만 4월말 기점으로 분양가보다 약 10% 가량 저렴한 매물들이 눈에 띄게 소진되었으며 이전에는 단지 전체의 30% 가량이 급매물로 나왔지만 임대가 활발하여 매매가 임대로 전환되면서 급매물양이 크게 감소하였으며 이로 인해 매매가도 분양가 수준으로 회복되는 모습을 보이고 있다. 지금은 가격이 빠지면서 40평형이상을 중심으로 분양가보다 낮은 가격에 매물이 나오지만 입주가 마무리 되면서 가격이 바닥이라고 인식한 수요자들이 급매물을 매수하고 있는 분위기이다. 일산덕이아이파크 임대 및 매매 문의 031 902 3807 902 3813 903 1645 ※본 콘텐츠는 기업 제공 자료로 세계닷컴의견과 다를수 있습니다. Segye.com Segye.com 인기뉴스 흑거미 K 4 美 험비도 일격에 파괴… 가공할 위력 쌈밥 어린이집 이번엔 달팽이 밥·거미 국 고교 교장이 여학생에 변태 성행위 강요 논란 부하에게 총검술 …부사관 대검으로 병사 찔러 휴 헤프너 결혼 앞두고 60살 연하 신부에 차여 ⓒ 세계일보 Segye.com 무단 전재 및 재배포 금지 금융전문뉴스 세계파이낸스 모바일로 만나는 세계닷컴 세계닷컴은 한국온라인신문협회 www.kona.or.kr 의 디지털뉴스이용규칙에 따른 저작권을 행사합니다.,https://news.naver.com/main/read.nhn?mode=LSD&mid=shm&sid1=260&oid=022&aid=0002275340,284
261679,2011.06.15. 오전 10:51,부동산,아시아경제,해건협 30개국 초청 글로벌 프로젝트 플라자 개최,아시아경제 조민서 기자 국토해양부와 지식경제부가 주최하고 해외건설협회와 코트라 KOTRA 가 주관하는 글로벌 프로젝트 플라자 Global Project Plaza 2011 가 15일 오전 잠실 롯데호텔에서 열렸다. 이날 행사에는 필리핀의 로젤리오 싱슨 Rogelio Singson 공공사업부 장관을 포함 요르단 라이쓰 다바네 Laith Dababneh 교통부 차관 크로아티아 레오 베고비치 Leo Begovic 전력청장 등 30개국의 67개 발주기관이 방한해 총 800억달러 규모의 프로젝트를 소개했다. 이 자리에는 국내기업 400여명이 참석해 해외진출에 대한 열기를 보여줬다. 지난 2008년 이후 올해로 4회째인 이번 행사에는 총 67개처의 외국 발주기관이 참가했다. 이는 지난해 23개처에 비해 세 배나 늘어난 수치다. 특히 베트남 최대 공기업인 석유가스공사 PVN 의 응우엔 쑤안 손 Nguyen Xuan Son 부사장이 산하 자회사 대표 등 35명의 대규모 사절단을 이끌고 방한해 1200MW 발전소 79층 주상복합건물 석유화학 프로젝트를 발표해 국내기업들의 눈길을 끌었다. 이재균 해외건설협회 이재균 회장은 2007년 이후 국내 건설수주 규모가 지속적으로 감소하고 있는 상황에서 건설업체들의 해외진출에 대한 관심이 어느 때보다 고조된 상황 이라며 앞으로도 기업의 해외진출을 확대하기 위해 KOTRA와 연계한 지원활동을 지속적으로 확대해나갈 계획 이라고 말했다.,https://news.naver.com/main/read.nhn?mode=LSD&mid=shm&sid1=260&oid=277&aid=0002623428,284
261680,2011.06.15. 오전 10:47,부동산,뉴시스,국토부 연찬회서 향응 제공 받아…룸살롱은 가지 않았다 해명,서울 뉴시스 김형섭 기자 국토해양부 소속 공무원들이 지난 3월말 제주도에서 열린 연찬회에 참석한 직후 산하기관 및 민간업체로부터 향응을 제공받다 적발된 사실이 뒤늦게 확인됐다. 이와 관련 국토부는 접대를 받기는 했지만 룸살롱 등 부적절한 장소는 아니었으며 행사비용도 업체들로부터 걷어들인 돈이 아니었다고 해명했다. 15일 국토부와 총리실 등에 따르면 국토부의 하천분야 공무원 40여명은 지난 3월말 제주도에서 열린 자연친화적 하천관리 연찬회 에 참석했다. 이들 중 수자원정책국 소속 공무원 15명은 연찬회 직후 수자원공사 및 용업업체 직원과 어울려 저녁식사와 술자리 등 접대를 받다 총리실 공직복무관리관실에 적발됐다. 이 가운데 6명은 수공 직원 2명과 횟집에서 식사 후 인근 주점에서 술을 마시고 나머지 9명은 용역업체 직원 7명과 횟집에서 식사 후 인근 나이트클럽을 이용했다. 식사비와 술값 등 총 273만원은 수공 및 용역업체 직원들이 계산했다. 이들 공무원은 접대 사실이 총리실에 적발돼 국토부로부터 경고 조치를 받았으며 이후 개인당 약 9만 15만원씩을 송금조치했다고 국토부는 설명했다. 국토부 관계자는 적발된 직원들이 룸살롱에 출입한 것으로 알려졌지만 사실과 다르고 여직원들도 함께 있었다 며 숙박비도 개인출장여비로 지출하거나 한국하천협회가 부담한 것이지 참여 업체들에 떠넘기지 않았다 고 해명했다. 연찬회 행사는 한국하천협회가 주관해 시행했으며 비용은 업체들의 참가비와 친환경 자재업체의 홍보를 위한 부스 임대비로 1억7000여만원을 충당했다.,https://news.naver.com/main/read.nhn?mode=LSD&mid=shm&sid1=260&oid=003&aid=0003910604,284
261681,2011.06.15. 오전 10:43,부동산,머니투데이,LH 원주 혁신도시·무실지구 투자설명회 개최,머니투데이 이군호 기자 한국토지주택공사 LH 는 이달 24일 오후 2시 호텔인터불고 원주 장미홀에서 건설업체 시행사 공인중개사 실수요자 등을 대상으로 원주 혁신도시·무실지구 투자설명회 를 개최한다고 15일 밝혔다. 지난달 16일 수도권 소재 공동주택지 투자설명회를 개최한데 이어 지방에선 강원도 원주에서 처음으로 투자설명회를 여는 것이다. 이날 투자설명회에서는 LH가 원주시에 조성 중인 혁신도시와 무실 2·3지구의 공동·단독주택용지 상업·업무용지 준주거·근린생활용지 등 매각 토지를 소개한다. 이강준 강원혁신도시사업단 보상판매부장은 원주의 경우 인구 유입이 꾸준하고 미분양 아파트 감소세가 지속되고 있으며 단독주택용지를 중심으로 토지판매도 호조를 보이고 있다 고 말했다. 강원혁신도시는 강원도 원주시 반곡동 일대 면적 361만2000㎡ 규모로 주택 1만1881가구에 3만887명의 인구를 수용하게 된다. 내년 12월 준공을 목표로 부지조성사업이 진행 중이며 6월 현재 56%대 공정률을 보이고 있다.,https://news.naver.com/main/read.nhn?mode=LSD&mid=shm&sid1=260&oid=008&aid=0002555645,284
261682,2011.06.15. 오전 10:43,부동산,파이낸셜뉴스,서울역 주변 개발 마스터플랜 만든다,서울 도심의 노후지역인 서울역 근처 연세세브란스빌딩 뒤편과 청계천 주변 등이 새로운 모습으로 바뀐다. 서울 중구는 봉래동 남대문로5가 수표동 등 일대 14만5300㎡를 체계적으로 정비하기 위한 ‘도시환경정비구역 지정 및 정비계획 수립’ 사업용역을 발주한다고 15일 밝혔다. 중구는 이번 사업을 통해 서울역 북부 역세권과 청계천 주변 도심권 노후 지역을 정비구역으로 지정하고 체계적인 정비계획을 세울 계획이다. 이들 지역은 일부 노후 요인만을 제거하는 수복 재개발 대신 다수의 필지를 모아 한꺼번에 개발하는 철거 재개발 방식으로 정비된다. 중구는 이번 용역을 통해 블록 단위의 맞춤형 개발 방안과 원주민 재정착률 제고 방안 도심 공동화 억제 및 주거인구 유입 방안 등도 마련할 방침이다. 중구는 7월 초 용역업체를 선정하고 내년 상반기에 용역 결과가 나오면 사업을 본격 추진할 예정이다.,https://news.naver.com/main/read.nhn?mode=LSD&mid=shm&sid1=260&oid=014&aid=0002457079,284
261683,2011.06.15. 오전 10:41,부동산,머니투데이,국토부 4대강 업체로부터 향응접대 사실과 달라,머니투데이 송지유 기자 직원 15명 연찬회 참석했으나 업체 비용부담한 적 없어…식사비 등도 송금조치 국토해양부는 지난 3월 직원 17명이 제주도 연찬회에서 4대강 공사업체로부터 룸살롱 향응을 접대받았다는 내용의 보도 내용은 사실과 다르다고 15일 공식 해명했다. 국토부는 3월 연찬회 이후 일부 직원이 수자원공사 및 용역업체 직원과 어울려 저녁식사를 제공받는 등 부적절한 행위가 있어 경고·주의 조치했으나 언론 보도대로 4대강 공사업체로부터 향응을 받지는 않았다고 밝혔다. 연찬회에는 여직원을 포함해 15명이 참석했으며 수자원공사 직원 용역업체 직원 등과 함께 횟집에서 식사하고 주점·나이트클럽 등을 이용한 것으로 확인됐다. 하지만 적발 직후 전체 식사비용과 주점·나이트 비용 등을 개인별 비용으로 분담 6명은 약 15만원 9명은 약 9만원 해 송금조치했다고 국토부는 설명했다. 하루에 1인당 20만원이 넘는 호텔에서 묵고 비용을 업체가 부담했다는 부분에 대해서는 숙박비는 출장여비규정에 따라 개인출장여비로 지출했다고 해명했다. 다만 강사로 참여한 공무원의 경우 한국하천협회가 부담했으며 업체가 부담하지 않았다고 강조했다. 이번 연찬회 비용은 하천협회가 주관·시행해 걷고 참가비 및 친환경 자재업체 홍보를 위한 부스설치비로 사용했다고 국토부는 설명했다. 행사비 잔여비용으로 1억5700만원에 대해서는 국토부와 전혀 관련이 없다고 주장했다.,https://news.naver.com/main/read.nhn?mode=LSD&mid=shm&sid1=260&oid=008&aid=0002555639,284
261684,2011.06.15. 오전 10:39,부동산,머니투데이,자동차 번호판 선택 폭 넓어진다,머니투데이 조정현 MTN기자 오는 9월부터 자동차 번호판의 번호를 고를 수 있는 선택의 폭이 넓어집니다. 국토해양부는 자동차 제도개혁 방안으로 등록관청의 번호판 제시 번호를 기존 2개에서 10개로 늘리도록 자동차 등록령을 개정해 시행한다고 밝혔습니다. 지금까진 번호판 뒷자리 2개 번호를 홀수와 짝수 중에서 택일해야했지만 앞으론 뒷자리 2개 번호를 10개 중에서 선택할 수 있게 됩니다. 국토부는 이와 함께 자동차소유자가 사망할 경우 교통안전공단에서 상속자에게 자동차 이전등록 의무사항을 통지하도록 해 최고 50만 원의 범칙금이 부과되지 않도록 했습니다.,https://news.naver.com/main/read.nhn?mode=LSD&mid=shm&sid1=260&oid=008&aid=0002555635,284
261685,2011.06.15. 오전 10:36,부동산,머니투데이,건설공제조합 중장기 발전방안 2020 경영전략 추진,머니투데이 이군호 기자 건설공제조합 이사장 송용찬 은 중장기 발전방안인 2020 경영전략 을 추진하기로 결정했다고 15일 밝혔다. 2020 경영전략은 향후 10년간 조합을 둘러싼 경영환경 변화에 대응하고 국내 최고의 건설보증기관으로서 경쟁력과 신성장 동력을 확보하기 위해 수립된 발전방안이다. 새로 마련된 경영전략은 건설산업의 미래를 선도하는 최고의 종합 건설금융기관 The First Best CG 2020 을 비전으로 제시했다. 또 2020년 건설산업에 필요한 토탈 금융서비스를 제공하는 종합 건설금융기관으로 도약한다는 방침 아래 미래성장 고객감동 조직역량의 3대 전략목표와 4개 전략테마 12개 전략과제를 선정했다. 4대 전략테마는 △보증·공제 기능을 강화하기 위한 핵심사업 경쟁력 강화 △안정적 수익원 창출과 조합원 금융지원 확대를 위한 신성장동력 확보 △무한경쟁 체제에서 지속적인 경쟁력과 대외공신력 확보를 위한 BEST 경영체제 구축 △신인도 제고와 사회적 책임 강화를 통한 조합브랜드 강화 등이다. 조합은 신성장동력 확보를 위해 사업다각화를 추진하되 향후 실행 가능한 신규 진출사업 풀 Pool 을 선별하고 관계법령 및 사업성 등을 고려해 운영위원회의 의결을 거쳐 추진키로 했다. 조합 관계자는 2020 경영전략 추진을 통해 조합원에 대한 서비스분야를 보증을 비롯한 제반 금융 분야로 확대하고 계량적으로는 총 보증실적 65조원 고객만족도 95% 보증시장 점유율 1위를 목표로 할 계획 이라고 말했다.,https://news.naver.com/main/read.nhn?mode=LSD&mid=shm&sid1=260&oid=008&aid=0002555630,284
261686,2011.06.15. 오전 10:36,부동산,세계일보,교하신도시 한라비발디 플러스에서 다양한 커뮤니티를 즐겨라,세계닷컴 한라건설은 경기 파주 교하신도시 A22블록에서 한라비발디 플러스 아파트 823가구를 6월하순 뉴코아아울렛 사거리 인근에 모델하우스를 오픈하고 본격 분양에 나선다. 지하 2층∼지상 25층 10개동으로 전용면적 59㎡ 72가구 84㎡ 385가구 101㎡ 220가구 130㎡ 146가구 등으로 이뤄진다. 한라건설 한라비발디 플러스 아파트는 올 초 개통된 제2자유로의 혜택을 톡톡히 누릴 수 있다. 자가용을 이용한 서울 진입이 20분 이내로 단축된 데다 일산신도시를 거치지 않고 서울 도심을 직접 연결하는 간선급행 버스도 운행돼 서울을 한걸음에 내달릴 수 있게 됐다. 한라비발디 플러스 단지 주변이 간선급행 버스의 시발점이 되며 신도시 내 다른 아파트보다 도심 접근이 편리하다. 또 지난 2009년 복선 전철화 된 경의선 이용은 물론 문발IC도 인접해 있어 자유로 이용도 쉽다. 게다가 상업지구가 단지 바로 앞에 조성될 예정이다. 특히 대형 할인마트인 홈플러스가 상업지구내에 들어설 계획에 있어 편리한 생활환경을 자랑한다. 또한 단지 인근에 초등학교가 위치해 있으며 중학교가 신설될 예정이어서 우수한 교육환경이 기대된다. 단지 옆에는 근린공원 조성될 예정이어서 쾌적한 환경도 누릴 수 있다. 전체 동 棟 은 타워형의 남향위주 단지배치로 일조·채광을 극대화했다. 또 주차공간은 대부분 지하로 배치해 단지 내 녹지율이 50%에 달한다. 나무의 선과 면을 형상화하여 건물 입면도 특화하였다. 특히 단지 내에는 약 1500㎡의 잔디광장이 조성된다. 초록이 펼쳐진 드넓은 광장에서 때때로 문화공연도 펼쳐져 가족 또는 이웃과 함께 여유로운 시간을 보낼 수 있다. 약 1000㎡의 전나무 삼림욕장도 조성된다. 이곳에선 피톤치드 Phytoncide 를 만끽 할 수 있어 몸과 마음이 건강한 삶도 누릴 수 있다. 이밖에 왕벚나무 이팝나무 청단풍 느티나무 등 4가지 테마가 있는 약2km의 산책로와 약 230m 길이의 생태수공간 옥상 녹화 등 그린 프리미엄을 기대할 수 있다. 입주민을 위한 다양한 커뮤니티 시설도 돋보인다. 휘트니스 시설에는 체력단련을 위한 헬스공간 GX룸 실내 스크린 골프와 퍼팅장을 조성했다. 유아보육시설 실내 놀이터 어린이문고 및 독서실 등 단지 내 다양한 보육 및 어린이 놀이시설도 들어선다. 아울러 실버룸 노인정 에는 혈압 체성분 측정 등이 가능한 헬스케어시스템을 갖춰 어르신들의 기초건강을 챙길 수 있다. 초고속정보통신 원격제어 홈네트워크 시스템 지능형주차정보 시스템 등 첨단 시스템은 물론 신생에너지를 이용해 에너지 절약형 친환경 녹색단지를 설계했다. LED조명 태양광을 이용하는 에너지 절약형 가로등을 도입하였으며 우수 재활용 시스템으로 비가 올 때 저장된 빗물을 조경수 및 기타 공용수로 활용한다. 문의 1661 0606 ※본 콘텐츠는 기업 제공 자료로 세계닷컴의견과 다를수 있습니다. Segye.com Segye.com 인기뉴스 다들 미쳤대요 뉴욕서 한식당 연다고 쌈밥 어린이집 이번엔 달팽이 밥·거미 국 고교 교장이 여학생에 변태 성행위 강요 논란 부하에게 총검술 …부사관 대검으로 병사 찔러 촛불집회 연행 여학생 속옷 벗게 해 물의 ⓒ 세계일보 Segye.com 무단 전재 및 재배포 금지 금융전문뉴스 세계파이낸스 모바일로 만나는 세계닷컴 세계닷컴은 한국온라인신문협회 www.kona.or.kr 의 디지털뉴스이용규칙에 따른 저작권을 행사합니다.,https://news.naver.com/main/read.nhn?mode=LSD&mid=shm&sid1=260&oid=022&aid=0002275322,284
261687,2011.06.15. 오전 10:32,부동산,뉴시스,금호건설 안양 호계동 어울림 아파트 분양,서울 뉴시스 온라인뉴스팀 최근 안양 일대의 중소형 전셋값이 치솟고 있는 가운데 중소형으로 구성된 안양 호계동 어울림 아파트에 관심이 쏠리고 있다. 15일 부동산 전문가에 따르면 안양 일대는 앞으로 방학이사철이 다가오면 더욱 심각한 전세난에 시달릴 것으로 보이며 더불어 중소형 아파트 값도 오를 가능성이 높아 희소가치가 높은 올해 입주할 수 있는 새 아파트를 노려보는 게 재테크 측면에서 유리할 것으로 예상했다. 금호건설은 안양 호계동 동양아파트를 헐고 그 자리에 안양 호계동 어울림 아파트를 분양한다. 15층 2개동 총 136가구로 이뤄지며 이 가운데 조합원 물량을 제외한 전용면적 59 84㎡40가구를 일반분양한다. 모두 중소형 아파트로 후분양제가 적용돼 올해 11월이면 입주가 가능하다. 이 아파트는 평촌 신도시와 인접해 있기 때문에 교통 생활편의시설 등 주거환경이 뛰어나다. 서울 지하철 1 4호선 환승역인 금정역을 이용할 수 있다. 과천 의왕간 고속도로 의왕IC 외곽순환도로 평촌IC도 가깝다. 홈플러스 안양점 이마트 뉴코아백화점 한림대부속병원 등 생활편의시설도 풍부하다. 호성초 의왕초 호성중 모락중 등 교육여건도 잘 갖춰져 있다. 주변 녹지공간도 풍부하다. 단지 인근 모락산 숲을 비롯해 수리산 등 쾌적한 자연조건을 배경으로 아파트 단지는 현대적인 디자인과 친환경 웰빙 시설들을 갖췄다. 단지 외곽을 둘러싼 풍부한 녹지와 순환산책로도 눈에 띈다. 곳곳에는 남녀노소를 위한 다양한 놀이공간과 운동공간이 마련된다. 아파트 내부는 첨단 디지털 시설로 무장했다. 초고속 정보통신 특등급으로 실내뿐만 아니라 외부에서도 휴대폰으로 조명 가스 난방 등을 제어할 수 있는 홈 네트워크 시스템이 갖춰진다. 급배기 환기시스템과 함께 일괄소등 가스차단 스위치도 설치된다. 또한 세대 공동현관과 경비실간의 네트워크를 구축한 무인경비시스템이 갖춰져 관리비 절약은 물론 입주민의 안전을 배려해 생활의 편리함과 안락함을 누릴 수 있다. 각종 수납장을 비롯 식기세척기 가스오븐 고급비데 부부욕실 등 다양한 빌트인 시스템도 제공된다. 분양 관계자는 안양호계 어울림 아파트는 계약 후 6개월 정도면 입주가 가능하다 며 전세난이 지속되고 있는 가운데 호계동 일대는 교통 생활편의시설 등이 잘 갖춰져 있어 신규 분양아파트의 인기가 높을 것 이라고 말했다.,https://news.naver.com/main/read.nhn?mode=LSD&mid=shm&sid1=260&oid=003&aid=0003910553,284
261688,2011.06.15. 오전 10:31,부동산,이데일리,서울시 무료 와이파이 천국된다,서울시 이동통신3사 무료 와이파이 1만개소 설치합의 이데일리 이진철 기자 서울시와 이통3사가 여의도 면적 2.95㎢ 의 27.7배 서울시 면적의 13.5%에 해당하는 지역에 무료 와이파이를 구축한다. 이에 따라 오는 2015년부터는 서울시내 실내외 모든 공공장소에서 무선인터넷 사용이 가능할 전망이다. 서울시는 15일 서울 전역에 무료 와이파이 1만개소를 구축키로 하고 민간 통신3사인 KT SK텔레콤 LG유플러스와 양해각서 MOU 를 체결했다고 밝혔다. 이번 MOU 체결로 서울시가 스마트 서울 2015 의 일환으로 추진하는 공공장소 무료 와이파이 1만개소 설치에 이통3사가 오는 2015년까지 5년간 총 477억원을 투자하게 된다. 서울시와 자치구는 CCTV와 교통신호기 등을 연결하는 자가통신망의 일부 여유 대역을 이동통신사에 임대하고 이동통신사는 시민 접근이 용이한 근린공원 교차로 상가도로변 등 주요지점에 1만430개 무료 와이파이존을 설치·운영할 계획이다. 서울시와 통신3사는 1544개소의 공공·문화·시민생활공간과 지하철 1 9호선의 모든 차량 버스 택시 등 수송률이 높은 교통수단에도 상용 와이파이존을 올해 안에 설치하기로 했다. 아울러 외국인 관광코스와 외국인이 많이 붐비는 명동거리 홍대 주변거리 이태원 거리 등에 집중적으로 무료 서비스를 확대할 예정이다. 또 아동복지센터 경로당 다문화가정 등 실제로 인터넷 사용이 어려운 소외계층에게도 인터넷을 지원함으로써 정보통신 분야의 사각지대를 해소한다는 계획이다. 서울시는 공공 와이파이와 달리 통신사 가입자만 사용할 수 있는 상용 와이파이에 대해서도 시민들이 편리하게 이용할 수 있도록 통신3사와 합의했다. 이에 따라 버스정류소 등 시민이 자주 이용하는 다중이용시설에는 무선 공유기 AP 설치를 공용화 또는 무료화하도록 유도키로 했다. 황종성 서울시 정보화기획단장은 무료 와이파이 지역에서는 통신사에 관계없이 스마트폰 태블릿PC 노트북 등 모든 모바일 단말기에서 무선인터넷을 무료로 이용할 수 있어 시민들이 통신비를 절약할 수 있게 됐다 면서 서울이 공공장소면 언제 어디서나 무선인터넷을 사용할 수 있는 최첨단 IT도시가 됐다 고 말했다.,https://news.naver.com/main/read.nhn?mode=LSD&mid=shm&sid1=260&oid=018&aid=0002452735,284
261689,2011.06.15. 오전 10:31,부동산,헤럴드POP,호반건설 김포한강 호반베르디움 단지내 상가 분양…20일 입찰 돌입,호반건설 대표 최종만 은 경기도 김포한강신도시 ‘호반베르디움 총 1584세대ㆍ투시도 ’의 단지내 상가를 분양한다. 지상 2층 규모 1개동 지상 1층 규모 1개동 총 2개동 24개 점포 점포당 전용면적 35㎡ 위주 로 구성됐다. 호반베르디움 단지내 상가는 1584세대 대단지 독점상가로 도로와의 레벨차로 인해 1 2층 구분이 없어 유동인구 흡수에 유리하다. 또한 김포 한강신도시 중심상업지구와는 이격되어 있어 상권의 독립성이 강하고 중소형 단지의 입주민들의 소비성향이 매우 강해 대단지 독점 상권이 형성될 것으로 보인다. 입찰은 오는 20일 오전 9시부터 오후 3시까지이고 경쟁 입찰 방식으로 진행된다. 한편 김포한강 호반베르디움은 소비자들의 요구를 반영해 단일 평형에 6개 평면을 도입 하고 채광과 개방감이 높은 평면설계를 적용하여 100% 분양 완료됐다. 특히 김포한강로와 동서3축도로 제2외곽순환고속도로가 차례로 개통하면 서울로의 접근성이 더욱 쉬워질 전망이다.,https://news.naver.com/main/read.nhn?mode=LSD&mid=shm&sid1=260&oid=112&aid=0002203174,284
261690,2011.06.15. 오전 10:26,부동산,연합뉴스,나스미디어 지하철광고 효과분석 솔루션 개발,서울 연합뉴스 최인영 기자 KT그룹의 디지털광고 전문 자회사인 나스미디어는 지하철 광고 효과를 측정하는 솔루션 웨이브 WAVE 를 개발했다고 15일 밝혔다. 웨이브는 서울특별시 도시철도공사가 운영하는 지하철 5∼8호선 광고의 노출과 비용 대비 효과를 정량적으로 분석하는 솔루션이다. 나스미디어는 지금까지는 광고주가 지하철 등 옥외광고의 효과에 대한 객관적인 자료를 구하기 어려웠다 며 웨이브를 이용해 광고 효과를 정량화하면 옥외광고 업계와 광고주에게 큰 도움이 될 것 이라고 기대했다. 이 회사는 광고 효과 산출 치에 대한 신뢰성을 높이기 위해 지하철에 광고를 내는 광고주와 광고대행사들이 직접 웨이브 솔루션에 접속해 광고 효과를 확인할 수 있게 할 방침이다.,https://news.naver.com/main/read.nhn?mode=LSD&mid=shm&sid1=260&oid=001&aid=0005113388,284
261691,2011.06.15. 오전 10:22,부동산,아시아경제,서울에서 중소형 아파트 가장 많은 곳은,아시아경제 조민서 기자 소형 아파트는 노원구에 중대형 이상은 강남에 많이 분포돼 있는 것으로 나타났다. 실수요자들에게 인기가 높은 중소형도 강남권 비중이 높았다. 부동산정보업체 닥터아파트가 서울시 25개구의 주택형별 가구수를 분석해본 결과 공급면적 기준 99㎡이하 10 20평형대 는 노원구 100 165㎡ 30 40평형대 는 송파구 166 195㎡ 50평형대 는 강남구 196㎡이상 60평형대 이상 은 서초구가 가장 많은 것으로 조사됐다. 현재 서울시 소재 65㎡이하 10평형대 초소형아파트는 총 11만2313가구로 이중 24.4%가 노원구 2만7367가구 에 집중돼 있는 것으로 나타났다. 이어 강남구가 1만8311가구 강동구 1만2258가구 송파구 1만1679가구 등의 순으로 뒤를 이었다. 66 99㎡ 20평형대 소형아파트 역시 노원구가 가장 많았다. 서울시 전체 소형아파트 37만3544가구 의 15.9% 5만9441가구 가 노원구에 분포해 있다. 그 뒤로는 양천구 2만7139가구 구로구 2만3313가구 도봉구 2만719가구 등이 따랐다. 실수요자들의 관심이 가장 높은 100 132㎡ 30평형대 중소형아파트는 강남권에 많이 분포돼 있었다. 송파구가 4만7803가구로 가장 많았고 강남구 3만8808가구 가 뒤를 이었다. 3번째로 많은 비중을 보인 노원구 3만7317가구 는 초소형아파트에 이어 중형아파트에서도 높은 분포도를 나타냈다. 133 165㎡ 40평형대 중대형아파트 역시 송파구 1만6135가구 가 제일 많은 것으로 나타났고 강남구 1만4502가구 서초구 1만1284가구 성북구 8992가구 등이 뒤를 이었다. 166 195㎡ 50평형대 대형아파트 및 196㎡ 이상 60평형대 이상 초대형아파트는 강남·서초·송파구 등 강남3구가 차지하는 비중이 매우 컸다. 166 195㎡ 대형아파트의 경우 강남구가 9714가구로 가장 많았고 서초구가 7220가구 송파구가 6400가구인 것으로 조사됐다. 강남권 외 지역에서는 영등포구가 3096가구로 4번째로 많은 물량을 보였다. 196㎡ 이상 초대형아파트도 순위만 바뀌었을 뿐 대형아파트와 비슷한 모습이다. 서초구가 6606가구 강남구 5869가구 송파구 2305가구로 상위권에 올랐다. 용산구 1880가구 영등포구 1540가구 양천구 1448가구 등이 뒤를 이었다. 이영진 닥터아파트 리서치연구소장은 노원구는 20평형대 이하 비중이 노원구 전체 아파트의 92.9%로 높아 신혼부부나 강남권에 비해 가격이 상대적으로 저렴한 집을 찾는 수요자들이 관심을 가질 만하다 라며 자금여력이 있는 수요자라면 30 40평형대 아파트가 폭넓게 분포해 있고 수요층이 두터운 강남권을 추천한다 고 말했다.,https://news.naver.com/main/read.nhn?mode=LSD&mid=shm&sid1=260&oid=277&aid=0002623367,284
261692,2011.06.15. 오전 10:21,부동산,매일경제,자이갤러리에서 ‘나가수 콘서트’ 연다,GS건설이 전 국민적 관심을 받고 있는 ‘나는 가수다 이하 나가수 ’에 출연했던 가수들을 초청해 무료 콘서트를 연다. GS건설은 ‘나가수’에 출연한 가수 백지영씨와 JK김동욱씨를 초청해 오는 24일 서울 서교동 자이갤러리에서 ‘자이콘서트’를 개최한다고 15일 밝혔다. 이번 콘서트는GS건설이 지난달 업계 최초로 태블릿 PC 및 스마트폰 용 통합 애플리캐이션인 ‘자이앱’ 출시를 기념하는 의미에서 마련됐다. 관람 신청은 ‘자이앱’ 이나 자이홈페이지 www.xi.co.kr 를 통해 받으며 자이고객뿐만 아니라 일반고객 까지 누구나 신청이 가능하다. 자이앱에서는 ‘소통공간’ 페이지에서 ‘참여하기’를 터치하면 신청 글을 남길 수 있고 홈페이지는 회원가입을 한 후 ‘신청하기’에서 방청권을 신청하면 된다. GS건설은 신청 고객 중 200명을 추첨해 20일 자이홈페이지에 게재 또는 개별 통보할 예정이다. GS건설 관계자는 “고객들에게 자이만의 특별한 서비스를 제공하기 위해 이번 콘서트를 마련했다”며 “나가수에서 자진 하차해 아쉬움을 남긴 실력파 가수 2명이 참석한다는 소식에 벌써부터 참가 문의가 폭주하고 있다”고 전했다. 한편 ‘자이앱’은 자이 입주민 전용 잡지인 ‘가가자이’ 내용과 최근 자이 분양단지 소개 등 ‘알짜 생활정보’를 수시로 업데이트하여 확인해 볼 수 있는 무료 애플리케이션으로 출시한지 한 달새 2만여명 이상이 다운로드를 받을 정도로 큰 호응을 얻고 있다. 매경닷컴 조은영 기자 ⓒ 매일경제 mk.co.kr 무단전재 및 재배포 금지 MBA도 모바일로 공부한다.,https://news.naver.com/main/read.nhn?mode=LSD&mid=shm&sid1=260&oid=009&aid=0002484828,284
261693,2011.06.15. 오전 10:21,부동산,한국경제TV,포스코건설 베트남페루 소외계층 봉사활동,포스코건설이 베트남과 페루 등 해외현장 인근지역 소외계층을 위한 봉사활동을 펼쳤습니다. 포스코건설은 최근 인천 송도사옥에서 임직원 140여명과 사단법인 우리복지 직원이 참여한 가운데 임직원들로 부터 기증 받은 헌 의류와 헌 신발을 포장하는 봉사활동을 실시했다고 밝혔습니다. 이렇게 포장된 비품들은 다음달 초 포스코건설이 진출한 베트남 현장과 페루 칼파발전소 현장 인근 마을 주민들에게 전달됩니다. 한편 포스코건설은 캄보디아 고등학교에 도서전달 기탁을 하는 등 국내뿐 아니라 해외지역 봉사활동에도 폭넓게 참여하고 있습니다.,https://news.naver.com/main/read.nhn?mode=LSD&mid=shm&sid1=260&oid=004&aid=0002082228,284
261694,2011.06.15. 오전 10:20,부동산,매일경제,롯데몰 김포스카이파크 공항 공원으로 바뀐다,최근 건설 분야의 트렌드는 특정 공간에 대해 사람들이 흔히 갖는 선입견을 ‘자연’으로 승화하고 더 나아가 시민들이 언제든지 쉽게 방문할 수 있도록 조성하는 것. 이에 도심 내의 다양한 시설들이 ‘공원화’로 눈길을 끌고 있다. 오는 12월초에 오픈할 ‘롯데몰 김포스카이파크’는 부지면적이 59 000여 평에 이르며 특히 국내 최대규모인 약 4만 평 규모의 녹지공원이 조성된다. 백화점 쇼핑몰 마트 시네마 및 200여개의 객실을 갖춘 호텔 등이 다양한 종의 수목을 갖춘 거대한 규모의 공원 속에 자리해 단순한 쇼핑몰 이상의 휴식 공간을 제공할 계획이다. 특히 주목할 것은 복합몰 주변에 2만 평 규모로 들어서는 테마파크. 전체 테마파크의 상징적 공간으로서 봄·여름 등 계절의 화사함을 표현한 ‘커뮤니티광장’ 영화 및 연극제 등의 공연 이벤트가 열리는 광장인 ‘씨네 플라자’ 수변공간과 음악 분수 등을 통해 아름다운 야경을 연출할 ‘레이크 파크’ 등 컨셉트에 맞게 6개의 테마로 구성되어 계절 및 취향에 따라 즐겨 찾을 수 있도록 했다. 롯데몰 김포스카이파크 프로젝트 시행사인 롯데자산개발 임형욱 매니저는 “다른 복합쇼핑몰에 비해 가장 차별화를 두는 점이 바로 테마파크의 조성”이라며 “쇼핑몰에서 한 단계 진화한 개념인 몰링파크 Malling Park 로 김포국제공항 환승객 및 해외 관광객 가족단위 쇼핑객들의 명소가 되도록 최선을 다할 것”이라고 말했다. 매경닷컴 조은영 기자 ⓒ 매일경제 mk.co.kr 무단전재 및 재배포 금지 MBA도 모바일로 공부한다.,https://news.naver.com/main/read.nhn?mode=LSD&mid=shm&sid1=260&oid=009&aid=0002484822,284
261695,2011.06.15. 오전 10:20,부동산,한국경제TV,GS건설 나는 가수다 백지영JK김동욱 콘서트 개최,GS건설이 모 방송사 프로그램인 나는 가수다 에 출연한 가수들을 초청해 무료 콘서트를 엽니다. GS건설은 가수 백지영씨와 JK김동욱씨를 초청해 오는 24일 서울 서교동 자이갤러리에서 자이콘서트 를 개최한다고 밝혔습니다. 관람 신청은 자이앱 이나 자이홈페이지 www.xi.co.kr 를 통해 받고 자이고객뿐만 아니라 일반고객까지 누구나 신청이 가능합니다. GS건설 관계자는 지난달 업계 최초로 태블릿 PC 및 스마트폰 용 통합 애플리캐이션인 자이앱 출시를 기념하는 의미에서 마련했다 고 말했습니다.,https://news.naver.com/main/read.nhn?mode=LSD&mid=shm&sid1=260&oid=004&aid=0002082227,284
261696,2011.06.15. 오전 10:11,부동산,뉴시스,소형 아파트는 노원구 대형은 강남3구에 몰려,서울 뉴시스 김형섭 기자 서울의 25개구 가운데 소형 아파트가 가장 많은 곳은 노원구인 반면 대형은 강남·서초·송파 등 강남 3구에 밀집해 있는 것으로 조사됐다. 15일 부동산정보업체 닥터아파트가 서울 25개구의 면적별 가구수를 분석한 결과에 따르면 공급면적 기준 99㎡이하는 노원구 100 165㎡는 송파구 166 195㎡는 강남구 196㎡이상은 서초구가 가장 많았다. 면적별로 서울의 65㎡이하 10평대 소형 아파트는 총 11만2313가구로 이중 24.4%인 2만7367가구가 노원구에 집중돼 있다. 이어 강남구 1만8311가구 강동구 1만2258가구 송파구 1만1679가구 의 순이었다. 66 99㎡ 20평대 중소형 역시 노원구가 가장 많았다. 전체 37만3544가구의 15.9% 5만9441가구 가 노원구에 분포돼 있다. 양천구 2만7139가구 와 구로구 2만3313가구 도봉구 2만719가구 등이 뒤를 이었다. 실수요자들의 인기가 높은 100 132㎡ 30평대 중형은 강남권에 많이 분포돼 있었다. 송파구가 4만7803가구로 가장 많았고 강남구 3만8808가구 노원구 3만7317가구 순이었다. 133 165㎡ 40평대 중대형도 송파구가 1만6135가구로 제일 많았다. 이어 강남구 1만4502가구 서초구 1만1284가구 성북구 8992가구 등이 뒤를 이었다. 166 195㎡ 50평대 와 196㎡이상 60평대 대형 아파트는 강남3구에 집중돼 있었다. 166 195㎡의 경우 강남구가 9714가구로 가장 많았고 서초구가 7220가구 송파구가 6400가구인 것으로 조사됐다. 196㎡ 이상은 서초구 6606가구 강남구 5869가구 송파구 2305가구 순이었다.,https://news.naver.com/main/read.nhn?mode=LSD&mid=shm&sid1=260&oid=003&aid=0003910467,284
261697,2011.06.15. 오전 10:07,부동산,파이낸셜뉴스,LH 원주서 원주혁신도시무실지구 매각토지 투자설명회,한국토지주택공사 LH 는 오는 24일 강원 원주 인터불고호텔에서 원주혁신도시 무실2 3지구내 공동 단독주택 상업 업무 준주거 근린생활 등 매각토지를 소개하는 투자설명회를 개최한다고 15일 밝혔다. 이번 설명회는 지난달 16일 수도권 소재 공동주택지 설명회를 개최한데 이어 두번째로 열리는 것으로 외부에서 초빙한 부동산 투자 전문가 강의와 혁신도시 무실지구 담당 판매부장의 매각토지 설명 순으로 진행된다. 강의는 부산 광주 대구 등 남부지방과 대전지역을 중심으로 회복기에 접어든 지방 부동산 시장 동향을 진단하고 최근 춘천에서 불붙은 투자붐으로 인해 서서히 살아나고 있는 원주지역 부동산 시장 투자전략을 제시하는 내용으로 진행된다. 강원혁신도시사업단 보상판매부장은 “지난달 말 국토해양부가 공시한 개별공시지가 시 군 구별 상승률에서 전국 최고를 기록한 춘천에 비해 원주는 부동산 회복속도가 상대적으로 더디지만 인구유입이 꾸준하고 미분양 아파트 감소세도 지속되고 있는 등 시장상황이 좋다”며 “2013년 양평 용문∼남원주 간 중앙선 복선전철이 개통되기에 앞서 2012년 조성되는 원주혁신도시 토지는 지금이 투자 적기”라고 말했다.,https://news.naver.com/main/read.nhn?mode=LSD&mid=shm&sid1=260&oid=014&aid=0002457025,284
261698,2011.06.15. 오전 10:07,부동산,경향신문,일산 매머드급 대단지 ‘덕이 아이파크’주거 선호도 높아,경기도 일산 마지막 랜드마크 일산덕이 아이파크 1 5단지의 입주가 1월 중순부터 시작하여 지금 막바지에 이르고 있다. 분양 당시부터 화제를 모았던 덕이지구 아이파크는 부동산 침체 속에서 매머드급 단지가 입주하면서 일시적으로 가격약세를 보였지만 입주시작과 함께 분위기가 다소 회복되고 있다. 현재는 일부 급매물이 소진되면서 동호수가 좋은 세대는 자취를 감추었고 가격 하락은 서서히 멈추고 있는 상태이다. ‘일산덕이 아이파크’는 브랜드 규모 단지시설 세대 인테리어등 어느 하나 빠질 것 없는 조건으로 일산의 랜드마크로 자리매김이 기대되는 단지이다. 덕이지구는 지역주민의 주거선호도가 높아서 아파트가 10년 이상 된 일산권 지역 주민들이나 파주권에서 이전수요가 높으며 지금도 입주하려는 입주자들과 전세를 구하려는 수요로 분주하다고 한다. 자유로 1 2 강변북로 외곽순환도로를 이용하여 서울로의 접근 편의성 1 556가구 규모의 대단지 덕이지구 총 4 872가구 현대산업개발의 ‘아이파크’ 브랜드까지 더해지면서 일산권 뿐 만 아니라 수도권에서 이만한 단지가 없을 것으로 보여진다. 일산덕이 아이파크는 주변 주거환경과 비교할 때 당연 뛰어나다고 할 수 있다. 이미 일산 신시가지 내 단지들은입주연차가 10년 이상 된 경우가 많기 때문에 대규모 새 아파트의 등장은 매우 반가운 일이 아닐 수 없다. 일산덕이 아이파크 1단지는 693가구 주택형 111 207m2으로 구성되어 있으며 5단지는 863가구 주택형 111 210m2으로 구성되어 있어 대형외에도 중소형을을 찾는 수요자들도 관심을 가질 수 있다. 일산덕이 아이파크가 자리한 일산 서구지역은 국내 최대 규모의 국제전시장 킨텍스 롯데 현대백화점 기존 신세계백화점 2012년 예정 한류월드 예정 레이킨스 몰 농수산물 종합유통센터 이마트등이 위치하여 대한민국 쇼핑과 문화 콘텐츠의 천국으로 우뚝 설 것으로 보이며 이에 따라 향후 일산덕이 아이파크가 일산 서구 지역 개발의 최대 수혜 단지가 될 것은 명확한 사실이다. 또한 단지 인근의 중앙공원은 물론 호수공원과 고양종합운동장 등에서 여가를 즐길 수 있는 쾌적한 환경과 탄현역 역세권 기존 자유로 1 2 및 외곽순환도로를 이용한 서울로의 뛰어난 접근성과 경의선 확충 서울 문산 고속도로 2014년 예정 일산 GTX 2017년 예정 일산 제2의 강남으로 급부상 등으로 수도권 교통의 중심지로 우뚝 설 것으로 기대되며 덕이지구내 백송 한산초교 덕이중교 덕이고교 공사중 가 개교하였거나 예정이며 교육도시 일산의 교육시설과 명문학원 파주 영어마을을 편리하게 이용할 수 있는 교육환경의 중심지를 자랑한다. 전망 채광과 통풍을 고려한 타워형 설계와 녹지율을 높이고 100% 지하주차장 설계 1 5단지 로 안전한 보행 환경과 쾌적한 생활환경을 제공하였으며 넓은 중앙공원과 생태공원을 바라보며 생활할 수 있는 탁월한 조망권을 확보하였으며 전세대를 남향 위주로 배치한 것도 주요 특징이다. 또한 다양한 운동과 휴식을 즐길 수 있는 주민운동시설 및 휘트니스센터 실내 골프연습장 동호회실등 꼭 필요한 시설만을 갖춘 커뮤니티센터가 가장 큰 자랑거리이다. 인근 식사지구 및 덕이지구내 신동아 파밀리에등 한꺼번에 많은 물량이 입주를 시작하면서 전세가격은 주변보다 저렴한 편이다. 일산덕이 아이파크는 신규 아파트임에도 불구하고 기존 아파트와 전세가격 차이가 많이 나지 않자 봄철 수요가 몰리면서 전세거래가 활발하여 현재는 남은 물량이 마무리로 진행 중에 있다. 매매가격은 약보합세를 유지하고 있지만 4월말 기점으로 분양가보다 약 10% 가량 저렴한 매물들이 눈에 띄게 소진되었으며 이전에는 단지 전체의 30% 가량이 급매물로 나왔지만 임대가 활발하여 매매가 임대로 전환되면서 급매물양이 크게 감소하였으며 이로 인해 매매가도 분양가 수준으로 회복되는 모습을 보이고 있다. 지금은 가격이 빠지면서 40평형이상을 중심으로 분양가보다 낮은 가격에 매물이 나오지만 입주가 마무리 되면서 가격이 바닥이라고 인식한 수요자들이 급매물을 매수하고 있는 분위기이다. 일산덕이아이파크 임대 및 매매 문의 031 902 3807 902 3813 903 1645 본 자료는 해당 업체에서 제공한 보도 자료입니다. 경향신문 ‘오늘의 핫뉴스’ 서울대생 절대 대통령 안돼야할 인물 1위 박근혜의 ‘한마디’와 노무현의 ‘한마디’ 서러운 알바 여대생… 내가 사람이긴 한 건가 “겁많은 여학생이지만 너무 화나고 견딜수없어” 직장인이 부모님께 드리는 용돈… 평균 얼마 취업 면접때 ‘딱 걸리는 거짓말’… 1위는 공식 SNS 계정 경향 트위터 미투데이 페이스북 세상과 경향의 소통 Khross ⓒ 경향신문 경향닷컴 www.khan.co.kr 무단전재 및 재배포 금지 〈경향닷컴은 한국온라인신문협회 www.kona.or.kr 의 디지털뉴스이용규칙에 따른 저작권을 행사합니다.,https://news.naver.com/main/read.nhn?mode=LSD&mid=shm&sid1=260&oid=032&aid=0002142161,284
261699,2011.06.15. 오전 10:07,부동산,한국경제,분양정보대우건설프리미엄 오피스텔 문정지구 송파 푸르지오 시티,강남 新 주거벨트 내 프리미엄 오피스텔 지하 5층 지상15층 1개동 총1249실 규모 대우건설은 서울시 송파구 문정동 일대에서 송파 푸르지오 시티를 6월 17일 견본주택을 오픈하고 본격적인 분양에 나선다. 송파 푸르지오 시티는 지하5층 지상15층 1개동 총 1249실 규모의 오피스텔로 1 2층엔 판매시설과 오피스 2층 를 포함하고 있다. 송파 푸르지오 시티는 서울 강남 최고의 입지와 입주민들의 고품격 라이프스타일을 고려한 프리미엄 오피스텔로 뛰어난 입지와 상품성을 갖춰 실수요는 물론 투자 수요의 관심을 끌 것으로 기대되고 있다. 서울시 송파구 문정동 가든파이브 활성화단지 1 2BL에 위치해 있어 위례신도시 장지지구 세곡지구로 이어지는 강남 신 주거벨트 개발에 따른 수혜를 기대할 수 있다. 송파 푸르지오 시티 남측으로는 코엑스몰의 6.2배 약 24만평 규모의 대형유통단지인 가든파이브가 현재 입점해 있으며 북측은 문정동 법조타운이 조성돼 동부지법 동부지검 등이 이전 될 예정이다. 특히 법조타운 내 미래형 업무용지에는 추후 신소재 로봇 등의 미래형 업무 단지로 개발될 예정이다. 또한 제2롯데월드 가락시장 현대화 KTX 수서역 등 강남지역의 핵심 개발계획이 다수 예정되어 있어 그 프리미엄은 향후 더욱 높아질 것이다. 또한 최근 수요자들의 인기를 얻고 있는 전용면적 24.90㎡ 52.17㎡의 소형 중심으로 구성돼 있다.,https://news.naver.com/main/read.nhn?mode=LSD&mid=shm&sid1=260&oid=015&aid=0002480071,284
261700,2011.06.15. 오전 10:06,부동산,이데일리,판교 설계 잘못으로 1000억 들여 도로 이전,이데일리 박철응 기자 판교신도시의 일부 설계 잘못으로 1000억원 가량을 들여 서울외곽순환고속도로를 옮기게 됐다. 15일 한국토지주택공사 LH 와 성남시에 따르면 성남시 분당구 운중동 판교신도시 북쪽을 지나는 외곽순환도로 1.84km 구간을 2015년까지 110m 가량 이전하기로 했다. 이를 위해 도로공사는 오는 9월 용지보상에 들어가 올해 말 착공 예정이다. 사업비는 1063억원으로 추산되는데 판교사업비 공동공공시설물 사업비로 정산 로 충당하게 된다. 이는 판교 택지개발로 인해 고속도로 바로 옆에 아파트 단지가 들어섰기 때문이다. 일부 아파트의 경우 외곽순환도로와 33m 정도밖에 떨어져있지 않아 극심한 소음에 시달려왔다. 성남시와 LH는 서로 책임 공방을 벌이고 있다. 성남시는 전체적인 판교 설계를 LH가 했으므로 책임이 있다는 주장인 반면 LH는 해당 지역이 성남시 사업구역이며 개발계획을 수립할 때 성남시의 의견을 반영했다는 입장이다.,https://news.naver.com/main/read.nhn?mode=LSD&mid=shm&sid1=260&oid=018&aid=0002452703,284
261701,2011.06.15. 오전 10:01,부동산,헤럴드POP,동부건설 ‘영덕역 센트레빌’ u30003순위 최고 2.33대1로 순위 내 청약마감,동부건설은 용인 기흥구 영덕동에 분양하는 ‘영덕역 센트레빌’ 아파트 청약접수를 받은 결과 3순위 최고 2.33대1의 청약경쟁률을 기록하며 순위 내 분양을 마감했다고 15일 밝혔다. 금융결제원에 따르면 지난 9일 10일 13일 3일간 실시한 ‘영덕역 센트레빌’ 청약접수결과 233가구 모집에 382명이 신청해 평균 1.64대1로 청약 마감했다. 주택형별로는 84㎡가 총 156가구 모집에 249명이 청약해 1.60대1의 청약경쟁률을 보였다. 101㎡는 77가구 모집에 133명이 청약해 1.73대 1의 성적으로 청약접수를 마쳤다. 특히 13일 실시한 3순위 청약접수에서는 101㎡ A형 수도권 물량이 2.33대1을 기록하는 등 높은 인기를 보였다. 이 같은 ‘영덕역 센트레빌’의 청약 성적은 그동안 청약실적이 좋지 않았던 수도권 분양시장 상황을 감안하면 이례적인 결과다. 이상욱 동부건설 소장은 이에 대해 “2012년 개통예정인 분당선 영덕역 역세권 영흥공원이 한눈에 내려다보이는 조망권 주변시세 대비 저렴한 분양가”를 청약 호조 요인으로 꼽았다. 영덕역 센트레빌은 수도권의 마지막 황금노선이라 불리는 분당선 연장선 영덕역 2012년 개통예정 역세권으로 수원역은 물론 강남 접근성이 뛰어난 것이 장점이다. 단지 대부분의 세대에서 영흥공원을 내려다볼 수 있는 조망특화 아파트란 점도 청약률을 높이는데 일조했다는 평가다. 또 3.3㎡당 1219만원으로 분양가 심의를 통과했음에도 불구하고 분양가를 주변 시세를 고려해 1000만원대에서 층과 향이 좋은 곳은 1100만원대까지로 책정해 호응을 얻었다. 이는 인근 수원 신동에서 분양한 래미안 영통 마크원의 1300만원 내외의 분양가와 비교했을 때 저렴한 수준이다. 당첨자 발표는 6월 17일 금 이며 계약은 22일 24일 3일간 실시한다.,https://news.naver.com/main/read.nhn?mode=LSD&mid=shm&sid1=260&oid=112&aid=0002203142,284
261702,2011.06.15. 오전 10:00,부동산,경향신문,선유도 지식산업센터에 분양문의 쇄도… 본격 ‘한강 르네상스’시대 개막,최근 대형건설사들이 지식산업센터 구 아파트형공장 건설에 참여하는 사례가 늘고 있다. 초고층 지식산업센터를 건립함으로써 기존의 답답했던 중층 박스구조의 아파트형공장과는 차별화된 경쟁력을 확보하려는 것으로 분석된다. 이에 아파트 공급이 급감함에 따라 최근 다시 관심이 불거지던 오피스텔과 함께 지식산업센터가 새로운 수익형부동산 상품으로 급부상하고 있다. 훨씬 높아진 층수로 탁 트인 조망을 확보하고 건물에 녹지·조경·휴식공간을 늘려 업무환경의 쾌적함’까지 고려한 지식산업센터가 분양시장의 새로운 패러다임으로 자리 잡아가고 있다는 것이다. 현재 가산·구로·성수동과 수원 등지를 중심으로 퍼져 나아가고 있으며 특히 상장기업 아이에스동서가 분양 중인 ‘선유도역 아이에스비즈타워’에 업계의 관심이 집중되고 있다. ◇ 한강 르네상스 유도정비구역… 최적의 입지 치솟는 가치 아이에스 비즈타워는 9호선 선유도역에서 약 3분 거리에 위치한 초역세권 타워로 서울 전역에 대한 접근성이 탁월하다. 더욱이 선유도 일대는 서울지하철 9호선에 올10월 전동차 12대가 추가 배치되는 호재를 누림에 따라 투자자들에게 한껏 매력을 과시하고 있다. 뿐만 아니라 인근 올림픽대로 서부간선도로 내부순환도로 강변북로 등을 이용한 편리한 차량 교통여건 또한 이 같은 투자바람을 더욱 부추기고 있다. 여의도까지 15분 강남까지는 30분대로 이동이 가능하며 가산동디지털단지와 상암 DMC 의 10분대 거리로 서부권의 교통중심지에서 사통팔달의 교통 특권을 누릴 수 있기 때문이다. 업계관계자들은 이 같은 편리한 교통 뿐 아니라 특히 한강르네상스 유도정비구역 내에 자리 잡은 지리적 여건을 고려할 때 추후 부동산의 가치 및 투자가치가 큰 폭으로 상승할 것이라고 내다보는 추세다. ◇ 보다 저렴하게 ‘안양천·한강’ 조망의 프리미엄 까지 기존의 ‘아파트형공장’하면 떠오르던 박스형 구조 설계에서 벗어나 조망권을 확보하고 쾌적함을 살린 것은 최근 트렌드를 반영한 아이에스 비즈타워의 가장 큰 장점이다. 연면적 40 142.78m² 1만2천여평 에 지하 2층부터 지상 26층의 건물 규모로 건물과 건물 간의 간섭을 없애 모든 층이 탁 트인 개방감과 우수한 채광을 누릴 수 있으며 거의 모든 호실에서 안양천을 볼 수 있다. 특히 상층부는 한강까지 볼 수 있는 프리미엄을 만끽할 수 있고 11m에 달하는 높은 1층 로비라운지는 외부 방문객은 물론 모든 입주자들에게 품격 있는 비즈니스 환경을 제공한다. 뿐만 아니라 일반적으로 빌딩 건축시 시행사와 시공사가 서로 달라 발생하는 불필요한 비용 또한 선유도 아이에스 비즈타워는 단일 회사에서 시행과 시공을 모두 도맡아 비용을 최소화 했다. 이에 선유도 아이에스 비즈타워의 평균 분양가는 600만원대로 가산디지털단지나 성수동 지식산업센터들의 평균 분양가 700 900만원대에 비해 저렴하게 공급되며 선유도 인근에서 분양하는 지식산업센터들 중에서도 경쟁력이 높아 투자자들 사이에서 관심이 높다. 이에 분양 관계자는 “강남 여의도 마포 지역의 높은 임대료와 도심의 답답한 환경을 피해 사무실을 이전하는 수요가 많다”며 “특히 정보기술 IT 연구개발 R D 센터 등 첨단 업종의 수요가 많다”고 밝혔다. 실제로 2012년 3월 준공 예정인 인근의 선유도 코오롱 디지털 타워가 현재 70%대의 높은 분양률을 보여 이 같은 사실을 뒷받침하는 것으로 나타났다. ◇ 믿을 수 있는 기업 아이에스동서 최근 연이은 건설사들의 퇴출과 부도로 건설사의 신뢰도에 대한 부분이 제고되는 시점에서 선유도역 아이에스 비즈타워의 시행 시공사인 아이에스동서는 투자자들이 안심할 수 있는 건실한 기업이다. 1975년 설립이후 요업분야와 건설분야에서 실력을 인정받아왔으며 코스피 상장 회사로 재무 구조가 탄탄하다는 평이다. 또한 청라지구의 ‘청라 에일린의 뜰’ 오피스텔 및 4월에 분양한 테라스하우스인 ‘광교 에일린의 뜰’을 부동산 침체기임에도 불구하고 1순위에 청약마감 및 최고 경쟁률 49 대1일 이라는 높은 경쟁률로 성공 분양시켜 화제를 모은 업체이기도 하다. 선유도역 아이에스 비즈타워를 분양받을 경우 따르는 세제혜택 또한 매력적이다. 최초 분양받아 입주하는 기업은 취득세와 등록세가 100% 면제되고 재산세는 5년간 50% 감면 받을 수 있다. 본 자료는 해당 업체에서 제공한 보도 자료입니다. 경향신문 ‘오늘의 핫뉴스’ 서울대생 절대 대통령 안돼야할 인물 1위 박근혜의 ‘한마디’와 노무현의 ‘한마디’ 서러운 알바 여대생… 내가 사람이긴 한 건가 “겁많은 여학생이지만 너무 화나고 견딜수없어” 직장인이 부모님께 드리는 용돈… 평균 얼마 취업 면접때 ‘딱 걸리는 거짓말’… 1위는 공식 SNS 계정 경향 트위터 미투데이 페이스북 세상과 경향의 소통 Khross ⓒ 경향신문 경향닷컴 www.khan.co.kr 무단전재 및 재배포 금지 〈경향닷컴은 한국온라인신문협회 www.kona.or.kr 의 디지털뉴스이용규칙에 따른 저작권을 행사합니다.,https://news.naver.com/main/read.nhn?mode=LSD&mid=shm&sid1=260&oid=032&aid=0002142158,284
261703,2011.06.15. 오전 9:59,부동산,머니투데이,총리실에 적발된 제주도 연찬회가 뭐기에,머니투데이 송지유 기자 올해로 7회 맞은 연간행사…하천협회 주관으로 1·2차 나눠서 진행 국토해양부 직원들의 부적절한 행위가 국무총리실 공직복무관리관실에 대거 적발된 것으로 알려진 제주도 연찬회는 국토부가 주최하고 한국하천협회가 주관한 행사로 매년 열린다. 행사명은 자연친화적 하천관리 연찬회 이며 올해로 7회를 맞았다. 이번 행사 주제는 지역사회와 함께하는 하천 . 올 연찬회는 제주국제컨벤션센터에서 지난 3월28일 29일 3월31일∼4월1일 등 1·2차 행사로 나눠 열렸다. 엄밀히 따지면 최근 주요 정부부처를 중심으로 관가에서 유행하는 목·금 연찬회는 아닌 셈이다. 소방방재청과 제주특별자치도 제주관광공사 제주광역경제권 선도사업지원단 등이 이번 행사 후원자로 나섰다. 연찬회와 함께 친환경 하천 자재 및 공법 전시회 도 진행됐다. 참가비는 5만원 3월20일까지 사전 등록시 3만원 으로 책정됐다. 행사를 주관한 하천협회는 연찬회 참석자에게 세미나참가수료증을 발급 법령에서 정한 교육훈련 이수시간으로 인정받을 수 있도록 조치했다. 문제가 된 거액의 비용은 행사장 대여 부스 설치 등 명목으로 하천협회가 걷은 것으로 알려졌다.,https://news.naver.com/main/read.nhn?mode=LSD&mid=shm&sid1=260&oid=008&aid=0002555556,284
261704,2011.06.15. 오전 9:57,부동산,아시아경제,천안 신방통정지구 남은 체비지 판다,아시아경제 왕성상 기자 천안시가 천안신방통정지구 쌍용1택지 두정지구 체비지 1차 매각입찰에서 유찰된 남은 체비지에 대해 2차 입찰을 통해 판다. 용지별 공급예정가격은 단독주택 땅 1억9800만원 공동주택 땅 143억9100만원 준주거땅 5억9200만∼9억1400만원이다. 쌍용1택지와 두정지구는 각 1억3400만원 6200만원으로 필지별 최고가 입찰자를 낙찰자로 정한다. 입찰신청 및 낙찰자발표 6월21일 매매계약체결 6월23일∼24일 순으로 이어진다. 천안시는 2차 입찰 뒤에도 팔리지 않을 땐 오는 27일 오전 9시부터 선착순 수의계약으로 판다. 대금은 계약금 10%와 계약일로부터 1개월 이내 30% 2개월 이내 30% 3개월 이내 잔금 30%를 내면 된다. 천안신방통정지구는 자연환경적인 전원주택 터로서 아산신도시·천안아산역과 걸어서 5분 거리에 있다. 사업지구와 이어진 서부대로의 연장개통으로 남부대로와 기존 시가지로의 접근이 더 편해졌다. 근린생활시설과 주거비율 제약이 없어 여러 용도의 건물을 지을 수 있다. 더 자세한 내용은 천안시홈페이지 www.cheonan.go.kr 에서 확인하거나 천안시 건설사업소 개발과 ☎041 521 2722 로 물어보면 된다. 입찰참가 신청은 천안시 서북구청 3층 건설사업소 에서 하면 된다.,https://news.naver.com/main/read.nhn?mode=LSD&mid=shm&sid1=260&oid=277&aid=0002623322,284
261705,2011.06.15. 오전 9:57,부동산,한국경제,분양정보세광산업개발 배후 수요 풍부한 천안 쌍용동 하이빌프라자,연면적 3 576.82㎡ 지하2층 지상6층 4521세대 풍부한 배후 수요 독점 상권 세광산업개발이 천안 쌍용동 동일하이빌 아파트 입구에 위치한 ‘하이빌프라자’를 분양 중이다. 천안 쌍용동 하이빌프라자는 아파트 단지 내 배후수요를 확보한 독점 상권을 자랑하며 상가 내 MD 구성도 실속 있어 투자메리트가 높다. 또한 입지 교통 배후수요 유동인구 등이 풍부해 투자 4박자를 고루 갖췄다는 평가다. 세광산업개발 ‘하이빌프라자’는 연면적 3 576.82㎡ 지하2층 지상6층 규모로 지상1층에는 테라스 상가 지상 4층과 옥탑층에는 하늘공원을 조성해 고객 접근성과 체류시간을 극대화했다. 배후 수요도 풍부하다. 인근 동일하이빌 964세대와 주공 9단지 1 650세대 주공 10단지 1 431세대 호반리젠시빌 476세대 등 총 4 521세대의 배후 수요를 흡수한다. 봉서산공원 등산로 호수공원이 가까워 유동인구도 풍부하다. 교통여건으로는 KTX 천안 아산역 수원 천안간 복선화 전철 쌍용역 불당대로 번영로 등이 가까워 편리하고 투자측면으로는 아산신도시 삼성테크노 콤플렉스 개발 호재에 따른 수혜를 누릴 수 있다. 세광산업개발이 PF 대출 없이 자체 대금으로 시행함에 따라 안전성이 뛰어나며 최저 7%의 투자 수익율을 올릴 수 있다. 전문식당 클리닉 학원 스크린 골프 부동산 약국 제과점 등 생활밀착형 업종 총 26개 점포로 구성될 예정이며 분양가는 지상1층 기준 3.3㎡당 1 000만원부터다.,https://news.naver.com/main/read.nhn?mode=LSD&mid=shm&sid1=260&oid=015&aid=0002480059,284
261706,2011.06.15. 오전 9:51,부동산,연합뉴스,게시판 국제공인자산평가분석사 인증교육,미국부동산가치평가협회 AI 의 한국 에이전트인 ㈜코리넷 대표 김광수 은 다음달 4일부터 서울 역삼동 한국감정원 부동산연구원에서 국제공인자산평가분석사 MAI 자격 인증을 위한 2011년도 교육과정을 연다. AI에서 직접 파견한 강사가 교육을 진행하며 필기시험과 실무평가를 거쳐 MAI 자격을 인증한다.,https://news.naver.com/main/read.nhn?mode=LSD&mid=shm&sid1=260&oid=001&aid=0005113294,284
261707,2011.06.15. 오전 9:51,부동산,한국경제TV,4대강 유지보수비 10배 증가...연 2400억원,4대강의 체계적인 유지관리를 위해 이전보다 10배가 늘어난 예산이 투입됩니다. 국토부는 이 같은 내용의 4대강 하천유지관리방안을 정하고 내년부터 4대강 구간을 포함한 국가하천 61곳의 유지 보수에 연간 2천400억원을 투입하기로 했습니다. 이는 기존 지자체가 투입한 국가하천 유지보수비 250억원보다 10배정도 늘어난 수치고 4대강 사업으로 보와 둔치 생태공원 등 관리 범위가 넓어졌기 때문이라고 국토부는 설명했습니다.,https://news.naver.com/main/read.nhn?mode=LSD&mid=shm&sid1=260&oid=004&aid=0002082205,284
261708,2011.06.15. 오전 9:51,부동산,한국경제,분양정보인천지하철 2호선 수혜 아파트 검단 현대 힐스테이트 4차,현대건설이 인천 검단신도시의 관문인 당하지구에 검단 힐스테이트 4차 를 분양중이다. 수도권 서북부 지역의 거점도시로 건설되는 검단신도시의 중심지에 위치해 있어 향후 발전 가능성이 높은 편이다. 특히 검단신도시 2지구에 중앙대 인천캠퍼스가 66만㎡ 규모로 들어설 예정이다. 이 곳에는 대학캠퍼스와 함께 1000병상 크기의 대학병원도 함께 들어설 계획이어서 이에 따른 안정적인 수요층이 확보될 것으로 기대된다. 중앙대 인천캠퍼스 예정부지에서 5㎞쯤 떨어져 있는 검단 힐스테이트 4차는 지하 2층 지상 15층 10개동 규모에 전용면적 △107㎡ 288세대 △115㎡ 210세대 △127㎡ 90세대 등 총 588세대로 구성됐다. 2014년 개통 예정인 인천 지하철 2호선 백석역 가칭 에서 불과 100여 미터 거리인 초역세권 단지로 인천국제공항철도 김포공항 서울역 구간이 개통되면서 백석역에서 출발해 검암역에서 환승할 경우 서울역까지 30분이면 도착할 수 있는 등 인천공항철도 개통의 최대수혜 단지로서의 프리미엄을 갖추고 있다. 이외에도 제2외곽순환도로 검단 I.C 예정 및 공항고속도로 올림픽대로 등의 진출입이 용이한 사통팔달 도로망을 갖췄다. 아울러 검단 힐스테이트 4차는 10개동 전부 남향위주의 탑상형으로 배치해 일조권과 조망권이 뛰어나다. 가구당 주차대수는 1.62대. 주차장은 지하로 배치해 차량과 보행자의 동선을 분리했다. 또 휴게소와 어린이놀이터 수경시설 등 옥외시설과 골프연습장 휘트니스센터 멀티코트 북카페 등 다양한 편의시설도 조성된다. 당초 분양가의 10%였던 계약금을 정액제로 바꿔 107㎡형의 경우 2500만원 115㎡ 및 127㎡형은 3000만원을 내면 계약이 가능하다. 중도금은 전액 무이자 조건으로 은행에서 대출되며 발코니확장 일부가 무상으로 제공된다.,https://news.naver.com/main/read.nhn?mode=LSD&mid=shm&sid1=260&oid=015&aid=0002480052,284
261709,2011.06.15. 오전 9:47,부동산,아시아경제,LH 24일 원주서 분양토지 투자설명회 개최,강원혁신도시 도로망도. 아시아경제 박충훈 기자 LH 한국토지주택공사 가 오는 24일 강원도 원주 호텔인터불고에서 지역 분양토지 투자설명회를 연다. 이 행사는 건설·개발업체 공인중개사 및 실수요자를 대상으로 LH가 보유중인 원주 혁신도시와 무실지구의 유망토지에 대해 소개하는 자리다. 설명회는 외부에서 초빙한 부동산 투자 전문가 강의와 혁신도시 무실지구 담당 판매부장의 매각토지 설명 순으로 진행된다. 또 원주시 구곡·단관 지구 현지 공인중개사가 원주시 부동산 시장의 특징과 실전 투자전략을 제시한다. 마지막으로 혁신도시 무실지구 담당자들이 해당 지구 분양토지에 대한 상세한 설명을 이어나갈 예정이다. 행사를 준비중인 이강준 강원혁신도시사업단 보상판매부장은 양평 용문 남원주 간 중앙선 복선전철이 개통되는 시점인 2013년에는 원주지역 부동산 투자 바람이 일어날 것으로 보여 2012년 조성이 완료되는 원주혁신도시 토지는 지금이 투자의 적기 라고 말했다. 원주지역은 매각이 완료된 전체 105필지 중 49필지 47% 계약이 지난 4월초부터 이달 10일 사이 집중됐다. 현재 준주거용지 4필지 67억원 상업용지 1필지 70억원 주차장용지 1필지 8억원 가 분양됐다. 준주거 용지 3건은 현재 매매예약이 이루어진 상태다. 한편 강원혁신도시는 강원도 원주시 반곡동 일원에 총사업면적 3 612천㎡ 규모로 조성되며 주택 1만1881호에 3만여명의 인구를 수용할 계획이다. 내년말 사업준공을 목표로 부지조성사업이 진행중이며 현재 약 56%대의 공사 진행률을 보이고 있다.,https://news.naver.com/main/read.nhn?mode=LSD&mid=shm&sid1=260&oid=277&aid=0002623308,284
261710,2011.06.15. 오전 9:45,부동산,연합뉴스,4대강 유지보수비 연 2천400억원 투입종합,연기 금남보 건설 막바지 공사 연기 연합뉴스 김준호 기자 4대강 살리기 사업이 진행중인 충남 연기군 금남보 세종보 공사 현장의 가물막이 모습. 가물막이 뒷편에서는 소수력발전설비 공사가 한창으로 전국에서 처음으로 오는 7월15일 완공될 예정이다.2011.6.1 kjunho yna.co.kr 1천억원은 국가 1천400억원은 국가 지자체 부담 수공이 보ㆍ홍수조절지 관리...하천법 개정 추진 서울 연합뉴스 서미숙 기자 올해 공사가 마무리되는 4대강의 보ㆍ생태공원ㆍ자전거 길 등의 체계적인 유지관리를 위해 연간 2천400억원의 예산이 투입된다. 관리 주체를 놓고 논란이 됐던 4대강 본류의 다기능 보 洑 와 홍수조절지 관리는 한국수자원공사가 맡는다. 국토해양부는 이와 같은 내용의 4대강 하천유지관리방안을 확정해 최근 이명박 대통령에게 보고했다고 15일 밝혔다. 공사 중인 남한강 강천보 여주 연합뉴스 김경태 기자 지난달 26일 경기도 여주군 남한강 강천보. 1번과 2번 수문이 완공돼 강물이 흘러가고 있고 나머지 수문은 임시물막이를 한 상태에서 공사가 진행되고 있다. 지방기사 참조 2011.6.1 ktkim yna.co.kr 국토부는 4대강 공사가 끝나는 내년부터 한강ㆍ낙동강 등 4대강 살리기 사업구간 1천956km 을 포함한 국가하천 61개소 2천979km의 유지보수를 위해 연간 2천400억원을 투입하기로 했다. 그동안 지자체가 투입한 국가하천의 유지보수비가 연간 250억원 국가 보조금 50억원 포함 안팎인 것을 감안하면 10배 가까이 늘어난 것이다. 서울시는 이와 별도로 연간 470억원 가량을 한강 유지보수에 쓰고 있다. 국토부는 4대강 살리기 사업으로 보ㆍ둔치ㆍ생태공원 등 종전보다 관리 범위가 넓어지면서 유지보수비도 증가하게 됐다고 설명했다. 홍형표 수자원정책관은 현재 서울시 한강사업본부가 한강 42km를 유지보수하는데 쓰는 비용이 km당 11억원에 달한다 며 4대강 유지보수비는 km당 8천만원으로 서울시의 10%에도 못미치는 수준 이라고 말했다. 국토부는 이와 함께 그동안 지자체에 일임해왔던 국가하천의 유지보수 업무중 4대강 본류의 보ㆍ제방ㆍ준설 등 중요한 하천시설 및 구간은 국가가 직접 수행하거나 수공에 위탁하는 등 역할을 분담하기로 했다. 국토부는 앞으로 댐ㆍ보ㆍ저수지간의 연계운영 계획 등 4대강의 유지관리계획 수립을 총괄하고 4대강내 둑 제방 ㆍ저수로 등 중요 시설물을 관리하게 된다. 공주 금강보 건설 현장 공주 연합뉴스 김준호 기자 4대강 살리기 사업이 진행중인 공주시 금강보 공주보 현장. 이곳은 지난해 8월14일 내린 시간당 180㎜의 국지성 호우로 침수됐던 곳으로 시공사 측은 수해가 재발하지 않도록 가물막이를 2단계로 쌓는 등 만반의 준비를 하고 있다.2011.6.1 kjunho yna.co.kr 또 논란이 됐던 4대강 본류의 16개 다기능 보와 2개의 홍수조절지 문화관 등의 관리는 수공이 책임진다. 지자체는 태화강ㆍ만경강 등 4대강 이외의 국가하천 유지보수와 4대강 구간의 둔치ㆍ자전거도로ㆍ생태공원ㆍ습지 등 친수시설 관리를 맡는다. 국토부는 현재 수공이 댐 관리만 가능한 점을 고려해 다기능 보 등의 관리가 가능하도록 6월 국회에서 하천법을 개정할 방침이다. 4대강 사업 이후 유지보수비는 상당수 국고에서 지원될 전망이다. 국토부는 둑ㆍ저수로 등 시설물 관리와 수공의 보ㆍ홍수조절지 관리에 1천억원의 국가 예산을 투입한다. 또 나머지 1천400억원은 지자체가 수행하는 4대강 친수시설 및 4대강외 국가하천 유지보수에 배정하되 국가와 지자체가 나눠서 부담하기로 했다. 국가와 지자체의 분담 비율은 아직 정해지지 않았다. 모습 드러낸 승촌보 광주 연합뉴스 형민우 기자 4대강 살리기사업 가운데 하나인 광주 남구 승촌보 공사 현장. 현재 승촌보는 차량이 통행할 수 있는 다리가 놓이면서 97%의 공정률을 보이는 등 막바지 공사가 한창이지만 본격적인 집중호우철을 맞아 본류와 연결되는 지천의 범람 가능성이 우려되고 있다. 지방기사 참고 2011.6.1 minu21 yna.co.kr 지자체는 하천점유료와 골재 채취료 둔치의 주차장ㆍ체육시설 임대 등 친수시설 수익사업 등을 통해 유지보수 비용을 충당하게 된다. 국토부는 조만간 기획재정부와 협의해 국고 지원 금액을 최종 확정한 뒤 다음 국회에 예산심의를 요청할 방침이다. 정내삼 수자원정책실장은 그동안 국가하천은 재원과 전문성 지자체의 관심 부족 등으로 유지관리가 제대로 이뤄지지 못하고 사실상 방치돼왔다 며 4대강 사업 이후에는 국가가 직접 관리 주체로 나서 체계적인 관리가 이뤄질 것 이라고 말했다.,https://news.naver.com/main/read.nhn?mode=LSD&mid=shm&sid1=260&oid=001&aid=0005113280,284
261711,2011.06.15. 오전 9:41,부동산,헤럴드POP,‘다실 사랑방 안마당에서 기와지붕까지…’ 성냥갑 아파트 전통을 입다,현대산업개발이 부산 명륜동에서 분양 중인 ‘명륜 I’PARK 총 1041가구 ’. 부산 유형문화재 제6호인 동래향교가 단지와 맞붙어있는 입지적 특수성을 감안 3개의 주동 住棟 층고를 7층으로 확 낮추고 옥상에 기와지붕을 얹도록 설계됐다. 1층 필로티 공간을 활용해 99㎡규모 다실 茶室 을 조성하고 단지 내 문고와 독서실 이름도 명륜당 및 동재ㆍ서재로 붙였다. 이 회사 관계자는 “인근에 충렬사 명륜공원 舊 동래사적공원 복천박물관 등 다양한 문화재와 사적이 위치하고 있어 한옥풍 단지로 특화했다”며 “외벽을 벽돌 황토색 등으로 마감해 한국적 정취를 물씬 풍기게 될 것”이라고 말했다. 지극히 서구화된 공간으로 꼽히는 콘크리트 성냥갑 아파트에 ‘전통’바람이 솔솔 불고 있다. 최근에는 실내 인테리어에 머물던 ‘한옥풍’ 디자인콘셉트가 아파트 외관까지 빠르게 확산되고 있는 추세다. 아파트 단지 전체의 기품과 정체성을 결정하는 ‘주요 차별화포인트’로 떠오른 셈이다. 삼성물산이 최근 선보인 수원 ‘래미안 영통 마크원 총 1330가구 ’의 경우 세계 문화유산으로 등재돼 있는 화성을 테마로 대형 문주를 설계해 눈길을 끌었다. 현대산업개발이 부산 명륜동에 짓는 ‘명륜 아이파크 1409세대 ’의 한옥스타일 주동 住棟 조감도. 동래향교와 인접한 입지적 특성을 고려 3개동의 층고를 7층으로 낮추고 옥상에 전통 한옥형태의 기와지붕을 적용할 예정이다. 이미 실내 인테리어는 전통미를 접목한 디자인이 큰 줄기로 자리잡은 모양새다. 대림산업은 서울 중구 신당동 용산구 신계동에 이어 경기도 의왕시 ‘내손ㆍ의왕e편한세상’ 등 주력사업장에 이를 적극 응용하고 있다. 현관 앞에 전통문양을 가미한 중문 中門 이 설치되는가 하면 한지 느낌의 벽지 및 흙 마감재 등이 활용됐다. 심지어 벽 중간마다 한옥에서 볼 수 있는 나무 기둥을 넣기도 했다. 대림산업 관계자는 “한옥 경험이 있거나 전통적 정취에 향수를 느끼는 중장년층 소비자가 주요 타깃층”이라며 “생태학적 인테리어와 조화를 이루면서 정서적 안정감을 주고 어떤 가구와도 쉽게 조화를 이룰 수 있는 것도 강점”이라고 설명했다. 현대건설도 현재 시공 중인 인천 검단 힐스테이트 4차 일부세대에 전통미가 강조된 디자인을 적극 차용했다. 거실 한 쪽에 대청마루 형식의 다실 茶室 이 마련된다. 전통미가 물씬 풍기는 한국적 디자인이 활용된 대림산업의 서울 중구 ‘신당e 편한세상’. LH는 한발 나아가 지난해 말 한옥구조를 녹여낸 신 주택평면까지 새롭게 개발했다. 발코니를 확장한 전용면적 84㎡를 기본으로 사랑방 한실 안마당 다실 등 총 4개 유형이다. 특히 안마당형은 약 10㎡ 정도의 미니마당을 집안 내부에 조성 장독대까지 놓을 수 있는 게 특징. 현관 입구 옆에 작은 방을 사랑방처럼 만들어 손님용 침실로 활용할 수 있는 타입도 소비자들의 이목을 사로잡았다. 김승배 피데스개발 사장은 “전통 요소의 현대적 재해석을 통해 고전미와 모던함이 어우러지면서 쉽게 질리지 않는 스타일이 재창조된다”며 “소득수준이 향상됨에 따라 이런 전통에 대한 자부심과 향수가 주거시장까지 스며들고 있는 셈”이라고 말했다.,https://news.naver.com/main/read.nhn?mode=LSD&mid=shm&sid1=260&oid=112&aid=0002203126,284
261712,2011.06.15. 오전 9:40,부동산,연합뉴스,서울서 소형주택 가장 많은 지역은 노원구,대형아파트는 강남3구에 집중 서울 연합뉴스 이유진 기자 부동산포털 닥터아파트는 서울시내 25개구의 가구 수를 주택형별로 분석한 결과 공급면적 99㎡ 이하 소형주택은 노원구에 실수요층이 두터운 중소형아파트는 강남권에 가장 많은 것으로 나타났다고 15일 밝혔다. 닥터아파트에 따르면 노원구에는 65㎡ 이하 10평대 초소형아파트가 2만7천367가구 24.4% 66 99㎡ 20평대 소형아파트가 5만9천414가구 15.9% 집중돼 서울시에서 가장 많았다. 노원구에 이어 초소형아파트가 많은 지역은 강남구 1만8천311가구 강동구 1만2천258가구 송파구 1만1천679가구 순이었다. 또 소형아파트는 양천구 2만7천139가구 구로구 2만3천313가구 도봉구 2만719가구 등에도 많았다. 실수요자들의 관심이 가장 높은 100 132㎡ 30평대 중소형아파트는 강남권에 주로 분포됐다. 중소형이 가장 많은 지역은 송파구로 4만7천803가구였고 강남구가 3만8천808가구로 뒤를 이었다. 3등은 초소형ㆍ소형에 이어 중형에서도 높은 분포도를 보인 노원구 3만7천317가구 에 돌아갔다. 송파구는 133 165㎡ 40평대 중대형아파트 밀집도에서도 1만6천135가구로 1위를 차지했다. 그밖에는 강남구 서초구 성북구 등에 중대형이 많았다. 166 195㎡ 50평대 대형과 196㎡ 이상 60평대 이상 초대형아파트 부문에서는 강남ㆍ서초ㆍ송파구 등 강남3구가 압도적인 우위를 보였다. 대형아파트는 강남구 9천714가구 서초구 7천220가구 송파구 6천400가구 순으로 많았으며 3위인 송파구와 4위 영등포구 3천96가구 의 차이가 2배 이상이었다. 초대형 부문에서도 서초구 강남구 송파구가 1 3위를 차지했다. 닥터아파트 이영진 리서치연구소장은 신혼부부나 저렴한 집을 찾는 수요자라면 전체 아파트의 90% 이상이 20평 이하인 노원구를 자금여력이 있다면 중대형아파트가 폭넓게 분포된 강남권을 눈여겨보라 고 조언했다.,https://news.naver.com/main/read.nhn?mode=LSD&mid=shm&sid1=260&oid=001&aid=0005113264,284
261713,2011.06.15. 오전 9:40,부동산,아시아경제,한화건설 노은 ‘꿈에그린’ 최고 66.26대1,한화건설의 노은 꿈에그린 아파트 견본주택에 몰린 주민들. 아시아경제 이영철 기자 한화건설의 노은 ‘꿈에그린’이 3순위서 모두 마감됐다. 15일 금융결제원에 따르면 한화건설은 대전 유성구 지족동 노은4지구에 분양한 노은 ‘꿈에그린 이 최고 66.26대 1의 경쟁률을 보이며 마감했다. 또 노은 ‘꿈에그린’의 일반청약 접수 결과 특별공급 물량을 뺀 1765가구 모집에 5120명이 신청해 평균경쟁률 2.9대 1을 나타냈다. 평균 경쟁률만 놓고 봤을 때 다른 아파트 청약과 크게 다르지 않지만 세종시와 과학벨트 거점도시 대전이 부동산시장의 1번지로 떠올랐음을 확인할 수 있었다. 1블록은 860가구 모집에 2835명이 청약해 3.3대 1의 경쟁률을 기록했고 2블록은 905가구 모집에 2285명이 청약 2.52대 1의 경쟁률을 나타냈다. 1블록 84㎡A와 84㎡B는 예비당첨자 당첨자수의 20% 미달분 모집을 위해 3순위까지 청약이 진행됐다. 부적격 당첨자가 나오면 추가로 모집하기 위한 예비당첨자 모집에도 1699명이 몰리기도 했다. ‘꿈에그린’ 분양 성공 의미 한화건설의 노은 ‘꿈에그린’ 아파트 분양 성공은 대전지역 아파트 분양 열기를 한 층 끌어올렸다. 지난 해 말 세종시 첫마을 1단계 아파트 분양 성공 뒤 GS건설의 ‘센트럴자이’ 아파트 분양으로 대전의 분양 분위기가 떠올랐다. 하지만 이 두 아파트는 3 4년 전 대전지역 평균 분양가보다 낮은 3.3㎡ 당 600 700만원대로 해 실수요자들의 관심을 끌어들여 성공한 공통점이 있다. 한화건설은 이번 노은 ‘꿈에그린’ 아파트를 분양하면서 평균 분양가를 3.3㎡당 930만원으로 정했다. 단숨에 200만원 이상을 끌어올려 고분양가 논란을 불러왔다. 하지만 이번 3순위서 모두 마감되며 고분양가 논란은 사그러들게 됐다. 이번 ‘꿈에그린’의 높은 분양가 결정은 주변 입지 등 정주여건보다는 세종시와 가까운 지역에 위치한 입지가 크게 작용한 것으로 보인다. 여기에 올 하반기 대전 도안신도시에서 분양을 추진하는 계룡건설 등 4개 건설사들도 900만원대 분양가를 내세울 것으로 예상된다. 한 건설사 관계자는 “대전서 900만원대 분양가로도 통할 수 있다는 점을 보여줬다”면서 “도안신도시에서도 900만원대 분양이 나올 수 있다”고 말했다.,https://news.naver.com/main/read.nhn?mode=LSD&mid=shm&sid1=260&oid=277&aid=0002623294,284
261714,2011.06.15. 오전 9:32,부동산,뉴시스,4대강 등 국가하천 유지관리비 10배 가량 증가…매년 2400억원 소요,서울 뉴시스 김형섭 기자 4대강 등 61개 국가하천의 유지관리에 2400억원의 예산이 투입될 전망이다. 이는 그동안 지자체가 투입해온 유지비보다 10배 가량 증액된 것이다. 국토해양부는 15일 이같은 내용의 하천유지관리방안을 검토중이라고 밝혔다. 국토부는 내부적으로 61개 국가하천의 유지관리에 해마다 2400억원 가량이 필요한 것으로 추산했다. 그동안 지자체는 국고 보조금 50억원을 포함해 연간 평균 250억원을 국가하천 유지보수에 써왔다. 올해부터 하천 관리비용이 10배 가까이 늘어나는 셈이다. 국토부 관계자는 4대강 사업이 올해 마무리됨에 따라 16개 보 洑 와 생태공원 자전거길 등의 유지관리가 필요해 비용이 크게 증가했다 고 설명했다. 이와 함께 국토부는 지자체가 맡아 왔던 하천 유지보수 업무 중 4대강 구간과 주요 시설은 국가 또는 한국수자원공사가 관리하는 방안도 검토중이다. 국토부는 유지관리비 규모를 최종 확정한 뒤 다음 국회에 내년도 예산 심의를 요청할 계획이다.,https://news.naver.com/main/read.nhn?mode=LSD&mid=shm&sid1=260&oid=003&aid=0003910342,284
261715,2011.06.15. 오전 9:29,부동산,매일경제,건설협회 맞춤형 ‘경영 자문단’ 서비스 개시,대한건설협회는 중소건설업계의 경영애로를 해소하고 대·중소기업간 동반성장을 위하여 6월15일부터‘경영 자문단 서비스’를 실시한다고 밝혔다. 경영자문단은 대형건설사 퇴직임원 등 현장경험이 풍부한 전문가로 구성되며 토목 및 건축 기술 분야 회계 및 자금조달 해외진출 하도급 및 클레임 분야 원가관리 등으로 상담분야를 세분화하여 맞춤형 자문서비스가 가능토록 하였다. 위촉된 자문위원은 오랜 기간 동안 건설업에 종사하면서 축적된 경험과 노하우 전문 지식을 중소건설업체에게 전수해 중소건설업체의 경쟁력 강화 및 경영애로 해소에 크게 기여 할 것으로 기대되며 대형건설사와 중소건설업체간 멘토 멘티 관계를 구축하여 산업내 동반성장 기반을 마련하는 모범 사례가 될 것으로 기대 된다. 한 건설업체 관계자는 “건설경기 침체로 경영난을 겪고 있는 중소건설업체가 이들 서비스를 적극 활용해 경영애로 해소를 위한 새로운 돌파구를 마련하는 계기가 되기를 바란다”고 했다. 앞으로 협회는 지역소재 중소건설업체의 편의제공을 위하여 지역 순회 상담을 실시하는 등 중소건설업체의 경영지원을 위한 신규 사업도 지속적으로 발굴할 계획이다. 매경닷컴 조은영 기자 ⓒ 매일경제 mk.co.kr 무단전재 및 재배포 금지 MBA도 모바일로 공부한다.,https://news.naver.com/main/read.nhn?mode=LSD&mid=shm&sid1=260&oid=009&aid=0002484774,284
261716,2011.06.15. 오전 9:29,부동산,매일경제,포스코건설 해외현장서 봉사활동,포스코건설이 해외현장 인근지역 소외계층을 위한 봉사활동을 펼쳤다. 포스코건설은 지난달 21일 인천 송도사옥 1층 로비에서 자사 임직원 140여명과 사단법인 우리복지 직원이 참여한 가운데 헌 의류 및 헌 신발 포장 봉사활동을 실시했다. 포스코건설은 이번 행사를 위해 약 일주일 동안 직원들로부터 세탁한 아동과 성인의 여름 및 겨울 의류 신발 등 약 3000여점을 기증받아왔다. 이날 포스코건설 임직원은 자사와 재해구호협회에서 기증받은 의류 및 모포를 분류 포장하는 작업을 실시했다. 이렇게 포장된 비품들은 다음달 초 포스코건설이 진출한 베트남 현장과 페루 칼파발전소 현장 인근 마을 주민들에게 전달된다. 이번 봉사활동에 참가한 구태효 대리는 베트남 페루 현장에는 맨발로 등교하거나 추운 계절에도 옷을 제대로 못 입는 불우아동들에게 조금이라도 도움이 됐으면 좋겠다 라고 말했다. 한편 포스코건설은 지난 캄보디아 고등학교에 도서전달 기탁을 하는 등 국내뿐 아니라 해외지역 봉사활동에도 폭넓게 참여하고 있다. 매경닷컴 연기홍기자 r start 화보 가희 미애 섹시 댄스 속으로 가계빚 위험 카드사태때의 2배 “이동통신 미환급금 한국통신사업자연합회서 조회 하세요” 中 재산 6조5000억 거부 하루 2만원 지출 무면허 한방의료 구당 김남수 기소 전역 앞둔 이동욱 후임 이준기 차세대 군기반장 지목 박완규 과거 고백 “지난 10년 동안 한 것 없이 막 살았다” r end ⓒ 매일경제 mk.co.kr 무단전재 및 재배포 금지 MBA도 모바일로 공부한다.,https://news.naver.com/main/read.nhn?mode=LSD&mid=shm&sid1=260&oid=009&aid=0002484773,284
261717,2011.06.15. 오전 9:28,부동산,한국경제TV,영상뉴스와인시네마 트레인 출시,와인 시네마 관광전용열차가 출시됐습니다. 18일부터 일주일에 두 번 운행된다고 합니다. 영상뉴스를 통해 만나보시겠습니다.,https://news.naver.com/main/read.nhn?mode=LSD&mid=shm&sid1=260&oid=215&aid=0000020407,284
261718,2011.06.15. 오전 9:28,부동산,노컷뉴스,한강밤섬자이 4년 전 가격으로 분양,전용 84 132㎡ 46가구 임대 전환분…광흥창역 도보 5분 CBS산업부 정재훈 기자 GS건설은 한강밤섬자이 아파트 일반분양분 전환 물량을 4년 전 분양가로 신규 분양한다고 15일 밝혔다. 한강밤섬자이 는 서울 마포구 하중동 101번지 일대를 재건축한 입주 2년차 단지로 지하2층 지상25층 7개동 전용면적 84 168㎡의 중대형 총 488가구로 이뤄져 있다. 지난 2007년 일반분양 당시 최고 12.7 1의 경쟁률로 순위내 마감됐다. 이번에 분양되는 물량은 84㎡ 28가구 118㎡ 8가구 132㎡ 10가구 등 총 46가구로 2009년 4월 도시및주거환경정비법 개정에 따라 임대분에서 일반분양분으로 전환된 물량이다. 당초 조합원들에게 모두 배정돼 이번에 처음 일반분양으로 나오는 84㎡의 경우 3.3㎡당 평균가 1천987만 원으로 주변 시세와 비슷하게 책정됐다. 118㎡와 132㎡는 3.3㎡당 2천14만 2천53만 원으로 4년 전 분양 당시 가격과 비슷하거나 일부는 오히려 낮게 책정됐다고 GS건설 측은 밝혔다. 한강변에 위치해 분양 물량 중 일부는 한강 조망 프리미엄을 누릴 수 있고 지하철6호선 광흥창역이 걸어서 5분 거리에 있다. 강변북로 올림픽대로 서강대교 양화대교가 인접해 있다. 연세대 서강대 홍익대 이화여대 광성고 홍익여중고 신수중 광성중 서강초 등 교육시설이 풍부하고 현대백화점 그랜드백화점 신촌 및 이대 주변 편익시설 연세대 세브란스 병원 등도 손쉽게 이용할 수 있다. 한강밤섬자이 홈페이지 www.bs xi.co.kr 에 마련된 사이버 모델하우스를 통해 분양하는 동호수에서 보이는 실제 전망 등을 미리 확인해 볼 수 있다. 오는 17일 단지 내 샘플하우스를 일반에 개방할 예정이다. 계약금은 분양대금의 5% 중도금은 10%이며 나머지 잔금 85%는 6개월 후 납입하는 조건이다.,https://news.naver.com/main/read.nhn?mode=LSD&mid=shm&sid1=260&oid=079&aid=0002259746,284
261719,2011.06.15. 오전 9:26,부동산,헤럴드POP,송용찬 건설공제조합 이사장 2020년 종합 건설금융기관으로 도약,송용찬 건설공제조합 이사장은 오는 2020년 종합 건설 금융기관으로 도약하기 위해 지난 14일 운영위원회를 개최 중장기 발전방안인 ‘2020 경영전략’을 확정 했다. 2020 경영전략은 향후 10년간 조합을 둘러싼 경영환경변화에 대응하고 국내 최고의 건설보증기관으로서 경쟁력과 신성장 동력을 확보하기 위한 발전방안이다. 송 이사장은 “2020 경영전략 추진으로 조합원에 대한 서비스분야를 보증을 비롯한 제반 금융분야로 확대할 것”이라며 “총보증실적 65조원 고객만족도 95% 보증시장 점유율 1위를 목표를 달성할 방침”이라고 말했다.,https://news.naver.com/main/read.nhn?mode=LSD&mid=shm&sid1=260&oid=112&aid=0002203107,284
261720,2011.06.15. 오전 9:25,부동산,한국경제TV,영상뉴스와인시네마 트레인 칙칙폭폭,와인과 함께 영화를 감상할 수 있는 와인 시네마 트레인 이 개시됐습니다. 18일부터 일주일에 두 번 운행된다고 합니다. 영상뉴스를 통해 만나보시겠습니다.,https://news.naver.com/main/read.nhn?mode=LSD&mid=shm&sid1=260&oid=004&aid=0002082185,284
261721,2011.06.15. 오전 9:22,부동산,한국경제TV,서울 중구 도심 노후지역 정비,서울 도심의 노후지역인 서울역 근처 연세 세브란스빌딩 뒤편과 청계천 주변이 새로운 모습으로 정비됩니다. 서울 중구는 봉래동과 남대문로 5가 수표동 일대를 체계적으로 정비하기 위해 도시환경정비구역 지정 및 정비계획 수립 사업 용역을 발주했습니다. 중구는 이번 사업으로 서울역 북부 역세권과 청계천 주변 도심권 노후 지역을 정비구역으로 지정하고 체계적인 정비계획을 세울 방침입니다. 이들 지역은 일부 노후 요인만을 제거하는 수복 재개발 대신 다수의 필지를 모아 한꺼번에 개발하는 철거 재개발 방식으로 정비됩니다.,https://news.naver.com/main/read.nhn?mode=LSD&mid=shm&sid1=260&oid=004&aid=0002082182,284
261722,2011.06.15. 오전 9:20,부동산,아시아경제,이상한 대형오피스.빈 사무실 늘고 임대료는 더 올라,아시아경제 조철현 기자 빈 사무실은 자꾸 느는 데 오피스 임대료는 오른다 . 요즘 서울지역 대형 오피스시장을 들여다보면 이상한 현상을 발견할 수 있다. 오피스 공실률 전체 빌딩에서 빈 사무실이 차지하는 비율 과 임대료가 따로 놀고 있다는 사실이다. 일반적으로 빈 사무실이 늘면 임대료 보증금과 월세 는 내리게 마련이다. 임대료가 좀 비싸다 싶으면 바로 공실 증가로 이어지기 때문이다. 그런데 서울지역 대형 오피스시장에서는 이런 상식이 통하지 않는다. 공실률은 늘지만 임대료는 오히려 오르고 있다. 빈 사무실은 늘고 15일 부동산투자자문회사 알투코리아에 따르면 지난 1분기 대형 오피스 공실률은 5.6%로 지난해 4분기보다 0.3%포인트 늘었다. 2009년 같은 기간 3.8% 에 비해서는 1.8%포인트 증가했다. 한 외국계 투자자문업체 관계자는 통상 공실률을 산정할 때 공실이 거의 없는 기업 사옥도 포함한다 며 기업이 사옥으로 사용하는 대형 오피스를 빼고 공실률을 따지면 공실률이 10%를 넘을 것 이라고 귀띔했다. 실제로 지난해 하반기 준공된 서울 중구 수하동 S빌딩과 종로구 중학동 T빌딩 등의 경우 전체 면적의 60 70%가 비어 있는 것으로 파악됐다. 지난 2009년 11월 리모델링을 마친 서울역 인근 S빌딩도 아직까지 10% 정도의 공실을 해소하지 못하고 있다. 인근 H중개사무소 한 공인중개사는 지어진 지 몇 달이 지나도록 많은 사무실이 텅 비어 있는 등 임차인 구하기가 쉽지 않은 것 같다 고 말했다. 대형 빌딩시장에서 빈 사무실이 증가한 가장 큰 이유는 수급 불균형이다. 수요가 늘지 않는 상황에서 신규 오피스 추가 공급이 잇따랐기 때문이다. 빌딩 정보업체 교보리얼코에 따르면 서울의 오피스 총 면적이 지난해 2730㎡에서 오는 2015년에는 3160㎡에 달할 전망이다. 지난해에만 약 177만1000㎡의 오피스 공간이 새로 공급됐고 올해와 내년에도 각각 71만9000㎡ 85만4000㎡의 오피스가 공급될 예정이다. 경기 침체가 이어지면서 대형빌딩 사무실을 떠나는 기업 사람 들도 늘고 있다. 김규정 부동산114 본부장은 대형 오피스 입주 기업 가운데 경비 절감을 위해 사무실 면적을 줄이거나 임차료가 싼 서울 외곽이나 수도권으로 옮기는 업체가 적지 않다 고 말했다. 임대료는 오르고 이런 상황에도 불구하고 대형 빌딩의 임대료는 상승하고 있다. 알투코리아에 따르면 서울 도심권역 오피스 빌딩 임대료는 지난해 1분기 ㎡당 22만7700원에서 올해 1분기 23만8500원으로 올랐다. 부동산정보업체인 부동산114가 최근 조사한 자료에서도 서울 오피스 임대료는 전년 동기보다 1.2% 상승한 것으로 나타났다. 이남수 신한은행 부동산팀장은 좋은 시설을 갖춰 공실이 적은 일부 프라임급 빌딩의 건물주들이 물가 및 관리비 상승 등을 이유로 임대료를 올리는 경우가 많다 고 말했다. 깨끗한 이미지를 중요시하는 중대형 보험회사나 금융기관들이 임대료가 다소 비싸더라도 오래되고 낡은 중소형 오피스보다는 대형 오피스를 선호하는 것도 한몫한다. 김재용 탐스자산관리 사장은 초대형 빌딩은 임대료로 빌딩의 가치가 평가되기 때문에 임차 계약 기간이 끝나면 경기에 상관없이 임대료가 높게 매겨지곤 한다 고 말했다. 공실률이 증가하기는 했지만 아직 심각한 수준은 아니어서 관행적으로 매년 임대료를 올리는 건물주들이 적지 않다는 것이다 또 임대 계약 때 임대료의 인하보다는 무상임대 기간 부여 렌트프리 등으로 공실을 해소하려는 경향이 있는 것도 임대료 상승의 원인으로 지적된다. 하지만 오피스 공급이 크게 늘어나면 사정은 달라질 것으로 보인다. 공급 과잉으로 빈 사무실이 증가하면 임대료를 더 낮춰 임차인을 끌어들이기 위해 경쟁할 수밖에 없기 때문이다. 서울 도심권 일부 빌딩에서는 벌써 임대료를 내려 임차인 모집에 나서고 있어 올 하반기에는 임대료가 떨어질 가능성이 크다는 게 전문가들의 전망이다.,https://news.naver.com/main/read.nhn?mode=LSD&mid=shm&sid1=260&oid=277&aid=0002623265,284
261723,2011.06.15. 오전 9:19,부동산,매일경제,커피전문점 권리금 1분기 대비 30% 증가,올 2 4분기 커피전문점 권리금이 1 4분기 대비 30% 이상 증가한 것으로 나타났다. 성수기인 여름을 앞두고 있다는 것과 함께 근본적으로 커피시장 규모가 계속 커지고 있기 때문으로 분석된다. 점포라인이 올해 들어 등록된 서울소재 점포 중 29개 주요업종 매물 5046개를 분기별로 나눠 조사한 결과에 따르면 커피전문점 평균 권리금은 1분기 1억1902만원에서 2분기 1억5550만원으로 3648만원 30.65% 늘었다. 상승률과 증가액 모두 29개 업종 중 가장 많이 오른 것이다. 특히 이 업종 권리금은 2008년 글로벌 금융위기 이후 경기침체로 소비가 줄어드는 상황에서도 지속적인 오름세를 보였다. 2008년 2분기 1억1493만원이던 권리금이 2009년 2분기에는 1억3675만원으로 19% 2182만원 올랐고 2010년 2분기에도 다시 5.74% 785만원 오르는 등 성장세가 이어졌다. 올 2분기 역시 지난해 2분기에 비해 7.53% 1090만원 올라 있는 상태다. 2008년에 비해서는 3년 만에 35.3% 4057만원 올랐다. 이처럼 경기 침체에도 아랑곳하지 않고 커피전문점 권리금이 오르고 있는 것은 기본적으로 커피 소비가 계속 늘어남에 따라 창업 수요도 계속 늘고 있기 때문. 아울러 프랜차이즈를 중심으로 경쟁이 치열해지면서 점포 구입비와 매장 인테리어 비용이 계속 증가하고 있는 것도 한 요인으로 지목된다. 커피전문점 매물 중에서도 프랜차이즈 가맹점의 권리금은 평균 2억3000만원으로 전체 평균에 비해 47% 이상 높았다. 특히 대형매장이 대세인 까페베네 할리스 이디야 등 메이저 브랜드 가맹점 매물들은 책정된 권리금만 5 8억 원 수준이다. 점포라인 정대홍 팀장은 “커피전문점 매장의 평균 면적이 33 50㎡ 정도였지만 최근에는 7 80㎡로 늘었다”며 “더구나 프랜차이즈 가맹점은 건물의 1 2층을 모두 임차해 사용하는 등 매장이 대형화되고 있어서 권리금도 그만큼 커질 수밖에 없다”고 설명했다. 정대홍 팀장은 “또 업종 특성상 대로변의 가시성 좋은 A급 매장이 선호되는데 이 같은 자리가 무한정 있는 것이 아니기 때문에 공급보다 수요가 더 많고 따라서 점포 비용도 계속 오를 수밖에 없다”고 덧붙였다. 커피전문점 다음으로 권리금이 많이 오른 업종은 고시원이었다. 고시원 권리금은 올 1분기 1억4578만원에서 1억7942만원으로 3364만원 23.08% 올랐다. 이 업종 권리금이 오른 것은 1년 전 개정된 ‘준 주택법’에 의해 고시원이 생활주택에 포함되면서 수요가 늘어남에 따라 창업 열기도 높아졌기 때문으로 풀이된다. 이어 제과점 권리금이 1억8378만원에서 2억368만원으로 1990만원 10.83% 올랐다. 제과점은 불황기에도 안정적인 수익이 난다는 인식이 강해 최근 경기침체에 대한 우려가 강해지면서 권리금이 다시 오르고 있는 상태다. 반대로 권리금이 가장 많이 떨어진 업종은 레스토랑으로 나타났다. 레스토랑 권리금은 1억7794만원에서 1억2550만원으로 5244만원 29.47% 떨어졌다. 레스토랑은 창업에 들어가는 비용이 적지 않고 경기 상황에도 민감한 업종이다. 최근 물가 상승으로 소비가 위축됨에 따라 창업수요도 줄어든 것으로 파악된다. 레스토랑 다음으로 권리금이 많이 떨어진 업종은 카페. 카페는 커피와 주류를 같이 판매하는 업종으로 1990년대부터 2000년대 초까지 유행했던 업종이다. 그러나 최근 커피전문점이 폭발적으로 늘어남에 따라 커피 매출이 급감하면서 권리금도 동반 하락했다는 분석이다. 이 밖에 호프·맥주전문점 권리금이 1억5944만원에서 1억3488만원으로 2456만원 15.40% 퓨전음식점 권리금이 1억4000만원에서 1억1954만원으로 2046만원 14.61% 각각 떨어졌다. 호프·맥주전문점은 그러나 여름철이 성수기여서 3분기 들어서는 권리금이 올라갈 것으로 전망된다. 정대홍 팀장은 “서민경기 침체에 대한 우려가 많아 권리금이 많이 오른 업종은 5 6개 정도일 뿐 나머지 대다수 업종은 권리금이 정체 상태에 있거나 내려갔다”며 “권리금이 오른 업종들 역시 매출이나 수익 등으로 인한 것이 아니라 현재 유행이나 업종에 대한 인식 등 외부적인 요소가 작용한 것이기 때문에 실제 창업 시 신중함이 요구된다”고 조언했다. 매경닷컴 조은영 기자 ⓒ 매일경제 mk.co.kr 무단전재 및 재배포 금지 MBA도 모바일로 공부한다.,https://news.naver.com/main/read.nhn?mode=LSD&mid=shm&sid1=260&oid=009&aid=0002484764,284
261724,2011.06.15. 오전 8:56,부동산,헤럴드POP,서울 아파트 분포는 ‘북소남대北小南大’,‘북소남대 北小南大 ’ 서울 25개 자치구의 아파트 면적별 분포에서 강북 노원구에 소형 아파트가 집중된 반면 서초ㆍ강남ㆍ송파구 등 강남권에는 중대형 아파트가 집중된 것으로 조사됐다. 이같은 결과는 노원구 상계동과 중계동 등지에 위치한 대규모 주공아파트 단지에 상대적으로 소형 아파트 비율이 높은 데 비해 강남권에는 재건축이 활발히 진행되며 상대적으로 중대형 아파트의 공급이 늘고 있기 때문으로 분석된다. 15일 부동산포털 닥터아파트가 서울시 25개구의 주택형별 가구수를 분석해본 결과 99㎡이하 10 20평형대 는 노원구 100 165㎡ 30 40평형대 는 송파구 166 195㎡ 50평형대 는 강남구 196㎡이상 60평형대 이상 은 서초구가 가장 많은 것으로 조사됐다. 6월 14일 현재 서울시 소재 65㎡이하 10평형대 초소형아파트는 총 11만2313가구로 이중 24.4%가 노원구 2만7367가구 에 집중돼 있는 것으로 나타났다. 이어 강남구가 1만8311가구 강동구 1만2258가구 송파구 1만1679가구 등의 순으로 뒤를 이었다. 66 99㎡ 20평형대 소형아파트 역시 노원구가 가장 많았다. 서울시 전체 소형아파트 37만3544가구 의 15.9% 5만9441가구 가 노원구에 분포해 있다. 그 뒤로는 양천구 2만7139가구 구로구 2만3313가구 도봉구 2만719가구 순이었다. 실수요자들의 관심이 가장 높은 100 132㎡ 30평형대 중소형아파트는 강남권에 많이 분포돼 있는 모습을 보였다. 송파구가 4만7803가구로 가장 많았고 강남구 3만8808가구 가 뒤를 이었다. 3번째로 많은 비중을 보인 노원구 3만7317가구 는 초소형아파트에 이어 중형아파트에서도 높은 분포도를 나타냈다. 133 165㎡ 40평형대 중대형아파트 역시 송파구 1만6135가구 가 제일 많은 것으로 나타났고 강남구 1만4502가구 서초구 1만1284가구 성북구 8992가구 등이 뒤를 이었다. 이어 166 195㎡ 50평형대 대형아파트 및 196㎡ 이상 60평형대 이상 초대형아파트는 강남ㆍ서초ㆍ송파구 등 강남3구가 차지하는 비중이 매우 컸다. 166 195㎡ 대형아파트의 경우 강남구가 9714가구로 가장 많았고 서초구가 7220가구 송파구가 6400가구인 것으로 조사됐다. 강남권 외 지역에서는 영등포구가 3096가구로 4번째로 많은 물량을 보였다. 상대적으로 강남권에 대형 주상복합 등이 집중돼 있기 때문인 것으로 풀이된다. 196㎡ 이상 초대형아파트도 순위만 바뀌었을 뿐 대형아파트와 비슷한 모습이었다. 서초구가 6606가구 강남구 5869가구 송파구 2305가구로 상위권에 올랐고 용산구 1880가구 영등포구 1540가구 양천구 1448가구 등이 뒤를 이었다. 이영진 닥터아파트 리서치연구소장은 “노원구는 20형대 이하 비중이 노원구 전체 아파트의 92.9%로 높아 신혼부부나 강남권에 비해 가격이 상대적으로 저렴한 집을 찾는 수요자들이 관심을 가질 만한 반면 자금여력이 있는 수요자라면 30 40형대 아파트가 폭넓게 분포해 있고 수요층이 두터운 강남권에 관심을 가질 만하다”고 설명했다.,https://news.naver.com/main/read.nhn?mode=LSD&mid=shm&sid1=260&oid=112&aid=0002203092,284
261725,2011.06.15. 오전 8:41,부동산,헤럴드POP,‘건설한국호’ 해외수주 재개…중동 막히자 아시아서 잇단 수주,국내 건설업체들이 싱가포르 말레이시아 등 아시아시장에서 잇단 수주낭보를 전하고 있다. 중동 정세불안 여파로 플랜트 수주활동이 크게 위축되자 아시아로 빠르게 눈을 돌린 덕분이다. 매립공사에서 호텔 고속도로에 이르기까지 수주 공종도 크게 다각화되는 모양새다. 15일 건설업계에 따르면 삼성물산 건설부문은 최근 싱가포르 도시개발공사 JTC 가 발주한 해안지역 매립 공사 1억 5077만달러 를 따냈다. 이 프로젝트는 싱가포르 주롱섬 동남부 해안지역 30.8헥트르 ㏊ 를 매립해 산업단지로 조성하고 호안을 축조하는 공사로 매립 부지 면적이 잠실종합운동장의 43배에 달한다. 대우건설은 말레이시아의 수도 쿠알라룸푸르 반다라야 지구에 들어서는 6성급 호텔의 최종 시공사로 선정됐다. 현지 최초 6성급 호텔다. 지하 3층∼지상 48층 높이로 쿠알라룸푸르의 중앙역인 KL센트럴역 앞에 건립된다. 총 공사 금액은 1억 9000만 달러. 대우건설 관계자는 “쿠알라룸푸르를 방문하는 이들의 첫눈을 사로잡을 상징적인 건축물이 될 것”이라고 말했다. 경남기업도 워크아웃 졸업이후 첫 해외 수주실적을 아시아에서 올렸다. 이 회사는 지난 14일 베트남 최대 규모의 도로건설사업인 하노이 하이퐁 고속도로 4공구 공사를 수주했다고 밝혔다. 총 연장거리 105.5㎞ 중 15㎞구간 6차선 의 시공을 맡게 되며 공사금액은 1710억원 규모다. 경남기업 관계자는 “베트남 개발은행 재원으로 추진되는데다 공사대금의 10%를 선수금으로 받을 예정이어서 사업 리스크가 적다”고 설명했다. 업계 한 전문가는 “상대적으로 아시아에서는 지하철 대형마트 호텔 등 건축과 토목 공종이 강세를 보이고 있다”며 “ 플랜트 등 산업설비보다 공사비가 저렴하지만 올해 상반기 중동 수주급감 속 대안시장으로 역할을 톡톡히 하고 있다”고 말했다.,https://news.naver.com/main/read.nhn?mode=LSD&mid=shm&sid1=260&oid=112&aid=0002203086,284
261726,2011.06.15. 오전 8:31,부동산,파이낸셜뉴스,소형아파트는 노원 대형아파트는 강남 서초에 많이 분포,65㎡이하 소형아파트 노원구에 가장 많고 100∼165㎡ 중형아파트는 송파구에 가장 많은 것으로 조사됐다. 또 100∼165㎡는 강남구 196㎡ 이상 초대형은 서초구에 밀집했다. 15일 부동산포털 닥터아파트가 서울시 25개구의 주택형별 가구수를 분석해본 결과에 따르면 서울 소재 65㎡이하 공급면적 기준 초소형아파트는 총 11만2313가구이며 이중 24.4%가 노원구 2만7367가구 에 집중돼 있는 것으로 나타났다. 이어 강남구가 1만8311가구 강동구 1만2258가구 송파구 1만1679가구 등의 순으로 뒤를 이었다. 66∼99㎡ 소형아파트 역시 노원구가 가장 많았다. 서울시 전체 소형아파트 37만3544가구 의 15.9% 5만9441가구 가 노원구에 분포해 있다. 그 뒤로는 양천구 2만7139가구 구로구 2만3313가구 도봉구 2만719가구 등이 따랐다. 실수요자들의 관심이 가장 높은 100∼132㎡ 중소형아파트는 강남권에 많이 분포돼 있는 모습을 보였다. 송파구가 4만7803가구로 가장 많았고 강남구 3만8808가구 가 뒤를 이었다. 세번째로 많은 비중을 보인 노원구 3만7317가구 는 초소형아파트에 이어 중형아파트에서도 높은 분포도를 나타냈다. 133∼165㎡ 중대형아파트 역시 송파구 1만6135가구 가 제일 많은 것으로 나타났고 강남구 1만4502가구 서초구 1만1284가구 성북구 8992가구 등이 뒤를 이었다. 이와 함께 166∼195㎡ 50형대 대형아파트 및 196㎡ 이상 60형대 이상 초대형아파트는 강남·서초·송파구 등 강남3구가 차지하는 비중이 매우 컸다. 166∼195㎡ 대형아파트의 경우 강남구가 9714가구로 가장 많았고 서초구가 7220가구 송파구가 6400가구인 것으로 조사됐다. 강남권 외 지역에서는 영등포구가 3096가구로 가장 많았다. 196㎡ 이상 초대형아파트도 순위만 바뀌었을 뿐 대형아파트와 비슷한 모습이다. 서초구가 6606가구 강남구 5869가구 송파구 2305가구로 상위권에 올랐고 용산구 1880가구 영등포구 1540가구 양천구 1448가구 등이 뒤를 이었다. 닥터아파트 이영진 리서치연구소장은 “노원구는 99㎡이하 비중이 노원구 전체 아파트의 92.9%로 높아 신혼부부나 강남권에 비해 가격이 상대적으로 저렴한 집을 찾는 수요자들이 관심을 가질 만하다”면서 “반면 자금여력이 있는 수요자라면 중대형 아파트가 많고 수요층이 두터운 강남권에 관심을 가질 만하다”고 전했다.,https://news.naver.com/main/read.nhn?mode=LSD&mid=shm&sid1=260&oid=014&aid=0002456934,284
261727,2011.06.15. 오전 8:30,부동산,머니투데이,집 없는 40% 위한 주거복지 필요,머니투데이 전병윤 기자 MT가 만난 건설인 조명래 단국대학교 도시계획·부동산학부 교수 PF 부실 금융자본 과잉 투자가 만든 결과 공급위주 정책 실패…주택 공공성 다져야 부동산시장 침체와 프로젝트파이낸싱 PF 부실은 금융자본의 과잉투자가 만들어낸 결과죠. 시장 자율에 맡겨선 해결할 수 없는 단계에 온 겁니다. 조명래 단국대학교 도시계획·부동산학부 교수 사진 는 외환위기 이후 경제성장률은 3분의1로 축소됐음에도 부동산시장은 반대로 가파르게 성장했다 며 해외자본까지 가세한 막대한 자금들이 수익을 좇아 부동산으로 몰려 지난 10년간 거시경제와 간극을 벌렸고 글로벌 금융위기를 겪으면서 거품이 걷히는 단계 라고 밝혔다. ↑조명래 단국대 교수 그는 현재 부동산시장을 이같이 진단한 후 금융권이 자구책을 마련해야 하지만 시장이 알아서 판단하도록 맡길 단계는 지났다고 지적했다. 조 교수는 가계대출은 부동산만 800조원을 넘었고 전체로는 1000조원에 달해 심각한 수준 이라며 가처분소득 대비 부채가 너무 많아 가계부실이 심각해지면 실물경제도 타격을 입을 것 이라고 설명했다. 그는 우리나라는 아직 경제성장률이 마이너스가 아니어서 가계부채 문제가 확산되지 않았지만 대외 경제의존도가 높아 유가나 환율동향에 따라 언제든지 추락할 위험성을 안고 있다 며 실물경제까지 어려워지면 집값과 소득의 동반 추락으로 일본과 같은 장기침체로 이어질 수 있다 고 경고했다. 조 교수는 이어 정부가 총부채상환비율 DTI 뿐 아니라 가계대출의 총량규제에도 나설 시점 이라며 금융권의 PF에 대해서도 정부가 가이드라인을 만들어 무분별한 투자를 예방하도록 유도해나가야 한다 고 강조했다. 그는 특히 실물과 부동산시장의 키 맞추기 차원의 조정국면이므로 집값상승을 기대해 빚을 지더라도 집을 사야 한다는 시대는 지났다 며 대출이자를 갚기가 버겁다면 소형면적으로 옮겨서 일부 갚아나가는 합리적인 선택을 해야 한다 고 덧붙였다. 부동산정책에 대해서도 공급자보다 집을 갖고 있지 않은 수요자 중심으로 변화해야 한다고 강조했다. 그는 우리나라의 주택보급률은 110% 수준에 달하지만 자가보급률이 60%로 여전히 40%는 집이 없다 며 결국 공급 위주의 정책은 실패한 것 이라고 역설했다. 조 교수는 이런 상황에서 규제를 완화해 시장 활성화를 유도하려는 정책은 결국 상위계층과 고가주택자에게만 혜택이 돌아가고 서민층의 가계부담을 키우게 된다 며 집을 갖고 있지 않은 40%에 대한 주거복지와 주택의 공공성을 강화하는 정책으로 가야 한다 고 주장했다. 조 교수는 정부와 수요자가 집 지분을 절반씩 나눠 갖는 지분형주택은 사적소유권을 인정하면서도 주거안정을 도모하는 절충안 이라며 장기전세주택 시프트 같이 정부가 운영하면 투기를 막고 공공성을 확보할 수 있으며 이런 방법처럼 주거안정을 위한 정부의 다양한 상상력이 필요하다 고 강조했다. 조 교수는 단국대 법정대학 행정학사와 서울대 환경대학원 도시계획학 석사 영국 서식스대 도시지역학 석사와 박사학위를 취득했다.,https://news.naver.com/main/read.nhn?mode=LSD&mid=shm&sid1=260&oid=008&aid=0002555420,284
261728,2011.06.15. 오전 8:24,부동산,연합뉴스,서울 중구 도심 노후지역 깨끗이 정비한다,서울 연합뉴스 조성흠 기자 서울 도심의 노후지역인 서울역 근처 연세 세브란스빌딩 뒤편과 청계천 주변 등지가 새로운 모습으로 정비된다. 서울 중구는 15일 봉래동 남대문로5가 수표동 등 일대 14만5천300㎡를 체계적으로 정비하고자 도시환경정비구역 지정 및 정비계획 수립 사업 용역을 발주한다고 밝혔다. 중구는 이번 사업으로 서울역 북부 역세권과 청계천 주변 도심권 노후 지역을 정비구역으로 지정하고 체계적인 정비계획을 세울 계획이다. 이들 지역은 일부 노후 요인만을 제거하는 수복 재개발 대신 다수의 필지를 모아 한꺼번에 개발하는 철거 재개발 방식으로 정비된다. 중구는 이번 용역을 통해 블록 단위의 맞춤형 개발 방안과 원주민 재정착률 제고 방안 도심 공동화 억제 및 주거인구 유입 방안 등도 마련할 방침이다. 중구는 7월 초 용역업체를 선정하고 내년 상반기에 용역 결과가 나오면 사업을 본격 추진할 예정이다.,https://news.naver.com/main/read.nhn?mode=LSD&mid=shm&sid1=260&oid=001&aid=0005113149,284
261729,2011.06.15. 오전 8:18,부동산,파이낸셜뉴스,부동산태인 17일 토지현장투어 실시,경매정보업체 부동산태인은 ‘개발호재를 찾아라’라는 주제로 17일 토지현장투어를 실시한다고 15일 밝혔다. 투어 장소는 성남∼여주간 복선전철과 성남∼장호원간 자동차전용도로 건설 등 향후 개발호재가 있는 경기도 이천시 부발·신둔지역이며 진행은 토지전문가인 전종철 강사가 맡았다. 이번 투어에서 전종철 강사는 현장에서 지역분석 및 답사지역 경매 중개시장물건답사 토지의 투자가치분석을 통한 지목변경전략 등을 강의할 예정이다. 시간은 오전 10시∼오후 5시까지이고 참가비는 5만5000원 중식포함 이다. 참가자 전원에게 전국 인터넷경매정보 7일 이용권이 제공된다. 현재 선착순 접수 중이며 부동산태인 홈페이지 www.taein.co.kr 와 전화 02 3487 9777 를 통해 사전 접수가 가능하다. 부동산태인 관계자는 “이번 토지현장투어는 경매에 관심이 많거나 갈수록 경쟁이 치열해지는 경매 시장에서 눈을 돌려 수익을 낼 수 있는 새로운 방식을 찾고자 하는 투자자들에게 많은 도움이 될 전망”이라고 말했다.,https://news.naver.com/main/read.nhn?mode=LSD&mid=shm&sid1=260&oid=014&aid=0002456927,284
261730,2011.06.15. 오전 8:11,부동산,헤럴드POP,한강밤섬자이 ‘4년전 분양가로 모십니다’,GS건설이 한강변의 랜드마크로 주목받고 있는 ‘한강밤섬자이’ 아파트를 4년전 분양가로 공급키로 해 실수요자들의 관심을 끌고 있다 한강밤섬자이는 서울 마포구 하중동 101번지 일대를 재건축한 아파트 단지로 지하2층∼지상25층 7개동에 전용면적 84∼168㎡ 중대형 평형의 총 488가구로 이루어져 있다. 이 중 ▷ 84㎡ 28가구 ▷ 118㎡ 8가구 ▷ 132㎡ 10가구 등 총 46가구가 이번에 일반분양된다. 한강밤섬자이는 입주 2년차 아파트로 이미 지난 2007년에 전용면적 118 168㎡ 75가구를 일반분양해 최고 12.7대1의 경쟁률을 보이며 순위내 마감을 한 인기단지이다. 이번에 공급하는 46가구는 2009년 4월 도정법 도시및주거환경정비법 개정에 따라 임대분에서 일반분양분으로 전환된 물량이다. 이번에 일반분양되는 전용 84㎡형의 경우 3.3㎡당 평균가 1987만원으로 주변 시세와 비슷하게 책정되었다. 118㎡형과 132㎡형의 경우 3.3㎡당 2014 2053만원으로 4년 전 분양 당시 가격과 유사하거나 일부 세대는 오히려 낮게 책정되어 가격 경쟁력이 있다는 것이 회사측의 설명이다. 오는 17일 단지 내에 샘플하우스를 일반에 개방할 예정이며 계약시 분양대금의 5% 중도금은 10%이며 나머지 잔금 85%는 6개월 후 납입 조건이다. 한편 이번에 분양하는 물량 중에는 최고 14층까지 포함되어 있어 일부 동호수에서는 ‘한강 조망 프리미엄’을 누릴 수 있을 전망이다.,https://news.naver.com/main/read.nhn?mode=LSD&mid=shm&sid1=260&oid=112&aid=0002203077,284
261731,2011.06.15. 오전 8:10,부동산,헤럴드POP,올 4대강 유지보수에 2400억원 투입...10배 증가,올해 공사가 마무리되는 4대강의 보ㆍ생태공원ㆍ자전거 길 등의 체계적인 유지관리를 위해 종전보다 10배가량 늘어난 연간 2400억원의 예산이 투입된다. 15일 국토해양부는 이 같은 내용의 ‘4대강 하천유지관리방안’을 확정해 최근 이명박 대통령에게 보고했다고 밝혔다. 국토부는 4대강 공사가 끝나는 내년부터 한강ㆍ낙동강 등 4대강 살리기 사업구간 1956km 을 포함한 국가하천 61개소 2979km의 유지보수를 위해 연간 2400억원을 투입하기로 했다. 그동안 지자체가 투입한 국가하천의 유지보수비가 연간 250억원 국가 보조금 50억원 포함 안팎인 것을 감안하면 10배 가까이 늘어난 것이다. 4대강 살리기 사업으로 보ㆍ둔치ㆍ생태공원 등 종전보다 관리 범위가 넓어지면서 유지보수비도 증가하게 됐다는 게 국토부의 설명이다. 국토부는 이와 함께 그동안 지자체에 일임해왔던 국가하천의 유지보수 가운데 4대강 본류의 보ㆍ제방ㆍ준설 등 중요한 하천시설과 구간은 국가가 직접 수행하거나 수공에 위탁하는 등 역할을 분담하기로 했다. 국토부는 앞으로 댐ㆍ보ㆍ저수지간의 연계운영 계획 등 4대강의 유지관리계획 수립을 총괄하고 4대강내 둑 제방 ㆍ저수로 등 중요 시설물을 관리하게 된다. 또 논란이 됐던 4대강 본류의 16개 다기능 보와 2개의 홍수조절지 문화관 등의관리는 수공이 책임진다. 지자체는 태화강ㆍ만경강 등 4대강 이외의 국가하천 유지보수와 4대강 구간의 둔치ㆍ자전거도로ㆍ생태공원ㆍ습지 등 친수시설 관리를 맡는다. 국토부는 현재 수공이 댐 관리만 가능한 점을 고려해 보의 관리가 가능하도록 6월 국회에서 하천법을 개정할 방침이다. 4대강 사업 이후 유지보수비는 상당수 국고에서 지원될 전망이다. 국토부는 둑ㆍ저수로 등 시설물 관리와 수공의 보ㆍ홍수조절지 관리에 1000억원의 국가 예산을 투입하고 나머지 1400억원은 지자체가 수행하는 4대강 친수시설 및 4대강외 국가하천 유지보수에 배정하되 국가와 지자체가 나눠서 부담하기로 했다.,https://news.naver.com/main/read.nhn?mode=LSD&mid=shm&sid1=260&oid=112&aid=0002203076,284
261732,2011.06.15. 오전 8:06,부동산,헤럴드POP,자동차 번호판 선택폭 넓어진다,자동차 번호판의 번호 선택폭이 넓어진다 15일 국토해양부는 자동차 소유자가 등록번호판을 부착하고자 할 경우 등록 관청에서 제시하는 2개 범위에서 선택하도록 하던 것을 10개로 확대하도록 ‘자동차등록령’을 개정할 계획이라고 밝혔다. 현행 자동차등록령은 등록번호판 4자리 중 마지막 숫자가 홀수와 짝수인 번호판각 한 개씩 제시해 이 중 하나를 선택하도록 하고 있으나 앞으로는 무작위로 추출된 10개의 번호 내에서 선택할 수 있게 된다. 국토부는 선택 범위를 단계적으로 확대해 나갈 방침이다. 개정안에는 또 자동차 소유자가 사망할 경우 교통안전공단이 상속자에게 자동차이전등록 의무사항을 통지하도록 해 최고 50만원인 범칙금이 부과되지 않도록 하는 내용도 포함됐다.,https://news.naver.com/main/read.nhn?mode=LSD&mid=shm&sid1=260&oid=112&aid=0002203075,284
261733,2011.06.15. 오전 8:05,부동산,머니투데이,삼성물산 싱가포르서 1703억 매립공사 수주,머니투데이 전병윤 기자 삼성물산 건설부문은 싱가포르 JTC가 발주한 아이어 머바우 Ayer Merbau 매립공사를 1억5077억달러 약 1703억원 에 수주했다고 밝혔다. 이번 공사는 싱가포르 주롱섬 동남부 해안지역을 매립해 산업단지로 조성하는 공사다. 삼성물산은 잠실종합운동장의 43배 넓이인 총 30.8헥타르 ha 를 매립하고 호안을 축조하는 공사다. 삼성물산은 JTC의 본사건물과 주롱매립공사를 수행해 보여준 기술력과 공사수행능력을 바탕으로 이번 프로젝트를 수주했다고 설명했다. 삼성물산 관계자는 가격과 품질 공기 안전 등 모든 분야에서 최적의 조건을 제시해 최근 싱가포르에서 잇따라 프로젝트를 수주하고 있다 고 말했다.,https://news.naver.com/main/read.nhn?mode=LSD&mid=shm&sid1=260&oid=008&aid=0002555378,284
261734,2011.06.15. 오전 8:01,부동산,아시아경제,4대강 유지관리비 연간 2400억원 종전보다 10배 증가,아시아경제 진희정 기자 4대강 유지관리에 연간 2400억원의 예산이 투입된다. 그동안 지자체가 투입한 국가하천의 유지보수비가 연간 250억원임을 감안할 때 10배 가량 늘어난 셈이다. 이와 함께 4대강 본류의 다기능 보 洑 와 홍수조절지 관리는 한국수자원공사가 맡는다. 국토해양부는 이 같은 내용의 4대강 하천유지관리방안 을 확정해 이명박 대통령에게 보고했다고 15일 밝혔다. 국토부는 올해 4대강 공사를 마무리하고 내년부터 한강·낙동강 등 4대강 살리기 사업구간 1956km를 포함한 국가하천 61개소 2979km의 유지보수를 위해 연간 2400억원을 투입하기로 했다. 둑·저수로 등 시설물 관리와 수공의 보·홍수조절지 관리에 1000억원의 국가 예산을 투입하고 나머지 1400억원은 지자체가 수행하는 4대강 친수시설 및 4대강외 국가하천 유지보수에 배정하기로 했다. 국가와 지자체가 나눠서 부담하기로 했으며 분담 비율은 아직 정해지지 않았다. 지자체는 하천점유료와 골재 채취료 둔치의 주차장·체육시설 임대 등 친수시설 수익사업 등을 통해 유지보수 비용을 충당하게 된다. 4대강 사업 이후 유지보수비가 늘어난 것에 대해 국토부는 보·둔칟생태공원 등 종전보다 관리 범위가 넓어지면서 유지보수비도 증가됐다는 설명이다. 아울러 상당수 국고에서 지원될 전망이다. 이에 따라 국토부는 조만간 기획재정부와 협의해 국고 지원 금액을 최종 확정한 뒤 다음 국회에 예산심의를 요청할 방침이다. 홍형표 수자원정책관은 현재 서울시 한강사업본부는 한강 42km를 유지·보수하는데 매년 470억원 km당 11억원의 예산을 투입한다 며 4대강 유지보수비는 서울시의 10%에도 못미치는 km당 8000만원으로 낮은 수준 이라고 말했다. 한편 논란이 됐던 4대강 본류의 16개 다기능 보와 2개의 홍수조절지 문화관 등의 관리는 수공이 책임진다. 국토부는 앞으로 댐·보·저수지간의 연계운영 계획 등 4대강의 유지관리계획 수립을 총괄하고 4대강내 둑·저수로 등 중요 시설물을 관리하게 된다. 지자체는 태화강·만경강 등 4대강 이외의 국가하천 유지보수와 4대강 구간의 둔칟자전거도로·생태공원·습지 등 친수시설 관리를 맡는다. 국토부는 현재 수공이 댐 관리만 가능한 점을 고려해 보의 관리가 가능하도록 6월 국회에서 하천법을 개정할 방침이다.,https://news.naver.com/main/read.nhn?mode=LSD&mid=shm&sid1=260&oid=277&aid=0002623187,284
261735,2011.06.15. 오전 7:59,부동산,매일경제,15월 입주물량 작년 60% 불과,올해 들어 새로 입주한 아파트 물량이 작년의 60% 수준에 불과한 것으로 나타나 공급 부족으로 인한 전세난 심화가 우려된다. 15일 부동산114와 한국건설산업연구원에 따르면 올해 1 5월 전국의 아파트 입주물량은 모두 7만3579가구로 전년 동기 12만1573가구 에 비해 39.5%나 줄었다. 월별로는 1월 1만9717가구 2월 1만5526가구 3월 1만809가구 4월 9504가구로 점점 줄어들다 5월에는 1만8023가구로 반등했다. 경기도가 65.4% 급감해 하락세를 주도했다. 6 12월 입주예정 물량도 12만2255가구에 불과해 올 한해를 통틀어 총 19만5034가구가 새로 입주할 전망이다. 이는 지난해 29만7천155가구의 65.6%로 2000년대 연평균 입주물량의 3분의 2 수준이다. 특히 다음달 신규 아파트 입주예정 물량은 1만4622가구로 최근 10년간 7월 입주물량 중 최저치를 기록할 것으로 예상된다. 뉴스속보부 r start 화보 가희 미애 섹시 댄스 속으로 가계빚 위험 카드사태때의 2배 배보다 배꼽 큰 아이패드2 AS…59만원 내라니 루이비통 메뚜기 개구리 등장 무면허 한방의료 구당 김남수 기소 전역 앞둔 이동욱 후임 이준기 차세대 군기반장 지목 박완규 과거 고백 “지난 10년 동안 한 것 없이 막 살았다” r end ⓒ 매일경제 mk.co.kr 무단전재 및 재배포 금지 MBA도 모바일로 공부한다.,https://news.naver.com/main/read.nhn?mode=LSD&mid=shm&sid1=260&oid=009&aid=0002484683,284
261736,2011.06.15. 오전 7:46,부동산,한국경제TV,주택금융공사 7등급이하 전세보증 4년만에 절반 뚝,최근 5년간 주택금융공사 전세보증 가운데 7등급 이하 저신용자층에 대한 전세보증 건수 비중이 절반으로 떨어진 것으로 나타났습니다. 주택금융공사가 창조한국당 유원일 의원에게 제출한 최근 5년간 주택금융공사의 신용등급별 전세보증 내역을 보면 1 6등급 고신용층은 ‘06년말 5만1 669건 비중 50.5% 에서 ’10년말 17만5 846건 비중 78.6% 으로 비중이 높아졌습니다. 반면 저신용층인 7 10등급은 ‘06년말 4만7 171건 비중 46.2% 에서 ’10년말 4만7 600건 비중 21.3% 로 4년만에 절반이하로 줄었습니다. 유원일 의원은 “서민주거 안정에 힘써야 할 주택금융공사의 저신용층 전세보증비중이 계속 줄어드는 이유가 무엇이냐”며 “사고율 감소로 수입이 늘어난 만큼 주택금융공사는 0.2 0.5%에 이르는 보증료율을 낮춰서 서민들에게 더 많은 혜택을 줘야 한다”고 주장했습니다.,https://news.naver.com/main/read.nhn?mode=LSD&mid=shm&sid1=260&oid=004&aid=0002082156,284
261737,2011.06.15. 오전 7:45,부동산,헤럴드POP,대우건설 말레이시아서 현지 최초 6성급 호텔 공사 수주,대우건설 사장 서종욱 이 말레이시아의 수도 쿠알라룸푸르 심장부에 현지 최초로 6성급 호텔을 짓는다. 대우건설은 쿠알라룸푸르 반다라야 지구에 지하 3층∼지상 48층 규모의 6성급 호텔 및 레지던스를 건설하는 원 IFC 프로젝트 One IFC Project 를 수주했다고 밝혔다. 이 호텔은 말레이시아 사상 첫 6성급 호텔로 쿠알라룸푸르의 중앙역인 KL센트럴역 앞에 건립된다. 총 공사 금액은 1억 9000만 달러이며 발주처는 말레이시아 최대 규모의 부동산 투자개발회사인 MRCB와 CMY 캐피탈의 합작회사인 원 IFC 레지던스이다. 대우건설 관계자는 “쿠알라룸푸르를 방문하는 이들의 첫눈을 사로잡을 상징적인 건축물이 될 것”이라고 말했다. 이번 수주로 대우건설은 1983년 말레이시아에 진출한 이래 총 11개 프로젝트 누계 16억 달러의 수주고를 기록하고 있다. 김민현 기자＠kies00 kies heraldm.com 지난 13일 말레이시아 쿠알라룸푸르에서 대우건설 서종욱 사장 우 과 원 IFC 레지던스 추아마유 회장 좌 이 원 IFC 프로젝트 공사추진에 최종합의하고 서명식을 가졌다.,https://news.naver.com/main/read.nhn?mode=LSD&mid=shm&sid1=260&oid=112&aid=0002203064,284
261738,2011.06.15. 오전 7:41,부동산,헤럴드POP,경남기업 베트남 하노이하이퐁 고속도 공사 수주,경남기업 사장 김호영 은 베트남 최대 규모의 도로건설사업인 하노이 하이퐁 고속도로 4공구 공사를 수주했다고 밝혔다. 베트남 인프라개발 ㆍ재무투자회사 VIDIFI가 발주한 이 공사는 수도 하노이와 북부 핵심경제구역인 하이퐁 항구를 연결하는 고속도로를 건설하는 프로젝트다. 총 연장 거리는 105.5㎞. 이 중 경남기업은 15㎞ 구간 6차선 의 시공을 맡으며 공사금액은 1710억원 규모다. 이 회사 관계자는 “베트남 개발은행 재원으로 추진되는데다 공사대금의 10%를 선수금으로 받을 예정이어서 사업 리스크가 적다”며 “특히 워크아웃 졸업 후 첫 해외수주라는 점에서 의미가 매우 크다”고 말했다. 경남기업은 1967년 베트남에 진출한 이래 지금까지 총 18건 누적 수주액 15억달러의 공사를 수행해왔다.,https://news.naver.com/main/read.nhn?mode=LSD&mid=shm&sid1=260&oid=112&aid=0002203063,284
261739,2011.06.15. 오전 7:41,부동산,헤럴드POP,올 입주물량 2000년래 최저 수준 급감...전세난 심화 우려,올해 입주물량이 2000년대 들어 사상 최저 수준으로 급감할 것으로 예상되면서 공급 부족으로 인한 전세난 심화가 우려된다.실제로 올들어 1 5월 전국 새 아파트 입주물량이 전년동기보다 40% 급감한데다 올 하반기 재개발ㆍ재건축 이주 수요만도 2만가구에 달할 전망이어서 주택수급 불균형에 따른 가을 전세대란이 예고되고 있다. 15일 부동산114와 한국건설산업연구원에 따르면 올들어 5월말현재 전국의 아파트 입주물량은 모두 7만3579가구로 전년 동기 12만1573가구 에 비해 39.5% 줄었다. 월별로는 1월 1만9717가구 2월 1만5526가구 3월 1만809가구 4월 9504가구로 점점 줄어들다 5월에는 1만8023가구로 반등했다. 경기도가 65.4% 급감해 하락세를 주도한 가운데 인천 237% 전남 56% 전북 24% 제주 324% 를 제외한 대다수 지역에서 두자릿수대 감소율을 기록했다. 6 12월 입주예정 물량도 12만2255가구에 불과해 올 한해를 통틀어 총 19만5034가구가 새로 입주할 전망이다. 이는 지난해 29만7155가구의 65.6%로 2000년대 연평균 입주물량의 3분의 2 수준이다. 특히 다음달 신규 아파트 입주예정 물량은 1만4622가구로 최근 10년간 7월 입주물량 중 최저치를 기록할 것으로 예상된다. 이처럼 아파트 입주물량이 줄어들면 전반적인 주택 공급량이 감소해 전세가격을 올릴 가능성이 큰 것으로 전문가들은 보고 있다. 건산연 허윤경 연구위원은 “연간 입주물량은 2000년대 들어 평균 30만가구를 유지해왔는데 20만가구도 못 미친 해는 1990년대 이후 거의 없었다”고 말했다. 주택공급은 40% 가까이 줄어든 반면 수요는 폭증할 것으로 전망돼 올 하반기 전세시장 불안 우려를 증폭시키고 있다. 올 하반기 이주를 예정하고 있는 서울 재개발ㆍ재건축 사업장은 총 18곳 이주민은 약 2만가구에 달할 것으로 예상되고 있다. 지난달 23일 관리처분계획을 통과한 강남구 대치동 청실아파트 1446가구 가 6 7월 사업시행인가 후 관리처분계획을 수립 중인 논현동 경복아파트 308가구 가 9 10월 이주를 계획하고 있다. 또 송파구 가락동 가락시영1차 4421가구 와 가락시영2차 3685가구 재개발사업장인 관악구 봉천동 봉천제12 2구역 1249가구 양천구 신월동 신정1 1지구 2519가구 영등포구 신길동 신길7구역 1521가구 과 신길5구역 1236가구 등이 하반기 이주에 나설 것으로 보인다. 강북권에서도 동대문구 답십리 14·18구역 청량리 7구역 용두4·6구역 영등포 1 3 1 4구역 등 사업시행인가 받은 곳들이 줄줄이 관리처분계획을 서두르고 있어 주택멸실이 불가피하다. 실제로 안정세로 접어든 것으로 보였던 수도권 전세시장은 재건축 아파트 단지의 이주수요가 몰리면서 최근 2주연속 전셋값이 크게 오르고 있다. 서초구 반포동 반포리체 삼호가든1 2차 84A㎡의 경우 지난 한주간 전셋값이 1500만원 오른 4억4000만 4억9000만원선 목동 신시가지7단지 66㎡가 1000만원 오른 2억 2억2000만원선을 기록했다.강남구 청실 아파트 이주수요 등의 영향으로 개포동 주공고층5단지 112㎡형도 전셋값이 전주보다 1500만원 오른 3억5000만 3억7000만원선이다.,https://news.naver.com/main/read.nhn?mode=LSD&mid=shm&sid1=260&oid=112&aid=0002203062,284
261740,2011.06.15. 오전 7:38,부동산,한국경제TV,서울시시의회 갈등 정상화 조짐,서울시가 6월 서울시의회 정례회를 앞두고 8대 시의회 출범 이후 가장 많은 조례안을 제출해 시와 시의회 간 관계가 정상화될 조짐을 보이고 있습니다. 서울시와 시의회에 따르면 서울시는 오는 20일 개회하는 제231회 시의회 정례회에 현재까지 모두 27건의 조례안을 제출했습니다. 서울시는 통상 시의회 정례회와 임시회를 1주 1개월 가량 앞두고 의안을 제출하는 데 이번에 제출한 조례안 수는 지난해 7월 제8대 시의회 출범 이후 가장 많습니다. 서울시의 시의회는 지난해 12월 무상급식 전면실시를 두고 격한 감정싸움을 벌여왔으며 올해 2차례 열린 시의회에서 시장이 발의한 조례안은 단 1건도 통과되지 못했습니다.,https://news.naver.com/main/read.nhn?mode=LSD&mid=shm&sid1=260&oid=004&aid=0002082153,284
261741,2011.06.15. 오전 6:51,부동산,연합뉴스,4대강 유지보수비 10배 증가..연 2천400억원 투입,연기 금남보 건설 막바지 공사 연기 연합뉴스 김준호 기자 4대강 살리기 사업이 진행중인 충남 연기군 금남보 세종보 공사 현장의 가물막이 모습. 가물막이 뒷편에서는 소수력발전설비 공사가 한창으로 전국에서 처음으로 오는 7월15일 완공될 예정이다.2011.6.1 kjunho yna.co.kr 1천억원은 국가 1천400억원은 국가 지자체 부담 수공은 보 홍수조절지 관리...하천법 개정 추진 서울 연합뉴스 서미숙 기자 올해 공사가 마무리되는 4대강의 보ㆍ생태공원ㆍ자전거 길 등의 체계적인 유지관리를 위해 종전보다 10배가량 늘어난 연간 2천400억원의 예산이 투입된다. 관리 주체를 놓고 논란이 됐던 4대강 본류의 다기능 보 洑 와 홍수조절지 관리는 한국수자원공사가 맡는다. 국토해양부는 이와 같은 내용의 4대강 하천유지관리방안을 확정해 최근 이명박 대통령에게 보고했다고 15일 밝혔다. 공사 중인 남한강 강천보 여주 연합뉴스 김경태 기자 지난달 26일 경기도 여주군 남한강 강천보. 1번과 2번 수문이 완공돼 강물이 흘러가고 있고 나머지 수문은 임시물막이를 한 상태에서 공사가 진행되고 있다. 지방기사 참조 2011.6.1 ktkim yna.co.kr 국토부는 4대강 공사가 끝나는 내년부터 한강ㆍ낙동강 등 4대강 살리기 사업구간 1천956km 을 포함한 국가하천 61개소 2천979km의 유지보수를 위해 연간 2천400억원을 투입하기로 했다. 그동안 지자체가 투입한 국가하천의 유지보수비가 연간 250억원 국가 보조금 50억원 포함 안팎인 것을 감안하면 10배 가까이 늘어난 것이다. 4대강 살리기 사업으로 보ㆍ둔치ㆍ생태공원 등 종전보다 관리 범위가 넓어지면서 유지보수비도 증가하게 됐다는 게 국토부의 설명이다. 홍형표 수자원정책관은 현재 서울시 한강사업본부는 한강 42km를 유지ㆍ보수하는데 매년 470억원 km당 11억원의 예산을 투입한다 며 4대강 유지보수비는 서울시의 10%에도 못미치는 km당 8천만원으로 낮은 수준 이라고 말했다. 국토부는 이와 함께 그동안 지자체에 일임해왔던 국가하천의 유지보수 가운데 4대강 본류의 보ㆍ제방ㆍ준설 등 중요한 하천시설과 구간은 국가가 직접 수행하거나 수공에 위탁하는 등 역할을 분담하기로 했다. 국토부는 앞으로 댐ㆍ보ㆍ저수지간의 연계운영 계획 등 4대강의 유지관리계획 수립을 총괄하고 4대강내 둑 제방 ㆍ저수로 등 중요 시설물을 관리하게 된다. 공주 금강보 건설 현장 공주 연합뉴스 김준호 기자 4대강 살리기 사업이 진행중인 공주시 금강보 공주보 현장. 이곳은 지난해 8월14일 내린 시간당 180㎜의 국지성 호우로 침수됐던 곳으로 시공사 측은 수해가 재발하지 않도록 가물막이를 2단계로 쌓는 등 만반의 준비를 하고 있다.2011.6.1 kjunho yna.co.kr 또 논란이 됐던 4대강 본류의 16개 다기능 보와 2개의 홍수조절지 문화관 등의 관리는 수공이 책임진다. 지자체는 태화강ㆍ만경강 등 4대강 이외의 국가하천 유지보수와 4대강 구간의 둔치ㆍ자전거도로ㆍ생태공원ㆍ습지 등 친수시설 관리를 맡는다. 국토부는 현재 수공이 댐 관리만 가능한 점을 고려해 보의 관리가 가능하도록 6월 국회에서 하천법을 개정할 방침이다. 4대강 사업 이후 유지보수비는 상당수 국고에서 지원될 전망이다. 국토부는 둑ㆍ저수로 등 시설물 관리와 수공의 보ㆍ홍수조절지 관리에 1천억원의 국가 예산을 투입하고 나머지 1천400억원은 지자체가 수행하는 4대강 친수시설 및 4대강외 국가하천 유지보수에 배정하되 국가와 지자체가 나눠서 부담하기로 했다. 국가와 지자체의 분담 비율은 아직 정해지지 않았다. 지자체는 하천점유료와 골재 채취료 둔치의 주차장ㆍ체육시설 임대 등 친수시설 수익사업 등을 통해 유지보수 비용을 충당하게 된다. 모습 드러낸 승촌보 광주 연합뉴스 형민우 기자 4대강 살리기사업 가운데 하나인 광주 남구 승촌보 공사 현장. 현재 승촌보는 차량이 통행할 수 있는 다리가 놓이면서 97%의 공정률을 보이는 등 막바지 공사가 한창이지만 본격적인 집중호우철을 맞아 본류와 연결되는 지천의 범람 가능성이 우려되고 있다. 지방기사 참고 2011.6.1 minu21 yna.co.kr 국토부는 조만간 기획재정부와 협의해 국고 지원 금액을 최종 확정한 뒤 다음 국회에 예산심의를 요청할 방침이다. 정내삼 수자원정책실장은 그동안 국가하천은 재원과 전문성 지자체의 관심 부족 등으로 유지관리가 제대로 이뤄지지 못하고 사실상 방치돼왔다 며 4대강 사업 이후에는 국가가 직접 관리 주체로 나서 체계적인 관리가 이뤄질 것 이라고 말했다.,https://news.naver.com/main/read.nhn?mode=LSD&mid=shm&sid1=260&oid=001&aid=0005113066,284
261742,2011.06.15. 오전 6:47,부동산,한국경제TV,영상뉴스 공공자전거 인기‥10만명 돌파,서울 시민이 언제 어디서나 자유롭게 자전거를 빌려타고 시내를 이동할 수 있는 공공자전거 이용자가 10만명을 돌파했습니다. 여의도와 한강망원지구를 오가는 자전거페리도 선보였습니다. 영상뉴스를 통해 만나보겠습니다.,https://news.naver.com/main/read.nhn?mode=LSD&mid=shm&sid1=260&oid=215&aid=0000020404,284
261743,2011.06.15. 오전 6:44,부동산,한국경제TV,영상뉴스 공공자전거 인기‥10만명 돌파,서울 시민이 언제 어디서나 자유롭게 자전거를 빌려타고 시내를 이동할 수 있는 공공자전거 이용자가 10만명을 돌파했습니다. 여의도와 한강망원지구를 오가는 자전거페리도 선보였습니다. 영상뉴스를 통해 만나보겠습니다.,https://news.naver.com/main/read.nhn?mode=LSD&mid=shm&sid1=260&oid=004&aid=0002082125,284
261744,2011.06.15. 오전 6:33,부동산,연합뉴스,15월 입주물량 작년 60% 불과,공급부족으로 전세난 심화 우려…올해 예상물량도 적어 서울 연합뉴스 강건택 기자 올해 들어 새로 입주한 아파트 물량이 작년의 60% 수준에 불과한 것으로 나타나 공급 부족으로 인한 전세난 심화가 우려된다. 15일 부동산114와 한국건설산업연구원에 따르면 올해 1 5월 전국의 아파트 입주물량은 모두 7만3천579가구로 전년 동기 12만1천573가구 에 비해 39.5%나 줄었다. 월별로는 1월 1만9천717가구 2월 1만5천526가구 3월 1만809가구 4월 9천504가구로 점점 줄어들다 5월에는 1만8천23가구로 반등했다. 경기도가 65.4% 급감해 하락세를 주도한 가운데 인천 237% 전남 56% 전북 24% 제주 324% 를 제외한 대다수 지역에서 두자릿수대 감소율을 기록했다. 6 12월 입주예정 물량도 12만2천255가구에 불과해 올 한해를 통틀어 총 19만5천34가구가 새로 입주할 전망이다. 이는 지난해 29만7천155가구의 65.6%로 2000년대 연평균 입주물량의 3분의 2 수준이다. 특히 다음달 신규 아파트 입주예정 물량은 1만4천622가구로 최근 10년간 7월 입주물량 중 최저치를 기록할 것으로 예상된다. 이처럼 아파트 입주물량이 줄어들면 전반적인 주택 공급량이 감소해 전세가격을 올릴 가능성이 큰 것으로 전문가들은 보고 있다. 건산연 허윤경 연구위원은 연간 입주물량은 2000년대 들어 평균 30만가구를 유지해왔는데 20만가구도 못 미친 해는 1990년대 이후 거의 없었다 며 주택 매매심리가 위축된 상황에서 공급이 부족해져 하반기에도 전세시장이 불안할 것으로 보인다 고 말했다.,https://news.naver.com/main/read.nhn?mode=LSD&mid=shm&sid1=260&oid=001&aid=0005113058,284
261745,2011.06.15. 오전 6:01,부동산,연합뉴스,아파트값 빈부차이 2년만에 최저치,대치동주변 아파트 모습 자료사진 저가주택 25% 올라‥서민 내집마련은 험난 서울 연합뉴스 이유진 기자 최근 1년간 전국 상위 20%에 해당하는 고가 아파트는 값이 소폭 내린 반면 하위 20%의 저가 아파트 가격은 껑충 뛰어 고ㆍ저가 아파트간 가격 차이가 줄어든 것으로 나타났다. 이는 부동산경기 침체로 인해 고가 아파트가 투자 대상으로서 매력을 잃은 한편 주택시장이 실수요자 위주로 재편되면서 저가 아파트에 수요가 집중됐기 때문이라고 부동산 전문가들은 전했다. 15일 국민은행이 전국 아파트를 가격 순으로 5등분해 평균 가격을 분석한 5분위 주택가격 자료에 따르면 상위 20% 주택의 평균 가격은 지난해 5월 기준 5억2천980만원에서 올해 5억2천269만원으로 1.3% 감소했다. 반면 서민들이 주로 거주하는 하위 20%의 5월 평균 매매가격은 8천270만원으로 지난해 6천617만원에 비해 25% 1천653만원 상승했다. 고가 아파트와 저가 아파트간 가격 차이를 나타내는 5분위 배율은 6.3으로 지난 2009년 1월 이후 최저치였다. 5분위 배율은 상위 20% 평균 주택가격을 하위 20% 평균가로 나눈 값으로 고.저가 아파트 간 격차가 심할수록 커진다. 부동산 리서치전문업체 리얼투데이는 상위 20% 아파트 매매가격은 15개월 연속 하락했으나 하위 20%는 27개월째 꾸준히 오름세를 보이고 있다고 전했다. 한편 서울의 5분위 배율은 지난해에 이어 올해도 4.1로 동일했다. 상위 20% 아파트의 평균가는 9억5천110만원으로 지난해보다 1천582만원 1.7% 올랐고 하위 20% 아파트 역시 지난해 2억2천702만원에서 3% 오른 2억3천386만원으로 나타났다. 국민은행 관계자는 서울 외 지역은 표본 주택 수가 적어 따로 통계를 만들 수 없지만 전국 5분위 배율이 떨어진 점을 감안하면 비서울 지역에서 서민주택 가격이 크게 올랐다는 결론이 나온다 고 설명했다. 리얼투데이 양지영 팀장도 부산발 부동산열풍 이 인근으로 확산되면서 지방의 소형주택 가격이 대폭 올랐다 면서 집값의 빈부격차는 줄었지만 서민의 내집마련은 더 어려워진 셈 이라고 말했다. 이어 부동산 침체로 아파트 투자에 대한 불안감이 커져 비싼 집에 대한 수요가 감소한 반면 전세난에 쫓겨 중소형 주택 매입에 나서는 실수요자가 늘면서 아파트간 격차를 좁히는 데 일조했다 고 분석했다.,https://news.naver.com/main/read.nhn?mode=LSD&mid=shm&sid1=260&oid=001&aid=0005113015,284
261746,2011.06.15. 오전 6:00,부동산,머니투데이,800억弗 해외 건설 프로젝트 한국에 온다,머니투데이 정진우 기자 지식경제부 글로벌 프로젝트 플라자 2011 ... 67개 발주처 112개 대형 공사 소개 정부가 총 800억 달러에 이르는 112개 대형 해외 건설 프로젝트를 국내 기업들에게 소개하는 행사를 개최한다. 지식경제부는 15일부터 17일까지 서울 잠실 롯데호텔에서 국토해양부와 공동으로 이 같은 내용의 글로벌 프로젝트 플라자 2011 Global Project Plaza 를 개최한다고 밝혔다. 이번 행사엔 전 세계 30개 나라 67개 발주처가 참가한다. 이들 발주처는 대규모 석유화학 공장 등 112개 프로젝트를 국내 200여 기업에 소개한다. 이 행사는 기업이 개별적으로 접근하기 힘든 해외 공공 발주처를 우리나라에 초청 집중 설명회와 상담회를 갖는 방식으로 진행된다. 우리 기업의 해외진출을 지원하기 위해 마련된 행사로 지난 2008년부터 매년 열리고 있다. 그동안 행사를 통해 △방글라데시 카나폴리 수 처리 프로젝트 △모잠비크의 태양광 발전소 건설 △블라디보스톡 지중 고압송전망 건설 사업 등에 국내 기업이 진출했다. 올해는 멕시코석유공사의 석유화학 플랜트 건설 베트남석유공사의 화력발전소 등 112개 프로젝트에 대한 1대1 매칭 상담회가 열린다. 김정관 지경부 차관은 개막식 축사를 통해 우수한 기술력과 자본을 겸비한 한국과 인프라 건설 등 수요가 높은 발주처 국가와 상호 협력이 필요하다 며 이번 행사를 통해 발굴된 해외 프로젝트를 관리하면서 해외 발주처들과 지속적인 협력을 통해 우리 기업의 해외 진출을 적극적으로 지원할 계획이다 고 말했다.,https://news.naver.com/main/read.nhn?mode=LSD&mid=shm&sid1=260&oid=008&aid=0002555339,284
261747,2011.06.15. 오전 6:00,부동산,아시아경제,자동차 등록번호판 번호선택폭 확대..2개→10개,아시아경제 조민서 기자 자동차 등록번호판이 번호선택의 폭이 현행 2개에서 10개로 대폭 확대된다. 국토해양부는 자동차소유자가 등록번호판을 부착하는 경우 등록관청에서 제시하는 2개의 범위 내에서 선택하도록 하던 것을 10개 범위로 확대하도록 자동차등록령을 개정할 계획이라 15일 밝혔다. 현행 자동차 소유자의 대부분은 등록번호판 4자리 중 마지막 뒷자리의 등록번호 2개 홀·짝수 를 확인해 선택하고 있다. 그러나 앞으로는 등록관청에서 제시하는 번호판 뒷 두자리 등록번호 중에서 무작위로 축출된 10개의 번호 홀·짝수 배합 내에서 선택할 수 있게 된다. 국토부 관계자는 이번 자동차등록번호판의 선택 시행성과 등을 면밀히 모니터해 국민의 만족도를 향상 시킬 수 있도록 번호판 선택범위를 단계적으로 확대해 나갈 계획 이라고 말했다. 또 자동차 소유자가 사망할 경우 교통안전공단에서 상속자에게 자동차 이전등록 의무사항을 통지하도록 해 최고 50만원 상당의 범칙금이 부과되지 않도록 하는 내용도 이번 개정안에 포함됐다. 이번 개정안은 6월중 관계 부처 협의 후 입법예고 등을 거쳐 9월부터는 본격 시행에 들어 갈 예정이다.,https://news.naver.com/main/read.nhn?mode=LSD&mid=shm&sid1=260&oid=277&aid=0002623125,284
261748,2011.06.15. 오전 5:55,부동산,머니투데이,재건축 이주대란 시작…강남 전셋집 실종사건,머니투데이 송지유 기자 전셋집 놓칠라 수요자 조바심 확산…대치동發 전셋값 오름세 인근지역 확산 다음달 청실아파트 재건축 이주를 앞두고 너도나도 전셋집 구하려고 난리에요. 전셋집을 구해달라는 손님들이 사무실에 찾아와 하루종일 진을 치고 있을 정도입니다. 때도 아닌데 가을학군 수요까지 덩달아 일찍 움직이는 통에 전세물건 구하기가 하늘의 별따기입니다. 서울 강남구 대치동 A중개업소 사장 서울 강남 일대 아파트 전세시장이 들썩이고 있다. 강남구 대치동 청실아파트 1378가구 의 재건축 이주가 다음달 시작되는데다 가을학군 수요까지 겹치면서 여름 비수기에 때 아닌 전셋집 구하기 전쟁이 벌어지고 있는 것. 전셋집을 찾는 수요가 늘면서 물건이 나오자마자 팔려나가는가하면 전셋값도 수천만원씩 오르고 있다. 14일 부동산 업계에 따르면 강남구 대치동과 역삼동 일대 아파트 전셋값은 이달 들어 2000만∼3000만원 상승했다. 예년보다 일찍 시작된 강남발 전세난은 송파·서초·양천 등 다른 지역으로 확산될 조짐을 보이고 있다. 전문가들은 7∼8월 초·중·고교 여름방학 기간에 가을학군 수요가 본격적으로 움직이면 전세난이 더욱 심화될 가능성이 크다고 우려하고 있다. ◇전셋값 수천만원 급등…재건축 이주에 학군수요 겹쳐 대치동 은마아파트 101㎡ 전셋값은 현재 3억 3억5000만원 115㎡는 4억 4억5000만원선으로 이달 들어서만 전셋값이 2000만 3000만원 올랐다. 대치동 B중개업소 관계자는 최근 2∼3년동안 재건축 이주로 1000여가구가 한꺼번에 전셋집을 구하러 시장에 쏟아진 적이 없었다 며 대부분 수요자들이 자녀교육 등 이유로 대치동을 고수하고 있어 전세물건이 동이 났다 고 말했다. 전셋집 구하기가 어렵다는 소문이 돌면서 가을학군 수요까지 일찌감치 움직이면서 대치동 인근지역까지 전세난이 확산되고 있다. 역삼동 e편한세상 개나리래미안 등 주요 단지는 수요자가 몰리면서 전셋값이 2000만∼3000만원씩 뛰었다. 역삼동 C중개업소 사장은 역삼동은 대치동 학원을 걸어서 다닐 수 있는데다 최근 입주한 새아파트가 많아 수요자들이 선호한다 며 반전세나 월세물건도 잘 나간다 고 설명했다. 강남에서 시작된 전세난은 송파·서초·양천구 등으로 확산될 조짐을 보이고 있다. 이들지역 역시 전세수요가 눈에 띄게 늘어 전세물건 구하기가 어렵다. 목동 D중개업소 관계자는 전세 수요가 예년보다 1개월 이상 빨리 움직이고 있다 며 집주인들이 전셋집을 내놓는 즉시 계약이 이뤄지는 경우가 많다 고 말했다. ◇일찍 시작된 전세난…올 가을 더욱 심화될 듯 전문가들은 전세시장 움직임이 예년보다 1개월 이상 빨라졌다고 분석한다. 아파트 전셋값은 봄학군 수요가 움직이는 1∼2월과 신혼부부 수요가 몰리는 3월 가을학군 수요가 움직이는 7∼8월에 오른다. 여름방학 전인 5∼6월은 통상 전세시장 비수기로 통한다. 하지만 올해는 지난달말부터 전세시장이 술렁이더니 이달 들어 수요자들의 움직임이 두드러지고 있다. 예년과는 확연히 다른 시장 상황이 연출되고 있는 것이다. 송파구 잠실동 E중개업소 사장은 가을은 봄보다 전셋값 오름폭이 크지 않은데 올해는 시장 움직임이 다르다 며 11∼12월 결혼하는 예비부부가 벌써부터 전셋집을 구하는 등 조바심을 내는 수요자들이 늘고 있다 고 말했다. 올 하반기 입주물량이 급감하는 점도 전세난을 부추길 것으로 보인다. 부동산114에 따르면 올 하반기 7∼12월 전국의 입주물량은 9만9000여가구로 지난 2009년 16만2000여가구 2010년 15만1000여가구 에 비해 훨씬 적다. 서울·경기지역 하반기 입주물량 역시 지난 2009년 9만여가구에서 2010년 7만2000여가구 올해 5만3000여가구로 감소세다. 김규정 부동산114 본부장은 금리인상 보금자리주택 건설 등으로 집값이 오르기 어렵다는 인식이 확산되고 있다 며 입주물량은 줄고 전셋집에 눌러앉는 수요는 늘고 있는 만큼 올 가을 전세난은 심화될 가능성이 크다 고 예상했다.,https://news.naver.com/main/read.nhn?mode=LSD&mid=shm&sid1=260&oid=008&aid=0002555337,284
261749,2011.06.15. 오전 4:50,부동산,머니투데이,금리인상 부동산 임대시장에 직격탄,머니투데이 전병윤 기자 담보대출 금리 상가 연간 임대수익률 육박…투자 위축 불가피 입지가 좋은 수도권 오피스텔이나 상가 임대사업의 연간 수익률이 7∼8%인데 시중은행 담보대출 금리가 6%대까지 치솟았으니 부동산 투자가 위축될 수밖에요. 금리가 추가로 오르면 부동산 임대시장 구도가 무너질 수도 있습니다. A은행 프라이빗뱅킹 관계자 한국은행이 지난 10일 기준금리를 0.25%포인트 전격 인상하면서 오피스텔 상가를 비롯해 아파트 전·월세 등 부동산 임대시장이 술렁이고 있다. 기준금리가 3.25%로 오르면서 시중은행의 부동산담보대출 금리가 6%대로 뛰어 투자심리가 얼어붙고 있는 것이다. 기준금리가 오르면 은행의 담보대출금리가 상승해 부동산시장 자금 유입에 제동이 걸린다. 이는 오피스텔이나 상가 아파트 전·월세 등 임대상품의 투자 수익률이 낮아지기 때문이다. 특히 아파트 전·월세시장의 경우 주택을 여러채 보유한 자산가들이 대출이자 부담을 줄이려고 임대료를 올리거나 전·월세계약을 전환해 시장구조가 크게 달라질 수도 있다. 금리인상에 따른 주택 전세시장 전망은 제각각이다. 주택 매수세가 줄어 전세난이 가중될 것이라는 견해와 월세계약을 전세로 전환하는 사례가 늘어 전세난이 다소 해소될 것이라는 의견이 엇갈리고 있다. 김규정 부동산114 본부장은 이자상환 부담이 늘어나면 대출을 받아 내집을 마련하려는 수요가 줄어들 것 이라며 반대로 전·월세 임대주택에는 수요가 몰려 물건부족 임대료 상승 등으로 이어질 가능성이 높다 고 내다봤다. 반면 B은행 프라이빗뱅킹 관계자는 월세를 놓은 집주인의 경우 이자부담을 줄이려고 전세로 전환하거나 가격을 낮춰 집을 처분하려고 할 것 이라며 금리인상은 집값안정 전세난 해소에 도움을 줄 수 있다 고 말했다. 금리 추가인상에 대한 우려는 커지고 있다. 한 대형건설사 임원은 지방을 중심으로 신규 분양시장의 불씨가 살아나는 가운데 전격적인 금리인상은 큰 악재 라며 문제는 여기서 끝이 아니라 금리가 추가 인상될 가능성이 높다는 것 이라고 말했다. 실제 한국은행은 올 들어서만 3차례 1월13일 3월10일 6월10일 기준금리를 인상 2009년 이후 2년여간 3% 미만이던 기준금리는 3.25%까지 뛰었다. 이정걸 국민은행 WM사업본부 팀장은 자금력 있는 투자자들은 금융비용을 줄이기 위해 부채를 미리 상환하거나 금융상품으로 갈아탈 수 있다 고 내다봤다.,https://news.naver.com/main/read.nhn?mode=LSD&mid=shm&sid1=260&oid=008&aid=0002555332,284
261750,2011.06.15. 오전 3:10,부동산,동아일보,분양 정보안산 고잔동 오피스텔 ‘프라움시티’ 外,동아일보 안산 고잔동 오피스텔 ‘프라움시티’ 태남건설이 경기 안산시 단원구 고잔동에 지은 오피스텔 ‘안산 고잔 프라움시티’를 특별 분양 중이다. 지하 4층 지상 20층 2개동에 전용면적 92.14m² 104.96m² 두 가지 타입의 총 288실로 계약 해지분 10실이 분양 대상이다. 분양가는 3.3m²당 700만 원 수준. 안산시청 맞은편에 있고 지하철 4호선 중앙역과는 약 700m 거리다. 031 411 1349 서울 ‘서교자이 웨스트 밸리’ 잔여분 GS건설은 서울 마포구 합정동에 짓는 주상복합아파트 ‘서교자이 웨스트 밸리’의 잔여분을 선착순으로 분양 중이다. 29∼39층 3개동에 163∼322m² 규모 588채 가운데 190m² 잔여분이 분양 대상. 3.3m²당 분양가는 2800만 원대인데 계약금 5%에 중도금 무이자로 초기 자금부담을 줄였다. 입주는 2012년 6월 예정이다. 서울 지하철 2 6호선의 합정역 출구와 연결돼 있다. 02 326 2233 수원 영통동 기숙사형 준주택 ‘화인빌’ 소망이 경기 수원시 영통구 영통동 1024 16 일대 기숙사형 준주택 ‘화인빌’을 분양 중이다. 지상 10층 건물에 전용면적 13.2m² 총 21실로 구성돼 있다. 분양면적 기준 3.3m²당 800만 원 수준. 내년 11월 개통될 예정인 분당선 연장선 영통역과 약 700m 떨어진 곳에 있다. 경희대 국제캠퍼스 정문과 인접했다. 031 202 5800 서울 쌍문역 ‘골든하우스 원룸텔’ 골든하우스는 서울 도봉구 창1동 쌍문역 인근에 위치한 ‘골든하우스 원룸텔’ 전체를 분양한다. 지하 1층 지상 8층 건물에 전용면적 16m² 25실로 분양가는 16억 원. 지하철 4호선 쌍문역에서 도보로 2분 거리에 있다. 드럼세탁기 전자레인지 냉장고 에어컨 TV 침대 등을 갖췄다. 성신여대와 덕성여대가 인근에 있어 안정적으로 임대수익을 올릴 수 있을 것이라고 회사 측은 설명했다. 02 900 6516 서울 용답동 ‘브라운스톤 청계’ 이수건설은 서울 성동구 용답동 121 명문예식장 자리를 재개발한 아파트 ‘브라운스톤 청계’를 공급한다. 지하 4층 지상 32층 3개동에 전용면적 59m² 총 320채로 구성됐다. 분양가는 3.3m²당 1400만 원 수준. 지하철 2호선 신답역과 약 100m 지하철 5호선 답십리역과 약 300m 떨어져 있다. 2013년 하반기 준공 예정. 본보기집 모델하우스 은 지하철 2 5호선 왕십리역 인근에 있다. 02 3395 8880 용인 수지 ‘성복 아이파크’ 잔여분 현대산업개발은 경기 용인시 수지구 성복동에 짓고 있는 아파트 ‘용인 성복 아이파크’의 잔여물량을 분양 중이다. 전용면적 기준 84∼124m² 351채 규모로 3.3m²당 분양가는 1300만 원대. 2011년 5월 입주 예정이다. 서수지 나들목에서 300m 거리로 서울 강남까지 쉽게 오갈 수 있다. 031 264 4005 한화리조트 회원권 50계좌 판매 중 한화호텔 리조트는 개인별 맞춤형 콘도 회원권 50계좌를 판매 중이다. 분양가는 2340만 원이며 개인특별회원은 1680만 원 법인회원은 2500만 원이다. 구매 후 7년째부터 탈퇴가 가능하며 분양대금 전액을 반환받을 수 있다. 구매자는 한화호텔 리조트의 국내외 휴양시설 13곳 설악 용인 양평 지리산 수안보 산정호수 대천 휘닉스파크 백암 해운대 경주 제주 사이판월드리조트 을 연간 30박까지 이용할 수 있다.,https://news.naver.com/main/read.nhn?mode=LSD&mid=shm&sid1=260&oid=020&aid=0002251284,284
261751,2011.06.15. 오전 3:09,부동산,동아일보,중소형 아파트에도 4베이 인기… 남향 발코니따라 방3개 배치,동아일보 최근 특화된 평면이 분양성적을 결정짓는 요인으로 떠오르면서 과거에는 흔하지 않던 중소형 4베이 bay 가 인기를 끌고 있다. ‘베이’란 전면 발코니에 배치된 거실과 방의 수로 이해하면 된다. 2베이는 발코니에 방과 거실이 3베이는 발코니에 방 거실 방이 위치하는 구조다. 4베이는 일반적으로 3개의 방과 거실이 연결된 형태다. 이전에는 대부분 대형 아파트에 많이 사용됐다. 그런데 최근에는 소형에도 도입되고 있다. 발코니 길이가 길어져 확장을 할 경우 실제보다 활용할 수 있는 면적이 최대 30m² 가까이 넓어지기 때문이다. 아파트가 남향일 경우 주방을 제외한 모든 주거공간이 남쪽을 향해 채광과 통풍을 극대화하는 장점도 있다. 최근 분양을 시작한 신영의 ‘여수 웅천지웰2차’ 중소형 84m2 과 롯데건설의 ‘교하신도시 롯데캐슬’의 중소형 59m2 84m2 일부 타입도 4베이 구조를 적용했다. 이에 앞서 김포한강신도시와 경남 양산신도시에 신규물량을 내놓은 반도건설의 ‘유보라2차’ 아파트는 소형에 4베이 구조를 도입해 좋은 반응을 얻었다. 단점도 있다. 좁은 면적에 모든 공간을 전면부에 배치하다 보니 가로 폭은 길어지고 세로 폭은 좁아져 공간 활용도가 떨어진다는 점이다. 장현석 신영건설 상품개발팀 과장은 “옆으로 길다 보니 상대적으로 넓어 보이지만 모든 방과 거실을 전면부에 배열하기 때문에 방의 면적은 작을 수밖에 없다”고 말했다.,https://news.naver.com/main/read.nhn?mode=LSD&mid=shm&sid1=260&oid=020&aid=0002251283,284
261752,2011.06.15. 오전 3:09,부동산,동아일보,서울 재개발재건축 조합별 사업비분담금 인터넷에 공개 QA,동아일보 서울시가 13일 발표한 재개발 재건축 주민 분담금 사전 공개 의무화 방침은 조합 설립 때부터 사업비와 주민 분담금을 의무적으로 클린업시스템 홈페이지 cleanup.seoul.go.kr 를 통해 공개하도록 해 정비 사업과 관련한 갈등을 줄이는 데 도움을 줄 것으로 보인다. 지금까지 추진위원회는 주민들에게 사업비와 분담금 명세를 제대로 알리지 않고 조합설립동의서를 받았다. 철거 및 착공 직전 시점인 관리처분인가 단계에 와서야 분담금 규모를 알게 된 조합원 사이에서는 각종 갈등과 소송이 잇따르고 사업이 지연되는 사례가 많았다. 서울시는 13일부터 본격적으로 운영한 ‘사업비 및 분담금 추정 프로그램’을 활용하면 사업 초기에 각 주민이 내야 할 추가 분담금을 미리 알 수 있어 추진 여부를 결정하는 데 도움이 될 것으로 보고 있다. 문답을 통해 관련 내용을 자세히 살펴본다. Q 기존 제도에서 달라진 점은…. 기존에는 조합설립동의서 양식에 따라 사업비 명세가 철거비 신축비 그 밖의 사업비용 3가지로만 분류돼 두루뭉술하게 제공됐다. 새로 도입된 방식은 사업비 명세를 조사측량비 설계비 공사비 보상비 관리비 외주용역비 각종 분담금 공과금 기타 경비로 구분하고 이를 다시 53개 항목으로 세분해 구체적인 지출 명세를 파악할 수 있게 했다. 또 사업비의 변동 내용을 홈페이지를 통해 계속 업데이트하도록 했다. Q 추정 프로그램은 어떻게 운용되나. 추진위원회나 조합이 해당 구역의 기초 정보와 토지 주택 등의 주변 시세를 입력하면 법령 및 고시문 등의 기준과 실제 관리처분계획서를 분석한 통계에 따라 53개의 사업비 항목과 분양 수입이 자동으로 계산된다. 여기에 맞춰 재산 평가액에 따른 개인별 분담금이 자동 산출된다. 프로그램에 입력하는 53개 항목은 해당 구역의 실정에 맞게 조합이나 추진위가 조정할 수 있지만 분담금 명세를 공개 확정할 때는 공공관리자인 구청장의 확인을 거쳐야 한다. Q 프로그램을 통해 분담금을 알 수 있는 재건축 재개발 지구는…. 부동산 가격 자료가 확보된 423개 구역 중 구역 지정과 추진위원회 구성을 마쳐 조합 설립 예정인 69개 구역과 구역 지정이 되지 않았거나 추진위원회가 만들어지지 않은 254개 구역은 분담금 공개가 의무화된다. 서울시내에서 14일 현재 조합원들이 자신의 분담금을 파악할 수 있도록 프로그램 구축이 완료된 곳은 조합 설립이 진행되고 있는 고덕1 2 1 2 2지구 등 3곳이다. 성수 한남지구에서도 5곳이 추가로 공개될 예정이다. 서울시는 이미 조합이 설립된 100개 구역도 프로그램을 활용하도록 독려해 분담금의 변화 내용을 미리 조합원들에게 알려줄 수 있도록 할 방침이다. Q 분담금 산출 공식은…. 전체 분양수입이 8270억 원 전체 사업비가 3160억 원 전체 토지 소유자의 부동산 가격이 2800억 원 조합원 A 씨가 소유한 부동산 가격이 3억 원 117m²짜리 아파트의 조합원 분양가가 6억3000만 원일 때 A 씨의 분담금을 알아보자. 전체 분양수입에서 사업비를 뺀 5110억 원이 사업수익이며 이 중 A 씨의 몫을 권리가액이라고 한다. A 씨의 부동산 가액이 사업구역 전체에서 차지하는 비율이 0.107% 3억 원÷2800억 원×100 이므로 이 비율을 사업수익에 곱하면 권리가액은 5억4677만 원이 된다. 117m²짜리 아파트의 조합원 분양가가 6억3000만 원이므로 A 씨가 추가로 내야 하는 분담금은 8323만 원이다. Q 추정 프로그램 이용 시 유의점은…. 분양수입은 분양률이 100%일 때를 가정해 예측한 것인 만큼 분양 시장이 좋지 않을 때는 분담금이 늘어날 수 있다. 또 사업 진행 과정에서 소요 비용이 달라질 수 있어 최종 분담금은 관리처분계획이 수립돼야 정확하게 알 수 있다.,https://news.naver.com/main/read.nhn?mode=LSD&mid=shm&sid1=260&oid=020&aid=0002251282,284
261753,2011.06.15. 오전 2:35,부동산,연합뉴스,美 남가주 부동산 시장 계속 침체,로스앤젤레스 연합뉴스 최재석 특파원 미주 동포가 많이 사는 캘리포니아 주 남부 지역의 부동산 시장이 계속 침체에서 벗어나지 못하고 있다. 지난달 이 지역에서 거래된 주택 수가 지난해에 비해 크게 줄고 거래가격도 하락했다. 샌디에이고의 부동산정보업체 데이터퀵에 따르면 로스앤젤레스 LA 와 오렌지 리버사이드 샌 버나디노 샌디에이고 벤투라 등 6개 카운티에서 지난달 거래된 주택 수는 작년 5월보다 17.4% 감소한 1만8천394채로 집계됐다. 이는 최근 3년간 5월 판매주택 수 가운데 가장 적은 기록이다. 또 지난달 6개 카운티에서 거래된 주택의 중간가격은 28만달러로 작년 5월보다 8.2%가 떨어졌다. 이 또한 최근 20개월간 전년대비 중간가격 하락 폭으로 가장 크다. LA타임스는 14일 지난해 주택시장을 그나마 활성화했던 주택 구매자에 대한 세금 공제혜택이 끝난 이래 경기 회복의 불확실성이 계속되면서 시장이 침체하고 있다 면서 특히 주택담보대출 조건이 여전히 까다로운 점도 시장 부진의 한 요인으로 지적된다 고 설명했다.,https://news.naver.com/main/read.nhn?mode=LSD&mid=shm&sid1=260&oid=001&aid=0005112968,284
261754,2011.06.15. 오전 2:06,부동산,파이낸셜뉴스,“대기업에서 월세받고 초기 3년간 확정수익 또 받고”,“대기업에서 월세받고 초기 3년간 확정수익 또 받고” 선임대후분양으로 “치솟는 물가 불안한 연금 한번에 해결했어요” 가정주부 이모씨 49세 는 남편 월급이외에 소형매장 3개를 뉴코아에 임대주고 매달 300만원 가량의 임대수익을 올리고 있다. 내집마련과 함께 소액의 수익상가를 먼저 사둔 것이 남들과 차별화된 재테크 전략이라고 말한다. 월급만으로 물가상승 자녀교육비 급증과 노후대책을 동시에 감당하기는 불가능하다는 것이다 베이비붐 세대의 대규모 은퇴와 보금자리주택 등 정부의 적극적인 임대주택 공급으로 점차 주택가격은 하락할 전망이지만 빨라지는 정년과 평균수명연장 등은 노후생계를 위협하므로 생계유지수입원 확보에 빨간불이 들어왔다. 이런 사회분위기에 맞게 ‘선임대후분양’에 확정수익율 보장까지 되는 임대수익의 2중3중 안정장치가 되어있는 부천터미널 ‘소풍’은 분양특수를 맞고 있다. 등기이전받고 10년동안 뉴코아에서 월세받고 초기 3년간 총 18% 확정수익 또 받고.. ‘소풍’은 신도시의 탁월한 입지와 이랜드 그룹 뉴코아 킴스클럽이 10년 임대의 장기 계약조건으로 입점 임대계약기간 2009.9 2019.9 함으로써 10년동안 공실 및 건물관리 염려 없이 대기업으로부터 안정적으로 월세를 받을 수 있다. 실투자금 7천만원대 매장을 분양받으면 기다릴 필요없이 등기이전 후 바로 보증금과 익월 최저 85만원 120만원의 임대수익이 지급되며 무엇보다 초기 3년간 최저 18%수익보장이 되어 초기 투자리스크가 전혀 없다는 것이 강점이다. 롯데백화점 본점 약 7.8배의 대규모 유통센터로 알려진 이곳은 현재 부천종합터미널과 11개관의 프리머스영화관 컨벤션웨딩홀 스포츠 센터가 단일건물 내 입점하여 집객파워 및 매출 시너지가 무엇인지 보여주고 있다. 이중 1층부터 5층 까지 도심형 최대 프리미엄 아울렛인 뉴코아와 킴스클럽이 입점한 매장을 등기분양 한다. 이랜드가 선점한 이곳은 교통의 요지이며 지하철1호선과 2012년 개통예정인 7호선 상동역의 더블역세권형성으로 상권성장 잠재력과 시세차익이 기대되는 곳이다. 또한 현재 완공 후 영업중인 것을 분양 받으므로 투자 후 바로 수익이 발생하고 소유권 이전 받기 전까지 분양대금을 한국자산신탁에서 안전하게 관리 해준다는 것이 투자자들이 선호하는 큰 이유중에 하나다. 분양문의 1588 4723 신청접수 방법 신청금 100만원 신청계좌 하나은행 100 910026 09904 예금주 한국자산신탁회사 오늘의 핫뉴스 이벤트 “축하 메세지 남기고 대박선물 받자” 카카오톡 “짜증나네”…아무나 친구추가 美 ‘인기폭발’ 없어서 못파는 한국차가 있다 묶음상품 사면 ‘바보’…낱개보다 2배 비싸 온라인몰 ‘대형마트 타도’ 전면전 본 자료는 해당 업체에서 제공한 보도 자료입니다.,https://news.naver.com/main/read.nhn?mode=LSD&mid=shm&sid1=260&oid=014&aid=0002456877,284
261755,2011.06.15. 오전 1:41,부동산,한국경제,삼성물산 싱가포르 매립공사 수주…1억6000만弗 규모,삼성물산 건설부문은 싱가포르 도시개발공사 JTC 가 발주한 해안지역 매립 공사를 1억5077만달러 1703억원 에 수주했다고 14일 밝혔다. 이번 프로젝트는 싱가포르 주롱섬 동남부 해안지역 30.8㏊를 매립해 산업 단지로 조성한 뒤 호안을 축조하는 공사다. 매립 부지 면적은 잠실종합운동장의 43배에 달하는 규모라고 삼성물산은 설명했다. 회사 관계자는 JTC 본사 건물과 주롱섬 매립 공사를 하면서 보여준 기술력과 공사 수행 능력을 인정받아 이번 프로젝트 수주에 성공했다 고 말했다. 삼성물산은 앞서 싱가포르 육상교통국 LTA 이 발주한 지하철 MRT 도심선 3단계 일부 구간 공사를 수주하기도 했다.,https://news.naver.com/main/read.nhn?mode=LSD&mid=shm&sid1=260&oid=015&aid=0002479900,284
261756,2011.06.16. 오후 10:02,부동산,세계일보,공동택지개발 민간업자 이윤 6%이내 제한,국토부 관련법 개정안 입법예고 세계일보 국토해양부는 공공과 민간 사업자가 공동으로 벌이는 택지개발사업에서 민간 사업자의 이윤율을 최고 6%로 제한하는 내용을 담은 ‘택지개발촉진법 시행령 및 시행규칙’ 개정안을 17일 입법예고한다고 16일 밝혔다. 개정안에 따르면 한국토지주택공사 LH 등 공공 시행자와 함께 공동택지개발사업에 참여하는 민간 사업자는 반드시 공모에 의한 경쟁 방식을 거쳐 뽑아야 하며 민간사업자의 이윤은 총 사업비의 6% 이내로 제한된다. 국토부 관계자는 “공모 방식으로 민간 사업자를 선정함으로써 경쟁을 통한 택지조성원가 인하를 유도하고 이윤율을 미리 제한해 공동택지개발사업으로 발생한 이익이 민간 사업자 측에 과도하게 넘어가는 것을 방지하려는 목적”이라고 설명했다. 개정안은 또 사업추진 과정에서 공공·민간 사업자 간 마찰을 예방하기 위해 양측의 역할 분담 사업비 조달계획 사업계획 변경 조성토지 공급 및 처분 기반시설 설치와 비용 부담 등의 주요 사항에 관한 협약을 미리 체결하도록 규정했다. 김준모 기자 Segye.com 인기뉴스 日 한인여성 토막살인사건… 머리 찾아달라 정부 나섰다 맨발의 기봉이 아저씨처럼 뛰고 또 뛰고… 재산 29만원 전두환 600만원짜리 항소장 하늘 위의 호텔 A380 여객기 직접 타보니… 원룸털이 하려고 운동·식이요법까지… 기가 막혀 ⓒ 세계일보 Segye.com 무단 전재 및 재배포 금지 금융전문뉴스 세계파이낸스 모바일로 만나는 세계닷컴 세계닷컴은 한국온라인신문협회 www.kona.or.kr 의 디지털뉴스이용규칙에 따른 저작권을 행사합니다.,https://news.naver.com/main/read.nhn?mode=LSD&mid=shm&sid1=260&oid=022&aid=0002276152,284
261757,2011.06.16. 오후 9:54,부동산,한국경제,與 분양가 상한제 폐지하면 전·월세 상한제 도입,민주당과 빅딜 추진 한나라당은 서민주거안정 대책과 관련 분양가 상한제 폐지와 전 · 월세 상한제 도입을 놓고 민주당과 빅딜 을 추진하기로 했다. 당의 국토해양 · 지경 · 농림 분야 정책위부의장인 정진섭 의원은 16일 여 · 야 · 정 협의체를 구성해 분양가 상한제 폐지와 전 · 월세 상한제 도입을 함께 다루려고 한다 며 분양가 상한제는 재개발 · 재건축에 한해 폐지하고 전 · 월세 상한제는 지역적으로 부분 도입하는 등의 절충안을 합리적으로 논의할 수 있을 것 이라고 밝혔다. 한나라당은 관련 대책을 마련하기 위해 주택정책 태스크포스 TF 를 구성해 17일 첫 회의를 갖는다. TF는 전 · 월세 상한제와 관련 직접 가격을 통제하는 대신 월세 및 전세보증금 상승률을 규제하고 전세를 반전세나 월세로 전환하는 경우에도 상한제를 적용하는 방안을 검토하고 있다. 주택정책 TF 단장을 맡은 정 의원은 17일 TF 회의에서 구체적인 방안에 대한 의견을 모아 당 지도부에 보고하고 야당에 여 · 야 · 정 협의체 구성을 공식 제의할 것 이라고 말했다. 이용섭 민주당 대변인은 여 · 야 · 정 협의체 구성에 대해 반대하지 않는다 고 밝혔다.,https://news.naver.com/main/read.nhn?mode=LSD&mid=shm&sid1=260&oid=015&aid=0002481755,284
261758,2011.06.16. 오후 9:53,부동산,세계일보,권도엽 장관 “분양가 상한제 폐지 바람직”,국토부·건설업계 간담회 세계일보 권도엽 국토해양부 장관은 16일 서울 논현동 임피리얼팰리스 호텔에서 건설업계 간담회를 갖고 “분양가 상한제는 현재 시장에서 각종 부작용이 많아 폐지가 바람직하다고 본다”고 말했다. 권 장관은 “건설·주택 모두 당분간 기대만큼 시장이 회복되기는 어려울 것으로 본다”며 “건설사들이 해외 건설과 민자사업 활성화를 통해 활로를 모색할 수 있도록 지원하겠다”고 말했다. 이날 장관과의 첫 상견례 겸 간담회 자리에 모인 건설사 대표들은 주택·부동산 및 건설 경기 활성화를 위해 다양한 의견을 개진했다. 권도엽 왼쪽 국토해양부 장관이 16일 서울 논현동 임페리얼팰리스 호텔에서 열린 국토부와 건설업계 간 간담회에 앞서 건설사 대표들과 악수를 하고 있다. 이종덕 기자 최삼규 대한건설협회 회장은 “건설산업이 사상 유례없는 위기를 맞으면서 100대 건설사 중 28개사 부도 또는 워크아웃 법정관리에 처하는 등 탈출구가 보이지 않고 있다”며 “정부에서도 내수경기 활성화를 추진하는 만큼 침체에 빠진 건설경기 활성화를 위해 노력해 달라”고 건의했다. 권 장관은 “건설업계의 건의를 바탕으로 관계부처 협의 등을 거쳐 정책에 반영하도록 할 것”이라며 “건설경기가 빠른 시일 내 연착륙하고 건전한 궤도로 정착할 수 있도록 지원하겠다”고 말했다. 한편 권 장관은 이날 오후 과천청사에서 주요 보직 국·과장 10여명이 참석한 가운데 긴급 태스크포스 TF 회의를 열고 “ 건설 업체에서 티켓 같은 것을 주는 행위부터 잘 관리·감독할 수 있는 방안을 마련하라”고 말했다. 국토부는 최근 잇따르는 직원 비리와 관련해 이르면 다음주 중 내부규제 방안을 발표할 계획이다. 김준모 기자 Segye.com 인기뉴스 日 한인여성 토막살인사건… 머리 찾아달라 정부 나섰다 맨발의 기봉이 아저씨처럼 뛰고 또 뛰고… 재산 29만원 전두환 600만원짜리 항소장 하늘 위의 호텔 A380 여객기 직접 타보니… 김길태 교도소 탈옥했다 … 괴소문 일파만파 ⓒ 세계일보 Segye.com 무단 전재 및 재배포 금지 금융전문뉴스 세계파이낸스 모바일로 만나는 세계닷컴 세계닷컴은 한국온라인신문협회 www.kona.or.kr 의 디지털뉴스이용규칙에 따른 저작권을 행사합니다.,https://news.naver.com/main/read.nhn?mode=LSD&mid=shm&sid1=260&oid=022&aid=0002276139,284
261759,2011.06.16. 오후 8:46,부동산,SBS CNBC,권도엽 국토부장관 분양가상한제 폐지 주력…업계 충고해 달라,앵커 권도엽 국토해양부 장관이 분양가 상한제 폐지를 위해 노력하겠다고 밝혔습니다. 또 최근 불거진 국토부 공무원 비리에 대해서 사과하면서 업계의 도움을 요청하기도 했습니다. 박경철 기자가 보도합니다. 기자 권도엽 장관과 첫 상견례를 겸해 열린 간담회에서 건설사들은 침체에 빠진 건설경기 활성화를 위해 정부가 노력해 줄 것을 당부했습니다. 건설사들은 특히 주택과 부동산 경기 활성화를 위해 분양가 상한제 폐지와총부채 상환비율 규제 폐지 등을 건의했습니다. 이에 대해 권도엽 국토부 장관은 적극 공감했습니다. 권도엽 국토해양부 장관 분양가 상한제는 지금 시장 상황에서는 부작용이 대단히 많기 때문에 제도 개선이 필요하다고 생각하고 있습니다. 분양가 상한제는 지금 사실 폐지하는 게 맞습니다. 폐지하기 위해서 노력하고 있습니다. 권 장관은 건의 내용을 관계부처 협의를 거쳐 정책에 반영하겠다며 건설경기가 빠른 시일 내 연착륙하도록 지원하겠다고 말했습니다. 이와 함께 건설 주택 모두 당분간 시장 회복을 기대하긴 어렵다면서 건설사들의 해외 건설 진출과 민자사업 활성화를 지원하겠다고 말했습니다. 최근 비리 사실이 적발되는 등 국토부 공무원들의 기강 문제에 대해서도 입을 열었습니다. 권 장관은 국토부 직원들은 정책적 측면에서 업계 사람들과 자주 접할 수밖에 없다며 국토부가 새롭게 거듭날 수 있도록 업계에서도 충고해 달라고 말했습니다. SBS CNBC 박경철입니다.,https://news.naver.com/main/read.nhn?mode=LSD&mid=shm&sid1=260&oid=375&aid=0000007568,284
261760,2011.06.16. 오후 8:45,부동산,SBS Biz,권도엽 장관 분양가상한제 폐지 주력…업계 충고해 달라,앵커 권도엽 국토해양부 장관이 분양가 상한제 폐지를 위해 노력하겠다고 밝혔습니다. 또 최근 불거진 국토부 공무원 비리에 대해서 사과하면서 업계의 도움을 요청하기도 했습니다. 박경철 기자가 보도합니다. 기자 권도엽 장관과 첫 상견례를 겸해 열린 간담회에서 건설사들은 침체에 빠진 건설경기 활성화를 위해 정부가 노력해 줄 것을 당부했습니다. 건설사들은 특히 주택과 부동산 경기 활성화를 위해 분양가 상한제 폐지와총부채 상환비율 규제 폐지 등을 건의했습니다. 이에 대해 권도엽 국토부 장관은 적극 공감했습니다. 권도엽 국토해양부 장관 분양가 상한제는 지금 시장 상황에서는 부작용이 대단히 많기 때문에 제도 개선이 필요하다고 생각하고 있습니다. 분양가 상한제는 지금 사실 폐지하는 게 맞습니다. 폐지하기 위해서 노력하고 있습니다. 권 장관은 건의 내용을 관계부처 협의를 거쳐 정책에 반영하겠다며 건설경기가 빠른 시일 내 연착륙하도록 지원하겠다고 말했습니다. 이와 함께 건설 주택 모두 당분간 시장 회복을 기대하긴 어렵다면서 건설사들의 해외 건설 진출과 민자사업 활성화를 지원하겠다고 말했습니다. 최근 비리 사실이 적발되는 등 국토부 공무원들의 기강 문제에 대해서도 입을 열었습니다. 권 장관은 국토부 직원들은 정책적 측면에서 업계 사람들과 자주 접할 수밖에 없다며 국토부가 새롭게 거듭날 수 있도록 업계에서도 충고해 달라고 말했습니다. SBS CNBC 박경철입니다.,https://news.naver.com/main/read.nhn?mode=LSD&mid=shm&sid1=260&oid=374&aid=0000006328,284
261761,2011.06.16. 오후 8:21,부동산,디지털타임스,권도엽 장관 분양가상한제 폐지 노력,건설업계 간담회서 밝혀 정부와 건설업계가 프리미엄 IT 주택 공급을 가로막는 분양가상한제 폐지에 공감대를 나타냈다. 특히 6월 임시국회 처리라는 배수진을 친 건설업계에 권도엽 국토해양부 장관이 직접 분양가상한제 폐지를 위해 노력하겠다고 화답함에 따라 국회에서의 법개정 논의에도 상당한 힘이 실릴 것으로 예상된다. 권 국토해양부 장관은 16일 서울 강남구 논현동 임피리얼팰리스 호텔에서 열린 국토부 건설업계 간담회에서 분양가상한제는 현재 시장에서 각종 부작용이 많아 폐지가 바람직하다고 본다 며 국회에 제출돼 있는 분양가 상한제 보금자리주택 민간참여 확대를 위한 법률안이 국회에 제출돼 있으며 법안이 처리되도록 최대한 노력할 것 이라고 말했다. 그는 지난 1일 취임식 직후 기자들과 만난 자리에서도 시장경쟁 논리를 가로막는 분양가상한제 폐지의 당위성에 대해 역설하면서 최근 정치권에서 추진 중인 전ㆍ월세 상한제 도입도 같은 이유로 부정적인 입장을 나타낸 바 있다. 그는 또 건설 주택 모두 당분간 기대만큼 시장이 회복되기는 어려울 것 같다 며 건설사들이 해외 건설과 민자사업 활성화를 통해 활로를 모색할 수 있도록 지원하겠다 고 말했다. 이에 건설업계도 분양가상한제 폐지 6월 임시국회 처리 총부채상환비율 DTI 및 주택담보비율 LTV 등에 대한 규제완화 보금자리주택 중형분양주택 민간 전담 다주택자 양도소득세 중과제도 폐지 재건축 초과이익 환수 부담금 폐지 건설금융시장 상시 점검 및 부동산 프로젝트 파이낸싱 PF 관련 중장기 대책 마련 임대의무기간 5년 임대주택용지 공급 확대 등의 건의사항을 내놓았다. 권 장관은 건설업계의 건의를 바탕으로 관계부처 협의 등을 거쳐 정책에 반영토록 할 것 이라며 건설경기가 빠른시일 내 연착륙하고 건전한 궤도로 정착할 수 있도록 지원하겠다 고 말했다. 하지만 분양가상한제 폐지 6월 임시국회 처리는 아직까진 쉽지 않아 보인다. 국회 국토해양위원회는 이날 법안소위를 열고 분양가상한제 폐지 및 전ㆍ월세 상한제 도입 등의 내용이 담겨있는 주택법 일부개정안 등을 논의 중이다. 하지만여야 간 입장 차가 첨예하게 다른데다 각 당내에서도 총선을 앞두고 지역출신 의원들 간 이해관계가 엇갈리고 있어 17일 열릴 법안소위 막판까지 치열한 논쟁이 계속될 전망이다. 한편 이날 권 장관은 이날 인사말에서 지난 3월 국토부 공무원들이 향응접대를 받은 것과 관련 국토부 직원들은 정책적 측면에서 업계 분들과 자주 접할 수밖에 없다 며 국토부가 새롭게 거듭나 국민의 사랑을 받을 수 있도록 업계에서도 배려하고 충고해달라 고 당부했다. 이어 선진사회로 가려면 투명성과 도덕성 공정성 등이 뒷받침돼야 하는데 국제기준과 비교하면 정부보다 민간이 더 쳐진다 며 건설산업이 모든 면에서 앞서도록 건설업계도 함께 노력해야 한다 고 민간업계의 거래관행을 질책하기도 했다.,https://news.naver.com/main/read.nhn?mode=LSD&mid=shm&sid1=260&oid=029&aid=0002069364,284
261762,2011.06.16. 오후 7:35,부동산,이데일리,태영건설 블루원 워터파크 개관TV,이데일리 이윤정 기자 태영건설 009410 이 경북 경주시에 영남권에서 가장 큰 규모의 블루원 워터파크 를 엽니다. 블루원 워터파크 는 실내외로 꾸며졌고 하루 최대 1만 명을 수용할 수 있다고 회사측은 밝혔습니다.,https://news.naver.com/main/read.nhn?mode=LSD&mid=shm&sid1=260&oid=018&aid=0002453638,284
261763,2011.06.16. 오후 6:54,부동산,연합뉴스,김포한강신도시 17일 아파트 첫 입주종합,우남퍼스트빌 1천202가구..연내 7천900가구 입주 서울 김포 연합뉴스 서미숙 강건택 기자 김포 한강신도시에서 처음으로 아파트 입주가 시작된다. 신도시 조성을 시작한 지 7년만이다. 국토해양부는 김포 한강신도시에서 우남퍼스트빌 아파트 1천202가구가 이달 17일부터 입주한다고 16일 밝혔다. 김포 한강신도시는 수도권 주택난 해소를 위해 지난 2004년 8월 택지개발예정지구로 지정됐으며 아파트 5만800가구를 조성한다. 국토부에 따르면 이달 우남건설을 시작으로 올해 말까지 7천934가구의 입주가 시작되고 2012년에 8천921가구가 준공될 예정이다. 나머지 3만3천945가구는 2013년 이후 순차적으로 입주한다. 가장 먼저 입주하는 우남퍼스트빌은 전 가구가 국민주택규모 전용면적 85㎡ 이하 이상의 중대형 아파트로 공급면적 기준 128 250㎡로 이뤄져 있다. 김포 한강신도시에서는 드물게 100% 분양 완료된 대단지 아파트인 데다 김포 장기지구와 인접해 이곳의 편의시설을 이용할 수 있다는 장점이 있다고 우남건설은 설명했다. 우남건설 관계자는 입주예정자협의회와 꾸준한 커뮤니케이션을 통해 분양 당시 언급하지 않았던 여러가지 혜택을 추가하고 단지 외벽 석재마감을 확대 시공했으며 단지 내에서 입주상담센터를 운영하고 있다 고 말했다. 그러나 이후 입주 예정인 나머지 단지들은 한강신도시의 공동주택용지 58개 가운데 20개가 해약된 상태고 땅을 분양받은 건설사의 일부는 사업성 등을 이유로 분양을 미루고 있어 준공 일정도 늦어질 전망이다. LH와 김포시는 아파트 입주를 계기로 올림픽대로 행주대교에서 한강신도시를 잇는 6차선 김포한강로를 다음달 초부터 임시 개통할 예정이다. 국토부는 7월에는 광교신도시에서 아파트 입주가 시작되고 판교 파주 등 6개 신도시에서 연말까지 2만4천여가구의 입주가 진행돼 전월세난 해소에 도움이 될 것으로 보고 있다.,https://news.naver.com/main/read.nhn?mode=LSD&mid=shm&sid1=260&oid=001&aid=0005117032,284
261764,2011.06.16. 오후 6:33,부동산,한국경제,2011 건설의 날 금탑산업훈장에 박창규 사장ㆍ김경준 전무,건설인 174명 포상 대한건설단체총연합회는 17일 서울 논현동 건설회관에서 2011 건설의 날 기념식을 개최한다. 올해로 21회째를 맞는 건설의 날 행사에선 건설분야 공로자 174명에 대한 정부포상이 이뤄진다. 건설분야 최고 포상인 금탑산업훈장은 박창규 롯데건설 사장 62 과 김경준 삼성물산 전무 57 가 받는다. 박 대표는 34년간 리비아 파키스탄 등 해외 현장에서 잔뼈가 굵은 해외 건설 전문가로 철저한 시공관리와 현장 경영을 통해 건설업의 위상을 높인 공로를 인정받았다. 김 전무는 세계 곳곳에서 초대형 프로젝트를 성공적으로 수행한 초고층 분야의 전문가로 평가받고 있다. 은탑산업훈장은 김광수 광남토건 대표 52 와 황규철 경림건설 대표 58 동탑산업훈장은 강부인 세방테크 대표 66 가 각각 수상한다. 철탑산업훈장과 석탑산업훈장은 노석순 원영건업 대표 57 와 최영집 종합건축사사무소 탑 대표 61 가 각각 받는다. 연합회는 또 건설인의 화합과 현장 기능인의 사기를 높이기 위한 취지에 맞춰 천병욱 씨 58 · 삼부토건 현장근로자 에게 산업포장을，김용윤 울트라건설 현장반장 54 등 현장기능인 10명에게는 국토해양부 장관 표창을 각각 수여한다. 천씨는 네팔 도티 도로，바바이 교량 등 해외 오지 현장에서 뛰어난 근무성과를 거둔 공로를 인정받았다.,https://news.naver.com/main/read.nhn?mode=LSD&mid=shm&sid1=260&oid=015&aid=0002481600,284
261765,2011.06.16. 오후 6:33,부동산,한국경제,2011 건설의 날 초고층 건물ㆍ친환경 SOC로 건설산업 위기 넘는다,대림산업이 사우디아라비아에서 건설 중인 석유화학플랜트 공사 현장. 건설업계는 시장 다변화 신기술 개발 등으로 글로벌 시장을 선점한다는 계획이다. 한경DB 국내 건설 · 주택 시장 침체와 해외 수주경쟁 심화로 어려움을 겪고 있는 건설업계가 글로벌 산업으로의 도약을 위한 비전을 선포한다. 대한건설단체총연합회는 17일 서울 논현동 건설회관에서 국민과 함께하는 건설 세계로 미래로 를 주제로 2011년 건설의 날 기념식을 갖는다고 16일 밝혔다. 행사에는 김황식 국무총리，권도엽 국토해양부 장관 장광근 국회 국토해양위원장 최삼규 건설단체총연합회장 대한건설협회장 박덕흠 대한전문건설협회 회장，이재균 해외건설협회 회장 등 1000여명이 참석한다. 참석자들은 신성장 동력을 창출해 건설산업을 글로벌 산업으로 성장시키는 내용의 비전 2020 을 선포할 예정이다. 녹색 · 첨단 · 해외건설에서 기회 찾자 건설업계는 글로벌 건설시장을 선도할 수 있는 비전을 세워 그에 걸맞은 경쟁체제를 갖춰 나가자고 결의할 예정이다. 해외 건설시장을 다변화하고，첨단그린도시 등 새로운 건설 상품개발 방안도 논의한다. 연합회 관계자는 글로벌 시장을 선도하려면 첨단 정보통신 · 녹색분야를 건설 상품과 결합하는 기술력을 가져야 한다는 공감대가 형성됐다 며 빈발하는 각종 자연 재해에 견디고 신재생에너지를 쓰는 건축물 · 교통시설 등이 전 세계인의 공통 관심사로 떠오르면서 여기서 새로운 일거리를 창출하는 방안 등이 논의될 것 이라고 말했다. 건설업계는 사회간접자본 SOC 에 녹색 산업을 접목시키는 분야에도 주목하고 있다. 선진국들이 친환경 SOC 투자를 통해 녹색산업 분야에서 한 발 앞서고 있어서다. 초고층 건물과 초장대 교량 등 부가가치가 높은 분야를 선점하기 위해 관련 투자를 늘려야 한다는 분위기도 형성되고 있다. 50층 이상 초고층 건축시장은 올해까지 60조원 규모로 성장할 전망이다. 2㎞가 넘는 장대교량 건설 수요도 급증하고 있다. 건설업계 글로벌체계 구축 시급 중동 등 일부 지역에 몰려 있는 해외 시장을 다변화하고，글로벌 시장에 맞는 건설계약 · 경영 시스템을 갖추는 것도 과제로 지적되고 있다. 해외 건설 물량을 안정적으로 수주하려면 아프리카 남미 동남아 등으로 수주지역을 다변화하는것은 기본이다. 건설상품도 플랜트 위주에서 고속철도 · 친환경에너지시설 · 도시개발 등으로 다양화하고 공사를 계약하고 수행하는 시스템도 글로벌 표준으로 향상시켜야 한다. 이복남 건설산업연구원 연구위원은 건설업계는 과도하게 주택시장에만 매달려온 탓에 위기를 불러왔다는 점을 자성하고，정부도 업계의 책임만 따질 게 아니라 한국 건설이 신속하게 글로벌 체계를 갖출 수 있도록 지원해야 한다 고 지적했다. 국내총생산 GDP 대비 건설업 투자비중은 1990년대 20%대에서 지난해에는 17%까지 떨어졌다. 국내 건설공사 물량도 2011년 180조원에서 올해는 103조원까지 줄어들 전망이다. 해외 건설시장도 중국 건설사들의 저가 수주 등으로 수주환경이 악화하고 있다. 해외건설협회 관계자는 국내 건설업계의 생산체계가 아직도 후진적이고，정부의 발주시스템도 낙후된 측면이 있다 며 정부와 업계는 이런 점을 감안해 글로벌 건설산업 체제 구축을 위해 노력해야 세계시장에서 생존할 수 있다 고 말했다.,https://news.naver.com/main/read.nhn?mode=LSD&mid=shm&sid1=260&oid=015&aid=0002481599,284
261766,2011.06.16. 오후 6:33,부동산,한국경제,권도엽 장관 민자사업 활성화ㆍ해외수주 적극 지원,건설업계 대표와 간담회 권도엽 국토해양부 장관은 16일 주택 · 건설경기 침체로 어려움을 겪고 있는 건설업계가 연착륙할 수 있도록 돕겠다 며 건설업계 애로사항 중 정책적으로 수용 가능한 부분은 빨리 시행하도록 하겠다 고 말했다. 권 장관은 이날 서울 논현동 임피리얼팰리스호텔에서 건설업계 대표들과 간담회를 갖고 건설산업 활성화 방안 등을 논의했다. 그는 이 자리에서 분양가 상한제는 부동산 시장 위축기에 부작용이 많아 폐지가 바람직하다 며 국회에 제출돼 있는 분양가 상한제 폐지 법안 보금자리주택 민간 참여 확대를 위한 보금자리주택특별법 개정안 등이 처리되도록 최대한 노력하겠다 고 강조했다. 권 장관은 또 건설 · 주택시장이 기대만큼 회복되기는 당분간 어려울 것 이라며 건설업계 활로 모색 차원에서 민자사업 활성화와 해외 수주를 적극 지원하겠다 고 덧붙였다. 간담회에서 건설 관련 3대 단체장과 현대 · GS · 대우 등 17개 건설사 대표들은 △분양가 상한제 조기 폐지 △재건축 초과 이익 환수 부담금 완화 또는 폐지 △총부채상환비율 DTI 규제 폐지 △다주택자 양도세 중과 폐지 △노후 공동주택 리모델링 규제 개선 등을 건의했다. 건설경기 활성화를 위해 △사회간접자본 SOC 예산 증액 △최저가 낙찰제 확대 시행 철회 등도 요청했다.,https://news.naver.com/main/read.nhn?mode=LSD&mid=shm&sid1=260&oid=015&aid=0002481582,284
261767,2011.06.16. 오후 6:33,부동산,한국경제,살아나는 지방 분양권…광주 웃돈 3000만원,부산發 분양열기 확산…미분양 줄고 수요 늘어 대전 1000만원 올라…대구 중대형 하락세 멈춰 최근 3년간 침체했던 지방아파트 분양권 시장이 꿈틀거리고 있다. 지방 분양시장 회복에 힘입어 분양권을 찾는 수요자들이 늘고 있어서다. 매수세가 형성되면서 거래가 늘고 가격도 오름세로 돌아섰다. 올해 초 부산 · 경남권이 상승 반전한 이후 최근에는 대구 · 대전 · 광주권도 오름세다. 서울과 수도권은 여전히 약세다. 대전 한 달 새 1000만원 이상 올라 16일 부동산정보업체인 닥터아파트에 따르면 전국 아파트 분양권 28만6856가구 중 전매가 가능한 19만1824가구는 지난달 평균 0.06% 올랐다. 수도권을 제외한 지방에선 0.15%로 상승세가 두드러졌다. 과학비즈니스벨트 유치 호재가 있었던 대전은 0.34% 올라 오름세를 주도했다. 이어 부산 0.23% 과 경남 0.15% 이 뒤를 이었다. 대전지역 아파트 분양권은 4월까지 하락세였으나 지난달 1000만원 이상 올랐다. 석봉동 금강엑슬루타워1단지 95㎡형과 117㎡형은 1350만원과 1150만원 각각 상승해 매도호가가 2억863만 2억1163만원 2억6044만 2억7344만원에 형성됐다. 부산지역 분양권은 오름세가 꾸준하다. 연지동 해솔공인 김석현 대표는 지난달 집들이를 시작한 연지자이 2차는 133㎡형이 두 달 새 2500만원 오른 3억8000만 4억원，84㎡ A형은 2000만원 상승한 2억5000만 2억7000만원대에 매물이 나오고 있다 고 말했다. 화명동 롯데캐슬카이저 전용면적 84㎡형이 1500만 2000만원 올랐고 다대동 다대푸르지오 110㎡형도 두달 새 1000만원가량 높은 2억7000만 2억8000만원대에 호가가 매겨졌다. 광주 · 대구지역으로 확산 광주지역도 활기를 띠고 있다. 수완동 무들알앤씨공인 서경옥 대표는 수완지구 전매제한이 풀려 거래가 크게 늘었다 며 이달 입주하는 대방노블랜드 전용 60 85㎡에 500만 3000만원의 프리미엄이 붙었다 고 전했다. 신용동 GS첨단자이2차 쌍촌동 푸르지오 금호동 진흥더루벤스 등도 오름세다. 중대형 미분양 물량이 많은 대구지역도 분양권 하락세가 멈췄다. 월성동 광개토공인 서양숙 대표는 미분양이 소진되면서 지난달부터 하락세가 멈췄다 며 분양가가 낮았던 진천리슈빌은 500만 1500만원의 웃돈이 붙었다 고 전했다. 프리미엄 상승폭은 제한적 전문가들은 지방아파트 분양권 가격 반등에 대해 부산발 분양 열기가 확산되고 전세난에 따른 내집마련 수요가 늘어난 점 등을 배경으로 꼽았다. 최근 3년간 신규공급이 뜸했던 데다 미분양이 줄어들어 분양권 거래 수요가 늘어나고 있다는 분석도 나온다. 지방아파트 분양권 시장이 모처럼 회복되고 있지만 금융위기 전 활황세와 비교하면 상승폭이 제한적이어서 신중한 접근이 필요하다는 지적도 있다. 이영진 닥터아파트 리서치연구소 소장은 분양가가 낮거나 상대적으로 입지가 양호한 단지 소형 아파트 중심으로 프리미엄이 형성되고 있다 며 중대형 미분양 물량이 적지 않은 상황인 만큼 투자 차원의 분양권 매입에는 신중해야 한다 고 조언했다.,https://news.naver.com/main/read.nhn?mode=LSD&mid=shm&sid1=260&oid=015&aid=0002481566,284
261768,2011.06.16. 오후 6:32,부동산,한국경제,2011 건설의 날 최삼규 건설단체총연합회장 저탄소ㆍ녹색 건설기술 개발 앞장서야,건설업계 최대의 잔칫날을 맞았지만 기쁨보다 걱정이 앞섭니다. 최삼규 대한건설단체총연합회장 사진 은 건설의 날 기념식 하루 전인 16일 건설경기 침체와 공공공사 축소 해외 건설시장 불확실성 증폭 등의 겹악재로 건설산업이 외환위기 이래 최대 시련기를 맞고 있다 며 이렇게 말했다. 최 회장은 시련을 이겨내려면 업계 자구노력과 함께 정부 지원책도 절실하다 고 강조했다. 그는 현재 건설업계가 어려움에 처한 데는 국내 환경 변화에 적절하게 대응하지 못한 건설사 책임이 크다 며 공공공사 의존도를 낮추고 주택사업 중심의 사업구조에서 벗어나 신성장 동력을 발굴함으로써 사업체계를 안정화하는 게 시급하다 고 지적했다. 최 회장은 건설업계에 아프리카 · 남미 등으로 해외 진출지역을 다변화하고 첨단 그린도시 친환경 에너지사업 등 새로운 건설상품 개발에 매진해야 한다 고 주문했다. 또 저탄소 · 녹색 건설기술을 선도적으로 개발하고 정보기술 IT 등 첨단 기술 분야를 접목시켜 건설 수요를 창출하는 데 업계가 머리를 맞대고 고민해야 한다 고 덧붙였다. 최 회장은 건설업계가 과열 수주 불공정 · 편법 거래 등 고질적인 관행으로 여전히 국민의 불신을 사고 있다 며 성실하게 시공하고 투명 · 윤리 경영을 정착시켜야 신뢰를 얻을 수 있을 것 이라고 지적했다. 그는 건설업계의 어려움을 정부가 진지하게 검토해 더 늦기 전에 지원책을 적극 마련해 줄 것을 건의했다. 해외시장 수주 확대를 위한 금융지원 최저가 입찰제 확대 시행 재고 및 분양가 상한제 폐지 등 규제 완화책을 우선 과제로 꼽았다. 최 회장은 2012년부터 최저가 낙찰제 대상 공사를 100억원 이상으로 확대하면 중소 건설업계의 수익성이 악화되고 기반시설 부실화로 이어져 사회적 비용이 늘어날 위험이 크다 고 말했다.,https://news.naver.com/main/read.nhn?mode=LSD&mid=shm&sid1=260&oid=015&aid=0002481528,284
261769,2011.06.16. 오후 6:32,부동산,한국경제,대우건설 서종욱 대우건설 사장 産銀 날개 단 대우건설…해외 플랜트 시장 점령 나설 것,허문찬 기자 sweat hankyung.com 국내 안주 日건설사 반면교사 더 큰 시장 찾아 해외 나가야 리비아 직원들 철수 않고 현지서 신뢰 네트워크 구축 사태 진정되면 수주 더 늘것 서종욱 대우건설 사장과의 인터뷰는 8박9일 해외 출장을 마치고 돌아온 지난 14일 오후 이뤄졌다. 하루 3시간만 자는 강행군이었음에도 그는 귀국하자마자 서울 광화문 사옥으로 출근했다. 서 사장이 카타르 아랍에미리트 UAE 말레이시아 3개국을 돌면서 가장 중시한 것은 직원들과의 스킨십이었다. 발주처와 현장 방문일정을 소화하면서 짬 날 때마다 질의응답 시간을 갖거나 술잔을 기울였다 고 했다. 그는 건설회사의 미래 먹을거리는 해외시장에 있다 며 직원들과 비전을 공유하기 위해선 끊임없이 소통해야 한다 고 강조했다. ▼왜 해외 시장입니까. 일본 건설사들의 전철을 밟으면 안 됩니다. 이들은 국내 시장에 안주했습니다. 해외시장 진출 기회를 놓친 것이죠.국내 발주 물량이 줄자 급격히 사세가 위축됐습니다. 우리 건설사들도 국내 시장이 성숙기에 접어들기 전에 해외로 나가야 합니다. 국내 물량만 쳐다보고 있다가는 망합니다. 성장하는 나라를 찾아 가야죠. ▼외국업체들과의 경쟁에서 승산이 있습니까. 일본 유럽 등 선진국 업체들은 플랜트 시장에서 힘을 잃고 있습니다. 가격 경쟁력 문제죠.중국 등 후발주자는 아직 기술과 실적이 한국 기업들에 미치지 못하고요. 우리나라 업체들이 가장 경쟁력이 있습니다. 요즘 한국 건설업체들이 플랜트시장을 싹쓸이하고 있다는 말이 나올 정도입니다. ▼리스크도 많을 텐데요. 외환위기나 글로벌 금융위기 같은 예측 불가능한 변수는 극복하기 힘듭니다. 그러나 다른 컨트리 리스크는 통제할 수 있을 정도로 경험과 기술을 쌓았습니다. 현지인들과 네트워크도 탄탄하게 구축했고요. 누구도 예상할 수 없는 돌발 위기가 두려워 도전을 포기할 순 없죠.다만 해외 비중을 지나치게 높이는 것은 바람직하지 않다고 봅니다. 국내와 해외 사업비중을 50 대 50 정도로 맞춰 나갈 겁니다. ▼국내 업체끼리 다퉈 덤핑 수주가 적지 않다는 지적도 나옵니다. 대우건설은 절대 덤핑 경쟁을 하지 않습니다. 그런 공사 물량은 아예 쳐다보지도 않습니다. 당장 굶었으면 굶었지 후배들에게 부담을 떠넘기지는 않을 작정입니다. 국부 유출 측면에서도 바람직하지 않고요. 그러다보니 해외 공사 수주건수가 기대치를 밑돈다는 지적도 있지만 장기적으론 정도를 걷는 업체가 이길 겁니다. ▼리비아 사태로 타격을 입지는 않았습니까. 리비아는 주력시장 중 하나입니다. 다행히 리비아 공사들이 완공 단계나 초기 단계여서 미수금이 많이 발생하지 않았습니다. 당초 예상했던 3억8000만달러가량의 신규 수주가 무산된 점은 아쉽죠.리비아 사태는 전화위복의 기회가 될 것으로 낙관합니다. 전시 상황이지만 직원들이 아직도 남아 발주처와 제3국 노동자들의 피해를 줄이기 위해 애쓰고 있습니다. 대우건설에 대한 현지인들의 신뢰가 더욱 굳건해져 사태가 해결되면 수주 기회가 늘어날 겁니다. ▼건설업계가 위기를 맞았다는 얘기가 많습니다. 아파트 경기 호황에 취해 있었다는 점이 결정적입니다. 쉽게 돈 벌 생각만 한 거죠.아파트 부문이 전체 매출에서 차지하는 비중이 40%를 웃돌 정도였습니다. 시장 예측도 주먹구구였고요. 진작 해외시장에 더 많은 관심을 쏟아야 했는데 아쉽습니다. ▼주택시장 침체가 장기화되고 있는데요. 거래가 이뤄지도록 해야 합니다. 그러기 위해선 규제완화를 통해 집값이 물가상승률 만큼은 오를 수 있는 여건을 조성해야겠죠.분양가 상한제를 폐지하고 총부채상환비율 DTI 규제도 손질해야 합니다. 그렇더라도 집값이 폭등할 염려는 없다고 봅니다. 금융규제가 시작되면 집값은 언제든 하락할 수 있다는 사실을 투자자들이 학습했기 때문이죠.과거 같은 묻지마 투자 는 없을 겁니다. 규제 완화가 빨리 이뤄져야 전세난 등의 문제도 해소할 수 있습니다. ▼아파트 미분양 물량은 얼마나 됩니까. 3152가구입니다. 다행스럽게도 지방 주택시장이 회복되면서 미분양 소진 속도는 빨라지고 있습니다. 수도권 시장도 바닥은 친듯 합니다. 사업장별로 미분양 원인을 따져보고 차별화된 대책을 시행 중입니다만 여건이 어렵다고 판단되는 곳은 할인분양으로 빨리 털어 버리는 게 장기적으로 이익일 거라고 생각합니다. ▼프로젝트 파이낸싱 PF 문제는 없습니까. 4월 말 기준으로 PF 보증 규모는 3조3000억원 수준입니다. 연초보다 4000억원 줄였는데 연말까지 1000억원 더 줄일 계획입니다. 보증 규모가 큰 기존 수주사업은 조기 착공과 분양으로 상환 재원을 마련하고 신규 수주사업은 대한주택보증 등을 활용해 직접 보증을 최소화할 계획입니다. 대주주인 산업은행과 협력해 보증 규모를 감축하는 방안도 생각하고 있습니다. ▼랜드마크 빌딩을 짓는 공모형 PF 사업은 어떻게 됩니까. 사업 규모가 수천억원에서 수조원에 이르는 대형 공모형 PF사업은 주로 부동산 거품이 절정일 때 수주했습니다. 지금 상황에서 강행하면 엄청난 손실이 불가피하죠.사업성 확보가 가능하도록 지방자치단체 등이 사업조건을 바꿔줘야 합니다. 공공성이 강한 사업인 만큼 발주처도 함께 노력해야죠.그렇지 않으면 포기할 수밖에 없습니다. ▼산업은행이 대주주가 됐습니다. 대우건설이 날개를 달았다고 보면 됩니다. 한때 대주주 신인도 탓에 해외 영업 때 영향을 받은 적도 있지만 지금은 그런 걱정 없이 전 세계 수주시장을 누비고 있습니다. 산업은행이 대주주가 됨으로써 시너지 효과도 클 겁니다. ▼어떤 면에서 시너지 효과가 가능합니까. 산업은행은 국내 PF의 80%를 담당하고 있습니다. 부가가치가 높은 민간 제안사업 국내외 개발사업 등에 공동 진출하면 상당한 시너지 효과를 얻을 수 있죠.PF를 동반하는 수주시장에 많이 참여할 계획입니다. 대우건설을 최고의 건설사로 만들겠다는 대주주측 의지도 매우 강합니다. ▼도약을 위한 신성장 동력이 필요할텐데요. 대우건설이 비교우위 기술을 가진 분야를 적극 활용할 계획입니다. 세계 최대 규모의 시화호 조력발전소 건설을 계기로 신재생에너지 분야를 본격 공략하려고 합니다. 원자력발전소 수출에도 적극 나설 거고요. 시장 점유율이 높은 가스플랜트와 화력발전소 분야도 성장의 밑거름이 될 겁니다.,https://news.naver.com/main/read.nhn?mode=LSD&mid=shm&sid1=260&oid=015&aid=0002481516,284
261770,2011.06.16. 오후 6:32,부동산,한국경제,대우건설 중동 석유화학 플랜트 제2 호황…복합화력 발전만 400억弗 시장,이경자 한국투자증권 연구원 중동을 중심으로 한 해외수주가 하반기부터 크게 증가하며 건설업황을 이끌 것으로 전망된다. 우선 중동지역의 석유화학 플랜트에서 2005 2007년의 1차 호황기에 이어 두 번째 호황기가 기대된다. 다음은 장기적으로 꾸준히 투자가 늘어날 것으로 보이는 발전플랜트 분야의 확대가 예상된다. 특히 복합화력발전 부문의 수주 증가가 주목된다. 중동 플랜트 수주 2차 호황 기대 석유화학 산업은 원유 탐사와 생산을 하는 업스트림 upstream 과 원유 정제와 수송 · 판매 각종 석유화학 제품 생산을 하는 다운스트림 downstream 으로 크게 나뉜다. 중동지역은 3분기부터 사우디아라비아를 시작으로 다운스트림 투자를 본격화한다. 사우디에서 60억달러 규모의 주베일 석유화학단지 입찰이 시작됐고 4분기에도 역시 60억달러 규모인 페트로라빅 2단계 석유화학단지 입찰이 대기하고 있다. 2007년에 이은 이번 2차 다운스트림 투자는 규모면에서 유례없는 수준으로 장기화할 전망이다. 중동국가의 대규모 다운스트림 투자 재개는 원유 수출형 경제모델이 한계에 직면했기 때문이다. 2000년대 이후 오일머니를 벌어들였지만 국가의 부 富 가 개인의 부로 이전되지 못했다. 25세 인구 비중이 50%에 달하는 전형적인 피라미드 인구구조하에서 높은 실업률은 심각한 사회문제가 됐다. 올초 소요사태의 주도 계층이 20대 특히 고학력 청년이었다는 점이 문제의 심각성을 말해준다. 중동국들은 이에 따라 일자리 창출을 위한 경제구조로 전환하기 위해 고부가가치 제품 위주의 다운스트림 투자에 나서고 있다. 다운스트림 투자에 나선 또 다른 이유는 자동차와 전자제품 철강산업 육성에 쓰일 기초 소재를 공급하기 위해서다. 국가 기반을 제조업으로 변화시켜 실업률을 낮추겠다는 구상이다. 고용효과가 높은 자동차산업이 대표적이다. 사우디는 작년 6월에 첫 국산차인 가잘 1 Ghazal one 의 시제품을 공개했다. 앞으로 중동과 북아프리카 지역에 수출할 계획이다. 사우디는 연 50만대 자동차 수입국이다. 2013년에는 88만대에 달할 것으로 전망되는 250억달러의 시장이다. 탄탄한 자동차 수요는 해외 메이커들의 사우디 생산 투자를 유발 궁극적으로 다운스트림 투자를 야기할 것이다. 자동차 1대당 자동차 무게의 15%에 해당되는 화학제품이 필요하다. 같은 맥락에서 일자리 창출을 위한 산업 클러스터의 확충이 철강과 전자제품 섹터로 이어지고 있다. 1분기 삼성엔지니어링이 수주한 사우디 마덴 알루미늄 플랜트가 그 예다. 사우디는 이어 킹 압둘라 이코노믹 시티 KAEC 에 44억달러 규모의 철강 클러스터 조성을 준비 중이다. 3분기에는 아랍에미리트 UAE 에서 10억달러의 ESI 철강플랜트가 발주될 예정이다. 산업 클러스터 조성은 다운스트림 투자로 귀결된다. 복합화력플랜트 수요도 증가 신흥국들이 전력난에 시달리면서 발전플랜트 수요 증가가 예상된다. 국내 건설회사들이 진출 가능한 복합화력 발전플랜트 시장은 연평균 400억달러로 추정된다. 특히 중동 인도 동남아가 유망지역이 될 것으로 판단한다. 중동의 복합화력 발전 시장은 175억달러 인도는 60억달러 시장으로 추정한다. 한국 기업들은 가장 큰 시장인 중동에서 올해도 50억달러 이상의 복합화력발전 공사를 딸 것으로 예상된다. 복합화력발전의 투자 확대기에 한국 기업들의 수혜를 점검하기 위해선 전력시장 자유화 바람을 타고 주요 시스템으로 자리잡고 있는 민자 발전의 트렌드를 고려해야 한다. 화공플랜트와 달리 복합화력발전의 EPC 발전소의 설계 기자재 조달 시공을 다 맡는 계약 방식 수준은 일본이나 유럽 한국이 모두 비슷해진 상황이다. 액화천연가스 LNG 생산시설이나 해양플랜트처럼 EPC에 진입장벽이 있거나 고도의 기술을 요구하는 시장이 아니라면 발주처는 총 사업비를 낮출 수 있는 회사를 공급자로 선정할 것이다. 일본은 저금리를 이용한 자본력으로 시행사로서는 강하지만 EPC 능력은 상실한 지 오래다. 유럽 역시 오랜 발전운영 능력으로 시행 점유율이 높지만 일본보다 자금조달 지원 능력이 처진다. EPC 경쟁력 역시 한국보다 낮다. 반면 한국은 세계적인 EPC 경쟁력을 보유한 상태에서 개발역량을 보완해 민자 발전 시장에서의 경쟁력을 갖춰 가고 있다. 한국 건설사들은 발전 EPC에 대한 경험 누적으로 각종 기자재 조달과 종합기획 능력에서 탁월한 잠재력을 갖고 있다. 이 같은 시장 변화의 최대 수혜주는 삼성물산으로 판단한다. 대우건설도 장기적으로 수혜를 입을 가능성이 높다. 대우건설은 산업은행에 인수된 뒤 든든한 자본력을 바탕으로 개발형 민자발전사업에 진출할 토대를 마련했다.,https://news.naver.com/main/read.nhn?mode=LSD&mid=shm&sid1=260&oid=015&aid=0002481515,284
261771,2011.06.16. 오후 6:32,부동산,한국경제,대우건설 발전소ㆍLNG플랜트 시공능력 최고 수준…국내시장 의존도 점차 해소,대우건설 강점과 약점 1973년 설립된 대우건설은 에콰도르 리비아 나이지리아 등 전 세계 건설현장을 개척하며 현대건설 동아건설 등과 함께 해외 건설 붐을 주도했다. 국내에서는 세계 최단기간 원전 건설기록을 세운 월성 원자력발전소 3 · 4호기를 비롯해 경부고속철도，세계 최대 규모인 시화호 조력발전소，거가대교 등 굵직한 공사를 수행했다. 그러다가 외환위기로 대우그룹이 무너지면서 최근까지 어려움을 겪었다. 2006년 금호아시아나그룹에 인수됐지만 그룹의 재무건전성 악화로 지난 1월 산업은행으로 주인이 바뀌었다. 이처럼 우여곡절을 겪었지만 대우건설은 사실 강점을 많이 지닌 건설회사다. 시공 · 개발 능력 우수 재무건전성 제고 첫 번째 발전소 시공 능력에서 국내외 어떤 건설사보다 뛰어나다. 일단 국내 건설업체 가운데 발전소 설비용량 기준으로 최대인 2만1397메가와트 ㎿ 를 시공한 바 있다. 또 원자력을 포함한 각종 화력 복합화력 석유 액화천연가스 과 수력 조력 바이오가스 발전까지 모든 열원에 대한 시공 경험을 갖고 있다. 이 회사는 아랍에미리트 UAE 이란 등의 중동 지역과 나이지리아 모로코 등 북아프리카 지역에서도 각종 플랜트공사를 여러 차례 시공하며 풍부한 경험을 쌓아 해외사업 수주시 유리한 고지에 설 수 있다. 또 다른 강점은 액화천연가스 LNG 플랜트 시공 능력이 우수하다는 것이다. 대우건설은 국내 LNG 생산기지 설비량의 64%를 시공했고 해외에서도 나이지리아 러시아 예멘 알제리 파푸아뉴기니 등지에서 LNG 생산설비와 저장시설 등을 다수 시공하며 시공 능력의 우수성을 검증받았다. 특히 최근에는 천연가스를 디젤유와 비행기 연료인 제트유 같은 액체연료나 화학물질로 전환시킬 수 있는 GTL gas to liquid 플랜트 발주가 증가하고 있는데 대우건설은 이 방면에서도 국제적으로 능력을 인정받고 있다. 세 번째 강점은 우수한 부동산 개발 능력이다. 대우건설은 연 평균 1만가구 이상의 아파트 분양과 각종 도시개발사업 참여를 거치며 다양한 부동산 개발 경험을 보유하고 있다. 최근에는 베트남 하노이 THT 떠이호떠이 신도시 프로젝트와 하노이 반푸 클레브 아파트사업 등을 추진하며 국외로 부동산개발권역을 넓히고 있다. 기존에 발전과 LNG 가스 플랜트 관련 시공경험이 풍부한 북아프리카와 중동에서도 도시정비사업 신도시 개발사업의 발주 물량이 증가하는 추세인 점을 감안하면 이 회사의 부동산개발 사업역량은 기업가치를 한 단계 레벨업시키는 원천이 될 것이다. 마지막으로 산업은행과의 시너지를 통한 수주경쟁력과 재무건전성 제고를 장점으로 꼽을 수 있다. 산업은행은 대우건설의 국내외 개발사업에 금융 제공과 사업 공동참여를 통해 수주 경쟁력을 높여주고 있다. 앞으로 대우건설이 해외발전 사업에 참여할 때 산업은행의 적극적인 지원을 받을 가능성이 높다는 것은 남다른 강점이 될 것이다. 또 산업은행의 한도성 여신 확대를 통해 평균 보유자금도 줄일 수 있다. 실제로 현재 금융비용 부담은 금호아시아나그룹 계열사로 있을 때에 비해 낮은 수준에 머물고 있다. 국내시장 의존도 높고 유화플랜트 취약 약점은 크게 두 가지를 들 수 있다. 우선 국내 시장 의존도가 높다는 것이다. 대우건설은 성장이 정체된 국내 발주 시장에서 72.7% 2010년 기준 의 비중을 차지하고 있다. 따라서 큰 폭의 외형 성장으로 기업가치를 빠르게 올리기 어려운 상황이다. 국내 발주 시장은 정체돼 있다. 특히 주택업황 부진에 따라 국내 발주 물량에 대한 수주경쟁이 심화되고 있다. 수주 마진 감소에 따른 수익성 악화가 우려되는 대목이다. 과거 40%를 웃돌던 대우건설의 주택사업 매출 비중은 2007년 이후 낮아지고 있지만 전체 수주에서 주택사업이 차지하는 비중은 여전히 높은 수준이다. 대우건설은 지난 1분기 말 기준으로 2839가구의 적지 않은 미분양과 2조1000억원에 이르는 미착공 PF 대출액을 떠안고 있다. 분양시장 침체가 계속될 경우 실적 악화와 재무건전성이 훼손될 수 있다. 석유화학이나 정유 관련 플랜트 시공 경험이 부족한 것도 약점이다. 복합화력발전소 LNG 플랜트 원전 시공에선 국제적인 경쟁력을 갖췄지만 석유화학 플랜트에서는 경쟁사보다 열세라는 평가를 받고 있다. 때문에 해외수주 물량의 양적인 증가와 질적인 개선，물량의 안정적인 확보 측면에서 어려움을 겪고 있다.,https://news.naver.com/main/read.nhn?mode=LSD&mid=shm&sid1=260&oid=015&aid=0002481507,284
261772,2011.06.16. 오후 6:32,부동산,한국경제,대우건설 2조규모 광교 파워센터ㆍ하노이 신도시…실적 정상궤도 진입,대우건설 심층분석 2008년부터 2010년까지는 대우건설에 고난의 시기였다. 2008년 터진 글로벌 금융위기는 부동산 침체로 이어져 국내 주택부문 최강자였던 대우건설에 직격탄이 됐다. 과도한 레버리지 차입 로 대우건설과 대한통운을 인수했던 금호아시아나그룹에 위기가 닥친 것도 악재였다. 대우건설은 그룹 내 핵심 계열사로서 이를 타개하는 데 많은 역량을 소모했고 결과적으로 건설업 자체의 경쟁력을 상당부분 희생할 수밖에 없었다. 이런 역경을 거치고 난 2011년은 대우건설이 산업은행으로 편입된 뒤 첫 번째 성적표를 시장에 보여줘야 하는 시기다. 총 3조2000억원의 인수대금을 투입한 산업은행과 재도약을 준비하고 있는 대우건설 모두에 매우 중요한 시기가 될 것이다. 경영정상화 가속도 예상 힘든 시기를 겪어온 대우건설은 올해부터 빠른 정상화 과정을 보이며 가파른 실적 향상을 나타낼 것으로 기대한다. 우선 2008 2010년 수익성 악화의 원인이 됐던 주요 요인들이 작년 말까지 대부분 정리돼 이에 따른 효과가 올해부터 가시화될 것으로 판단되기 때문이다. 대우건설은 작년 한 해에만 미분양 주택과 프로젝트 파이낸싱 PF 대출 관련 잠재부실을 총 8765억원 손실 처리했다. 올해부터는 정상적인 수준으로 돌아와 주택 관련 충당금이 낮아지게 돼 작년과 같은 대규모 영업적자 3625억원 는 나타나지 않을 것이다. 또 수익성이 나쁜 해외 공사들도 마무리되고 있다. 원가율이 상승하면서 수익성이 악화된 카타르의 나킬랏 수리조선소 등 해외 대형 공사가 작년 말 완공단계에 이르면서 올해부터 진행되는 해외 악성공사는 없을 것으로 전망된다. 두 번째로는 해외수주 확대에 따른 성장성 확보가 예상된다. 2009년 해외수주액은 3조5000억원으로 전년 대비 130.5% 급증했지만 작년에는 해외 대형 공사 현장에서의 매출인식이 더디게 진행되면서 한 해 전보다 10% 감소했다. 올해부터는 아랍에미리트 루와이스 정유시설 모로코 조르프 라스파발전소 알제리 비료공장 나이지리아 가스시설 등을 포함해 해외 공사가 활발하게 진행될 전망이다. 세 번째는 커지고 있는 산업은행과의 시너지 효과에 대한 기대다. 그동안 자금조달 난항을 겪었던 사업들이 재개되고，산업은행의 국내외 네트워크를 활용한 신규 개발사업이 활발히 진행될 것으로 전망된다. 이 같은 대우건설의 성장전략은 이미 구체적인 성공사례들로 이어지고 있는 것으로 평가된다. 대우건설은 산업은행과 컨소시엄을 구성해 총 사업비 2조원이 넘는 광교 파워센터 PF 사업을 따냈다. 지난 10여년 동안 지연돼 왔던 베트남 하노이 신도시 개발사업도 산업은행이 PF에 2억달러의 대규모 지원을 계획하고 있어，연내 착공이 가능할 것으로 전망된다. 이 같은 요인들을 감안해볼 때 대우건설은 2011년 이후 가파른 실적 정상화 과정을 밟을 수 있을 것으로 기대된다. 해외사업으로 무게중심 이동 중 이처럼 대우건설에는 긍정적인 재료들이 적지 않지만 시장에선 여전히 우려가 남아 있는 게 사실이다. 특히 업황에 결정적인 영향을 미칠 수밖에 없는 핵심요인인 부동산경기의 회복이 더디게 진행되고 있는 점이 큰 난제다. 부진한 업황의 개선이 뒷받침되지 않으면 전통적으로 주택부문 강자였던 대우건설의 실적이 기대에 미치지 못하게 된다. 또 경쟁사들이 중동시장에서 활발하게 영업활동을 벌이고 있는 것과 비교해 대우건설은 중동에서의 경쟁력에서 밀린다는 점도 아쉬운 부분으로 지적할 수 있다. 하지만 대우건설의 사업 구성은 이미 국내 주택보다 해외부문에 더 무게가 실려 있다. 2007년 전체 매출의 39%를 차지했던 주택사업은 2011년 21%로 줄어들 것으로 예상된다. 반면 같은 기간 해외부문 매출비중은 16%에서 36%로 2배 이상 늘어날 전망이다. PF 지급보증 잔액이 3조7000억원으로 대형 건설회사 중에서 가장 많은 데 대한 우려도 나오지만 이 역시 점차 완화될 것으로 보인다. 한남더힐 PF를 지난 4월 상환하는 등 대형 PF사업장에서 속속 사업이 착수되고 있어서다. 또 대규모 미착공 PF사업장이었던 김포 한강신도시가 4월에 분양을 시작했고，김포 풍무도 올 하반기 분양을 계획하고 있다. 대우건설이 강점을 지닌 해외지역은 나이지리아 등 아프리카다. 사실 아프리카 지역은 중동보다 지정학적 리스크가 더 큰 시장으로 평가받는다. 하지만 이를 역으로 말하면 대우건설은 이런 지역에서 경쟁력이 있기 때문에 다른 업체들과의 경쟁이 치열하지 않은 상황에서 수주활동을 전개할 수 있다고도 볼 수 있다. 올해 1분기 실적에서 대우건설의 턴어라운드에 대한 신호는 이미 확인됐다. 1분기 매출은 작년 같은 기간보다 4.1% 감소한 1조5836억원이었지만 원가율 회복과 판매관리비 개선으로 영업이익은 39.3% 증가한 720억원을 기록했다. 2분기 이후에도 견조한 실적흐름이 지속된다면 시장에서는 대우건설의 이익정상화 과정에 더 많은 기대를 갖게 될 것이다. 이제부터는 과거 3년의 부진에서 벗어나 다시 재도약을 준비하는 대우건설에 대한 관심이 필요한 시기가 왔다고 판단한다.,https://news.naver.com/main/read.nhn?mode=LSD&mid=shm&sid1=260&oid=015&aid=0002481506,284
261773,2011.06.16. 오후 6:31,부동산,한국경제,BIZ Insight 초고층 빌딩ㆍ플랜트…대우건설 글로벌 새 金脈 캔다,허문찬 기자 sweat hanmail.com 국내시장 넘어 해외로 중동 대신 아프리카 집중…베트남엔 신도시 첫 수출 토목으로 새로운 도전 한강에 세계 최대 인공섬ㆍ거가대교 침매터널ㆍ국내 최장 인제터널… 48m 깊이의 바닷속에 침매터널을 건설하는 것은 불가능합니다. 대우건설이 2004년 부산 가덕도와 거제도를 잇는 거가대교의 일부 구간 3.7㎞ 을 침매 방식의 해저터널로 잇기로 결정했을 때 네덜란드 협력회사는 이런 의견을 내놨다. 침매터널 시공에서 세계 최고 기술력을 가진 회사의 진단이었다. 대우건설 경영진은 당혹감에 휩싸였다. 선박 군함 등의 항해에 지장을 주지 않기 위해서는 침매터널이 불가피한 상황이었는데 시공단계에서 제동이 걸린 것이었다. 바다 밑바닥에 굴을 파는 해저터널 방식을 검토했지만 엄청난 비용을 감당할 수 없었다. 대안으로 떠올린 게 콘크리트 터널을 육지에서 만들어 바닷속에서 연결하는 침매터널 공법이었다. 네덜란드 협력사의 반대에는 이유가 있었다. 공사구간의 수심이 너무 깊고 지반이 약하다는 것이었다. 대우건설은 그러나 정면 돌파 를 택했다. 연약한 바닥 지반은 파일을 박아 보강했다. 바닷속 공사는 구조물을 정확한 위치에 내려놓고 부드럽게 옮기는 신기술을 자체 개발해 해결했다. 거가대교 침매터널 구간은 대우건설의 이런 도전 정신이 가져다준 결실이었다. 신성장 동력 해외플랜트 대우건설은 다른 대형 건설사와 다른 독특한 조직 문화를 갖고 있다. 신시장과 신기술에 끊임없이 도전한다는 점이다. 해외 플랜트 시장에서도 마찬가지다. 국내 건설업체 수주전이 심한 중동 대신 아프리카 시장에 집중해왔다. 그 결과 나이지리아 리비아 알제리 모로코 등에서 신뢰를 얻어 탄탄한 실적을 쌓을 수 있었다. 수주하는 공사도 차별화해왔다. 부가가치가 높은 발전소와 가스플랜트에 집중하고 있다. 선택과 집중을 통해 국내 건설사로는 처음으로 연구용 원자로를 수출하는 성과를 거뒀다. 조응수 플랜트사업본부장은 손해를 보는 공사는 절대 수주하지 않는다는 원칙을 지키다 보니 다른 업체들이 소홀히 하는 분야와 신시장을 개척할 수밖에 없었다 고 설명했다. 대우건설은 해외부문 매출 비중을 2015년까지 50%대로 높일 계획이다. 조 본부장은 북아프리카 · 중동 지역의 민주화 혁명과 수주경쟁 심화로 여건은 녹록지 않다 면서도 경쟁 우위에 있는 플랜트분야 프로젝트를 계속 수주하고 원자력 · 조력 발전소 등 신시장을 선점해 나갈 계획 이라고 말했다. 신도시 수출1호 기록 주택 분야에선 다양한 상품을 공급하고 있다. 1인 가구를 위한 소형 아파트 조망을 극대화한 골프 빌리지 최고급 빌라 주거형 오피스텔 등 다양한 주거상품을 대형 건설사로는 처음으로 선보였다. 대우건설은 다른 건설사들이 대도시에 집중하고 있을 때 인구 20만 50만명 수준의 중소도시에도 적극 진출했다. 국내 건설업체 가운데 처음으로 신도시 수출에도 나섰다. 기반시설 조성 공사 중인 북아프리카 알제리의 부그졸 신도시에 이어 올 하반기엔 베트남 호찌민시 따이 호 따이 신도시를 착공한다. 베트남 신도시는 기반시설 조성 분양 등 신도시 건설 전 과정을 수출하는 1호로 기록될 전망이다. 부가가치가 높고 설계 시공 등이 까다로운 초고층 빌딩 사업에도 적극 진출하고 있다. 송도 동북아트레이드 타워가 대표작이다. 이 건물은 305m로 국내에서 가장 높다. 서울 상암동 디지털미디어시티 DMC 에 세계에서 두 번째로 높은 640m 133층 빌딩 건설도 추진하고 있다. 반포한강시민공원 앞에 띄운 플로팅 아일랜드 는 세계 최대 인공섬이다. 수상레저 시설부터 공연 · 전시 · 컨벤션시설까지 갖췄다. 이준하 건축사업본부장은 초고층빌딩 특수건축물 등에서 차별화된 기술력과 시공실적을 갖고 있다 며 축적된 개발사업 역량을 바탕으로 건설사가 기획해 사업을 제안하는 기획제안형 프로젝트 등으로 영역을 넓힐 예정 이라고 말했다. 토목의 역사를 새로 쓴다 대우건설이 시공 중인 동홍천 양양고속도로 인제터널 구간은 국내 최장 도로터널로 기록될 전망이다. 강원도 인제군 기린면 진동리와 양양군 서면 서림리를 잇는 이 구간은 12㎞로 이 가운데 10.96㎞가 터널이다. 국내에선 가장 길고 전 세계에선 11번째로 길다. 거가대교 침매터널은 다섯 가지 세계 신기록을 세웠다. 세계 140여개 침매터널 중 가장 깊은 곳에 설치됐다. 터널을 구성하는 구조물 한 개는 180m로 세계 최장이다. 구조물 18개로 3㎞가 넘는 침매터널을 만들었다. 구조물과 구조물 사이의 누수를 막기 위해 세계 최초로 이중 조인트 지수제 를 사용했다. 파도가 심한 외해 연약지반에 설치된 세계 첫 터널이기도 하다. 구임식 토목사업본부장은 거가대교가 세계 침매터널 공법을 한 단계 업그레이드시켰다고 자부한다 며 공법을 수출하기 위해 요르단 등과 협상을 진행 중 이라고 소개했다. 새로운 도약 발판 마련 대우건설은 건설업계 최고경영자 CEO 사관학교 로 불린다. 대우건설 출신들은 대기업 계열 건설사와 중견 건설사 10여곳에서 CEO로 활동 중이다. 건설업계가 대우건설 출신을 선호하는 것은 국내외 건설 현장에서 다양한 경험을 쌓은 이들이 많아서다. 업무를 실무자에게 위임하는 조직문화 덕에 일찍부터 CEO DNA 가 형성된다는 해석도 있다. 김우중 전 대우그룹 회장의 세계 경영 을 최전선에서 수행했던 회사여서 도전 정신도 남다르다는 평가를 받는다. 대우그룹 해체와 금호아시아나그룹의 경영난을 거치며 위기관리 능력을 키웠다는 분석도 있다. 대우건설은 올해 산업은행을 대주주로 맞으면서 역동성을 되찾을 전기를 마련했다고 설명했다. 회사 관계자는 산업은행은 단순한 대주주가 아니라 국내외 개발프로젝트 민자 사회간접자본 SOC 사업 등의 파트너로서 시너지 효과 극대화를 돕는다 며 대우건설이 세계적 건설사로 도약할 수 있는 기회 라고 말했다.,https://news.naver.com/main/read.nhn?mode=LSD&mid=shm&sid1=260&oid=015&aid=0002481488,284
261774,2011.06.16. 오후 6:31,부동산,한국경제,LH 阿 남수단 신수도 건설 협력…자치정부와 MOU,LH 한국토지주택공사 는 16일 경기도 성남 분당 본사에서 아프리카 남수단 자치 정부와 남수단 신수도 건설 협력 에 관한 양해각서 MOU 를 체결했다. 양측은 독립을 앞둔 남수단의 신수도 건설에 포괄적으로 협력하기로 하고 우선 신수도 마스터플랜 수립을 위한 기술 협력을 중점 추진하기로 했다. 남수단 자치 정부는 다음달 9일 분리 독립해 아프리카 대륙에서 54번째 전 세계에서 193번째 신생 국가인 남수단 공화국 으로 탄생한다. 현재 수단 남부지역의 주바 Juba 를 수도로 삼고 있지만 독립국가의 위상에 걸맞은 신수도 건설을 검토 중이다. LH는 지난 4월 초 외교통상부의 수단 경제사절단과 함께 남수단을 방문해 신수도 건설 기본 방향을 살바 키르 자치 정부 대통령에게 설명했다. 이지송 LH 사장은 LH가 지난 50여년 동안 축적한 신도시 건설 기술을 남수단 정부에 제공해 신수도 건설에 기여할 것 이라고 말했다. 이날 협약식에는 남수단 신수도 입지 선정과 건설 업무를 총괄하는 젬마 누누 쿰바 주택 · 국토계획부 장관 등이 참석했다.,https://news.naver.com/main/read.nhn?mode=LSD&mid=shm&sid1=260&oid=015&aid=0002481478,284
261775,2011.06.16. 오후 6:31,부동산,한국경제,택지개발 참여 민간사업자에 용지 우선 공급,공공기관과 함께 택지 개발에 나서는 민간사업자는 해당 지구의 주택 건설 용지를 우선 공급받을 수 있게 된다. 국토해양부는 이 같은 내용을 담은 택지 개발 촉진법 시행령 개정안을 마련 입법 예고한다고 16일 발표했다. 개정안에 따르면 LH 한국토지주택공사 등 공공시행자는 민간사업자와 함께 조성한 주택 건설 용지 중 민간 투자지분 비율 범위 안에서 해당 사업자에게 택지를 우선 공급할 수 있다. 공동택지 개발에 참여한 민간사업자가 이 땅에 직접 주택을 지으면 택지 조성 · 공급에서 주택 건설까지 공사기간을 줄이고 택지 조성 원가를 낮출 수 있다고 국토부는 설명했다. 공동택지 개발 사업을 통해 얻을 수 있는 민간사업자 이윤은 총 사업비의 6% 이내로 제한하기로 했다. 개정안은 또 공공 · 민간 공동택지 개발 사업을 시행하려는 공공사업자는 반드시 공모를 통해 민간사업자를 선정토록 했다.,https://news.naver.com/main/read.nhn?mode=LSD&mid=shm&sid1=260&oid=015&aid=0002481475,284
261776,2011.06.16. 오후 6:31,부동산,한국경제,갈현동에 3934가구 들어선다,서울시는 지난 15일 도시계획위원회를 열어 갈현동 300 일대 23만7629㎡에 최고 21층짜리 아파트 3934가구를 짓는 내용의 갈현 제1주택재개발 정비구역 지정 계획안을 의결했다고 16일 발표했다. 은평뉴타운과 가까운 갈현1구역 위치도 에는 전용 85㎡ 이하 중소형 아파트 3544가구 85㎡ 초과 390가구 등 모두 3934가구가 들어선다. 전용 60㎡ 이하 임대아파트 670가구를 포함해 중소형 아파트가 전체 건립 물량의 90.1%에 달한다. 단지에는 1만1658㎡ 규모의 녹지와 2653㎡ 규모의 공원，초등학교 등도 조성될 예정이다. 이 단지는 통일로를 이용하기도 편리하다.,https://news.naver.com/main/read.nhn?mode=LSD&mid=shm&sid1=260&oid=015&aid=0002481474,284
261777,2011.06.16. 오후 6:23,부동산,연합뉴스,르포 10월 개항 앞둔 경인아라뱃길,오는 10월 개항하는 경인아라뱃길 통합 조감도 평상시 운하 홍수시 방수로 일석이조 화물선ㆍ여객선 등 18척 선박 운항 수향8경 등 친수공간 조성..3조원 생산유발효과 기대 서울 연합뉴스 서미숙 기자 옛 굴포천 인근은 전체 유역면적의 40%가 저지대로 홍수가 날 때마다 손실이 막대했죠. 경인아라뱃길이 완공되면 평상시에는 운하로 홍수시에는 방수로로 일석이조의 역할을 하게 됩니다. 16일 현장에서 만난 한국수자원공사 정진웅 경인아라뱃길건설단장의 말이다. 경인아라뱃길 10월 개통 준비 한창 인천 연합뉴스 하사헌 기자 6울 중순 현재 공정률 86%를 보이고 있는 경인아라뱃길이 오는 9월 시운전과 10월 개통을 앞두고 막바지 공사와 준비 작업이 한창이다. 사진은 인천시 계양구 목상동 목상교에서 바라다본 경인아라뱃길로 오른쪽에 인공폭포와 전망대 공사가 계속되고 있다. 2011.6.16 toadboy yna.co.kr 오는 10월 개항하는 경인아라뱃길은 서해 바다가 있는 인천 서구 오류동과 한강이 있는 강서구 개화동을 잇는 국내 최초의 내륙형 뱃길이다. 정부 과천청사에서 차로 꼬박 1시간을 달려 도착한 공사 현장은 옅은 모래 바람을 날리며 마무리 공사가 한창이었다. 준공을 넉달여 앞둔 현재 공정률은 86%. 홍수 방지를 위한 방수로로 건설되던 옛 굴포천은 아라뱃길의 주운수로로 바뀌었다. 주운수로는 공사가 막바지에 이르면서 어느덧 외국에서 볼 수 있는 운하의 모습을 드러내고 있다. 운하의 길이는 18km 폭 80m 수심 6.3m로 설계됐다. 주운수로에는 개항후 컨테이너선 3척과 화물선 6척 여객선 9척 등 18척의 선박이 드나든다. 화물선의 경우 평소 4천t급이 주로 다니고 서울시가 한강 르네상스 개발 계획에 따라 5천t급 선박을 별도로 운항할 예정이다. 정 단장은 경인아라뱃길의 운하 기능을 통해 트럭 250대 수송 분량의 컨테이너를 한 번에 운반할 수 있다 며 물류비 절감과 교통난 완화에 기여할 것 이라고 말했다. 경인아라뱃길 10월 개통 준비 한창 인천 연합뉴스 하사헌 기자 6울 중순 현재 공정률 86%를 보이고 있는 경인아라뱃길이 오는 9월 시운전과 10월 개통을 앞두고 막바지 공사와 준비 작업이 한창이다. 사진은 인천시 서구 오류동 인천터미널 전망대에서 바라본 경인항 모습으로 아래쪽에 여객터미널 오른쪽에 서해갑문과 컨테이너 부두가 보인다. 2011.6.16 toadboy yna.co.kr 컨테이너ㆍ화물선은 앞으로 부산 포항 제주 평택 등에서 철강과 자동차 등을 실어나른다. 정부는 향후 경인아라뱃길과 중국과 동남아 등을 잇는 국제항로도 개설할 계획이다. 여객선은 김포ㆍ인천 서해도서 여의도 김포 인천 구간이 운항된다. 아라뱃길 구간에서 가장 고지대에 위치해 경치가 좋다는 수향4경 리버사이트 파크 에 가보니 원형 전망대 스카이 워크 Sky Walk 공사가 한창이었다. 미국 그랜드 캐니언의 스카이 워크를 본 딴 이 전망대는 폭 3m 직경 46m 높이 45m로 바닥이 투명한 유리로 설계됐다. 스카이 워크 옆에 건설되고 있는 인공폭포는 겸재 정선 선생의 인왕제색도 의 산세와 능선 형태 구름 등을 형상화한 것이 특징이다. 수공 관계자는 인공폭포와 전망대는 오는 7월 말이면 모두 완공된다 며 인천 지역 주민들의 접근성이 괜찮은 편이어서 개항 이후 관광객들이 많이 몰릴 것 으로 기대했다. 경인아라뱃길 10월 개통 준비 한창 인천 연합뉴스 하사헌 기자 6울 중순 현재 공정률 86%를 보이고 있는 경인아라뱃길이 오는 9월 시운전과 10월 개통을 앞두고 막바지 공사와 준비 작업이 한창이다. 인천시 서구 오류동 인천터미널 전망대에서 바라보이는 컨테이너 부두 앞 바다에서 물길을 만들기 위한 준설공사가 계속되고 있다. 오른쪽은 모습을 드러낸 서해갑문. 2011.6.16 toadboy yna.co.kr 이 곳에서 차를 20여분 달려 인천 터미널 공사 현장에 도착하니 서해 바다와 영종대교 강화도 인천 청라지구의 경치가 손에 잡힐 듯 한눈에 들어온다. 서해와 연결되는 인천 터미널에는 왕복 운항길에 총 4개의 갑문이 설치된다. 미닫이문 형태로 만들어진 갑문을 열어 서해 바다와 아라뱃길의 주운수로의 수위가 맞춰지면 화물선이 통과하게 된다. 갑문 통과 시간은 약 22분 정도. 노희수 공사부장은 아라뱃길을 운항하는 모든 선박은 자동 위치추적이 가능한 GPS 시스템을 통해 통제되기 때문에 한치의 오차없이 안전운항을 할 수 있다 며 갑문 옆에 만들어지는 7층 높이의 서해갑문통제소에서 선박 운항을 통제한다 고 말했다. 경인아라뱃길 주변으로는 관광ㆍ레저를 위한 수변공간인 수향 8경 과 파크 웨이 가 조성된다. 제1경 서해 제2경 인천터미널 제3경 시천교 워터프론트 제4경 리버사이드파크 제5경 귤현교 워터프론트 제6경 두물머리 생태공원 제7경 김포터미널 제8경 한강 등이다. 주운수로 옆으로는 41.3km의 자전거 도로도 신설된다. 정진웅 단장은 경인아라뱃길은 앞으로 문화 관광ㆍ레저가 어우러지면서 약 3조원의 생산유발효과와 2만5천명의 고용효과가 기대된다 고 말했다.,https://news.naver.com/main/read.nhn?mode=LSD&mid=shm&sid1=260&oid=001&aid=0005117000,284
261778,2011.06.16. 오후 6:05,부동산,아시아경제,집 빨리 팔고 싶어요‥빠른 매매를 위한 5계명,아시아경제 김봉수 기자 요즘은 집을 팔려는 사람들이 힘든 시기다. 새 아파트 입주를 코 앞에 두고 잔금을 내기 위해 매물로 내놨지만 매수자가 나타나지 않아 발을 동동 구르는 사람들이 부지기수다. 하우스푸어들도 금리ㆍ물가 인상으로 내 집 포기 행렬에 줄을 섰지만 집을 내놔도 팔리지 않아 고생하고 있다. 시장에선 시세보다 싸게 급매물을 내놔도 매수자들이 워낙 까다롭게 굴어 집을 팔기가 어렵다 는 매도자들의 한숨이 가득하다. 그러나 지성이면 감천 이라고 집 주인의 노력과 노하우에 따라 남들보다 집을 빨리 팔 수 있는 방법은 있다. 시세보다 싸게 얼마나 시세보다 싼 급매물을 내놓는 게 집을 빨리 파는 가장 좋은 방법이다. 그런데 도대체 얼마나 싸게 내놓아야 적당할까 현장에서 집 거래를 중개하는 부동산 공인중개사들은 국토해양부의 실거래가를 기준으로 그보다 1000만원 싼 매물이 급매물 로 간주돼 인기가 좋다고 전한다. 보통 인터넷에서 검색할 수 있는 국민은행 시세보다는 2000만 3000만원 정도 싸게 내놓은 물건이 급매물 로 간주된다. 인천 남동구 H부동산 관계자는 어떤 조건보다도 가격이 제일 중요한데 같은 조건이라면 무조건 시세가 싼 순서로 팔려 나간다 며 110㎡ 규모 옛30평대 를 기준으로 실거래가보다 1000만원 정도 싸게 내놓으면 계약은 수월하게 진행되고 있다 고 전했다. 깔끔한 집 상태가 매수자를 유혹 가격 외에 다른 노하우로는 깔끔한 집 상태를 유지하는 게 비결이다. 우선 첫 인상이 좋아야 한다. 발코니에 잔뜩 짐을 쌓아 놓는 것은 집을 비좁게 해 안 좋은 인상을 준다. 햇빛을 가리기 위해 내려놓은 커텐은 집안 분위기를 어둡게 해 선택에 지장을 준다. 맞이 비슷하다면 예쁜 음식에 손이 더가는 것 처럼 가격이 비슷하다면 매수자들은 깨끗한 집을 선호한다. 또 매수자가 부동산 중개사와 함께 집을 방문했을 때 차분하고 친절한 설명을 해주는 것도 도움이 된다. 인천 계양구 소재 엠코타운 부동산 고순덕 사장은 집안 분위기가 좋고 청소 상태가 깔끔하면 집도 넓어 보여 매수자들이 우선적으로 고려하게 된다 며 매수자들이 같은 조건이라면 깨끗한 집을 먼저 고른다 고 말했다. 인센티브 갖춘 아파트라면 금세 집 주인이 직접 나서서 매수인에게 줄 수 있는 여러가지 인센티브를 마련하는 것도 좋은 방법이다. 투자 목적으로 집을 구입하는 매수자에게는 전세를 끼고 사는 것이 유리한 만큼 빈 집일 경우 집 주인이 나서서 전세입자를 미리 구해 놓으면 빠른 시일 내에 매수자를 구할 수 있다. 또 등기 일자를 조정해 재산세를 부담해 주거나 기본적인 인테리어 비용이나 보일러 수리비 등을 부담해주겠다는 등의 인센티브는 100% 효과를 발휘한다. 김규성 부동산114 부장은 현재처럼 매수자 우위의 상황에서 집을 빨리 팔려면 매도자가 적극적으로 상품 가치를 높여야 한다 며 안 팔리는 집을 끌어 안고 고민만 하지 말고 여러가지 인센티브를 고안해 제안하면 집을 빨리 팔 수 있을 것 이라고 충고했다. 광고·의뢰는 신중하라 집이 안 팔린다고 여기 저기 광고를 내거나 부동산 중개업소 여러 곳에 의뢰를 하는 것은 주의해야 한다. 광고를 보고 달려드는 매매 사기 범죄꾼들에게 당할 우려가 높다. 또 여러 중개업소에 내놨다가는 업소들의 경쟁에 의해 자칫 계약이 어려워져 오래가는 경우가 많다. 믿을 만한 중개업소를 택해 한군데만 내놓고 다른 방법을 찾는게 좋다. 협상은 적극적으로 일단 매수자가 나섰을 경우 빨리 집을 팔 생각이라면 적극적으로 협상에 임해야 한다. 어느 정도 조건이 맞다 싶으면 이사 시기 등 작은 부분은 감수한다는 각오로 협상하라는 게 중개업소 관계자들의 충고다. 왜냐구 요즘 웬만한 부동산업소들도 3개월째 1건의 매매 거래도 성사시키지 못할 정도로 매매 시장이 위축됐기 때문이다.,https://news.naver.com/main/read.nhn?mode=LSD&mid=shm&sid1=260&oid=277&aid=0002624313,284
261779,2011.06.16. 오후 5:46,부동산,이데일리,분양가상한제 폐지시 조합 분담금 16% 준다,이데일리 이태호 기자 재개발·재건축 아파트의 분양가상한제가 폐지되면 조합원 분담금이 많게는 16%까지 줄어든다는 분석이 나왔다. 전여옥 한나라당 의원 요청으로 국토해양부가 한국주택협회에 의뢰해 일부 사업장을 분석한 결과에 따르면 분양가상한제를 적용하지 않을 경우 조합원 분담금을 8 16% 가량 줄일 수 있는 것으로 나타났다. 시뮬레이션 분석에 따르면 대지면적 3만3000㎡ 용적률은 250% 836가구 조합원 420가구 의 서울 영등포구 A구역 의 경우 조합원 1인당 분담금이 기존 1억5900만원에서 1억3400만원으로 2500만원 15.7% 줄어들었다. 일반 분양가는 당초 3.3㎡당 1700만원에서 1770만원으로 상승하는 것으로 나왔다. 서울 은평구 B구역 1만5000㎡ 244% 350가구 조합원 178가구 도 분양가상한제 폐지시 조합원 분담금이 2억2100만원에서 2억200만원으로 1900만원 8% 가량 줄어드는 것으로 나왔다. 한편 한나라당은 분양가상한제 폐지를 당론으로 주장해왔으며 민주당은 안전장치 없는 무조건적 폐지에 반대하고 있다.,https://news.naver.com/main/read.nhn?mode=LSD&mid=shm&sid1=260&oid=018&aid=0002453609,284
261780,2011.06.16. 오후 5:33,부동산,서울경제,민간 사업자 공공택지 조성부터 분양까지,공모로 사업자 선정 민간 이윤율 6% 이내 제한 출자범위 내에서 주택용지 우선 공급 한국토지주택공사 LH ㆍ지방자치단체 등 공공과 함께 택지개발사업을 시행하는 민간 사업자는 택지개발뿐만 아니라 개발한 택지에서 주택을 직접 지어 공급할 수 있게 된다. 다만 공공 택지개발 사업 시행에 참여하는 민간 사업자의 이익은 총 시행 사업비의 6%를 넘을 수 없도록 했다. 민간 사업자가 공공택지 개발사업에 뛰어들어 지나친 이익을 남기는 이른바 ‘땅 장사’를 할 수 없도록 한 것이다. 국토해양부는 이 같은 내용을 담은‘택지개발촉진법 시행령 및 시행규칙’개정안을 마련해 입법 예고한다고 17일 밝혔다. 재정난을 겪고 있는 LH 등 공공시행자의 초기사업비 부담을 줄여주기 위한 것으로 민간 사업자의 참여가 늘어날지 주목된다. 이번 개정안은 민간 사업자가 출자비율 50% 미만으로 공공택지개발사업에 참여할 수 있도록 한‘택지개발촉진법 개정안’의 하위법령으로 사업참여 방법 및 협약체결 상황을 구체화했다. 개정안에 따르면 앞으로 공공 시행자와 공모에 의해 선정된 민간 사업자는‘협약을 체결’하거나 ‘공동 출자법인을 설립’해 택지개발사업을 진행할 수 있게 된다. 민간 사업자의 참여시기는 신규 택지개발사업지구인 경우 개발계획 단계부터 기존 택지지구는 실시계획 수립단계부터 참여할 수 있다. LH 등 공공시행자는 주요 일간지에 광고 등을 통해 사업계획을 공모하게 된다. 공공과 민간의 협약체결 사항에는 ▦사업자간 역할 분담 ▦사업비 및 자금조달 계획 ▦사업계획의 변경 ▦조성 토지의 공급 및 처분 ▦기반시설 설치 및 비용 부담 ▦민간사업자의 이윤율을 총 사업비의 6% 이내에서 제한하는 등 사업의 가이드 라인이 담긴다. 민간 사업자의 이윤율을 6% 이내로 정한 것은 공공택지개발사업을 통해 민간에 특혜를 줄 수 있다는 시비를 차단하기 위한 것이라는 게 국토부의 설명이다. 국토부 관계자는 “산업단지를 개발할 때 민간 사업자에게 허용하는 이윤이 6%라는 점 등을 고려했다”고 말했다. 다만 민간 사업자는 공공과 함께 조성한 주택용지를 사업 출자비율 범위 내에서 분양 받을 수 있는 우선권을 갖게 된다. 공공택지개발사업을 통한 이윤은 높지 않지만 주택사업에 필요한 용지를 우선공급 받을 수 있는 권리를 줘 사업자를 끌어들이겠다는 것이다. 민간 사업자가 공공택지조성 단계부터 주택건설 공급까지 직접 참여함으로써 사업기간을 단축하고 금융비용 등을 절감할 수 있어 택지조성 원가를 낮추는 효과가 나타날 것으로 국토부는 기대했다. 국토부는 현재 LH와 공공택지 개발사업을 위한 시범 사업지역을 물색하고 있다. 국토부 관계자는“이번 시행령과 시행규칙이 8월말 시행되면 별도의 택지개발지침을 만들어 사업 대상지를 선정하게 될 것”이라고 말했다.,https://news.naver.com/main/read.nhn?mode=LSD&mid=shm&sid1=260&oid=011&aid=0002160532,284
261781,2011.06.16. 오후 5:19,부동산,머니투데이,무상급식 주민투표 청구..8월에 투표 실시,머니투데이 박동희 MTN기자 앵커멘트 서울시내의 모든 초등학교에 대한 전면 무상급식 여부를 결정할 주민투표가 청구됐습니다. 다음달 초 주민투표가 발의되면 투표는 오는 8월 셋째 째 주에 치러질 전망입니다. 박동희 기잡니다. 리포트 전면 무상급식에 반대하는 시민단체인 복지 포퓰리즘추방 국민운동본부가 주민투표를 청구했습니다. 우리나라에서 주민투표제도가 도입된 이후 주민들이 직접 투표를 청구한 것은 처음입니다. 지난 4개월 동안 받은 주민투표 청구 서명은 모두 80만1 263건. 서울 유권자의 5%인 41만8천여 명의 서명만 받으면 되지만 중복 서명 등 무효 서명이 나올 것을 대비해 두 배에 가까운 서명을 받았습니다. 오는 27일부터 일주일간 무효 서명을 가려낸 뒤 유효 서명자가 41만8 005명을 넘을 경우 주민투표가 실시됩니다. 그동안 전면 무상급식에 반대해 온 오세훈 서울시장은 환영의 뜻을 나타냈습니다. 녹취 오세훈 서울시장 “국가의 미래를 어둡게 하는 암초는 반드시 도려낸다는 차원에서 이번 기회에 무상복지 포퓰리즘 남발에 대한 분명한 쐐기를 박고 가야 할 것입니다.” 반면 서울시의회 민주당의원들은 주민투표를 치르느라 세금 182억 원을 낭비하게 됐다고 반발했습니다. 녹취 서울시의회 의원 민주당 민주주의 근간인 대의민주주의를 지키고 주민투표 제도를 악용하는 세력에 맞서 단호히 대응할 것임을 천명합니다. 서울시는 주민투표가 발의된 이후 60일정도의 준비기간을 거쳐 오는 8월 셋째주에 투표가 실시될 것이라고 예상했습니다. 투표는 서울시의회 민주당 의원들이 발의한 전면 무상급식 또는 오세훈 시장이 대안으로 내놓은 단계적 무상급식 중 하나를 고르는 방식입니다. 투표 결과에 따라 오세훈 시장과 서울시의회 민주당 가운데 패배한 쪽은 책임론에 휩싸일 것으로 보입니다. 하지만 투표율이 33.3%를 넘지 못하면 주민투표는 무효가 됩니다. 이 경우 무상급식 여부를 둘러싼 오시장과 의회간의 기싸움은 세금낭비 논란으로 번질 것으로 예상됩니다. 머니투데이방송 박동희입니다.,https://news.naver.com/main/read.nhn?mode=LSD&mid=shm&sid1=260&oid=008&aid=0002556904,284
261782,2011.06.16. 오후 5:08,부동산,매일경제,분양 GS건설 청담자이,GS건설이 20 22일 청담자이 청약을 받는다. 강남구 청담동 청담한양아파트를 재건축하는 것으로 10월 입주 예정이다. 1대1 재건축 아파트로 전 가구가 조합원에게 분양될 예정이었지만 2009년 임대주택 건설 의무제 가 폐지되면서 임대에서 분양으로 전환된 16가구가 분양된다. 청약금 500만원만 있으면 청약통장 없이도 청약할 수 있다. 02 545 1301 r start 화보 속 훤히 보이는 과감한 시스루룩 김정민 가계빚 위험 카드사태때의 2배 삼성직원들은 지금…친구와 만날때도 유흥업소는 NO 북한 미모의 女승무원 화제 서울대 부모 연봉 3800만원 이하 전액장학금 지급 이다해 미스춘향 시절 모습 눈길…‘10년전에도 귀여웠네’ 포토 늑대의 유혹 무대 가득채운 멋진 출연진 r end ⓒ 매일경제 mk.co.kr 무단전재 및 재배포 금지 MBA도 모바일로 공부한다.,https://news.naver.com/main/read.nhn?mode=LSD&mid=shm&sid1=260&oid=009&aid=0002486126,284
261783,2011.06.16. 오후 5:08,부동산,매일경제,서울 갈현동에 아파트 3934가구,서울시 은평구 갈현동 일대에 4000여 가구의 대규모 아파트 단지가 들어선다. 서울시는 지난 15일 도시계획위원회를 개최하고 갈현동 300 일대 23만7629㎡에 아파트를 짓는 갈현 제1주택재개발 정비구역 지정 안을 통과시켰다고 16일 밝혔다. 이에 따라 일대에는 아파트 3934가구가 공급된다. 이 중 90%인 3544가구가 전용면적 85㎡ 이하 중소형으로 지어진다. 임대주택은 670가구로 △40㎡ 이하 311가구 △40 50㎡ 이하 275가구 △50 60㎡ 이하 84가구 등으로 구성된다. 지형에 따라 최저 9층에서 최고 21층까지 다양한 층수의 건물이 단계적으로 배치된다. 단지 내 공원 등 녹지도 대규모로 조성된다. 1만1658㎡ 규모 녹지와 소형공원 2곳이 만들어진다. 이명진 기자 r start 화보 속 훤히 보이는 과감한 시스루룩 김정민 가계빚 위험 카드사태때의 2배 삼성직원들은 지금…친구와 만날때도 유흥업소는 NO 북한 미모의 女승무원 화제 서울대 부모 연봉 3800만원 이하 전액장학금 지급 이다해 미스춘향 시절 모습 눈길…‘10년전에도 귀여웠네’ 포토 늑대의 유혹 무대 가득채운 멋진 출연진 r end ⓒ 매일경제 mk.co.kr 무단전재 및 재배포 금지 MBA도 모바일로 공부한다.,https://news.naver.com/main/read.nhn?mode=LSD&mid=shm&sid1=260&oid=009&aid=0002486125,284
261784,2011.06.16. 오후 5:08,부동산,매일경제,금탑산업훈장에 박창규 사장·김경준 전무,박창규 롯데건설 사장과 김경준 삼성물산 전무가 건설의 날을 맞아 금탑산업훈장을 받는다. 박 사장은 34년간 리비아 파키스탄 등 해외 현장에서 잔뼈가 굵은 해외 건설 전문가로 철저한 시공관리와 현장 경영으로 우리 건설업 위상을 한 단계 높인 공로를 인정받았다. 김 전무는 세계 최고층 빌딩인 아랍에미리트 UAE 부르즈 할리파를 비롯해 타이베이 101 말레이시아 페트로나스 타워 등 초고층 건물 건설에 참여해 한국 기술을 해외에 알린 공로로 포상자로 선정됐다. 이 밖에 건설산업 발전에 기여한 공로가 큰 업계ㆍ유관단체 임직원 174명이 정부 포상과 국토해양부장관 표창을 받는다. 특히 건설인의 화합과 현장 기능인 사기를 높이기 위해 건설근로자 천병욱 씨 삼부토건 가 산업포장을 현장반장 김용윤 씨 울트라건설 가 국토부장관 표창을 받는다. 건설의 날은 1980년 건설인들 사기 진작과 건설산업 발전을 위해 제정됐으며 매년 6월 기념행사가 열린다. 이은아 기자 r start 화보 속 훤히 보이는 과감한 시스루룩 김정민 가계빚 위험 카드사태때의 2배 삼성직원들은 지금…친구와 만날때도 유흥업소는 NO 북한 미모의 女승무원 화제 서울대 부모 연봉 3800만원 이하 전액장학금 지급 이다해 미스춘향 시절 모습 눈길…‘10년전에도 귀여웠네’ 포토 늑대의 유혹 무대 가득채운 멋진 출연진 r end ⓒ 매일경제 mk.co.kr 무단전재 및 재배포 금지 MBA도 모바일로 공부한다.,https://news.naver.com/main/read.nhn?mode=LSD&mid=shm&sid1=260&oid=009&aid=0002486124,284
261785,2011.06.16. 오후 5:08,부동산,매일경제,17일 건설의 날…새로운 성장동력 찾아라,지면에서 최고 52도 기울어져 최고 난이도 공사로 꼽히는 싱가포르 마리나베이 샌즈호텔. 국내 업체인 쌍용건설이 시공했다. ＜사진 제공＝쌍용건설＞ 건설업계에는 요즘 짙은 암운이 깔려 있다. 주택경기 침체는 길어지고 건설투자 부진에 따른 공사물량 부족으로 업체 간 경쟁이 격화돼 수익성은 악화되고 있다. 금융회사는 돈줄을 죄어오고 신용위험평가와 구조조정도 피해갈 수 없다. 그동안 건설업이 국가 경제 발전에 큰 공헌을 해온 점은 부인할 수 없는 사실이다. 건설산업은 광복과 전후 복구를 거치면서 국토 재건과 사회간접자본 시설 확충으로 경제 성장 토대를 마련했고 주택공급과 도시개발사업으로 삶의 질을 높이는 데도 공을 세웠다. 1970 1980년대 중동 등 해외에서 외화 획득에 앞장섰고 2000년대 들어서도 해외수주 100조원 시대를 여는 등 건설 코리아 를 위해 애쓰고 있다. 건설업은 여전히 국내총생산의 6% 고용의 7%를 차지하는 중요한 산업이다. 17일 건설의 날을 맞는 건설업계에는 달라진 환경에서 살아남기 위해 변신하고 새로운 성장동력을 찾아야 한다는 주문이 쏟아지고 있다. 업계에서는 한계에 이른 국내 주택시장 대신 녹색건설 초고층 빌딩이나 초장대 교량 등 부가가치 높은 분야를 미래 유망 분야로 삼고 전력을 기울이고 있다. 녹색건설은 기후변화에 따라 나타나는 기상이변 해수면 상승 가뭄 등의 영향을 줄일 수 있는 청정에너지와 신재생에너지 등을 건설에 접목하는 것이다. 초고층 빌딩이나 초장대 교량 시장은 갈수록 커지는 분야다. 해외수주는 순조롭게 늘고 있지만 수주가 중동지역에 지나치게 편중돼 있고 수익성이 높지 않다는 지적이 끊이지 않고 있다. 건설업계가 글로벌 경쟁력을 갖추기 위해서는 기존 시공 중심에서 시공 전 pre construction 단계인 기획ㆍ설계ㆍ엔지니어링과 시공 후 post construction 단계인 유지ㆍ보수로 시장을 확대해야 한다는 목소리도 높다. 선진국형 고수익 블루오션으로 꼽히는 설계ㆍ엔지니어링 분야에서 한국의 시장점유율은 0.4% 2009년 기준 에 불과한 실정이다. 설계ㆍ엔지니어링 분야에서 시장점유율을 높이기 위해서는 설계ㆍ시공ㆍ관리 등 통합관리 기술을 높이려는 시도가 필수다. 경영 패러다임에도 변화가 필요하다. 경제 성장률 둔화에 따라 건설투자가 줄고 입ㆍ낙찰제도 변화 건설산업의 글로벌화 등으로 하루가 다르게 건설업을 둘러싼 환경이 변하고 있다. 최삼규 대한건설협회 회장은 건설산업은 외환위기 이래 최대 시련기를 맞고 있다 며 공공공사 의존도와 주택사업 일변도의 사업 구조에서 벗어나 새로운 성장동력을 발굴해 안정적인 영업 구조를 만들어야 한다 고 강조했다. 이은아 기자 r start 화보 속 훤히 보이는 과감한 시스루룩 김정민 가계빚 위험 카드사태때의 2배 삼성직원들은 지금…친구와 만날때도 유흥업소는 NO 북한 미모의 女승무원 화제 서울대 부모 연봉 3800만원 이하 전액장학금 지급 이다해 미스춘향 시절 모습 눈길…‘10년전에도 귀여웠네’ 포토 늑대의 유혹 무대 가득채운 멋진 출연진 r end ⓒ 매일경제 mk.co.kr 무단전재 및 재배포 금지 MBA도 모바일로 공부한다.,https://news.naver.com/main/read.nhn?mode=LSD&mid=shm&sid1=260&oid=009&aid=0002486123,284
261786,2011.06.16. 오후 5:08,부동산,매일경제,택지개발 민간에 허용…분양가 인하 유도,앞으로 신도시 등 정부가 조성하는 택지개발지구에 민간이 공동사업시행자로 참여할 수 있게 된다. 민간사업자 공모를 통해 경쟁을 유발시켜 한국토지주택공사 LH 의 사업비 부담을 줄이고 택지지구 주택 분양가도 낮추려는 시도다. 16일 국토해양부는 택지개발촉진법 시행령 및 시행규칙 개정안을 마련해 17일부로 입법예고한다고 밝혔다. 개정안에 따르면 공동택지개발사업에 참여할 민간사업자는 공모 방식으로 자율 경쟁을 통해 선정한다. 택지 조성원가가 낮아지면 아파트 분양가도 낮아진다. 민간사업자의 이윤율은 총 사업비의 6% 이내로 제한하고 공공시행자와 민간사업자가 협약을 통해 정하도록 했다. 공동택지개발사업 시행으로 민간사업자가 과도한 이윤을 남기지 않도록 산업용지 개발 참여 이윤율 상한선을 적용한 것이다. 공동택지개발사업 민간사업자가 투자지분 비율 범위에서 주택건설 용지를 직접 활용하도록 하는 내용도 개정안에 포함돼 있다. 국토부 관계자는 1980년대 시작된 택지개발사업은 그동안 국가 지자체 LH 등 공공이 시행하고 민간 참여는 제한돼왔다 며 민간사업자가 택지 조성과 공급 주택 건설까지 직접 추진하면 사업기간이 단축돼 금융비용이 절감되고 택지 조성원가도 낮출 수 있는 등의 효과를 볼 것으로 기대된다 고 말했다. 이지용 기자 r start 화보 속 훤히 보이는 과감한 시스루룩 김정민 가계빚 위험 카드사태때의 2배 삼성직원들은 지금…친구와 만날때도 유흥업소는 NO 북한 미모의 女승무원 화제 서울대 부모 연봉 3800만원 이하 전액장학금 지급 이다해 미스춘향 시절 모습 눈길…‘10년전에도 귀여웠네’ 포토 늑대의 유혹 무대 가득채운 멋진 출연진 r end ⓒ 매일경제 mk.co.kr 무단전재 및 재배포 금지 MBA도 모바일로 공부한다.,https://news.naver.com/main/read.nhn?mode=LSD&mid=shm&sid1=260&oid=009&aid=0002486122,284
261787,2011.06.16. 오후 5:08,부동산,매일경제,분양 안양 벤처밸리 금강펜테리움,경기도 안양 벤처밸리에서 지식산업센터 옛 아파트형 공장 안양 금강펜테리움 이 분양 중이다. 안양 최대 규모로 분양가는 3.3㎡당 500만원대다. 분양금액의 최대 70%까지 장기 저리 융자가 가능하며 취득세가 100% 면제되고 재산세는 5년간 50% 감면된다. 입주 예정일은 2012년 1월. 031 426 0036 r start 화보 속 훤히 보이는 과감한 시스루룩 김정민 가계빚 위험 카드사태때의 2배 삼성직원들은 지금…친구와 만날때도 유흥업소는 NO 북한 미모의 女승무원 화제 서울대 부모 연봉 3800만원 이하 전액장학금 지급 이다해 미스춘향 시절 모습 눈길…‘10년전에도 귀여웠네’ 포토 늑대의 유혹 무대 가득채운 멋진 출연진 r end ⓒ 매일경제 mk.co.kr 무단전재 및 재배포 금지 MBA도 모바일로 공부한다.,https://news.naver.com/main/read.nhn?mode=LSD&mid=shm&sid1=260&oid=009&aid=0002486121,284
261788,2011.06.16. 오후 5:08,부동산,매일경제,앞으로 20년안에 부상할 건설 신상품은,수명이 100년 이상인 장수명 아파트 인구 과밀과 녹지 부족을 해소할 지하도시 해저ㆍ하저터널 해상도시와 인공섬 복층 고속도로…. 한국건설산업연구원 원장 김흥수 은 향후 10년에서 20년 안에 부각될 것으로 예상되는 미래 건축 신상품을 이렇게 제시했다. 장수명 아파트란 현재 30 40년 정도인 아파트 수명을 100 200년까지 늘리는 것을 목표로 지어질 주택으로 철근 콘크리트는 물론 내장재 수명을 늘리는 기술이 도입된다. 필요에 따라 공간 내부 구조를 쉽게 변경할 수 있도록 설계되며 주택을 사무실로 변경하거나 집을 2개로 분리할 수도 있다. 주택 수명이 늘어나면 재건축으로 발생하는 폐기물을 줄일 수 있다는 것도 장점이다. 장수명 아파트 개발은 현재 국책사업으로 추진되고 있다. 대도시권 인구 과밀지역의 녹지 부족 문제를 해결하기 위해 지상에 녹지 공간을 조성하고 지하에는 도시를 건설하는 지하도시 탄생 가능성도 점쳐진다. 미래 자동차 성능에 맞도록 현재 고속도로보다 2배 이상 고속 주행이 가능하면서 사고ㆍ사망률은 줄어드는 첨단도로나 총 연장 100㎞ 이상인 해저터널도 등장할 가능성이 있다. 신공법이나 신소재 개발로 경제성이 확보되는 시점에 해저터널이 들어서면 기존 해상 교량은 해저ㆍ하저터널로 대체될 전망이다. 자연 환경 피해를 줄이면서 기존 노선의 활용도를 높이기 위한 복층 고속도로 건설도 시도될 것으로 예상된다. 국내에서는 물동량이 가장 많은 경부고속도로가 복층화 1순위다. 부산을 기점으로 북한 중국 몽골 러시아를 연결하는 유라시아 횡단철도 등도 실현 가능성이 있다고 건설산업연구원은 전망했다. 인공섬과 해상도시 등 수요자 발주자 요구에 따른 랜드마크적 투자상품도 대거 들어설 수 있다. 해상도시는 세계적인 관광 명소가 될 수도 있다. 이은아 기자 r start 화보 속 훤히 보이는 과감한 시스루룩 김정민 가계빚 위험 카드사태때의 2배 삼성직원들은 지금…친구와 만날때도 유흥업소는 NO 북한 미모의 女승무원 화제 서울대 부모 연봉 3800만원 이하 전액장학금 지급 이다해 미스춘향 시절 모습 눈길…‘10년전에도 귀여웠네’ 포토 늑대의 유혹 무대 가득채운 멋진 출연진 r end ⓒ 매일경제 mk.co.kr 무단전재 및 재배포 금지 MBA도 모바일로 공부한다.,https://news.naver.com/main/read.nhn?mode=LSD&mid=shm&sid1=260&oid=009&aid=0002486120,284
261789,2011.06.16. 오후 5:08,부동산,매일경제,신림동 고시촌 원룸으로 리모델링,관악구 신림동 일대는 고시원을 원룸으로 바꾸는 공사가 한창이다. ＜사진 이승환 기자＞ 서울 관악구 신림 9동 신림동 고시촌 일대에는 여기저기서 건물 리모델링 작업이 한창이다. 고시 준비생으로 가득 찬 빽빽이 맞댄 허름한 건물 풍경은 이제 옛말이 됐다. 대로변에서 고시촌 언덕길을 따라 깔끔한 외관의 새 건물들이 줄을 잇는다. 현지 부동산 중개업소들에 따르면 고시촌 일대에서 리모델링 공사가 진행 중인 건물만 10여 개다. 계약이 체결돼 조만간 착공할 물건도 20여 개를 웃돈다. 리모델링 전문 코지하우스의 유영선 대표는 최근 2 3년간 신림동 인근에서 리모델링한 건물만 20동은 족히 될 것 이라며 계약이 체결돼 조만간 공사에 들어갈 건물도 8동이나 된다 고 말했다. 리모델링한 건물 내부를 보면 과거의 허름한 고시원과는 달랐다. 깔끔한 인테리어에 넉넉한 내부공간 등이 최근 유행하는 도시형생활주택 오피스텔 못지않았다. 신림동 고시촌 건물 중 절반 이상은 리모델링을 마쳤거나 리모델링이 추진되고 있다고 현지 관계자들은 전했다. 이런 변화는 정부의 로스쿨 제도 도입으로 사법 고시 준비생들이 짐을 싸고 속속 떠나면서 줄고 있기 때문에 나타났다. 고시생들의 빈자리는 직장인들이 채웠다. 20년간 고시원을 운영하다 최근 건물을 원룸으로 리모델링한 이 모씨는 13 16㎡ 가전 풀옵션이 보증금 500만원에 월 50만원으로 서울시내에서도 저렴한 축에 속한다 며 젊은 직장인들과 경제적 여유가 있는 대학생들이 들어오고 있다 고 말했다. 최기용 삼성공인 대표는 어제 하루에만 원룸 2곳 임대계약을 체결했다 며 이곳 거주자의 대략 30%는 직장인일 것 이라고 말했다. 건물값도 많이 뛰었다. 중개업계에 따르면 3년 전 12억7000만원이던 건물이 현재 17억원 선에 시세가 형성돼 있는 등 많게는 60 70%가량 몸값이 뛰었다. 평균 10억원을 투자하면 월 800만 1000만원가량 임대수익을 거둘 수 있다고 중개업자들은 말했다. 하지만 고시촌 일대 교통이 열악한 편인 데다 최근 원룸이 너무 많이 들어선 탓에 수익성이 기대만 못하다는 의견도 제기된다. 이명진 기자 백상경 기자 사진 이승환 기자 r start 화보 속 훤히 보이는 과감한 시스루룩 김정민 가계빚 위험 카드사태때의 2배 삼성직원들은 지금…친구와 만날때도 유흥업소는 NO 북한 미모의 女승무원 화제 서울대 부모 연봉 3800만원 이하 전액장학금 지급 이다해 미스춘향 시절 모습 눈길…‘10년전에도 귀여웠네’ 포토 늑대의 유혹 무대 가득채운 멋진 출연진 r end ⓒ 매일경제 mk.co.kr 무단전재 및 재배포 금지 MBA도 모바일로 공부한다.,https://news.naver.com/main/read.nhn?mode=LSD&mid=shm&sid1=260&oid=009&aid=0002486119,284
261790,2011.06.16. 오후 5:08,부동산,매일경제,톡톡 부동산 오토바이 주차장 따로 있어요,울산시 일산1지구를 재건축해 이달 말에 분양할 전하 e편한세상 에는 오토바이 주차장이 들어선다. 현대중공업과 현대자동차 근로자들이 선호하는 교통수단이 바로 오토바이기 때문이다. 출퇴근 시간에 울산 동구 거리 곳곳은 오토바이족으로 붐비지만 이 지역 아파트 가운데 오토바이 주차장을 갖춘 곳은 아직까지 없다. 이 때문에 아파트 주차장을 오토바이가 차지하고 있는 모습을 자주 볼 수 있다. 차를 소유한 주민과 오토바이를 타고 다니는 이웃 주민 사이에 다툼도 많은 편이다. 대림산업은 분양을 앞두고 현지 시장을 조사한 결과 이 같은 문제점을 파악했고 조합원과 협의해 최종적으로 단지 내에 180면의 오토바이 주차 공간을 따로 마련하기로 했다. 이 단지에는 대형 태양광 모듈도 설치된다. 역시 일조량이 풍부하고 강수량이 적은 울산 지역 특색을 반영한 것이다. 전하 e편한세상은 16개동 옥상마다 대형 태양광발전 시스템을 설치해 하루 평균 784㎾의 전력을 생산하게 된다. 분양대행을 맡은 이창언 랜드비젼 대표는 울산 시민을 위한 맞춤형 아파트라는 점이 특징 이라고 설명했다. 박지윤 기자 r start 화보 속 훤히 보이는 과감한 시스루룩 김정민 가계빚 위험 카드사태때의 2배 삼성직원들은 지금…친구와 만날때도 유흥업소는 NO 북한 미모의 女승무원 화제 서울대 부모 연봉 3800만원 이하 전액장학금 지급 이다해 미스춘향 시절 모습 눈길…‘10년전에도 귀여웠네’ 포토 늑대의 유혹 무대 가득채운 멋진 출연진 r end ⓒ 매일경제 mk.co.kr 무단전재 및 재배포 금지 MBA도 모바일로 공부한다.,https://news.naver.com/main/read.nhn?mode=LSD&mid=shm&sid1=260&oid=009&aid=0002486118,284
261791,2011.06.16. 오후 5:08,부동산,매일경제,동탄에선 점포형주택 인기,동탄 센트럴파크 맞은편 반송동 일대에 상가 겸용 주택이 늘고 있다. 화성 동탄신도시 심장부에 위치한 센트럴파크 주변 반송동에는 요즘 다른 곳에서 보기 힘든 풍경이 연출되고 있다. 수년째 공터였던 단독주택 용지에 1층에는 카페 식당 공방 스포츠용품점이 들어서고 2 3층은 주택으로 이뤄진 점포형 주택 신축이 잇따르고 있는 것. 건물주들이 살면서 일부를 임대하는 용도다. 종전까지는 택지지구 지구단위계획 규제 때문에 수익을 내기 힘들었다. 건폐율 60%에 용적률은 180% 가구 수 3가구 층수는 3층으로 제한됐다. 그러나 5ㆍ1 부동산거래 활성화 대책 이후 점포형 주택들이 미운 오리 새끼 에서 백조 로 거듭나고 있다. 층수와 가구 수 제한을 지방자치단체 자율에 맡기면서 층수 제한을 4층으로 올리고 가구 수 제한을 폐지했기 때문이다. 인근 방성기 가원공인중개사사무소 대표는 아직 법이 시행되지 않았지만 제한 해제를 전제로 토지를 매입하는 사례가 잇따르고 있다 고 말했다. 토지나 건물을 매입하겠다며 하루 20 30명씩 중개업소를 방문하고 현재 진행 중인 건물 신축만 20여 건에 이른다는 전언이다. 서승희 공인중개사사무소 관계자는 가구 수만 늘려도 현재 4 5%대 수익률이 6 7%까지는 올라가게 된다 고 설명했다. 예를 들어 보증금 2000만원에 월세 70만원이던 투룸 2개를 보증금 1000만원에 월세 50만원인 원룸 4개로 바꾸기만 해도 당장 월세 60만원이 늘어나게 된다. 때마침 공원 건너편에는 삼성반도체 17ㆍ18라인 증설이 완료돼 8월부터 운영된다. 메타폴리스에 밀려 관심 밖이던 이 지역 상가도 재조명되고 있다. 이곳 단독택지는 3.3㎡당 700만 800만원을 호가한다. 가장 표준 형태인 대지 231㎡ 건축 바닥 면적 132㎡ 3층짜리 점포형 주택을 짓게 된다면 토지비는 6억원 건축비는 4억원에 이른다. 상가의 평균 임대료는 보증금 3000만원에 월세 150만 200만원 대로변은 보증금 5000만원에 월세 300만원 수준이다. 월세는 원룸이 보증금 1000만원에 45만 50만원 투룸은 보증금 2000만 3000만원에 70만원 안팎이다. 이지용 기자 백상경 기자 r start 화보 속 훤히 보이는 과감한 시스루룩 김정민 가계빚 위험 카드사태때의 2배 삼성직원들은 지금…친구와 만날때도 유흥업소는 NO 북한 미모의 女승무원 화제 서울대 부모 연봉 3800만원 이하 전액장학금 지급 이다해 미스춘향 시절 모습 눈길…‘10년전에도 귀여웠네’ 포토 늑대의 유혹 무대 가득채운 멋진 출연진 r end ⓒ 매일경제 mk.co.kr 무단전재 및 재배포 금지 MBA도 모바일로 공부한다.,https://news.naver.com/main/read.nhn?mode=LSD&mid=shm&sid1=260&oid=009&aid=0002486117,284
261792,2011.06.16. 오후 5:08,부동산,매일경제,분양 용인 외대앞 KCC 스위첸,KCC건설은 경기도 용인시 처인구 모현면에서 용인외대앞 KCC 스위첸 을 분양 중이다. 84 118㎡ 308가구로 구성되며 분양가는 3.3㎡당 800만원대다. 강남 유명 입시학원 10여 개의 연합체인 타임교육과 제휴해 6개월간 무상교육도 지원한다. 견본주택은 광주시 오포읍 능평교차로에 있다. 1577 6662 r start 화보 속 훤히 보이는 과감한 시스루룩 김정민 가계빚 위험 카드사태때의 2배 삼성직원들은 지금…친구와 만날때도 유흥업소는 NO 북한 미모의 女승무원 화제 서울대 부모 연봉 3800만원 이하 전액장학금 지급 이다해 미스춘향 시절 모습 눈길…‘10년전에도 귀여웠네’ 포토 늑대의 유혹 무대 가득채운 멋진 출연진 r end ⓒ 매일경제 mk.co.kr 무단전재 및 재배포 금지 MBA도 모바일로 공부한다.,https://news.naver.com/main/read.nhn?mode=LSD&mid=shm&sid1=260&oid=009&aid=0002486116,284
261793,2011.06.16. 오후 5:08,부동산,매일경제,권도엽 국토부장관 분양가상한제 폐지 최대한 노력,정부와 건설업계가 건설경기 활성화를 위한 분양가 상한제 폐지에 앞장서기로 했다. 권도엽 국토해양부 장관은 16일 최삼규 대한건설협회장을 비롯한 건설업계 대표와 간담회에서 분양가 상한제는 시장에서 각종 부작용이 많아 폐지가 바람직하다고 본다 며 국회에 제출돼 있는 법안 처리를 위해 최대한 노력하겠다 고 밝혔다. 권 장관은 건설 주택 모두 당분간 기대만큼 시장이 회복되기는 어려울 것으로 본다 며 건설사들이 해외 건설과 민자사업 활성화를 통해 활로를 모색할 수 있도록 지원하겠다 고 말했다. 이번 간담회는 지난 4월 말 전임 장관과 간담회 이후 두 달 만에 열렸다. 권 장관 취임 이후 2주 만이다. 건설사 최고경영자 CEO 들은 주택ㆍ부동산 경기 활성화를 위해 분양가 상한제 폐지 재건축 초과이익 환수 부담금 완화 또는 폐지 총부채상환비율 DTI 규제 폐지 등을 건의했다. 다주택자가 거주ㆍ보유하는 1주택에 대해 양도세를 비과세해줄 것과 노후 공동주택의 리모델링시 가구 수 증가를 허용해줄 것도 제안했다. 또 보금자리지구에서 민간에 공급하는 택지를 현재 25%에서 40%까지 확대해줄 것과 보금자리지구 내 전용면적 60 85㎡ 이하는 민간이 짓도록 해달라고 요구했다. 한편 이날 열린 국회 해당 상임위원회의 법안심사소위에서는 분양가 상한제 폐지와 리모델링시 가구 수 증가 허용 등을 담은 각각의 주택법 개정안이 별다른 논의도 하지 못한채 후순위로 밀렸다. 임성현 기자 r start 화보 속 훤히 보이는 과감한 시스루룩 김정민 가계빚 위험 카드사태때의 2배 삼성직원들은 지금…친구와 만날때도 유흥업소는 NO 북한 미모의 女승무원 화제 서울대 부모 연봉 3800만원 이하 전액장학금 지급 이다해 미스춘향 시절 모습 눈길…‘10년전에도 귀여웠네’ 포토 늑대의 유혹 무대 가득채운 멋진 출연진 r end ⓒ 매일경제 mk.co.kr 무단전재 및 재배포 금지 MBA도 모바일로 공부한다.,https://news.naver.com/main/read.nhn?mode=LSD&mid=shm&sid1=260&oid=009&aid=0002486115,284
261794,2011.06.16. 오후 5:08,부동산,매일경제,7월 전국 1만7천가구 분양,7월에 전국적으로 1만7000여 가구가 분양될 예정이다. 16일 부동산포털 닥터아파트에 따르면 7월 전국 분양 예정 아파트 주상복합 도시형생활주택 포함 는 총 38곳 1만6855가구로 조사됐다. 수도권은 4957가구 지방은 1만1898가구로 분양계획의 70%가 지방 물량이다. 주목되는 단지로는 보금자리주택지구 서울 서초지구 첫 민간아파트 전농ㆍ답십리뉴타운 내 신규 분양단지 등이다. 지방에서는 경남 김해 율하지구 양산 물금지구 광주 수완지구 등 택지지구 내 물량이 관심이다. 서울에서는 울트라건설이 서초지구 A1블록에 550가구를 분양한다. 보금자리지구 첫 민간 아파트다. 삼성물산은 전농ㆍ답십리뉴타운에 위치한 전농7구역을 재개발해 2397가구 중 486가구를 일반분양할 계획이다. GS건설은 대흥3구역에 558가구 중 191가구를 일반분양할 예정이다. 현대건설은 동작구 동작동 일대 정금마을 재건축을 통해 680가구 중 304가구를 일반분양한다. 수도권에서는 삼성물산이 부천시 중동 일대 조합아파트 548가구를 건설한다. 이 중 518가구가 일반분양될 예정이다. 서해종합건설은 용인시 중동 817가구를 분양할 계획이다. 지방에서는 대방건설이 광주광역시 광산구 수완지구 C13 1ㆍ2블록에 659가구를 분양할 예정이다. 세영종합건설은 수완지구 C4 3블록에서는 536가구를 분양한다. 동원개발은 부산 북구 구포동 일대에서 1071가구를 분양한다. 동문건설과 반도건설은 각각 양산시 물금지구 19블록과 47블록에서 분양을 준비하고 있다. 현대엠코는 충남 당진군 송산면 유곡리 일대에서 855가구 중 530가구를 일반분양한다. 장용승 기자 r start 화보 속 훤히 보이는 과감한 시스루룩 김정민 가계빚 위험 카드사태때의 2배 삼성직원들은 지금…친구와 만날때도 유흥업소는 NO 북한 미모의 女승무원 화제 서울대 부모 연봉 3800만원 이하 전액장학금 지급 이다해 미스춘향 시절 모습 눈길…‘10년전에도 귀여웠네’ 포토 늑대의 유혹 무대 가득채운 멋진 출연진 r end ⓒ 매일경제 mk.co.kr 무단전재 및 재배포 금지 MBA도 모바일로 공부한다.,https://news.naver.com/main/read.nhn?mode=LSD&mid=shm&sid1=260&oid=009&aid=0002486114,284
261795,2011.06.16. 오후 5:05,부동산,매일경제,개포동 이재민에 임대주택 제공,강남구가 지난 12일 화재로 집이 소실된 개포동 이재민을 위해 임대주택을 제공한다. 임대주택은 화재로 집을 잃은 75가구 전체에 제공된다. 강남구는 서울시와 협의해 SH와 LH 보유 임대주택을 우선 확보 이재민에게 제공할 계획이다. 주택 규모는 공급면적 21 64㎡로 가구별 가구원에 따라 제공된다. 임대료는 월 7만5000 15만원으로 최장 10년간 거주할 수 있다. 보증금은 500만 900만원 선이 될 것으로 알려졌다. 가구 배정 입주 일정 등은 추후 협의해 결정된다. r start 화보 속 훤히 보이는 과감한 시스루룩 김정민 가계빚 위험 카드사태때의 2배 삼성직원들은 지금…친구와 만날때도 유흥업소는 NO 북한 미모의 女승무원 화제 서울대 부모 연봉 3800만원 이하 전액장학금 지급 이다해 미스춘향 시절 모습 눈길…‘10년전에도 귀여웠네’ 포토 늑대의 유혹 무대 가득채운 멋진 출연진 r end ⓒ 매일경제 mk.co.kr 무단전재 및 재배포 금지 MBA도 모바일로 공부한다.,https://news.naver.com/main/read.nhn?mode=LSD&mid=shm&sid1=260&oid=009&aid=0002486103,284
261796,2011.06.16. 오후 5:00,부동산,아시아경제,태영건설 영남권 최대 경주 블루원 워터파크 오픈,블루원워터파크 조감도 자료 태영건설 아시아경제 정선은 기자 태영건설 은 경북 경주시 블루원리조트 안에 영남권 최대 규모의 워터파크인 블루원 워터파크 를 18일 개관한다. 블루원 워터파크 는 남태평양의 지상낙원 폴리네시안을 테마로 전체 1만2000평 부지에 실내·외 워터파크로 구성되며 하루 최대 1만 명을 수용한다. 천연 알카리 온천수를 사용해서 성인병 예방 및 피부미용 효과도 누릴 수 있다. 실외에서는 국내 최고 높이 2.6m의 파도풀 스톰웨이브 를 즐길 수 있다. 세계적인 파도풀 제작업체 영국 머피사의 서프웨이브 파도풀로서 총 길이 90m 폭 26.5m로 1450명을 동시에 수용할 수 있는 규모다. 실내 워터파크는 12m 높이에서 100m 구간을 질주하는 2인용 튜브 슬라이드 캐논볼 슬라이드 를 비롯 튜브슬라이드 바디슬라이드 등이 있다. 블루원 워터파크 는 부산 대구 울산 포항에서 1시간 이내의 접근가능하고 KTX 신경주역 개통으로 영남권뿐만 아니라 서울에서 2시간이면 도착할 수 있다. 태영그룹 관계자는 블루원리조트를 국내를 대표하는 최고의 레저 브랜드로 성장시켜 나갈 계획 이라고 말했다. 한편 태영그룹이 경주에 조성한 블루원리조트는 콘도미니엄 골프장 워터파크가 갖춰진 사계절 종합리조트 단지다.,https://news.naver.com/main/read.nhn?mode=LSD&mid=shm&sid1=260&oid=277&aid=0002624298,284
261797,2011.06.16. 오후 4:42,부동산,서울경제,김포 한강신도시 7년만에 첫 입주,김포 한강신도시가 입주자를 맞으면서 이 지역이 경기 서부권의 새로운 주거중심으로 자리잡을 것으로 전망된다. 신도시 내에서는 처음으로 17일부터 입주가 시작되는 우남퍼스트빌. 17일 우남퍼스트빌 스타트 올해만 7 934가구 집들이 김포 한강신도시에서 이달 첫 아파트 입주가 시작된다. 신도시 조성을 시작한 지 7년 만으로 올해만 순차적으로 7 934가구가 입주할 예정이다. 16일 국토해양부에 따르면 김포 한강신도시는 전체 아파트 가구 수가 총 5만800가구에 달하며 연말까지 7 934가구 내년에는 8 921가구가 입주할 예정이다. 신도시 내 첫 입주 테이프는 17일 우남건설의 우남퍼스트빌 1 202가구가 끊는다. 오는 2013년 이후에도 3만3 945가구가 입주할 예정이다. 지난 2004년 8월 수도권 주택난 해소 서북부지역 거점도시 조성을 목적으로 시작된 김포한강신도시 조성사업이 7년여의 사업 끝에 본격적인 입주가 진행되는 셈이다. 입주에 맞춰 한국토지주택공사 LH 와 김포시는 올림픽대로 행주대교에서 한강신도시를 잇는 6차선의 김포한강로를 7월 초부터 임시 개통할 예정이다. 김포한강로는 총 길이 16㎞로 내년 12월 정식 준공될 예정이다. 김포한강로의 임시개통으로 입주민들의 출퇴근 시간이 대폭 짧아지고 김포 지역 발전의 장애로 여겨졌던 교통난 해소에도 기여할 것으로 보인다고 국토부는 밝혔다. 한편 7월에는 광교신도시 첫 입주가 시작되며 판교ㆍ파주 등 6개 신도시에서 연말까지 총 2만4 000여가구의 입주가 순차적으로 진행된다. 지구별 입주물량은 ▦광교 6 349가구 ▦판교 980가구 ▦파주 3 640가구 ▦아산 3 206가구 등이다. 김일환 국토부 신도시개발과장은 차질 없는 입주로 주택시장 안정에 도움이 되도록 하는 한편 신도시 입주민에게 불편이 없도록 기반시설 설치 등을 지속적으로 점검해나갈 계획 이라고 말했다.,https://news.naver.com/main/read.nhn?mode=LSD&mid=shm&sid1=260&oid=011&aid=0002160494,284
261798,2011.06.16. 오후 4:42,부동산,서울경제,지방 분양불패 행진 계속될까,내달 전국 1만6 855가구 공급 작년의 2배 부산·광주·양산 등 지방아파트가 10채중 7채 지방 분양시장의 열기가 뜨겁다. 올 상반기 부산 등을 중심으로 청약을 마감한 단지가 쏟아지면서 각 건설사들이 앞다퉈 물량을 내놓고 있기 때문이다. 특히 6월 들어서도 대형사는 물론 중소 건설사가 내놓는 지방 단지들도 잇따라 높은 청약경쟁률을 기록하면서 당분간 지방 청약 불패 는 계속될 것으로 전망된다. ◇7월 공급 10채 중 7채가 지방 아파트 16일 부동산정보업체 닥터아파트에 따르면 오는 7월 전국에서 전체 38개 단지 1만6 855가구가 공급될 예정이다. 이는 지난해 같은 기간의 8 559가구보다 2배가량 늘어난 수치로 이 중 1만1 898가구가 지방에 몰려 있다. 7월 분양 아파트 10채 중 7채가 수도권 밖에서 청약을 받는 셈이다. 이영진 닥터아파트 소장은 보금자리지구 공급의 영향으로 수도권 분양시장이 침체된 반면 지방 공급물량은 꾸준히 늘어나는 추세 라고 말했다. 동문건설과 반도건설은 경남 양산시 물금지구 19ㆍ47블록에서 각각 분양에 나설 계획이다. 두 곳 모두 전용 85㎡ 이하 중소형으로 구성되며 규모는 19블록 526가구 47블록 648가구다. 현대엠코는 충남 당진군 송산면에서 공급면적 113㎡형 아파트 855가구를 공급한다. 현대제철 직장조합 아파트로 이 중 530가구가 일반분양 물량이다. 송산산업단지의 배후주거지로 중심상업지구와 가까워 각종 편의시설이 잘 갖춰져 있다. 이밖에 대방건설은 광주 수완지구에서 공급면적 112 139㎡형 아파트 659가구를 분양할 예정이며 동원개발은 부산 북구 구포동에서 1 071가구 규모의 아파트를 공급한다. 부산지하철 2ㆍ3호선 환승역인 덕천역이 가깝다. 삼호 역시 경남 김해시 율하지구 9블록에서 999가구 규모의 아파트 공급을 앞두고 있다. ◇계속되는 청약마감 행진 지방 아파트에 대한 수요자들의 청약열기도 좀처럼 식지 않고 있다. 금융결제원에 따르면 지난 15일 전북 전주 하가2지구에서 1순위 청약을 받은 제일 오투그란데 253가구에 1 542명의 청약자가 몰려 평균 6.09대1로 마감했다. 특히 전용 84.1㎡ 주택은 42가구 공급에 487명이 신청해 11.6대1의 최고 경쟁률을 기록했다. 이에 앞서 한화건설이 13일까지 대전 유성구 지족동 노은4지구에서 청약접수를 한 대전 노은 한화꿈에그린 역시 1 885가구의 매머드급 단지임에도 3순위까지 5 120명이 신청해 공급물량 전체가 주인을 찾았다. 이달 초 1순위 청약을 받은 경남 김해 구산 이진캐슬빌 1ㆍ2단지에도 1 010가구 모집에 3 895명이 청약해 단지별로 1가구씩 모집한 전용 220㎡를 제외한 모든 주택이 1순위에서 마감됐다. 103가구를 모집한 전용 84.9㎡B타입에는 무려 1 070명이 1순위에 청약했으며 부산 부산진구 백양산 삼정그린코아 역시 209가구 모집에 3순위까지 1 980명이 몰려 최고 109.4대1의 경쟁률을 보였다. 업계의 한 관계자는 부산ㆍ경남 등 몇몇 지방의 청약열기가 갈수록 뜨거워지고 있다 며 지방 분양물량이 급격히 늘어나는 데 대해 불안감을 드러내는 사람들도 많지만 현재로서는 그런 걱정이 무색할 지경 이라고 말했다.,https://news.naver.com/main/read.nhn?mode=LSD&mid=shm&sid1=260&oid=011&aid=0002160491,284
261799,2011.06.16. 오후 4:40,부동산,한국경제TV,무상급식 갈등 재점화,앵커 한 민간단체가 무상급식 주민투표를 청구하면서 서울시와 서울시의회가 정면 충돌했습니다. 8월 중 이뤄지는 주민투표 결과에 따라 무상급식 논란이 종지부를 찍을 것으로 보입니다. 자세한 내용을 권영훈기자가 보도합니다. 기자 복지포퓰리즘추방 국민운동본부가 무상급식 주민투표를 청구하기 위해 무상급식에 반대하는 서명부를 서울시 민원실에 접수했습니다. 국민운동본부는 주민투표 청구 요건이 서울시 유권자의 5%인 41만8천명이지만 무효 서명을 감안해 2배수인 80만명의 서명을 제출했다고 밝혔습니다. 본부측은 서울시가 행정절차를 거쳐 주민투표를 발의하면 실제 주민투표는 8월 20일 25일쯤 이뤄질 것으로 내다봤습니다. 오세훈 서울시장은 무상급식 주민투표에 대해 즉각 환영의 입장을 내놓았습니다. 인터뷰 오세훈 서울시장 이번 주민투표야 말로 나라의 미래를 권력 쟁취의 하위 개념으로 삼는 정치세력들과의 승부를 가르는 역사적인 주민투표가 될 것 특히 서울시는 유효 서명을 채우고 유권자 3분의 1이 투표에 참여할 경우 주민투표에서 이길 가능성이 높은 것으로 예상했습니다. 한편 민주당 서울시의회는 불법과 탈법이 난무한 주민투표 서명운동이었다 며 주민투표 청구를 강력 반발했습니다. 인터뷰 강희용 민주당 서울시 의원 이번 주민투표가 사실상 오세훈표 주민투표이고 서울시민과 시정을 볼모로 자신의 대권 놀음에 이용되는 주민투표임을 분명히 밝히며 이에 맞서 당당히 나갈 것 서울시의회는 서명부 열람인단을 조직해 서명부를 점검하고 서명 절차를 검증해 주민투표 청구를 무효화한다는 입장입니다. 그동안 무상급식을 놓고 대립각을 세운 서울시와 서울시의회가 이번 주민투표 청구로 새로운 국면을 맞이하게 됐습니다. 만일 서울시의 바램대로 주민투표에서 승리할 경우 무상급식은 전면이 아닌 부분 도입으로 바뀌고 사실상 논란은 마무리될 전망입니다. 클로징 권영훈기자 하지만 주민투표에서 패배할 경우 오세훈 시장의 입지는 더욱 좁아져 차기 대권 행보 에 차질이 불가피할 것으로 보입니다. WOW TV NEWS 권영훈입니다.,https://news.naver.com/main/read.nhn?mode=LSD&mid=shm&sid1=260&oid=215&aid=0000020436,284
261800,2011.06.16. 오후 4:33,부동산,서울경제,분양가상한제 폐지되면 조합원 분담금 최대 16% 감소,재개발ㆍ재건축 아파트의 분양가상한제가 폐지되면 조합원 분담금이 최대 16%까지 줄어든다는 분석이 나왔다. 국토해양부가 한나라당 전여옥 의원의 요청으로 한국주택협회에 의뢰해 관리처분인가 후 일반분양을 앞두고 있는 사업장을 분석한 결과 기존대비 조합원 분담금이 8 16% 가량 줄어드는 것으로 나타났다. 한나라당은 재개발ㆍ재건축 사업장에 한해 분양가상한제를 선별 폐지를 주장하고 있으며 민주당은 상한제 폐지 자체에 반대하고 있다. 시뮬레이션 자료에 따르면 조합원 1인당 1억5 900만원에 달하는 부담금 때문에 재개발사업이 몇 년째 표류중인‘서울 영등포구 A구역’의 경우 분양가상한제가 폐지되면 조합원 420명의 부담금이 2 500만원 15.7% 씩 줄어든다. 다만 일반 분양가는 당초 3.3㎡당 1 700만원에서 1 770만원으로 상승하지만 주변시세 1 800만원 보다는 낮은 수준이다.‘서울 은평구 B구역’도 분양가상한제 폐지시 조합원 부담금이 2억2 061만원에서 2억210만원으로 1 825만원 8.3% 줄어든다. 한편 권도엽 국토부 장관은 이날 오전 서울 임페리얼팰리스 호텔에서 취임 이후 처음으로 건설업계 대표들과 상견례를 겸한 조찬간담회를 갖고 “분양가상한제 폐지를 위해 최대한 노력하겠다”고 말했다. 건설사 대표들도 주택ㆍ부동산 및 건설경기 활성화를 위해 ▦분양가 상한제 폐지 ▦ 재건축 초과이익 환수 부담금 완화 또는 폐지 ▦총부채상환비율 DTI 규제 폐지 ▦다주택자 양도세 비과세 ▦보금자리주택 공급시기 조절 ▦최저가낙찰제 확대 시행 연기 등이 필요하다고 건의했다. 권 장관은 “관계부처 협의 등을 거쳐 정책에 반영하도록 할 것”이라며 “건설경기가 빠른 시일 내 연착륙할 수 있도록 지원하겠다”고 말했다.,https://news.naver.com/main/read.nhn?mode=LSD&mid=shm&sid1=260&oid=011&aid=0002160483,284
261801,2011.06.16. 오후 4:30,부동산,한국경제TV,무상급식 갈등 재점화,앵커 한 민간단체가 무상급식 주민투표를 청구하면서 서울시와 서울시의회가 정면 충돌했습니다. 8월 중 이뤄지는 주민투표 결과에 따라 무상급식 논란이 종지부를 찍을 것으로 보입니다. 자세한 내용을 권영훈기자가 보도합니다. 기자 복지포퓰리즘추방 국민운동본부가 무상급식 주민투표를 청구하기 위해 무상급식에 반대하는 서명부를 서울시 민원실에 접수했습니다. 국민운동본부는 주민투표 청구 요건이 서울시 유권자의 5%인 41만8천명이지만 무효 서명을 감안해 2배수인 80만명의 서명을 제출했다고 밝혔습니다. 본부측은 서울시가 행정절차를 거쳐 주민투표를 발의하면 실제 주민투표는 8월 20일 25일쯤 이뤄질 것으로 내다봤습니다. 오세훈 서울시장은 무상급식 주민투표에 대해 즉각 환영의 입장을 내놓았습니다. 인터뷰 오세훈 서울시장 이번 주민투표야 말로 나라의 미래를 권력 쟁취의 하위 개념으로 삼는 정치세력들과의 승부를 가르는 역사적인 주민투표가 될 것 특히 서울시는 유효 서명을 채우고 유권자 3분의 1이 투표에 참여할 경우 주민투표에서 이길 가능성이 높은 것으로 예상했습니다. 한편 민주당 서울시의회는 불법과 탈법이 난무한 주민투표 서명운동이었다 며 주민투표 청구를 강력 반발했습니다. 인터뷰 강희용 민주당 서울시 의원 이번 주민투표가 사실상 오세훈표 주민투표이고 서울시민과 시정을 볼모로 자신의 대권 놀음에 이용되는 주민투표임을 분명히 밝히며 이에 맞서 당당히 나갈 것 서울시의회는 서명부 열람인단을 조직해 서명부를 점검하고 서명 절차를 검증해 주민투표 청구를 무효화한다는 입장입니다. 그동안 무상급식을 놓고 대립각을 세운 서울시와 서울시의회가 이번 주민투표 청구로 새로운 국면을 맞이하게 됐습니다. 만일 서울시의 바램대로 주민투표에서 승리할 경우 무상급식은 전면이 아닌 부분 도입으로 바뀌고 사실상 논란은 마무리될 전망입니다. 클로징 권영훈기자 하지만 주민투표에서 패배할 경우 오세훈 시장의 입지는 더욱 좁아져 차기 대권 행보 에 차질이 불가피할 것으로 보입니다. WOW TV NEWS 권영훈입니다.,https://news.naver.com/main/read.nhn?mode=LSD&mid=shm&sid1=260&oid=004&aid=0002082539,284
261802,2011.06.16. 오후 4:29,부동산,한국경제TV,동양건설 승부수 채권단과 담판,앵커 서울 내곡동 헌인마을 사업에 새로운 전환점이 마련됐습니다. 어음 만기연장에 개인투자자들이 동의하고 금융약정서 날인을 거부해온 우리강남PFV 대표이사의 직무가 정지됐습니다. 하지만 여전히 동양건설 채권단의 자금지원 여부는 숙제로 남아있습니다. 자세한 내용 신용훈 기자가 취재했습니다. 기자 서울 내곡동 헌인마을 개발사업. 공동 시공사인 삼부토건과 동양건설산업의 자금사정 악화로 지연됐던 사업에 새로운 전환점이 마련됐습니다. 자산유동화기업어음 ABCP 의 만기연장과 금리 인하 방안에 개인투자자들이 동의한 겁니다 전화 인터뷰 우리은행 관계자 ABCP는 동의를 일단은 받았다. 연장은 취급하려고 준비해놨다. 금융약정서에 날인을 거부해왔던 우리강남 PFV의 황석천 대표가 직무 집행정지 가처분을 받으면서 사업지연 요인도 사라졌습니다. 전화 인터뷰 우리은행 관계자 우리강남 PFV 대표에게 법원에서 강제로 대표이사 직무정지 가처분 신청을 내려 대행 변호사를 정해서 싸인하는 것이다. 문제는 동양건설 측입니다. 투자자들은 ABCP 2100억원 중 동양건설산업 몫인 절반에 대해 2년간 만기를 연장해주는 대신 이자를 받기로 했지만 이를 받으려면 동양건설이 법정관리 신청을 철회해야 합니다. 결국 ABCP 투자자입장에선 동양건설이 법정관리에서 빠져나와야 유리한 셈입니다. 또 삼부토건 단독시행역시 쉬운 문제는 아닙니다. 전화 인터뷰 동양건설 관계자 공동시공으로 돼있고 상호보증으로 돼있고 한쪽이 떨어지면 한쪽이 떠안는 게 안 되는 걸로 알고 있거든요. 헌인마을 건은 채권으로 잡히기 때문에... 동양건설산업 장남 최성원씨는 어제 15일 서진원 신한은행장을 만나 법정관리 철회 등을 논의 했습니다. 현재 채권단에서는 동양건설 지원문제를 놓고 협의가 진행 중이라고 밝혔습니다. 이번 주 중 삼부토건이 법정관리 철회 절차를 마치는데 이어 동양건설도 법정관리 철회에 들어 갈 수 있을지 채권단의 결정에 관심이 모이고 있습니다. WOW TV NEWS 신용훈입니다.,https://news.naver.com/main/read.nhn?mode=LSD&mid=shm&sid1=260&oid=004&aid=0002082537,284
261803,2011.06.16. 오후 4:27,부동산,세계일보,넘치는 임대수요 혜택주는 오피스텔 및 도시형생활주택 투자자 몰린다,1억이면 3채 수익형 부동산 비즈트위트 잡아볼까 세계닷컴 서울시 구로구 구로동 신도림역 1·2호선 환승역 과 대림역 2호선 더블 역세권에 위치한 문영비즈트위트 오피스텔 및 도시형생활주택을 선착순 분양중이다. 비즈트위트 는 1인 2인 세대를 겨냥한 초소형 오피스텔과 도시형 생활주택으로 지하3층 지상19층 분양 면적 기준 32.55㎡ 46.37㎡ 총 436세대로 구성됐으며 여타 도시형 생활주택과 차별되는 주민공동시설을 별도로 마련해 입주민 편의시설을 최대한 제공했다. 고급 마감재 사용과 시스템 에어컨 빌트인 시스템 TV 비데를 무상으로 제공하고 세대별 구분등기 각종 세제혜택이 주어진다. 계약금은 10% 중도금 60% 무이자대출 잔금 30%로 입주 시 까지 추가부담 없이 투자가 가능하다. 주택임대사업을 계획하는 투자자는 수도권 3주택만 구입하면 임대사업을 할 수 있어 적은 투자금액으로도 안정적인 수익을 얻을 수 있다. 신도림역과 대림역 구로역 주변은 홈플러스 테크노마트 이마트 애경백화점 등 대형 편의시설이 입점 영업 중이다. 신도림역과 연결되는 약 40만㎡ 규모의 디큐브시티 내 디큐브백화점 쉐라톤호텔 뮤지컬 전용극장 콘서트홀 오피스사무 동 주상복합아파트 등 올해 8월 27일 오픈 예정으로 신도림역을 기준으로 일대 변혁이 예상된다. 또한 목동 이대병원 고대 구로병원 등 대형의료 시설도 인접해 있어 투자에 좋은 조건을 충족하고 있다. 디지털 단지 등 IT 밸리 종사자 약 23만 명과 강남지역 출·퇴근자 사업지 인근 직장인 등 상주인구와 유동인구를 동시에 아우르고 풍부한 임대수요를 바탕으로 공실이 없다는 것이 큰 장점이다. 실투자금은 3000만원대로 전매가 자유롭다. 2012년 12월 입주 예정이다. 신청방법은 선착순 호수지정 신청금 100만원 이며 신청금은 미계약시 전액환불된다. 입급계좌는 우리은행 1005 601 836687이며 예금주는 주 문영종합개발이다. 분양문의 02 2111 6620 ※본 콘텐츠는 기업 제공 자료로 세계닷컴의견과 다를수 있습니다. Segye.com Segye.com 인기뉴스 日 엽기살인사건… 머리 찾아달라 정부 나섰다 재산 29만원 전두환 500만원짜리 항소장 제출 여제자에 변태행위 강요 교장 결국 직위해제 원룸털이 하려고 운동·식이요법까지… 기가 막혀 MB “부패 한계 왔다”… 공직기강 바짝 죈다 ⓒ 세계일보 Segye.com 무단 전재 및 재배포 금지 금융전문뉴스 세계파이낸스 모바일로 만나는 세계닷컴 세계닷컴은 한국온라인신문협회 www.kona.or.kr 의 디지털뉴스이용규칙에 따른 저작권을 행사합니다.,https://news.naver.com/main/read.nhn?mode=LSD&mid=shm&sid1=260&oid=022&aid=0002275959,284
261804,2011.06.16. 오후 4:27,부동산,파이낸셜뉴스,가산디지털단지역 인근 오피스텔 분양,대우건설은 13만여명의 상주 근무인력이 근무하는 가산디지털단지역 인근에서 램킨 푸르지오 시티 오피스텔 조감도 을 분양한다. 서울 금천구 가산동 139 3번지에 위치한 이 오피스텔은 총 270실로 전체 모두 공급면적이 40∼69㎡로 구성됐다. 공급호실은 40.29㎡ 208실 43.15㎡ 52실 65.14㎡ 6실 69.19㎡ 4실이다. 가산디지털 단지가 들어서는 가산동 일대는 최근 5년간 신규 오피스텔 공급이 없어 주거 및 업무 목적의 임대수요가 풍부하다는 게 회사 측의 설명이다. 램킨 푸르지오 시티 는 지하철 1·7호선 환승역인 가산디지털단지역에서 500m 이내에 위치한 더블역세권으로 교통이 편리하다.,https://news.naver.com/main/read.nhn?mode=LSD&mid=shm&sid1=260&oid=014&aid=0002458226,284
261805,2011.06.16. 오후 4:26,부동산,파이낸셜뉴스,한신공영，베트남 13억弗 화력발전 공사 수주,한신공영은 베트남 국영석유기업 페트로베트남 그룹 PVN 이 발주한 꽝짝화력발전소 공사에 참여한다고 16일 밝혔다. 베트남 중부 꽝빈성에 1200㎿ 규모로 지어지는 이 발전소는 한신공영과 PVN건설 자회사 페트로베트남건설 PVC 이 공동으로 짓는다. 설계·조달·시공을 한신공영이 맡는 EPC 방식으로 진행된다. 총 공사비는 18억달러 약 1조9500억원 이며 한신공영은 시공부문 13억달러 1조4000억원 규모다. 한신공영은 PVN PVC와 장기적인 협력관계를 구축하기 위해 PVC의 주식 10% 매입을 추진 중이다. 한신공영은 PVN과의 전략적 제휴관계 등을 통해 앞으로 PVN에서 발주되는 건설 관련 프로젝트의 사업참여 우선권과 시공권을 일부 확보할 것으로 예상하고 있다. winwin fnnews.com오승범기자 사진설명 한신공영과 페트로베트남그룹이 지난 15일 서울 잠실 롯데호텔에서 꽝짝화력발전소 EPC 공사 설계·조달·시공 일괄공사 계약을 했다. 한신공영은 또 이날 신한은행 등과 양해각서 MOU 도 함께 체결했다. 정영택 한신공영 부사장 왼쪽 세번째 응우옌 슈암 송 PVN 부사장 왼쪽 네번째 등 관계자들이 MOU 체결 후 기념촬영을 하고 있다.,https://news.naver.com/main/read.nhn?mode=LSD&mid=shm&sid1=260&oid=014&aid=0002458225,284
261806,2011.06.16. 오후 4:26,부동산,파이낸셜뉴스,갈현동에 3934가구 아파트 단지,서울 은평구 갈현동 은평뉴타운 인근에 3900여가구의 대규모 아파트 단지가 들어선다. 서울시는 지난 15일 도시계획위원회를 열어 갈현동 300번지 일대 23만7629㎡에 아파트 3934가구를 짓는 내용의 갈현제1주택재개발 정비구역 지정 계획안 을 통과시켰다고 16일 밝혔다. 전체 3954가구 가운데 전용면적 85㎡ 이하가 3544가구 85㎡ 초과는 390가구로 대부분 중소형 아파트로 구성됐다. 임대주택은 총 670가구가 들어서는데 40㎡ 이하 311가구 40㎡ 초과∼50㎡ 이하 275가구 50㎡ 초과∼60㎡ 이하 84가구 등이다. 용적률은 224.90%가 적용되며 최고 21층으로 건립된다. 단지 내에는 1만1658㎡ 규모의 녹지와 2653㎡ 규모의 공원 공공문화체육시설 초등학교 등이 조성된다. 은평뉴타운 입구에서 가까운 사업지 주변에는 신도고등학교 천일아파트 건영아파트 등이 있다. 위원회는 또 성북구 보문동6가 207번지 보문제3주택재개발 정비구역 변경지정안 도 가결했다. 이에 따라 보문3구역은 용적률이 220%에서 236%로 완화되면서 기존보다 99가구 늘어난 1028가구가 공급될 예정이다. 전용면적별로는 60㎡ 이하 387가구 60㎡ 초과∼85㎡ 이하 515가구 85㎡ 초과 126가구 등이다. 이와 함께 은평구 신사동 19 190번지 일대 재건축 정비구역 1만7747㎡ 의 법적 상한용적률을 기존 221%에서 245%로 완화하는 안건도 통과됐다. 신사동고개삼거리 근처에 위치한 이 구역에는 용적률이 완화되는 대신 전용면적 60㎡ 이하 소형주택 25가구를 짓는 등 전체 건립가구 수가 종전 317가구에서 337가구로 늘어난다.,https://news.naver.com/main/read.nhn?mode=LSD&mid=shm&sid1=260&oid=014&aid=0002458224,284
261807,2011.06.16. 오후 4:25,부동산,파이낸셜뉴스,김포한강신도시 7년만의 ‘집들이’,김포 한강신도시 조성 7년 만에 아파트 입주가 시작된다. 국토해양부는 김포 한강신도시에서 17일부터 우남퍼스트빌 아파트 1202가구가 입주한다고 16일 밝혔다. 김포 한강신도시는 수도권 주택난을 해소하기 위해 지난 2004년 8월 택지개발예정지구로 지정됐으며 아파트 5만800가구를 조성한다. 이달 우남건설을 시작으로 올해 말까지 7934가구가 입주 예정이며 2012년 8921가구가 준공될 예정이다. 나머지 3만3945가구는 2013년 이후 순차적으로 입주한다. 한국토지주택공사 LH 와 김포시는 아파트 입주를 계기로 올림픽대로 행주대교에서 한강신도시를 잇는 6차로 김포한강로를 다음 달 초부터 임시 개통할 예정이다. 이로써 자동차로 한강신도시에서 여의도까지 50분 걸리던 게 30분 이내로 단축될 전망이다. 한편 7월에는 광교신도시에서 아파트 입주가 시작되고 판교 파주 등 6개 신도시에서 연말까지 2만4000여가구의 입주가 진행된다.,https://news.naver.com/main/read.nhn?mode=LSD&mid=shm&sid1=260&oid=014&aid=0002458223,284
261808,2011.06.16. 오후 4:25,부동산,파이낸셜뉴스,“공동 택지개발，민간업자 이윤 6%로 제한”,국토해양부는 공공과 민간 사업자가 공동으로 벌이는 택지개발사업에서 민간 사업자의 이윤율을 최고 6%로 제한하는 내용을 담은 택지개발촉진법 시행령 및 시행규칙 개정안을 17일 입법예고한다고 16일 밝혔다. 개정안에 따르면 한국토지주택공사 LH 등 공공 시행자와 함께 공동택지개발사업에 참여하는 민간 사업자는 반드시 공모에 의한 경쟁방식을 거쳐 뽑아야 하며 민간사업자의 이윤은 총 사업비의 6% 이내로 제한된다. 개정안은 또 사업추진 과정에서 공공·민간 사업자 간 마찰을 예방하기 위해 양측의 역할 분담 사업비 조달계획 사업계획 변경 조성토지 공급 및 처분 기반시설 설치와 비용 부담 등의 주요 사항에 관한 협약을 미리 체결하도록 규정했다. 공공 시행자가 민간 사업자와 공동으로 조성한 주택건설용지 중 민간투자 지분비율 범위에서 용지를 주택건설사업에 활용할 수 있도록 해당 사업자에게 우선 공급하는 방안도 개정안에 포함됐다. 국토부 관계자는 공모 방식으로 민간 사업자를 선정해 경쟁을 통한 택지조성원가 인하를 유도하고 이윤율을 미리 제한해 공동택지개발사업으로 발생한 이익이 민간 사업자 측에 과도하게 넘어가는 것을 방지하려는 게 목적 이라고 설명했다.,https://news.naver.com/main/read.nhn?mode=LSD&mid=shm&sid1=260&oid=014&aid=0002458222,284
261809,2011.06.16. 오후 4:24,부동산,파이낸셜뉴스,7월 휴가철 분양경쟁 ‘후끈’,신규 분양시장이 비수기로 접어드는 7월에도 전국에 38개 단지에서 1만8235가구가 분양된다. 이는 지난해 같은 기간 분양물량이 27개 단지 8559가구였음을 고려하면 두배가 넘는 것이어서 휴가철에도 분양시장이 후끈 달아오를 전망이다. 특히 서울 수도권에서만 14개 단지 8993가구가 분양되는 데다 현대건설 삼성물산 GS건설 등 대형건설사들이 대거 참여할 예정이어서 주목된다. 이에 따라 신규청약을 통해 내집마련을 준비 중인 예비청약자라면 다음 달 분양되는 단지에 관심을 가져볼 만하다고 전문가들은 조언하고 있다. 서울 보금자리지구 민간 주택 등 관심 16일 부동산업계 및 닥터아파트에 따르면 서울에서는 현대건설이 동작구 동작동에서 정금마을을 재건축한 이수힐스테이트를 내놓는다. 지하 2층 지상 8∼15층 15개 동에 전용면적 59∼147㎡ 680가구로 구성됐다. 이 중 304가구가 일반분양된다. 지하철4호선 총신대입구역 7호선 이수역이 가까워 교통이 편리하다. GS건설은 마포구 대흥동 대흥3구역에서 마포 자이2차를 분양한다. 서강대와 마주보고 있으며 10개의 초·중·고교가 밀집돼 있어 교육환경이 좋다. 울트라건설이 서초구 우면동 보금자리주택지구에서 분양하는 서초참누리에코리치도 주목할 만하다. 보금자리지구에서 나오는 첫 민간아파트로 주변보다 분양가가 저렴할 것으로 예상된다. 총 550가구로 분양면적은 정해지지 않았다. 경기 부천에서 대형브랜드 격돌 경기지역에서는 삼성물산 건설부문이 부천시 중동에서 래미안 부천중동을 분양한다. 지하 2층 지상 7∼20층 10개동에 전용면적 84㎡ 단일형 548가구로 구성됐다. 이 중 518가구가 일반분양된다. 분양가상한제가 적용돼 주변 시세보다 저렴할 것으로 예상된다. 부천시 약대동에서는 현대산업개발이 1613가구에 달하는 약대 아이파크를 내놓는다. 지하 2층∼지상 25층 23개 동에 전용면적 59∼176㎡로 이뤄졌으며 이 중 425가구를 일반분양한다. 삼성물산과 풍림산업이 인천 부평동에서 분양하는 1381가구의 대단지도 관심을 가질 만하다. 부평5구역을 재개발한 것으로 전용면적 59∼114㎡로 구성됐으며 이 중 868가구를 일반분양한다. 지방에서는 쌍용건설이 대구 침산동에서 분양하는 쌍용예를 분양한다. 94∼132㎡ 662가구로 구성됐다. 동원개발은 부산 구포동에서 97∼130㎡ 1071가구를 분양한다.,https://news.naver.com/main/read.nhn?mode=LSD&mid=shm&sid1=260&oid=014&aid=0002458221,284
261810,2011.06.16. 오후 4:24,부동산,파이낸셜뉴스,권도엽 국토부 장관 “분양가 상한제 폐지 건설경기 연착륙 주력”,권도엽 국토해양부 장관은 16일 분양가상한제 폐지와 보금자리주택 민간참여 확대 등을 통해 건설산업 활성화에 매진하겠다고 밝혔다. 권 장관은 이날 서울 논현동 임피리얼팰리스 호텔에서 열린 국토부와 건설업계 간담회에서 국회에 제출돼 있는 분양가상한제 보금자리주택 민간참여 확대를 위한 법률안이 국회에 제출돼 있다.법안이 처리되도록 최대한 노력하겠다 고 말했다. 권 장관은 분양가상한제는 현재 시장에서 각종 부작용이 많아 폐지가 바람직하다고 본다 고 설명했다. 권 장관은 해외건설은 상황이 나은 편이지만 내수 시장은 어렵다 면서 투자와 수주 모두 어렵고 전체적으로 정부의 사회간접자본 SOC 투자 비중이 늘어나는 것이 어렵다 고 강조했다. 그는 다만 건설사들이 해외 건설과 민자사업 활성화를 통해 활로를 모색할 수 있도록 지원할 것 이라고 말해 건설경기 연착륙을 위해 노력하겠다는 뜻을 나타냈다. 이날 간담회에 참석한 건설업계 대표들은 주택·부동산 및 건설경기 활성화를 위해 다양한 의견을 내놨다. 건설업계는 분양가상한제 폐지 재건축 초과이익환수부담금 완화 또는 폐지 총부채상환비율 DTI 규제 폐지 등을 건의했다. 또 다주택자 매입임대사업자 가 거주·보유하는 1주택에 대해 양도세를 비과세해 줄 것과 노후 공동주택의 리모델링 시 증축방법을 다양화해 주면서 가구수 증가를 허용해줄 것도 제안했다. 아울러 보금자리주택 150만가구 공급계획을 탄력적으로 운영하고 민간에게 공급하는 택지 현행 25% 를 40%까지 확대하며 보금자리지구 내 전용면적 60∼85㎡ 이하는 민간이 짓도록 해달라고 요청했다. 한편 이날 간담회에는 최삼규 대한건설협회장 김종인 한국주택협회장 겸 대림산업 부회장 김충재 대한주택건설협회장 등 각 건설 관련 단체장과 현대건설 GS건설 대우건설 포스코건설 SK건설 롯데건설 등 17개 건설업체 대표가 참석했다. jjack3 fnnews.com조창원기자 사진설명 권도엽 국토해양부 장관이 16일 오전 서울 논현동 임피리얼팰리스 호텔 6층 메라크룸에서 건설업계 대표들과 조찬 간담회를 하고 정부 입장을 설명하고 있다.,https://news.naver.com/main/read.nhn?mode=LSD&mid=shm&sid1=260&oid=014&aid=0002458220,284
261811,2011.06.16. 오후 4:22,부동산,파이낸셜뉴스,조망권·편의시설..아파트형 공장의 진화,일명 아파트형 공장 으로 불리는 지식산업센터가 진화하고 있다. 가격과 입지에다 조망권 편의시설 등을 대폭 보강해 청약에 나서고 있다. 16일 건설업계에 따르면 아파트형 공장들이 저렴한 가격과 입지로 승부를 걸었던 기존 마케팅 방식에서 탈피해 조망권과 편의시설을 앞세워 분양몰이에 나섰다. 대형건설사까지 서울·수도권 일대 아파트형 공장 시장에 뛰어들어 공급과잉에 따른 미분양 우려가 커지면서 수요자를 끌어들이기 위한 차별화 전략을 펼치는 것이다. 조망권 프리미엄으로 승부 아파트형 공장이 최근 들어 바다 강 숲 등을 내려다볼 수 있는 조망권을 극대화한 지역에 속속 등장하고 있다. 아파트처럼 조망권 프리미엄으로 시장에 뛰어든 것이다. STX건설이 서울 구로구 구로동에 시공하는 STX W 타워 는 서울 서남권 르네상스의 중심지이면서 안양천 바로 옆에 위치해 조망은 물론 친환경 프리미엄을 동시에 확보했다. 지하 4층∼지상 17층 규모이며 아파트형 공장 최초로 모든 호실에 천장형 시스템에어컨도 제공한다. 컬러 복층유리와 외벽을 커튼월 방식으로 처리해 단열·방음도 뛰어나며 친환경 시공 마감재 개별 환기시스템 등 에너지 효율성을 높인 건물로 세워진다. 서울 성동구 서울숲 인근에 위치한 한라건설의 서울숲 한라 에코밸리 도 분양 중이다. 지하 4층∼지상 13층 규모로 서울숲과 한강 주변의 수려한 조망이 입주자의 업무능률을 높여줄 수 있다는 점을 강조하고 있다. 건물 외관에 녹화패널을 설치하고 층별 쌈지공원과 옥상공원 등 건물 외부를 녹색으로 특화설계해 칙칙한 아파트형 공장 이미지를 탈피했다. 코오롱건설은 서울 양평동 지하철 9호선 선유도역 인근에 선유도 코오롱 디지털타워 를 공급한다. 지하 5층∼지상 14층 규모로 사업지에서 한강둔치 및 선유도공원까지 5분이면 닿을 수 있다. 한강 조망권을 살려 고객 접견실을 별도로 마련하는 한편 곳곳에 전용테라스와 옥상정원을 꾸며 입주업체들의 휴게공간으로 활용토록 했다. 대우건설이 송도국제도시에 조성하고 있는 송도 스마트밸리 는 바다 조망권을 확보한 아파트형 공장으로 눈길을 끌고 있다. 전실을 남향으로 배치해 빼어난 바다 조망권을 확보할 수 있도록 했으며 건물 외벽에는 커튼월 방식 복층유리와 세라믹패널 등의 마감재를 사용했다. 편의시설·IT 접목 명품 공간 최근 공급되는 아파트형 공장은 첨단 유비쿼터스 시스템과 다양한 편의시설도 대폭 갖춰 눈길을 끌고 있다. 현대건설은 서울 독산동 코카콜라 부지에 현대지식산업센터 를 분양 중이다. 현대지식산업센터는 지상 26층 2개동의 대형 빌딩으로 첨단 유비쿼터스 시스템이 적용되는 것이 특징이다. 다양한 지원시설과 생활편의시설을 갖출 예정이며 주차위치정보전송 폐쇄회로 CC TV 등 첨단 인텔리전트 시스템도 구축한다. 또 태양광 빗물 등 친환경 에너지를 적용해 관리비도 절감할 수 있도록 했다. 한화건설이 서울 가양동에 선보이는 강서 한화비즈메트로 는 다양한 편의시설로 차별화를 시도했다. 휴식을 위한 옥상정원과 자전거로 출퇴근하는 직원의 편의를 위한 샤워실과 자전거보관소 공용회의실 등을 갖출 계획이다. STX건설 관계자는 최근 아파트형 공장 시장도 경쟁이 치열해지면서 친환경 스마트 랜드마크 오피스빌딩을 강조한 사례가 속속 등장하고 있다 면서 이제는 조망권이나 각종 편의시설 유무가 아파트형 공장의 분양 성공을 위한 요건으로 주목받고 있다 고 말했다.,https://news.naver.com/main/read.nhn?mode=LSD&mid=shm&sid1=260&oid=014&aid=0002458219,284
261812,2011.06.16. 오후 4:13,부동산,연합뉴스,상한제 폐지시 조합원 분담금 816% 감소,국토부 서울 재개발 사업장 사례 분석 서울 연합뉴스 서미숙 기자 재개발ㆍ재건축 아파트의 분양가 상한제가 폐지되면 조합원 분담금이 얼마나 줄어들까. 국토해양부가 한국주택협회에 의뢰해 관리처분인가 후 일반분양을 앞두고 있는 재개발 사업장을 대상으로 분석한 자료를 보면 해당 사례의 경우 종전대비 조합원 분담금이 8 16%가량 줄어드는 것으로 나타났다. 조합원 178명의 서울 은평구 재개발 사업의 경우를 보자. 이 아파트는 총 350가구를 짓고 임대아파트를 제외한 110가구를 일반분양할 예정이다. 만약 이 현장에 상한제를 적용하면 일반 분양가를 3.3㎡당 1천150만원으로 책정해야 하지만 상한제가 폐지되면 주변 시세 1천240만원 와 비슷한 1천230만원까지 80만원 높일 수 있다. 이 경우 조합의 총 분양수입이 종전 1천235억원에서 1천268억원으로 33억3천여만원 증가한다. 이에 따라 조합원 1인당 총 부담금은 분양가 상한제 적용시 2억2천100만원을 납부해야 하지만 상한제 폐지 후에는 2억200만원으로 1천800만원 8.4% 감소했다. 같은 방식으로 조합원 420명의 서울 영등포구 재개발 사업은 총 836가구를 지어 임대아파트 142가구를 뺀 274가구를 일반분양할 경우 상한제 적용시 조합원 부담금이 1억5천900만원에서 상한제 폐지후에는 1억3천400만원으로 2천500만원 16% 줄었다. 국토부는 현재 민간택지 분양가 상한제 폐지를 추진중이며 여의치 않을 경우 강남 3개구를 제외하거나 재개발ㆍ재건축에 한정해서 상한제를 폐지해줄 것을 요구하고 있다. 국토부의 한 관계자는 민간택지 상한제 폐지가 어렵다면 재개발ㆍ재건축에 한해서라도 상한제를 풀어줘야 한다는 게 국토부 입장 이라며 상한제가 폐지되면 재개발ㆍ재건축 사업 활성화는 물론 주택공급 확대에도 기여할 것 이라고 말했다.,https://news.naver.com/main/read.nhn?mode=LSD&mid=shm&sid1=260&oid=001&aid=0005116751,284
261813,2011.06.16. 오후 4:12,부동산,이데일리,최삼규 건설협회장 준공후 미분양에 10조 묶여있다,이데일리 박철응 기자 최삼규 대한건설협회장은 16일 준공 후 미분양 주택이 4만가구로 1998년 외환위기 대비 2배 수준이고 10조원의 자금이 묶여 있다 면서 주택시장 정상화 대책을 촉구했다.,https://news.naver.com/main/read.nhn?mode=LSD&mid=shm&sid1=260&oid=018&aid=0002453554,284
261814,2011.06.16. 오후 4:06,부동산,뉴시스,LG하우시스 옥수수 소재 자재 아토피 개선 효과 입증,청주 뉴시스 이성기 기자 국내 최대 건축장식자재기업인 LG하우시스 대표 한명호 는 자사가 옥수수로 만든 지아 zea 시리즈의 아토피 질환 개선 효과가 입증됐다고 16일 밝혔다. LH공사와 분당 서울대병원이 공동으로 친환경 바닥재와 벽지가 아토피질환 등에 미치는 영향을 연구한 청정주택 적용성 조사 에 실험에서 지아마루 와 지아벽지 를 시공한 결과 유해물질 발생량을 줄이고 아토피를 개선하는 등 천연 소재의 친환경 효과가 입증됐다고 LG하우시스는 설명했다. 지아마루는 2010년 출시된 세계 최초 옥수수 주원료의 천연소재마루로 옥수수에서 추출한 100% 식물성 원료인 PLA를 비롯해 구연산 황토 목분 등 10여 가지 천연재료로 만들어졌다. 지아벽지는 옥수수 원료에 공기를 살리는 기능을 더한 신개념 벽지로 옥수수를 기본으로 한 식물성 소재와 천연 종이로 구성됐다. LG하우시스 장식재사업부장 배동호 상무는 이번 조사는 친환경 바닥재와 벽지로의 교체가 아토피 개선에 효과적이라는 것을 증명한 국내 최초의 임상실험으로 옥수수 등 친환경소재 사용이 피부자극을 줄여 새집증후군의 위험에서 어느 정도 벗어날 수 있다는 것을 입증한 사례 라고 했다. 또 LG하우시스의 지아마루와 지아벽지가 아토피피부염과 소양증이 호전되는 실질적인 친환경 효과를 검증한만큼 향후 환경성 질환과 실내 공기질에 민감한 주부와 건설사들의 입소문을 타고 매출이 크게 늘 것으로 기대한다 고 했다. 한편 LH공사는 이번 조사를 계기로 올해 9월 분양 예정인 인천 서창지구를 시범지구로 정하고 입주 예정자들이 직접 친환경 벽지와 바닥재를 선택할 기회를 줄 계획인 것으로 알려졌다.,https://news.naver.com/main/read.nhn?mode=LSD&mid=shm&sid1=260&oid=003&aid=0003913914,284
261815,2011.06.16. 오후 4:04,부동산,한국경제TV,강남구 재건마을 이재민 임대주택 제공,최근 불의의 화재로 삶의 터전을 잃은 서울 개포동 재건마을 이재민들이 임대주택에 입주하게 됐습니다. 강남구는 서울시에 요청해 확보한 SH공사와 LH공사 소유의 시내 임대주택을 재건마을 이재민 모두에게 제공한다고 밝혔습니다. 이번에 마련한 임대주택은 전용면적 21 64㎡ 규모로 세대별 가구권 수에 따라 다양하게 지원되며 월 임대료 7만5천 15만원에 최대 10년까지 거주할 수 있습니다.,https://news.naver.com/main/read.nhn?mode=LSD&mid=shm&sid1=260&oid=004&aid=0002082509,284
261816,2011.06.16. 오후 3:44,부동산,연합뉴스,권익위 26년 묵은 통학로 보상 민원 해결,광주 연합뉴스 손상원 기자 사유지인데도 26년이나 초등학교 통학로로 무단 사용되면서 생긴 토지보상 민원이 해결됐다. 국민권익위원회는 16일 광주 동구 운림동 학운초등학교에서 현장회의를 열어 이 학교 통학로에 무단 편입된 개인 토지 45㎡에 대한 보상 합의를 끌어냈다. 이번 합의로 토지 소유자는 늦어도 내년까지 광주시교육청으로부터 토지 매입대금을 받을 수 있게 됐다. 1974년 개교한 학운초교는 1984년 후문이 생긴 뒤 지금까지 민원인의 토지 일부를 통학로로 무단 사용했다. 2006년에는 이곳에 아스팔트 포장까지 되면서 재산권을 제한받자 민원인은 권익위에 민원을 제기했다. 현장회의에 참석한 김대식 권익위 부위원장은 수십년 묵은 장기 민원이 관계 기관의 적극적인 협조로 원만히 해결돼 뜻깊게 생각한다 고 말했다.,https://news.naver.com/main/read.nhn?mode=LSD&mid=shm&sid1=260&oid=001&aid=0005116561,284
261817,2011.06.16. 오후 3:41,부동산,매일경제,수영장 딸린 별장이 단돈 2600만원,아시아 최초의 슬로시티인 전남 신안군 증도의 엘도라도 리조트가 여름 특별 분양을 실시한다. 이번 분양을 통해 단돈 2600만원으로 수영장이 딸린 별장을 장만할 기회를 잡을 수 있다. 신안 증도는 아시아에서 최초로 슬로시티로 지정된 섬으로 천혜의 경관을 자랑한다. 슬로시티의 창시자인 파울로 사투르니니가 신이 키스한 곳 이라고 극찬한 바 있으며 고운 모래해변과 전통이 살아 숨쉬는 천일염전 잘 보존된 해송숲 건강의 보고 천연갯벌 등이 어우러져 시간조차도 잠시 쉬어간다는 평을 받고 있다. 이곳 증도 우전해수욕장변에 들어선 엘도라도는 완벽한 자연환경을 바탕으로 도시 생활에 지친 몸과 마음을 달래는 휴식처로 지형지세에 따라 건물을 분산배치해 개인생활이 완벽하게 보장되는 별장 형태의 친환경 리조트다. 세계 유수의 리조트에 견줘도 손색이 없는 인테리어를 갖추고 있으며 외국 유명 휴양지에서나 볼 수 있는 월풀이 전 객실에 설치돼 있다. 모든 객실에서 서해바다를 조망할 수 있고 넓은 베란더에서 가족이 함께 아름다운 낙조를 바라보며 파티를 즐길 수 있다. 내부 온천사우나 한증막 마사지 등 스파 시설도 구비돼 있다. 특히 70℃ 이상의 해수에 갯벌에서 자라는 함초수를 혼합한 해수찜이 인기다.함초 해수찜은 체내의 해로운 독소를 제거해줘 여성들의 인기를 한 몸에 받고 있다. 여름 휴가철을 앞두고 실시되는 특별 분양은 실속형 스위트형 28평대 별장이 2585만원대에 제공된다. 골프를 즐기는 사람들을 위해 전라도 지역 10개 골프장의 멤버십이 포함된 2962만원 상품도 마련돼 있다. 숙박이 잦은 사람들은 일반형인 3878만원 상품을 이용할 수 있다. 모두 부가세가 포함된 가격이다. 엘도라도측은 일시불 가입시 할인혜택과 함께 계약즉시 소유권을 등기할 수 있어 법적재산권을 보장받는다고 밝혔다. 또 개인분양가로 법인업체도 분양을 받을 수 있으며 부가세도 환급받을 수 있어 실제로는 10% 저렴한 가격으로 분양받는 것과 같은 효과를 얻을 수 있어 법인에게 절호의 기회라고 밝혔다. 분양 문의는 전화 02 3288 6000 를 통해 가능하다. 김용영 기자 r start 화보 속 훤히 보이는 과감한 시스루룩 김정민 가계빚 위험 카드사태때의 2배 삼성직원들은 지금…친구와 만날때도 유흥업소는 NO 북한 미모의 女승무원 화제 서울대 부모 연봉 3800만원 이하 전액장학금 지급 이다해 미스춘향 시절 모습 눈길…‘10년전에도 귀여웠네’ 포토 늑대의 유혹 무대 가득채운 멋진 출연진 r end ⓒ 매일경제 mk.co.kr 무단전재 및 재배포 금지 MBA도 모바일로 공부한다.,https://news.naver.com/main/read.nhn?mode=LSD&mid=shm&sid1=260&oid=009&aid=0002486036,284
261818,2011.06.16. 오후 3:17,부동산,아시아경제,최삼규 건협회장 최저가 낙찰제는 지역경제 위협 요인,아시아경제 박충훈 기자 침체된 주택시장을 정상화시키는 게 우리 건설협회가 해결할 최우선 과제다. 올해 건설의 날 을 하루 앞둔 16일 최삼규 사진 대한건설단체총연합회 건단련 회장은 올해 초 대한건설협회 회장 취임 이후 접한 건설업계의 어려움은 생각한 것보다 훨씬 심각한 상태 라고 말했다. 최 회장은 주택시장 정상화를 위한 해법으로 시급히 분양가 상한제를 폐지하고 총부채상환비율 DTI 과 담보가치인정비율 LTV 등 주택금융 규제를 완화해 주택 거래를 활성화시키는 게 급선무라고 강조했다. 그는 올 4월 기준 준공후 미분양 주택이 4만호로 지난 1998년 외환위기 때보다 2배 수준인 약 10조원의 자금이 묶여 있다 며 미분양 주택 장기 적체가 건설사들의 심각한 유동성 위기를 불러오고 있다 고 토로했다. 최 회장은 건설업계의 제살깎기 경쟁을 불러오는 최저가 낙찰제에 대해 결코 바람직하지 않다 는 입장을 보였다. 물량 확보를 위한 덤핑 입찰은 물론이고 저임금 미숙련 노동자를 고용하거나 부실자재를 사용해 나중에 수리 예산이 더 들 수 있다는 것이다. 특히 그는 100억 300억원의 공사는 지역 중소건설 업체가 주로 수주하고 있는데 최저가낙찰제로 인해 하도급ㆍ자재ㆍ장비업 등 연관업계의 생존권을 위협하고 지역경제를 위축시킨다고 주장했다. 최 회장은 이어 건설 투자 부진에 따른 공사물량 부족이 업체간 경쟁을 부추기고 수익성은 악화시키고 있다 며 장기적인 하락세가 예상되는 건설시장에 새 바람을 몰고올 신성장 동력이 절실하다 고 강조했다. 지난 3월 제25대 대한건설협회 회장으로 취임한 그는 경기 화성 출신으로 용산고와 중앙대 약학과를 졸업하고 1971년부터 이화공영 대표이사를 역임하고 있다.,https://news.naver.com/main/read.nhn?mode=LSD&mid=shm&sid1=260&oid=277&aid=0002624217,284
261819,2011.06.16. 오후 3:16,부동산,아시아경제,상생 경영 속도 내는 건설업계,아시아경제 조철현 기자 대형 건설사와 중소 건설업체 간 상생을 위한 동반성장 행보가 빨라지고 있다. 건설 경기 침체를 극복하기 위해선 협력사와의 상생협력 강화에 따른 시너지 효과가 중요한 열쇠가 될 수 있다는 인식이 확산되고 있기 때문이다. 여기에 이명박 정부가 최근 대기업과 중소기업의 상생을 적극 독려하고 있는 것도 영향을 미쳤다는 분석이다. 동반 성장 경영도 진화를 거듭하고 있다. 과거처럼 대기업이 중소 협력업체에 일방적으로 도움을 주는 차원이 아니라 생산성을 높이고 시장을 창출해 이익을 공유하거나 신시장을 개척해 결실을 나누는 등 윈 윈 관계로 발돋움하고 있는 것이다. 대한건설협회 한창환 정책본부장은 대·소기업 간의 상생은 더이상 대기업의 윤리경영 차원의 문제가 아닌 기업의 미래 경쟁력 확보가 걸린 생존의 문제 라며 건설경기 침체를 극복하고 업체 경쟁력을 강화하기 위한 업계간 상상 협력 관계 구축 작업도 속도를 내고 있다 고 말했다. 현대건설은 600억원 규모의 상생협력 펀드를 조성해 자금조달에 어려움을 겪고 있는 협력업체에 시중금리보다 낮은 저리로 자금을 빌려주고 있다. 또 협력사 대금 지급 기일도 매월 20일에서 13일로 7일 단축했다. 대우건설도 400억원 규모의 상생펀드를 조성해 협력업체에 자금 지원에 나서고 있다. 대우건설 관계자는 대금 지급 100% 현금성 결제 현금 지급비율 확대 협력회사 경영자문 및 임직원 교육지원 등 협력회사와의 동반 성장에 지속적인 노력을 기울일 계획 이라고 말했다. GS건설은 협력업체에 대한 단순 지원에서 벗어나 실질적이고 지속적인 동반 성장 체계를 구축해 나간다는 계획이다. 이를 위해 경영 및 금융지원 체제 강화 공사 수행력 강화 지원 구조적 시공문화 체질 개선을 통한 생산성 향상 등을 추진 중이다. 교육 프로그램 지원 활동도 활발하다. 롯데건설은 지속적이고 중장기적인 협력사 지원 및 육성을 위해 우수 협력사 CEO 해외연수와 임직원들을 대상으로 한 온·오프라인 교육을 운영 중이다. 아울러 이 회사는 공기 단축 및 원가 절감에 기여한 성과에 대해 현금 인센티브를 제공하는 성과공유제도 시행하고 있다. 나눔의 철학 을 실천하는 업체들도 적지 않다. 한화건설은 협력사에 신기술에 대한 정보를 공유하는 등 기술 상생에 주력하고 있다. 이 회사 관계자는 협력사와 특허를 공동 소유하고 신기술도 함께 개발하는 경우가 많다 며 앞으로도 기술 등 실력을 근거 우수 협력사를 선별할 계획 이라고 말했다. 우수 협력사에 입찰과 공사참여 기회를 최대한 배려 경쟁력을 강화하겠다는 의지다. 현대산업개발은 협력사와 그린파트너십을 맺는 등 녹색 상생 경영체계 구축에 박차를 가하고 있다. 녹색 전문가 육성 교육을 실시하는 등 녹색경영 노하우를 협력사와 공유하며 녹색경영 시스템 전반에 대한 역량을 높여가고 있는 것이다. 대형 업체의 상생 경영 강화에도 불구하고 하청업체들의 체감 만족도는 아직까지 낮은 편이다. 어음결제 등 거래 관행이 구태를 벗어나지 못한 경우가 적지 않고 낮은 공사비에 이런 저런 부담까지 떠안는 하도급업체들도 크게 줄어들지 않았다는 게 업계의 설명이다. 김선덕 건설산업전략연구소장은 상생협력에서 발주자 대형업체 역할이 중요한 만큼 발주처와 원청 하청업체가 공동의 목적의식을 갖고 리스크를 분담한다는 수평적 관계를 정립하는 것이 무엇보다 중요하다 고 말했다.,https://news.naver.com/main/read.nhn?mode=LSD&mid=shm&sid1=260&oid=277&aid=0002624215,284
261820,2011.06.16. 오후 3:14,부동산,아시아경제,권국토 건설업계 간담회는 원론적 내용만 되풀이,아시아경제 진희정 기자 권도엽 신임 국토해양부장관과 건설업계 대표들과의 만남으로 관심을 모았던 이번 간담회는 별 다른 결과물 없이 끝났다. 역시 소문난 잔치에 먹을 것이 없었다. 그동안 업계의 지속된 요구사안에 대한 시원스런 답이나 민생안정에 대한 구체적인 언급 등 알맹이 가 빠진 자리였다. 물론 간담회 이후 회장을 나서는 국토부 관계자와 건설업계 대표들은 환한 미소를 지으며 이날의 회동에 대해 의미를 부여했다. 업계관계자는 “역시 주택전문가답게 밀도와 수준이 다르다”며 “논리적으로 설득할 수 있다면 업계가 요구하는 법안 처리를 추진력 있게 밀어나갈 것 같다”고 말해 권장관에 대한 기대감을 내비쳤다. 권장관에 대한 업계의 기대감은 내정자의 인사 청문 발언부터다. 분양가상한제 폐지 다주택자에 대한 규제 완화 보금자리주택 관련 민간의 사업 참여 확대 등을 통해 시장 활로의 계기를 마련하겠다는 의지를 보여주기 충분했다. 이에 16일 취임 이후 첫 공식 자리인 만큼 그동안의 발언에 대한 추가 논의나 액션플랜을 기대했지만 실제 권장관은 원론적 언급만 되풀이했다. 다만 연일 터지고 있는 국토부 비리를 의식해 “건설산업이 모든 면에서 앞서가도록 업계도 함께 노력해야 한다”며 “정책적 측면에서 업계와 자주 접할 수밖에 없는 국토부 직원들이 새롭게 거듭날 수 있도록 배려하고 충고해달라”고 당부했을 뿐이다. 국토부 고위관계자는 “9월 전에는 그동안 거론된 문제에 대해 결과가 도출될 것으로 보인다”며 “이전에 국토부에 대한 국민들의 불신을 씻기 위해 스스로 뼈를 깎는 과정이 있지 않겠냐”며 비리적발 이후 있을 국토부 인사에 대해 시사했다. 임기 보름을 맞고 있는 권도엽 장관은 앞으로 풀어야 할 과제가 산적해 있다. 주택부동산 활성화 방안과 내부비리로 떨어진 국민의 신뢰를 회복시킬 자구책 여기에 전임자가 남기고 간 정책의 완성도까지 이래저래 권장관의 고민은 깊어질 수밖에 없다.,https://news.naver.com/main/read.nhn?mode=LSD&mid=shm&sid1=260&oid=277&aid=0002624213,284
261821,2011.06.16. 오후 3:14,부동산,매일경제,권도엽 분양가상한제 폐지에 최선…국회 처리는 불투명,정부와 건설업계가 건설경기 활성화를 위한 분양가상한제 폐지에 앞장서기로 했다. 권도엽 국토해양부 장관은 16일 최삼규 대한건설협회장을 비롯한 건설업계 대표와의 간담회에서 분양가 상한제는 현재 시장에서 각종 부작용이 많아 폐지가 바람직하다고 본다 며 국회에 제출돼 있는 법안 처리를 위해 최대한 노력하겠다 고 밝혔다. 권 장관은 건설 주택 모두 당분간 기대만큼 시장이 회복되기는 어려울 것으로 본다 며 건설사들이 해외 건설과 민자사업 활성화를 통해 활로를 모색할 수 있도록 지원하겠다 고 말했다. 이번 간담회는 지난 4월말 전임 장관과의 간담회 이후 두달만에 열린 것이다. 권 장관 취임이후 2주만이다. 건설사들은 이밖에 주택.부동산 경기 활성화를 위해 분양가 상한제 폐지 재건축 초과이익 환수 부담금 완화 또는 폐지 총부채상환비율 DTI 규제 폐지 등을 건의했다. 다주택자가 거주.보유하는 1주택에 대해 양도세를 비과세해줄 것과 노후 공동주택의 리모델링시 가구수 증가를 허용해줄 것도 제안했다. 또 보금자리지구에서 민간에게 공급하는 택지를 현재 25%에서 40%까지 확대해줄 것과 보금자리지구내 전용면적 60 85㎡ 이하는 민간이 짓도록 해달라고 요구했다. 하지만 건설업계가 숙원사항으로 꼽은 분양가상한제 폐지는 지난 4월 국회에 이어 이번 국회에서도 처리 전망이 불투명하다. 이날 법안심사소위에서도 분양가상한제 폐지와 리모델링시 가구수 증가 허용 등을 담은 각각의 주택법 개정안은 별다른 논의도 없이 후순위로 밀렸다. 국토해양위 관계자는 사실상 이번 국회 처리도 어려워진것 아니겠느냐 고 전망했다. 임성현 기자 r start 화보 속 훤히 보이는 과감한 시스루룩 김정민 가계빚 위험 카드사태때의 2배 삼성직원들은 지금…친구와 만날때도 유흥업소는 NO 북한 미모의 女승무원 화제 서울대 부모 연봉 3800만원 이하 전액장학금 지급 이다해 미스춘향 시절 모습 눈길…‘10년전에도 귀여웠네’ 포토 늑대의 유혹 무대 가득채운 멋진 출연진 r end ⓒ 매일경제 mk.co.kr 무단전재 및 재배포 금지 MBA도 모바일로 공부한다.,https://news.naver.com/main/read.nhn?mode=LSD&mid=shm&sid1=260&oid=009&aid=0002485995,284
261822,2011.06.16. 오후 3:13,부동산,아시아경제,올라갈까 내려갈까… 기로에 선 용인,아시아경제 배경환 기자 공급과잉으로 수년간 침체기를 겪은 용인이 최근들어 상승 기미를 보이고 있다. 올초부터 매매와 전셋값이 소폭 상승한데다 호재가 있는 지역을 중심으로 수요자들의 관심도 높아지고 있다. 입주를 앞두고 있는 인근 광교신도시도 용인 시장을 부각시키는 요소다. 기반시설 미비로 광교가 생활터로 자리잡는데는 긴 시간이 필요하다는 전망 탓이다. 대다수의 전문가들이 당분간 용인 우위의 시장을 점치는 것도 이같은 이유다. 16일 국민은행 부동산시세에 따르면 용인시의 3.3㎡당 매매값은 지난해 4분기 969만원으로 저점을 찍은 뒤 소폭 상승해 올 2분기 현재 983만원이다. 전세시장도 회복세를 띄고 있다. 인근 판교와 서울에서 폭등한 전셋값을 견디지 못한 세입자들이 이동하며 전셋값을 끌어올렸다. 현재 용인 시장에서 나타나는 시그널은 ‘부활’에 가깝다는게 전문가들의 분석이다. 침체의 주원인인 ‘공급과잉’ 요소가 크게 줄어든 이유에서다. 부동산정보업체 부동산1번지에 따르면 올해 용인시의 분양 예정물량은 총 3144가구로 지난해 5271가구 보다 2000가구 이상이 줄었다. 입주물량 역시 지난해 1만3428가구 의 10% 수준인 1513가구에 불과하다. 반면 거래량은 늘었다. 올 1분기에만 총 8333건이 거래돼 지난해 거래량 2만2530건 의 3분의 1을 넘어섰다. 줄어든 공급량과 서울에서 넘어온 전세난민들로 지난해 10월 6161가구에 달하던 미분양도 올 3월 4646가구로 6개월새 1500가구 이상 감소했다. 용인시 수지구에 위치한 J공인 대표는 “저점심리가 확산돼 시장이 살아나면서 시세차익을 얻을 수 있다는 기대를 품은 거주자들이 부쩍 늘었다”며 “미분양 적체분이 남았지만 공급 입주물량이 크게 줄어 회복세를 띄고 있다. 특히 분당선과 신분당선 개통과 같은 대형 교통호재가 상승하는데 발판이 됐다”고 말했다. 그러나 장기적으로 보면 지금과 같은 상승세는 한계에 부딪힌다는 주장도 제기된다. 인근에 위치한 판교와 동탄 그리고 광교의 기반시설 및 교통편이 마무리되면 용인이 뒤쳐질 수밖에 없다는 이야기다. 더욱이 인접한 광교는 에듀·행정타운 등 예정된 사업들로 거주민들의 편의성도 크게 높아질 전망이다. 광교신도시에 위치한 G공인 관계자는 “ 광교와 용인이 비슷한 강남 접근성을 갖고 있는 상황에서 수요자들이 새 아파트에 관심을 갖는 것은 당연하다”며 “광교에 분양 받아둔 용인 거주자들이 잔금을 치르기 위해 집을 팔고 광교로 일제히 넘어가면 용인은 다시 하락세를 겪을 가능성이 높다”고 분석했다. 이같은 불안감은 청약시장에서도 나타났다. 지난해 1월 이후 광교신도시에서 분양한 7개 사업장 가운데 6곳이 1순위 마감을 기록했다. 하지만 용인은 8개 사업장 모두 순위내 마감에 실패했다. 양지영 리얼투데이 팀장은 “우후죽순으로 진행된 도시개발로 용인시는 아직도 자리를 잡지 못해 일부 거주자들이 불편을 겪고 있다”며 “광교는 전매제한이라는 제약요소가 있지만 입주가 마무리되고 기반시설이 자리를 잡으면 용인 거주자들은 광교로 시선을 돌리게 될 것”이라고 밝혔다. 주택전문건설업체 관계자 역시 “용인 세입자들은 지난해부터 이어진 전세난을 피했기 때문에 다소 자금여유가 있어 2 3년뒤 입주 2년차를 맞는 광교물량에 관심을 가질 것”이라며 “중대형이 대거 포진된 용인에 비해 광교에서는 건설사들이 면적을 줄여 중소형 위주로 공급해 수요층도 더 두텁다”고 말했다.,https://news.naver.com/main/read.nhn?mode=LSD&mid=shm&sid1=260&oid=277&aid=0002624212,284
261823,2011.06.16. 오후 3:11,부동산,매일경제,원주혁신도시 토지분양 설명회,한국토지주택공사 LH 가 24일 강원도 원주에서 분양토지 투자설명회를 연다. 호텔인터불고 원주 장미홀에서 열릴 설명회에서는 원주 혁신도시 무실 2.3지구 등에서 분양될 공동주택.단독주택.상업.업무용지 등에 대한 소개와 부동산시장 전망 설명회가 함께 진행된다. 033 769 0409 r start 화보 속 훤히 보이는 과감한 시스루룩 김정민 가계빚 위험 카드사태때의 2배 삼성직원들은 지금…친구와 만날때도 유흥업소는 NO 북한 미모의 女승무원 화제 서울대 부모 연봉 3800만원 이하 전액장학금 지급 이다해 미스춘향 시절 모습 눈길…‘10년전에도 귀여웠네’ 포토 늑대의 유혹 무대 가득채운 멋진 출연진 r end ⓒ 매일경제 mk.co.kr 무단전재 및 재배포 금지 MBA도 모바일로 공부한다.,https://news.naver.com/main/read.nhn?mode=LSD&mid=shm&sid1=260&oid=009&aid=0002485984,284
261824,2011.06.16. 오후 3:10,부동산,헤럴드경제,한강신도시 한라비발디아파트 선착순 특별분양,잡아라 한강 프리미엄 최초 천만원대 마지막 기회 ☞18만평의 생태공원을 내집 마당 안으로 ☞이제는 한강신도시 한라비발디입니다. ☞10억 그 이상의 가치를 지닌 한라비발디 ☞천만원대 한강변 아파트 ☞한강 생활권의 최고의 가치 ☞중도금 무이자 ☞계약금 5% ☞생태공원 18만 바로 앞 위치 ☞한강 조망권 ☞여의도 19분 쾌속 교통망 김포 한강로 직접 연결 ☞녹지율 53% 지방 분양시장의 분양열기가 수도권 시장에도 전해지고 있다. 4월 중순 문을 연 ‘한강신도시 한라비발디’ 견본주택에는 많은 인파가 다녀가면서 수도권 분양시장에도 훈풍이 불고 있다. 한라건설에 따르면 김포한강신도시에 분양하는 ‘한강신도시 한라비발디’는 견본주택 개관 첫날 7500명 주말에 약 2만여 명이 다녀가 3일 동안 약 2만 8천 여명이 견본주택을 다녀갔다. 견본주택 앞에는 개관 전부터 방문객들로 인해 줄이 길게 늘어서는 진풍경이 펼쳐졌고 견본주택 안에도 분양상담을 받으려는 방문객들로 내내 인산인해를 이뤘다. 한라건설 관계자는 “김포한강신도시는 8월에 김포한강로가 개통되면 서울 접근성이 좋아지며 특히 운양용화사IC가 택지내에서 가장 근거리에 위치해 서울로 이동이 수월하다”고 말했다. 또 “한강신도시 한라비발디 분양가는 3.3㎡ 당 1060만원으로 타 지역보다 저렴한 분양가로 한강과 조류생태공원 등을 조망할 수 있다는 것이 가장 큰 장점”이라고 덧붙였다. ‘한강신도시 한라비발디’는 지하2층 지상19층 12개 동 총857가구의 대단지로 전용면적 기준 105㎡형 513가구 106㎡형 284가구 126㎡형 60가구로 구성됐다. 분양가는 3.3㎡ 당 1060만원으로 계약금 5%씩 2회 분납 중도금 60% 전액 무이자가 적용된다. 전매는 계약 1년 후부터 가능하다. ‘한강신도시 한라비발디’ 견본주택은 김포시 고촌읍 신곡리에 위치해 있다. 선착순 특별 분양이므로 신청금 입금 후 방문하는 것이 유리하다.,https://news.naver.com/main/read.nhn?mode=LSD&mid=shm&sid1=260&oid=016&aid=0000386978,284
261825,2011.06.16. 오후 3:09,부동산,매일경제,갈현동에 아파트 3934가구 들어선다,서울시 은평구 갈현동 일대에 4천여가구의 대규모 아파트 단지가 들어선다. 서울시는 지난 15일 도시계획위원회를 개최하고 갈현동 300일대 23만7629㎡에 아파트를 짓는 갈현제1주택재개발 정비구역 지정 안을 통과시켰다고 16일 밝혔다. 이에 따라 일대에는 아파트 3934가구가 공급된다. 이중 90%인 3544가구가 전용면적 85㎡이하 중소형으로 지어진다.임대주택은 670가구로 △40㎡ 이하 311가구 △40∼50㎡ 이하 275가구 △50 60㎡ 이하 84가구 등으로 구성된다. 스카이라인 조성을 위해 지형에 따라 최저 9층에서 최고 21층까지 다양한 층수의 건물이 단계적으로 배치된다. 단지내 공원 등 녹지도 대규모로 조성된다. 1만1658㎡ 규모 녹지와 소형공원 2곳이 만들어진다. 기존의 서오릉 자연공원도 전체면적이 늘어나 일대 주거쾌적성 향상에 기여할 것으로 전망된다. 초등학교 1곳 공공문화체육시설 1곳이 각각 신설된다. 사업대상지는 은평뉴타운 입구에 자리잡고 있다. 코오롱아파트 현대아파트 건영아파트 등이 인접해 있어 재개발 이후 일대가 대규모 주거지로 탈바꿈할 것으로 전망된다.지하철3.6호선 연신내역이 가깝고 신도고등학교가 인접했다. 이명진 기자 r start 화보 속 훤히 보이는 과감한 시스루룩 김정민 가계빚 위험 카드사태때의 2배 삼성직원들은 지금…친구와 만날때도 유흥업소는 NO 북한 미모의 女승무원 화제 서울대 부모 연봉 3800만원 이하 전액장학금 지급 장쯔이 성룡 음주 후 모습 포착 ‘좋아 죽겠다’ 포토 늑대의 유혹 무대 가득채운 멋진 출연진 r end ⓒ 매일경제 mk.co.kr 무단전재 및 재배포 금지 MBA도 모바일로 공부한다.,https://news.naver.com/main/read.nhn?mode=LSD&mid=shm&sid1=260&oid=009&aid=0002485976,284
261826,2011.06.16. 오후 3:00,부동산,경향신문,불황 모르는 ‘학군 튼튼 아파트’ 성북구에 들어선다.,성북구 삼선동에 7개 동 총 430가구 규모 공급 전용 85㎡이하 중소형 위주 구성 성북천과 낙산공원 등 생태공원 인접 한성대입구역 역세권으로 도심도 함께 누려... 단지와 바로 이웃한 삼선초교를 비롯 20여개의 중 고 대학교 밀집..배후수요 풍부 SK건설은 6월 24일 서울 성북구 삼선동에 ‘삼선 SK 뷰’를 일반분양 할 예정이다. 대형 건설사가 짓는 브랜드아파트로 서울 도심지역과 근거리에 위치하며 지하철 4호선 한성대입구역을 도보 7분이면 이용할 수 있는 역세권 아파트다. 전체 물량의 91%를 수요자 선호도가 높은 중소형 위주로 구성했다는 점에서 일찌감치 인기단지로 꼽혀왔던 곳이다. ‘삼선 SK 뷰’는 삼선1구역 주택재건축 방식으로 건립하는 아파트로 아파트 7개 동 총 430가구 규모로 지어진다. 주택형별 가구수는 전용면적 기준 59㎡ 88가구 84㎡ 228가구 116㎡ 58가구 118㎡ 복층 3가구 122㎡ 48가구 179㎡ 복층 1가구 195㎡ 복층 4가구이다. 조합원 분을 제외한 일반 분양은 237세대가 예정되어 있다. 실수요자 층에 인기가 높은 중소형 타입위주 구성… ‘삼선 SK 뷰’는 삼선동을 포함한 인근지역에서 오랜만에 신규 분양되는 아파트다. 수도권 분양 침체 속에서도 수요자가 꾸준히 몰리는 중소형 타입 위주로 구성한 점도 눈길을 끈다. 전체 일반분양 물량인 237세대 중 85㎡이하의 중소형 물량이 무려 217가구에 달한다. 뿐만 아니라 중앙광장을 중심으로 채광과 통풍을 고려한 탑상형 설계와 건물배치 대부분의 주차장이 지하에 있어서 단지를 더욱 쾌적하게 만들 예정이다. 또 삼선동 인근에 있는 푸르지오 힐스테이트 아파트의 경우 경사로가 심한 구릉지위에 건축된 것에 반하여 ‘삼선 SK 뷰’는 낮은 경사로에 걸쳐있으며 주변에 고층건물도 없어서 개방감이 더욱 확보될 것으로 보인다. 도심과의 높은 접근성과 다양한 인프라… ‘삼선 SK 뷰’에서 도보로 7분거리 성인남자 도보기준 에 있는 한성대입구역 4호선 을 이용할 수 있으며 창신역 보문역 6호선 등의 대중교통과 내부순환로 동소문로 등 서울 곳곳을 연결하는 사통팔달의 도로망을 갖췄다. 특히 ‘삼선 SK 뷰’가 위치한 성북구 삼선동 일대는 서울도심 CBD 과 동북부지역이 연결되는 주요 관문으로 종로 광화문 등의 도심으로 이어지는 대중교통편이 잘 갖춰져 있을 뿐만 아니라 자가용을 이용해 출퇴근이 쉬운 직주근접형 주거지다. 그리고 ‘삼선 SK 뷰’인근에는 교육 녹지 생활 등의 다양한 인프라가 둘러싸고 있다. 교육 인프라로는 단지와 바로 이웃한 삼선초등학교를 비롯하여 경동고 한성여중·고 한성대 고려대 등 중·고·대학교가 무려 20여 개나 밀집되어 있다. 또한 녹지 인프라로 도심생태공원으로 조성된 성북천과 낙산공원 창경궁 서울성곽길 등 쾌적한 자연을 단지 가까이에서 누릴 수 있다는 점도 장점으로 꼽을 수 있다. 생활 인프라로는 삼선시장 동대문 쇼핑타운 롯데·현대백화점 서울대병원 등이 가까이 있으며 낭만과 문화의 거리인 대학로 전통이 살아 숨쉬는 인사동 등이 인근에 있어서 휴식과 여유를 즐길 수 있다. 또한 ‘삼선 SK 뷰’ 주변에만 총 9개 구역이 주택재개발 정비사업으로 계획 중에 있어서 순차적인 개발 완료 시 대단위 주거단지로 변모하게 돼 주거환경 향상이 기대된다. ‘삼선 SK 뷰’의 모델하우스는 강남구 개포동 176 2에 위치한 SK건설 주택문화관 구룡역 3번 출구 에 있으며 입주 예정일은 2012년 4월로 입주가 빠른 편이다. 문의 1588 9620 홈페이지 www.skview.co.kr 본 자료는 해당 업체에서 제공한 보도 자료입니다. 경향신문 ‘오늘의 핫뉴스’ 대형교회 헌금봉투에 구멍 왜 뚫었을까 병무청장 “MC몽 입대발언 쏙 들어가”…왜 대학생 ‘신용카드 강간’…결국 ‘마루타 알바’ “과 수석이 학비 없어 자퇴…” 교수 1인시위 서러운 알바 여대생… 내가 사람이긴 한 건가 서울대생 절대 대통령 안돼야할 인물 1위 공식 SNS 계정 경향 트위터 미투데이 페이스북 세상과 경향의 소통 Khross ⓒ 경향신문 경향닷컴 www.khan.co.kr 무단전재 및 재배포 금지 〈경향닷컴은 한국온라인신문협회 www.kona.or.kr 의 디지털뉴스이용규칙에 따른 저작권을 행사합니다.,https://news.naver.com/main/read.nhn?mode=LSD&mid=shm&sid1=260&oid=032&aid=0002142478,284
261827,2011.06.16. 오후 2:58,부동산,머니투데이,뉴타운 속도조절에 주민갈등도 심화,머니투데이 조정현 MTN기자 앵커멘트 뉴타운 개발에 반대하는 주민들의 목소리가 높아지면서 일부 지자체들이 사업인가를 미루는 등 개발속도 조절에 나서고 있습니다. 그러자 이번엔 빠른 개발을 원하는 주민들이 구청을 상대로 집단행동에 나서는 등 갈등이 커지고 있습니다. 조정현 기잡니다. 리포트 오는 2015년까지 아파트 3 700여 가구가 들어설 북아현 뉴타운 3구역입니다. 조합의 계획대로라면 지분 60m²를 가진 조합원이 84m²형 새 아파트에 배정받으면 2억 원 이상의 추가분담금을 내야합니다. 결국 높은 추가 분담금에 반대하는 일부 주민들이 조합설립 무효소송을 제기한 상탭니다. 철거와 이주에 앞서 건설사와의 시공 계약 등 사업 전반을 재점검해야 한다고 주장하고 있습니다. 인터뷰 최순자 조합원 기존의 원주민이 5%도 못 들어가게 생겼으니까 다소나마 기존의 원주민을 재정착을 많이 할 수 있게끔.. 서대문구청도 이런 주장을 받아들여 북아현3구역 개발을 멈춰 세웠습니다. 지난해 4월 조합이 신청한 사업시행인가를 열넉 달 째 미루고 있습니다. 인가를 위한 요건은 갖췄지만 원주민들이 재정착할 수 있는 방안을 마련해야 한다는 입장입니다. 녹취 서대문구청 관계자 정확하게 지금 뭐 대안은 없습니다. 주민들의 의견을 한번 수렴해서 찬반을 묻는 절차가 한번 있어야 하지 않느냐. 사업이 지연되자 이번엔 빠른 개발을 원하는 주민들이 집단행동에 나섰습니다. 현장음 구청장님 내 목소리 들립니까 나와라 나와라 시공사인 GS건설과 롯데건설이 조합에 대여한 운영자금만 벌써 200억 원이 넘습니다. 빠른 개발을 원하는 조합원들은 사업 지연으로 금융비용만 늘고 있다고 주장합니다. 이르면 다음 주 중에 서대문구청을 상대로 손해배상 청구 소송을 제기할 계획입니다. 인터뷰 황정수 조합원 법적으로도 다 완벽하다고 본인도 구청장도 인정을 합니다. 그런데 인가를 안 내고 있습니다. 그래서 저희가 지금 비용적으로 향후 사업적으로 많은 손실이 예상되고 있고.. 원주민 재정착률이 20%도 되지 못하는 상황에서 무작정 나아갈 수도 그렇다고 멈춰버릴 수도 없는 뉴타운 개발의 현실에 주민 갈등만 심화되고 있습니다. 머니투데이방송 조정현 we friends mtn.co.kr 입니다.,https://news.naver.com/main/read.nhn?mode=LSD&mid=shm&sid1=260&oid=008&aid=0002556753,284
261828,2011.06.16. 오후 2:56,부동산,이데일리,대우건설 가산동 램킨 푸르지오 시티 오피스텔 분양,이데일리 이진철 기자 대우건설 047040 은 서울시 금천구 가산동 139 3번지에 위치한 램킨 푸르지오 시티 오피스텔을 분양한다고 16일 밝혔다. 램킨 푸르지오 시티 는 지하4층 지상 16층 1개동 규모로 전용면적 19 34㎡ 총 270실로 구성돼 있다. 램킨 푸르지오 시티 는 서울의 대표적 정보기술 IT 밸리로 자리잡은 가산디지털단지에 위치해 있으며 지하철 1·7호선 환승역인 가산디지털단지역을 편리하게 이용할 수 있다. 대우건설은 현재 디지털단지 근무인구가 약 13만여명에 이르는 것으로 파악되고 있지만 최근 5년간 신규 오피스텔 공급이 전무한 상황 이라며 주거 및 업무 목적의 임대수요가 풍부해 투자자의 관심이 매우 높은 지역 이라고 말했다. 분양가는 3.3㎡당 평균 1171만원선이며 입주는 2013년 7월 예정이다.,https://news.naver.com/main/read.nhn?mode=LSD&mid=shm&sid1=260&oid=018&aid=0002453481,284
261829,2011.06.16. 오후 2:46,부동산,이데일리,전세시장 들썩…신규 아파트로 눈 돌려야TV,이데일리 김동욱 기자 전세시장이 다시 들썩이고 있습니다. 여름방학 학군 수요에 재개발·재건축 이주수요가 겹치면서 수요자들의 연쇄 이동이 발생하고 있기 때문인데요. 신규 입주 아파트가 대안으로 제시되고 있습니다. 김동욱 기자의 보도입니다. 올 하반기 전세난이 더 심해질 것이란 우려가 커지면서 전세를 구하려는 세입자들은 벌써 걱정입니다. 전문가들은 가을까지는 전세난이 심해질 수 있기 때문에 전세를 구하려는 세입자라면 발 빠르게 신규 입주 아파트로 눈을 돌리는 것도 한 방법이라고 조언합니다. 새 아파트여서 주거환경이 쾌적한 데다 물량이 한꺼번에 쏟아져나와 가격도 저렴하기 때문입니다. 7월 말부터 서울 은평구에서 입주를 시작하는 북한산힐스테이트 7차 는 현재 전셋값이 인근 시세 대비 1500만 원 가량 저렴합니다. 전용면적 84㎡ 전셋값은 2억5000만 원으로 3년 전에 입주한 힐스테이트 3차에 비해 2000만 원 정도 싼 편입니다. 7월 중순부터 입주를 시작하는 구로구 천왕동 천왕이펜하우스 5단지 도 인근 시세보다 훨씬 싼 편입니다. 천왕이펜하우스 전용 84㎡ 전셋값은 1억8000만 원 선이지만 천왕역과 두 정거장 떨어져 있는 칠산역 인근 같은 면적의 래미안 자이는 3억 원 두산위브는 2억5000만원에 거래되고 있습니다. 7월 중순에는 수원 광교신도시 A 5블록에서 한양수자인 입주가 시작됩니다. 한양수자인 전용 84㎡ 전셋값은 1억9000만원으로 인근에 위치한 우만동 월드메르디앙보다 3000만원 가량 저렴합니다. 한편 새 아파트에 전세를 들때는 유의점도 있습니다. 신규 입주 아파트라 주변 편의시설이 잘 갖춰지지 않은 경우도 있습니다. 또 대부분 등기를 하지 않은 상태이므로 건설사를 통해 집주인이 맞는지 중도금 미납은 없는지 확인해야 합니다. 이데일리 김동욱입니다.,https://news.naver.com/main/read.nhn?mode=LSD&mid=shm&sid1=260&oid=018&aid=0002453470,284
261830,2011.06.16. 오후 2:45,부동산,헤럴드경제,광교신도시 소형오피스텔 무조건 잡아라,☞ 경기대 도보 3분 경기대역 도보2분 거리의 초역세권 ☞ 전매 무제한 1가구 2주택 미적용 ☞ 광교 신도시 최저 분양가 ☞ 오피스텔 600만원대 상가 2 000만원대 ☞ 선착순 호수 지정 계약 ☞ 고품격 풀옵션 미래 가치 상승과 프리미엄 기대 ☞ 소액투자 가능 투자 대비 임대수익 안정적 ☞ 전세가 높아 환금성 유리 ☞ 부동산 투자 전문가들이 말하는 최고의 상업지역 ☞ 광교 테크노밸리 바로옆에 위치 ☞ 동수원 IC 최단거리 약 100m ☞ 주 풍산건설 책임준공 국제신탁 자금관리 2011년 새해 부동산 시장에서 사람들에게 가장 뜨거운 관심을 받고 있는 지역은 어디일까 모든 부동산 전문가들은 한목소리로 광교 신도시를 1순위로 지목하고 있다. 그 동안 논란을 거듭해온 경기도청 수원지방법원 수원지방검찰청 이전이 확정되면서 118 218㎡ 약35 760평 규모의 행정타운과 65 858㎡ 약19 922평 법조타운이 조성되고 신분당선 연장선의 실시계획승인으로 1월에 착공이 들어가면서 지하철 개통으로 인한 역세권 호재까지 반영되며 상업시설이 살아나고 임대 수요 또한 폭발적으로 늘어날 것이라는 것이 전문가들의 공통된 의견이다. 광교신도시는 경기도 수원시 영통구 이의동 원천동 하동과 팔달구 우만동 장안구 하광교동 상광교동 및 용인시 수지구 상현동 일원 등 2개의 시에 걸쳐서 산업단지와 상업 주거 행정이 어우러져 개발되는 자족 신도시이다. 도시 중심성을 확보할 수 있는 도시공간구조 형성 및 친환경적 도시환경 조성으로 수원시와 용인시 서북부 지역의 발전 도모를 목적으로 하고 있으며 총 면적은 1130만 1699㎥ 약341만8000평 이며 강남 분당 판교를 잇는 경부축 연결 선상에 위치하고 있다. 광교신도시는 영동고속도로 경부고속도로 용인서울고속도로 북수원 상현IC간 도로 흥덕 하동간 도로 동수원 성북IC간 도로 교차지점에 입지하고 있으며 지구내의 동수원 나들목 광교 나들목 신대 나들목의 이용으로 사통팔달 동서남북 어디든지 신속하게 갈 수 있다. 현재 용인서울간고속도로 이용하면 강남까지 30분정도 소요되며 2015년에는 정자역에서 광교신도시에 이르는 신분당선이 개통돼 강남까지 30분이면 도달이 가능하게 되며 지하철 버스를 통해 외부 대중교통을 최대 60%까지 분담하게 된다. 또한 광교신도시의 교육기관은 신설될 학교를 포함해 초등학교 9곳 중학교 6곳. 고등학교 8곳이며 특히 서울대학교 융합과학기술대학원 아주대학교 경기대학교 경희대학교 합동신학대학원대학교등 대학교 5곳도 입지하게 된다. 더불어 경기과학고 서울국제학교 성남 성균관대학교 경희대학교 국제캠퍼스 등 의 학교들도 인근지역에 위치하고 있으며 광교신도시 주변에 아주대병원 빈센트 병원 등 800병상 이상의 대형병원이 입지하고 있으며 추후 동백연세대 의료원과 을지병원 등이 추가로 입지할 예정이다. 녹지율은 국내 신도시 최고 수치인 41 7% 주택용지비율은 18.8% 자족용지비율은 27%이며 20만평 2 043 858㎥ 넓이의 원천 신대호수를 포함하고 있다. TOD Transit Oriented Developement 압축도시 지향으로 인구밀도는 69 ha로 국내 신도시 중 최저이며 주택은 아파트 23 227세대 연립주택 2 149세대 주상복합 5 624세대로 총 31 000세대가 공급된다. 특히 광교테크노밸리는 26만 9404㎡ 약81 495평 의 대규모 부지로 경기도에서 1990년대 후반부터 추진한 사업단지로 총 사업비만 5728억원이상 투입됐다. 2001년부터 운영중인 경기중소기업지원센터를 필두로 2006년에 개원한 나노소자특화팹센터 2007년에 완공된 경기바이오센터와 경기R D센터를 비롯해 차세대융합기술연구원 중소기업지원센터 등 5개 기관과 기업 224개 업체가 입주해 있고 주변으로는 첨단바이오특화단지 경기도청을 포함한 광교행정타운 법조타운과 같은 대형 산업 및 업무시설이 조성되고 있다. 이곳에 풍산건설이 책임준공하고 국제신탁이 자금관리 하는 이스턴타워 오피스텔과 상가를 지하4층 지상10층 규모로 공사진행중이며 분양을 시작했다. 이스턴타워 오피스텔.상가는 경기대와 경기대역 광교테크노 밸리를 연결하는 트라이앵글 삼각축 의 중심축에 위치하고 있으며 광교테크노밸리에 입주한 224개 기업체의 약 4천여명의 상주인원과 제약 첨단바이오 특화단지 조성으로 향후 상주인원은 1만2천여명 일이용객 1만여명 교육연구연인원 7만여명의 이상의 대규모 상권이 유입되면서 2만여 가구에 달하는 배후세대와 경기대학교 약2만여명 아주대학교 약1만2천여명 경희대학교 서울대학교 융합 기술대학원 아주대병원 합동신학대학원대학교 등의 교육시설이 밀집돼 있고 비즈니스파크 및 R D단지등이 가까워 소형 오피스텔을 찾는 직장인 연구원 신혼부부 대학생 등의 풍부한 임대수요가 기대된다. 부동산 전문가들은 광교는 명품신도시 이미지로 현재 중대형 아파트가 주류를 이루고 있고 소형평형 아파트의 공급률이 낮고 오피스텔 용지 광교 6% 분당 9% 판교 8% 일산 8% 부족으로 오피스텔 공급이 턱 없이 부족해 위의 상주인원들의 수용이 한정될 수밖에 없으므로 광교신도시의 완공 후 중소형 오피스텔은 물론 산가도 품귀현상이 바로 나타날 것으로 예상되다 보니 광교신도시의 이스턴타워 오피스텔 상가를 최고의 투자처로 손꼽을수 있다고 말하고 있다. 이스턴타워 오피스텔 상가는 현재 지하 토목공사가 완료 단계로 공정률 20%이상 진행중이고 분양가에서도 거품을 모두 빼고 광교신도시에서 사상 최초의 최저 분양가를 책정하였다. 많은 투자자들이 앞다퉈 이스턴타워 오피스텔 상가 신축 현장을 찾고 있으므로 수익형 부동산에 관심을 갖는분들이나 안정된 투자처를 찾는분 미래가치를 생각하는분 첫투자 하시는 분들은 하루 빨리 방문하는 것이 좋으며 방문전 신청금 입금하시고 호수지정을 받고 방문 상담하시는 것이 유리하다.,https://news.naver.com/main/read.nhn?mode=LSD&mid=shm&sid1=260&oid=016&aid=0000386977,284
261831,2011.06.16. 오후 2:45,부동산,파이낸셜뉴스,권도엽 장관 “분양가 상한제 폐지 위해 노력할 것”,권도엽 국토해양부 장관은 16일 분양가 상한제 폐지와 보금자리주택 민간참여 확대 등을 통해 건설산업 활성화에 매진하겠다고 밝혔다. 권 장관은 이날 서울 강남구 논현동 임피리얼팰리스 호텔에서 열린 국토부와 건설업계 간담회에서 “국회에 제출돼 있는 분양가 상한제 보금자리주택 민간참여 확대를 위한 법률안이 국회에 제출돼 있다.법안이 처리되도록 최대한 노력하겠다”고 말했다. 권 장관은 “분양가 상한제는 현재 시장에서 각종 부작용이 많아 폐지가 바람직하다고 본다”고 설명했다. 권 장관은 “해외건설은 상황이 나은 편이지만 내수 시장은 어렵다”면서 “투자와 수주 모두 어렵고 전체적으로 정부의 사회간접자본 SOC 투자 비중이 늘어나는 것이 어렵다”고 강조했다. 그는 다만 “건설사들이 해외 건설과 민자사업 활성화를 통해 활로를 모색할 수 있도록 지원할 것”이라고 말해 건설경기 연착륙을 위해 노력하겠다는 뜻을 나타냈다. 이날 간담회에 참석한 건설업계 대표들은 주택·부동산 및 건설경기 활성화를 위해 다양한 의견을 내놨다. 건설업계는 분양가 상한제 폐지 재건축 초과이익 환수 부담금 완화 또는 폐지 총부채상환비율 DTI 규제 폐지 등을 건의했다. 또 다주택자 매입임대사업자 가 거주·보유하는 1주택에 대해 양도세를 비과세해 줄 것과 노후 공동주택의 리모델링시 증축방법을 다양화해주면서 가구수 증가를 허용해줄 것도 제안했다. 아울러 보금자리주택 150만가구의 공급계획을 탄력적 운영하고 민간에게 공급하는 택지 현행 25% 를 40%까지 확대하며 보금자리지구내 전용면적 60∼85㎡ 이하는 민간이 짓도록 해달라고 요청했다. 한편 이날 간담회에는 최삼규 대한건설협회장 김종인 한국주택협회장 겸 대림산업 부회장 김충재 대한주택건설협회장 등 각 건설 관련 단체장과 현대건설 GS건설 대우건설 포스코건설 SK건설 롯데건설 등 17개 건설업체 대표들이 참석했다.,https://news.naver.com/main/read.nhn?mode=LSD&mid=shm&sid1=260&oid=014&aid=0002458102,284
261832,2011.06.16. 오후 2:38,부동산,이데일리,분양가 낮추니 순위내 마감TV,이데일리 이지현 기자 분양시장은 꽁꽁 얼어붙어 있지만 분양가를 시세보다 낮춘 단지는 순위 내에서 마감하는 등 인기를 끌고 있습니다. 주택 구매결정 요인 가운데 가격이 가장 중요한 요인이 되면서 건설사들의 분양가 인하 움직임이 잇따를지 기대됩니다. 보도에 이지현 기자입니다. 지난 13일 경기 용인시 기흥구 영덕동에서 동부건설 005960 이 분양한 영덕 센트레빌 은 233가구 모집에 382명이 몰리며 평균경쟁률 1.63대1로 순위 내에서 마감됐습니다. 인근에서 분양한 삼성물산의 래미안 영통 마크원 이 평균경쟁률 0.92대1로 모집가구수를 채우지 못했던 것과 사뭇 다른 양상입니다. 동부건설은 3.3㎡당 1219만원에 분양가 심의를 통과했음에도 이보다 100만 200만원을 낮춰 1000만 1100만원대에 분양가를 책정했습니다. 이는 1300만원대에 분양된 래미안 영통 마크원 보다도 3.3㎡당 300만원 정도 저렴한 것입니다. 포스코 005490 건설이 대구에서 분양한 이시아폴리스 2차 도 비슷한 시기에 분양된 수성못 코오롱하늘채 분양가 700만원대 평균경쟁률 0.71대1 보다 분양가를 3.3㎡당 60만원 정도 낮은 640만원대로 책정해 모집가구수를 모두 채우는 데 성공했습니다. 대전 노은지구 한화 꿈에그린 도 950만원대에 분양을 추진하다 930만원으로 20만원 낮춰 분양했고 이는 1880가구가 평균경쟁률 2.9대1로 전타입 마감하는 진기록을 낳기도 했습니다. 한 건설업계 관계자는 “위치가 아무리 좋아도 분양가가 비싸면 수요자들이 찾지 않는 것이 요즘 분양시장 분위기”라며 “이에 건설사들이 자발적으로 분양가를 낮추고 있는 것 이라고 설명했습니다. 이데일리 이지현입니다.,https://news.naver.com/main/read.nhn?mode=LSD&mid=shm&sid1=260&oid=018&aid=0002453469,284
261833,2011.06.16. 오후 2:36,부동산,헤럴드경제,부평 역세권 소형 오피스텔 신일 유스테이션 특별 분양,☞ 계약금 5% 약 500만원 만 내시면 입주때 까지 들어가는 돈이 없다. ☞ 중도금 전액 무이자 ☞ 풀옵션 특별 제공 ☞ 1가구 2주택 무관 ☞ 서울 7호선 부평구청역과 인천 지하철 1호선 환승역세권·서울 1호선 부평역 신일건업이 인천 부평구 부평역과 부평 구청역 2분거리에 오피스텔 ‘신일 유스테이션’을 분양 중이다. 지난번 문을 연 신일 유스테이션 견본주택은 개관 3일 동안 1만 명이 넘는 관람객이 찾아 청약돌풍을 예고했다. 최근 3년 동안 주변지역에 신규오피스텔이 없었다는 측면에서 수익률에 대한 투자자들의 기대가 컸던 것으로 보인다고 회사측은 밝혔다. 신일 유스테이션은 지하 7층∼지상 20층 규모의 주상복합 오피스텔로 64.46㎡ 19형 108실 마감 70.61㎡ 21형 224실 82.85㎡ 25형 18실 103.31㎡ 31형 32실 등으로 총 382실로 구성됐다. 분양가와 계약조건도 우수하다. 분양가는 3.3㎡당 400만원 대로 저렴하며 중도금 무이자 혜택 무제한 전매제한 풀옵션 무상제공 등 혜택이 소액투자자들의 관심을 끌 것으로 보인다. 소형오피스텔이지만 20층 규모의 랜드마크적 외관 고급커뮤니티와 풀옵션 및 세련된 마감자재를 활용한 점도 눈에 띈다. 인천지하철 1호선과 환승될 예정인 7호선 부평구청역이 2012년 개통 예정으로 오피스텔 완공과 함께 도보 5분에 바로 이용가능한 더블 역세권 으로 강남까지 50분대면 이동할 수 있게 된다. 근처에 공단이 있어 공실이 거의 없는 안정적인 임대수요를 제공한다오후 4 30 2011 06 08. 북측에 GM대우 자동차공단 1만2000여명 부평공단 2만356명 이 있고 남측으로는 부평시장 상권이 자리한다. 또한 바로옆에는 부평구청이 위치해 있어 공실 걱정은 없을 듯 하다. 신일 유스테이션 관계자는 “싼 분양가와 최근 주변지역에 신규오피스텔이 없었다는 점에 수요자들이 매력을 느낄 것으로 판단된다”고 말했다. 견본주택은 롯데마트 삼산점과 삼산체육관 인근에 위치해 있다. ◈ 신청금 100만원을 입금하시고 방문하시면 호수 지정에 유리하다. ◈ 신청계좌 국민은행 392001 04 162963 ◈ 예금주 u3000신일건업 정 계약시에는 자금관리 신탁사로 입금합니다.,https://news.naver.com/main/read.nhn?mode=LSD&mid=shm&sid1=260&oid=016&aid=0000386976,284
261834,2011.06.16. 오후 2:34,부동산,파이낸셜뉴스,전국 순회 CM설명회 개최,한국CM협회 회장 배영휘 는 건설관련 공무원 및 산하기관 임직원들의 CM에 대한 확실한 이해로 건설관리 역량을 강화하기 위한 전국 순회 CM설명회를 개최한다. 매년 개최되는 이 설명회는 올해 23일 14시부터 충청남도 종합건설사업소 충청남도 예산군 소재 에서 충청남도를 비롯해 충청남도 산하기관 임직원을 대상으로 실시하고 24일 14시부터는 광주광역시 지방공무원교육원 광주광역시 광산구 소재 에서 광주광역시와 공동으로 설명회를 개최한다. 하반기에는 충청북도 강원도 경상북도 인천광역시 등에서 설명회를 개최한다. 이번 설명회에서는 발주기관의 실무담당자들의 이해를 돕기 위해 건설사업의 성공적 수행을 위한 효율적 관리방안과 주요 시설물에 대한 CM수행사례 등의 주제발표가 있을 예정이다. CM설명회를 필요로 하는 기관 등에서는 협회 교육훈련본부 02 585 4712∼3 로 문의하면 된다.,https://news.naver.com/main/read.nhn?mode=LSD&mid=shm&sid1=260&oid=014&aid=0002458093,284
261835,2011.06.16. 오후 2:22,부동산,아시아경제,골드코리아당신에게 10억이 있다면,아시아경제 이광호 기자 당신에게 10억의 여유자금이 생긴다면 누구나 한번쯤 생각해보는 아름다운 상상이다. 우리는 흔히 백만장자 현금 10억원 를 부자라 부른다. 투자의 귀재 라 불리는 워런 버핏은 점심 한끼 같이 해주는 대가로 28억원을 받기도 하고 재테크의 귀재들은 자기만의 방식으로 10억원을 쉽게 벌기도 한다. 그러나 매달 일정한 월급을 받아 생활하는 샐러리맨은 평생을 아끼고 모아도 쉽게 손에 쥐기 어려운 돈이다. 현실적으로 불가능에 가깝다고 할 수 있다. 그래도 10억이란 돈이 생긴다면 어떻게 할까 아시아경제 프리미엄 재테크 클럽 골드메이커 위원 30명은 재테크에서 성공하려면 가장 중요하게 생각해야 할 원칙이 수익성과 안정성 환급성이라고 말한다. 특히 계란을 한 판에 담지마라 라는 말처럼 분산투자가 필수적이라고 설명했다. 이들이 추천하는 재테크 상품에 대해 알아봤다. ◇국내 주식형·중국 펀드 업계 전문가들은 투자 대상으로 국내 주식형 펀드를 꼽았으며 유동성 자산인 예금에도 분산투자할 것을 주문했다. 이들은 특히 중국 본토 주식시장에 간접투자하는 펀드에도 관심을 보였다. 공성율 국민은행 목동 PB센터 팀장은 10억원의 여유자금이 생긴다면 국내 주식형 펀드에 4억원 중국 주식형 펀드에 3억원 유동성자산인 예금에 3억원씩 분산투자할 것 이라고 말했다. 서춘수 신한은행 반포래미안지점 지정장도 주식형 펀드에 3억원 중국 주식형 펀드에 3억원 주가연계증권 ELS 에 1억원 정기예금에 3억원 등을 투자하겠다 며 주식형 펀드의 경우 대형주 위주의 장세가 평처질 것으로 예상 개별 종목에 묻어두는 투자방법이 좋겠다 고 전망했다. ◇원자재 펀드 관심 높아 이와 함께 전문가들은 원자재 펀드에 투자할 것을 제시했다. 최근 들어 글로벌 원자재 가격의 변동성이 커지면서 원자재 펀드에 투자하길 머뭇거리는 투자자들이 상당히 늘고 있으나 이머징국가를 중심으로 여전히 글로벌 경기회복 추세가 훼손되지 않았다는 점에서 장기 투자할 경우 수익을 낼 가능성이 높다고 전망했다. 최문희 FLP컨설팅 대표이사는 원자재 펀드에 2억원 국내 주식형 펀드에 5억원 해외 글로벌 자산배분펀드에 3억원을 투자해볼만 하다 고 주문했다. 김인응 우리은행 투체어스잠실센터장도 원자재 펀드에 1억원 주식형 펀드에 4억원 정기예금에 5억원을 투자하는 전략이 괜찮을 것 이라고 전했다. ◇부동산에 투자 하세요 이 외에 부동산 투자에 대한 주문도 이어졌다. 원종훈 국민은행 WM사업부 선임차장은 10억원의 여유자금이 있을 경우 4억원은 전세를 포함한 금액으로 장기 재건축 재개발이 계획돼 있는 강북이나 도심 외각에 다세대 건물을 구입할 것 이라며 6억원은 주식형 펀드로 매월 1000만원 단위로 가입하겠다 고 말했다. 장경철 상가114 이사는 10억원의 금액이 있다면 오피스텔이나 도시형 생활주택 등과 같이 정부에서 주택임대사업 등록이 가능해 세재혜택을 주는 상품을 추천하고 싶다 며 9월에 개통되는 신분당선 등 신노선 개통 예정지에 임대가 확정된 역세권 상가도 좋으며 노후된 상가건물을 매입해 리모데링을 원룸형 주태이나 고시원 등으로 임대사업도 좋다 고 전망했다. 장 이사는 또한 규제가 풀린 신도시 단독주택 상가겸용주택 과 분양에 연령제한이 풀린 노인복지주택 실버주택 도 투자 추천 대상 중 하나 라고 설명했다. 아울러 이진우 소나무부동산연구소장과 박상언 유엔알 컨설팅 대표 부동산칼럼니스트 아기곰 등도 도시형 생활주택지 수익형 원룸 등 호재가 있는 지역의 소형 아파트에 분산투자하겠다는 뜻을 내비쳤다.,https://news.naver.com/main/read.nhn?mode=LSD&mid=shm&sid1=260&oid=277&aid=0002624175,284
261836,2011.06.16. 오후 2:21,부동산,디지털타임스,LH 남부수단과 신수도 건설 MOU,한국토지주택공사 LH 는 16일 본사에서 아프리카 중북부에 위치한 남부수단 자치정부와 신수도 건설 협력 에 관한 양해각서 MOU 를 체결한다고 밝혔다. 이날 협약식에는 남부수단 신수도 입지 선정 및 건설업무를 총괄하고 있는 젬마 누누 쿰바 주택 및 국토계획부 장관 및 관계자 등이 참석하였다. 이번에 체결하는 양해각서는 남부수단 신수도 건설에 관한 포괄적 협력관계 구축을 목적으로 하며 우선적으로 신수도 마스터플랜 수립에 관한 기술협력에 중점을 두고 있다. LH 이지송 사장은 LH가 지난 50여 년 간 축적한 신도시 건설기술을 남부수단 정부에 제공하여 남부수단 국가발전에 도움을 줄 계획이다 고 말했다.,https://news.naver.com/main/read.nhn?mode=LSD&mid=shm&sid1=260&oid=029&aid=0002069239,284
261837,2011.06.16. 오후 2:21,부동산,디지털타임스,LG하우시스 바닥재 아토피 효과 입증,LG하우시스는 자사 친환경 바닥제 벽지 지아 가 LH공사와 분당서울대병원이 공동으로 실시한 친환경 바닥재 및 아토피질환 등에 미치는 영향 연구에 활용돼 효과를 입증했다고 16일 밝혔다. 지아마루는 2010년 출시된 세계 최초 옥수수 주원료의 천연소재마루로 옥수수에서 추출한 100% 식물성 원료인 PLA를 비롯하여 구연산 황토 목분 등 10여 가지 천연재료들로 만들어졌다. 이 회사 배동호 상무는 이번 조사는 친환경 바닥재와 벽지로의 교체가 아토피 개선에 효과적이라는 것을 증명한 국내 최초의 임상실험으로 옥수수 등의 친환경소재 사용이 피부자극을 줄여 새집증후군의 위험에서 어느 정도 벗어날 수 있다는 것을 입증한 사례 라고 말했다. 한편 LH와 분당서울대병원은 공동으로 지난 2010년 5월부터 약 1년 간 아토피 환자가 거주하는 LH시행 주택을 대상으로 실험을 실시한 결과 약 65%의 아토피 개선 효과가 있었다고 발표했으며 올해 9월 분양 예정인 인천 서창지구를 시범지구로 정해 입주 예정자들이 직접 친환경 벽지와 바닥재를 선택할 기회를 줄 계획이다.,https://news.naver.com/main/read.nhn?mode=LSD&mid=shm&sid1=260&oid=029&aid=0002069230,284
261838,2011.06.16. 오후 2:21,부동산,디지털타임스,극동건설남양주시 하수처리장 개선 MOU,극동건설은 웅진컨소시엄 극동건설 웅진코웨이 웅진케미칼 그린엔텍 과 남양주시에 위치한 하수처리장을 테스트베드로 구축하는 내용의 상호협력 양해각서 MOU 를 체결했다고 16일 밝혔다. 이번 협약은 환경부의 용역을 받아 추진 중인 글로벌탑 환경기술개발사업 의 일환으로 웅진컨소시엄은 하루 2만톤 하ㆍ폐수 처리가 가능한 남양주시 하수처리장을 테스트베드로 삼아 첨단 MBR Membrane Bioreactor 과 대용량 역삼투압 막여과 R O Reverse osmosis 공법을 적용해 오염부하삭감 및 재이용이 가능하도록 개선해준다. 또 해당 하수처리장 방류수는 인근 산업단지에 재이용수로 전량 공급된다. 극동건설 물ㆍ환경사업담당 이억재 상무는 실제와 동일한 환경에서 동일한 결과 예측이 가능한 테스트베드 구축은 미래형 신기술의 사업화를 이끄는 중요한 요소 중 하나 라며 물 재이용 및 하ㆍ폐수 고도처리 플랜트 기술의 상용화와 더불어 핵심 원천기술 확보로 세계 시장에서 물산업 경쟁력이 더욱 강화될 것으로 기대한다 고 말했다. 한편 웅진컨소시엄이 참여하는 글로벌탑 환경기술개발사업의 하ㆍ폐수 고도처리 기술개발사업 은 정부 출현금 포함 총 800억원의 사업규모로 오는 7월부터 2016년 6월까지 5년 간 연구 개발이 이루어진다. 박정일기자 comja77 사진설명 이석우 남양주시장 왼쪽 과 송인회 극동건설 회장 오른쪽 이 16일 하폐수 고도처리 기술개발 MOU을 체결했다.,https://news.naver.com/main/read.nhn?mode=LSD&mid=shm&sid1=260&oid=029&aid=0002069229,284
261839,2011.06.16. 오후 2:20,부동산,아시아경제,골드코리아코스피 저점 가까워..개인에겐 공모펀드가 최고,아시아경제 박민규 기자 지난달 2일 2228.96으로 사상 최고가를 찍었던 코스피가 최근 2000대 초반으로 다시 떨어지며 주춤하고 있다. 이 기회를 틈타 코스피에 올라타야 할지 그렇다면 어떤 업종·종목을 선택해야 할지 투자자들은 고민이 많다. 상당수 증시 전문가들은 하반기 코스피가 반등해 역대 최고치를 갈아치울 것으로 내다보고 있다. 연말에 2500까지 오를 것이란 전망도 나온다. 현재 주가는 상승장에서 잠시 조정기를 겪는 것일 뿐으로 저점이거나 저점에 가깝다는 판단이다. 아시아경제신문의 프리미엄 재테크클럽 골드메이커 위원들을 대상으로 설문조사를 실시한 결과 올 연말 코스피가 2300 이상 오를 것이란 전망이 우세했다. 내년 역시 상승세를 이어갈 것으로 보고 있다. 응답자 중 60% 이상은 연말 코스피가 2300포인트 이상 상승할 것으로 관측했다. 25%는 2000 2100 12%는 2200 2300에 머물 것으로 내다봤다. 내년 코스피 역시 2300 이상을 이어갈 것이란 전망이 우세했다. 63%가 2300 이상을 점쳤고 나머지는 2000 2300에 머물 것으로 판단했다. 2000선이 붕괴될 것으로 보는 위원은 한명도 없었다. 개인투자자들에게 추천한 최고의 상품은 무엇보다 공모펀드였다. 이어 증권사 자문형 랩 은행 자문형 신탁 상품 등의 순이었다. 향후 1년간 증시를 이끌 업종으로는 자동차를 가장 많이 꼽았다. 이어 소비재 정보기술 IT 은행 건설 등이었다. 이 기간 동안 증시는 테마별 순환매와 업종별 주가 차별화가 나타나고 중소형주가 강세를 보일 것으로 관측했다. 앞으로 10년간 묻어둬도 좋을 주식 복수응답 으로는 현대중공업을 가장 많이 꼽았다. 이어 제일모직과 삼성전자 현대자동차 현대모비스 등이 비슷한 점수를 받았다. 이 밖에도 포스코·OCI·삼성물산·LG화학·롯데제과·현대건설·LS산전·KT 등을 제시한 위원들도 있었다.,https://news.naver.com/main/read.nhn?mode=LSD&mid=shm&sid1=260&oid=277&aid=0002624172,284
261840,2011.06.16. 오후 2:16,부동산,헤럴드POP,장용동리포트 하반기 전ㆍ월세난 23년은 더 간다…강도는 약해질듯,장용동 大기자 KBS1라디오 ‘경제투데이 부동산시장 동향’ 인터뷰 MC 성기영 연중 부동산시장 에너지가 가장 떨어지는 시기인 만큼 여러 증세가 나타나고 있습니다. 하지만 전ㆍ월세 시장이 다시 꿈틀대는 양상입니다. 전ㆍ월세 현황과 전망을 분석해 드립니다. 헤럴드경제 장용동 大기자입니다. 우선 전세시장부터 알아보죠. 서울은 이미 전세난이 시작됐습니까 지난 시간 하반기 전ㆍ월세 시장 불안이 가장 큰 문제라고 분석해 드렸는데 오름세가 심상치않습니다. 하지만 아직 심각한 상황은 아닙니다. 지난주 아파트 전셋값은 오름세를 이어갔지만 봄 이사철이 마무리돼 가면서 전주에 견줘 조금 주춤하는 모양새였습니다. 국민은행이 밝힌 지난주 전국 아파트 전셋값은 전주보다 0.5% 올라 직전 2주간의 0.6% 상승률보다 약간 낮아졌습니다. 서울지역 아파트 전셋값 역시 지난주 0.3% 올라 첫째주 0.5% 둘째주 0.4%에 비해 낮았습니다. 문제는 국지적으로 크게 오르는 지역이 벌써부터 나타나고 있는데다 여름방학과 휴가가 끝나는 것을 기점으로 가을 전세시장이 다시 크게 불안해질 수 있다는 점입니다. 우선 강남권의 경우 서초구 반포리체 84A㎡의 경우 지난 한주간 전셋값이 1500만원 오른 4억4000만 4억9000만원선 목동권의 경우도 신시가지7단지 66㎡는 1000만원 오른 2억 2억2000만원선을 기록하는 등 일부지역 전세값이 크게 상승하고 있다는 점입니다. 이에 비해 분당 수원 등 수도권지역은 아직 큰 변화가 없는 상황입니다. 일부 연구소들의 하반기 전망에서도 전ㆍ월세 상승이 지속될 것으로 나왔죠 그렇습니다. 주택산업연구원은 수도권을 포함해 전국적으로 큰 폭으로 오르는 등 전세난이 이어질 것으로 내다봤습니다. 전셋값이 아파트의 경우 5% 주택은 4%로 전국이 비슷한 변동률을 보일 것으로 예상했습니다. 전셋집의 월세전환도 꾸준히 이어지면서 전세난이 가중될 것으로 분석됐습니다. 월세전환 주택이 실제로 많이 늘어나는가요 전세난 이후 월세 비중이 큰 폭으로 증가하고 있는게 현실입니다. 광주광역시의 경우 10곳 중 무려 8곳이 월세인 것으로 나타났습니다. 전셋값 급등이 세입자들의 월세전환 수요를 자극했고 매달 임대소득을 거두려는 집주인의 의중도 반영된 결과죠. 국민은행이 발표한 주택임대차계약 조사치에 따르면 지난달 말 기준 전국의 월세 보증금이 있는 월세 포함 비중은 44.8%로 지난해 8월 45.1% 이후 가장 높았습니다. 서울은 강남보다 강북의 월세비중이 높습니다. 강북의 월세비중은 42.5%로 2008년 12월 이후 2년3개월 만에 가장 높은 수치를 기록했습니다. 전셋값이 뛴 후 세입자들이 월세로 돌아섰기 때문입니다. 이에 비해 강남의 월세비중은 37.0%로 상대적으로 낮습니다. 강남은 전셋값이 높기 때문에 월세로 전환하기가 쉽지 않을 뿐 아니라 집주인들도 임대소득보다 목돈을 굴리는 쪽을 선호하기 문으로 분석됩니다. 이렇게 전ㆍ월세 상승이 하반기에 이어지는 이유는 뭔가요 서너가지 이유로 분석해볼 수 있는데요. 가장 큰 이유는 역시 부동산시장이 불안해지면서 집을 사지않고 전ㆍ월세로 눌러앉은 수요가 지속적으로 늘고 있기 때문입니다. 지난 시간 하우스 푸어 얘기를 해 드렸지만 집을 사는 것은 자살행위 정도로 받아들여지고 있습니다. 꾸준히 임대수요가 늘어나기 때문이죠. 더구나 서울의 대규모 재개발·재건축 사업장들의 이주계획이 올해 하반기에 몰려있어 가을 이사철 불안을 더욱 가중시키고 있다고 봐야 합니다. 사업시행 인가나 관리처분 인가를 받은 서울 시내 재개발·재건축 사업장은 모두 33곳으로 이 중 18곳이 조합원 이주 시기를 올해 하반기로 잡고 있습니다. 게다가 현재 이주를 하고 있거나 상반기 안에 이주에 나설 사업장이 7곳으로 올해 이주할 사업장이 모두 25곳에 이릅니다. 18곳의 이주 가구수는 재건축 1만6484가구 재개발 8285가구 등 총 2만4769가구에 달합니다. 작은 수요·공급 변화에도 민감한 전세시장의 특성을 감안하면 시장에 충격을 줄 수 있는 상황이죠. 재개발·재건축 이주 계획이 올 하반기에 몰린 것은 2008년 글로벌 금융위기로 인한 경기침체와 용적률 상향 추진 등의 이유로 사업이 지연된 곳이 많았기 때문입니다. 구체적으로 주요 이주단지는 어디입니까 하반기 이주에 나설 1000가구를 넘는 재건축 단지로는 강남구 대치동 청실1·2차 3216가구 송파구 가락동 가락시영1차 4421가구 와 가락시영2차 3685가구 성북구 석관동 석관제1재건축구역 1151가구 입니다. 대규모 재개발 사업장 중에서는 관악구 봉천동 봉천제12 2구역 1249가구 양천구 신월동 신정1 1지구 2519가구 영등포구 신길동 신길7구역 1521가구 과 신길5구역 1236가구 등도 이 시기에 이주에 나설 것으로 예상됩니다. 반대로 신규입주물량 감소 영향도 크다죠 그렇습니다. 수요는 늘어나는데 신규 입주물량이 줄어 결국 전ㆍ월세시장 불안이 더욱 가중되고 있다고 봐야 합니다. 지난 2008년 이후 줄곧 6개월 평균 15만가구 이상 공급되던 입주물량이 올 하반기 10만 가구 정도로 줄었습니다. 다만 지난 2009년 하반기 전셋값이 급등한 만큼 올 하반기에는 기저효과가 반영돼 전셋값 상승폭이 올 상반기 6.4% 보다는 다소 낮을 것으로 보입니다. 주택산업연구원이 42개 건설사와 46개 부동산중개업소를 대상으로 집값과 전셋값 전망에 대해 설문조사를 실시한 결과를 보면 “수도권 매매값은 올 하반기∼내년 상반기 상승세로 돌아서고 전셋값이 오는 2012년까지 계속 오를 것”이라고 응답 주목을 끄는 대목입니다. 언제까지 계속될까요 앞으로 적어도 2 3년간은 지속될 것으로 보입니다. 소가구화 현상이 지속되고 있는데다 임대주택 수요가 지속적으로 늘어나고 있기 때문이지요. 특히 소유에서 거주 개념으로 주택이 변모하고 생활권에 따라 주거를 이동하는 수요가 늘어 이같은 현상은 지속되리라 봅니다. 다만 공급물량이 늘어나면서 완화 일부지역을 제외하고는 큰 폭의 오름세는 없을 것으로 보입니다. 대책이 뭐 없나요 매번 나와도 실효도 없는데. 공급이 전제되지 않은 대책은 당장 무의미합니다. 전세수요를 매매로 돌려 수도권 매매시장을 활성화하는 정책 등이 필요하다고 봅니다. 수도권은 다소 여유가 있는데다 미분양주택이 많기 때문이죠. 이어 중장기적으로 임대주택 공급 확대 도시형생활주택 보금자리주택 등을 통한 공급확대 등 필요하다고 봅니다. 또 단기적으로 관련법규 정비가 시급합니다. 정부는 1.13 전ㆍ월세 안정화 대책에서 사업시행 인가 이후 단계의 이주예정시기를 분산조처하겠다고 밝혔지만 시·도지사가 사업시행 인가나 관리처분 인가 시점을 조정할 수 있도록 하는 내용을 담은 도시 및 주거환경정비법 개정안은 아직 국회에 계류 중입니다. 법이 통과되더라도 사업 지연으로 불편을 겪어온 해당 사업지 조합원들의 반발을 무마하기도 쉽지 않습니다. 3년 이후에 신규 아파트로 공급될 단지의 사업을 지연시키면 신규공급 물량 감소로 장기적인 전세난의 악순환 원인이 될 수도 있죠. 소비자들의 대응요령 조언 한마디 해주시죠. 서울권이 여러가지 편익시설 등으로 편리한게 사실입니다. 그러나 외곽으로 나가면 좀 더 큰 평형에서 전원형을 즐길 수 있는 주택도 많습니다. 직통버스 전철권과도 연계가 점차 좋아지고 있습니다. 서울 강남에서 4억 5억원 전셋집에 사는 것 보다 용인권에서 2억원대면 충분합니다. 지방 역시 마찬가지죠. 좀 더 넓게 보라고 말씀드리고 싶습니다. 너무 싼 단지를 찾다보면 2년 후 다시 이사를 가야하는 문제도 생기죠. 신규입주단지가 좋긴 하지만 편익문제를 고려해야 합니다. 용인 수원 남양주 의정부 인천 부천 권으로 눈을 돌려보시고 조기에 셋집을 구하는게 필요합니다.,https://news.naver.com/main/read.nhn?mode=LSD&mid=shm&sid1=260&oid=112&aid=0002203636,284
261841,2011.06.16. 오후 2:15,부동산,SBS Biz,금리 쑥쑥 한 푼이 아쉬운 주택대출 이자…최저금리 없나,출연 김미숙 신한은행 PB 팀장 기준금리 상승 기조에 맞춰 대출금리 상승 가능성 앵커 국민 1인당 1년에 48만원이 넘는 이자를 내고 있다는 한국은행 통계가 나왔습니다. 4인 가족 기준이 200만원 가까이 되는데 우리나라 가계빚이 그만큼 많다는 의미인가요 김미숙 팀장 한국은행자료에 따르면 1 4분기 가계 부채가 949조원으로 전 분기대비 12조원 증가한 반면 개인 금융자산부문은 2 212조원으로 전분기 대비 약 36조원 증가하였습니다. 1인당 이자부담액은 지난해 4월부터 지난2월까지 44만 원에서 46만원대 수준이었는데 3월에는 은행의 가계대출 잔액과 대출금리가 모두 상승하면서 부담액이 커졌습니다. 앵커 6월 금리 인상을 단행했는데요.. 올 연말까지 어떻게 전망하십니까 김미숙 팀장 현재 한국은행의 기준금리는 3.25%인데 물가상승 등을 반영하면 올 연말까지 3.5%에서 3.75%정도 이를 것이라는 전망이 지배적입니다. 그럴경우 기준금리에 맞춰 대출금리도 그만큼 상승할 가능성이 큽니다 무리한 주택대출 원금 상환 다가오는데.... 앵커 당분간 금리가 내려가기는 힘든데 좀 무리해서 주택담보대출을 받은 서민들의 고민이 큽니다. 원금을 갚아야하는 기간이 다가오는 분들일껀데요 조언부탁드립니다. 김미숙 팀장 네. 다소 무리하게 대출을 받았는데 집값은 기대만큼 오르지 않고 대출금의 원금상환은 돌아오는 경우가 고민이 있을 듯합니다. 이 경우 당장에 원금 상환이 어려운 경우라면 대출기간을 연장해 원금상환을 유예하거나 새로 다른 대출을 얻어 갈아타는 방법을 생각해 볼 수 있습니다. 이렇게 되면 일단은 원금 상환이 유예되 한숨은 돌릴 수 있겠지만 사실 본질적인 해법은 아닙니다. 꾸준히 대출금을 줄여가면서 통제 가능한 수준 내로 맞추는 것이 중요합니다. 국민주택 전세자금 대출 지자체장 추천 저소득 가구 연 2% 연소득 3000만원 이하 무주택세대주 최대 7 000만원까지 가능 앵커 그렇다면 좀 더 싼 이자로 갈아타는 방법도 있을까요 김미숙 팀장 대출 금리는 부채의 종류에 따라 종류가 천차만별입니다. 신용대출이냐 담보대출이냐에 따라 다르고 은행대출과 카드사 대출이 다릅니다. 주택담보대출도 고정금리조건이냐 변동금리조건이냐 변동금리 중에서도 CD연동과 코픽스연동 조건이 다릅니다. 저렴하기로는 은행 주택담보대출이 가장 저렴하고 다음이 신용대출 카드론이나 현금서비스와 같은 카드사 대출 순입니다. 앵커 또 전세자금 대출 같은 경우는 어떤가요 주택자금대출보다 더 낮은 이자를 원하는 서민들도 많을텐데요 김미숙 팀장 전세자금 대출은 은행이 국민주택기금으로 대출해주는 상품이 있고 은행 자체자금으로 대출해주는 상품이 있습니다. 이 가운데 국민주택기금 전세자금대출이 저렴한데 지자체장의 추천을 받은 저소득가구의 전세자금 대출 금리가 연 2%로 매우 낮습니다. 임차보증금이 지역별로 일정금액 이하여야 하고 전세금의 70%에서 최대 5600만원까지 가능합니다. 일반 국민주택기금 전세자금 대출은 연소득 3000만원 이하의 무주택세대주가 가능한데 연 4% 금리로 최대 7 000만원까지 가능합니다. 그리고 은행자체 전세자금 대출은 소득조건은 없이 전세금의 80%까지 가능하지만 금리는 연6.5% 7.5% 수준으로 상대적으로 높습니다. 금리상승에 덜 민감한 코픽스 잔액기준대출 유리 대출 갈아타기 오히려 추가비용 들어갈 수도 있어 꼼꼼히 따져봐야 앵커 마지막으로 금리인상 기조 상황에서 주택대출전략에 대한 조언 해주세요. 김미숙 팀장 변동금리 대출을 사용하고 있는 경우에는 금리상승에 영향을 받지 않는 고정금리대출이나 같은 변동금리라도 금리변동 속도나 폭이 낮은 대출 예를들어 코픽스 잔액기준대출 로 갈아타는 방안등을 고려할 필요가 있습니다. 다만 대출금을 갈아타기 위해서는 추가비용이 들어가는 경우가 있기 때문에 사전에 득실을 따져 판단 하는 것이 좋습니다. www.SBSCNBC.co.kr 자세한 내용은 동영상을 시청하시기 바랍니다.,https://news.naver.com/main/read.nhn?mode=LSD&mid=shm&sid1=260&oid=374&aid=0000006301,284
261842,2011.06.16. 오후 2:15,부동산,머니투데이,권도엽 장관 분양가 상한제 폐지 힘쓰겠다,머니투데이 홍혜영 MTN기자 앵커멘트 건설업계가 권도엽 국토해양부 장관을 만나 분양가 상한제 폐지와 대출규제 폐지 등 각종 요구사항을 쏟아냈습니다. 권 장관은 분양가 상한제가 이번 국회에서 폐지될 수 있도록 힘 쓰겠다 고 답했습니다. 홍혜영 기자가 보도합니다. 리포트 건설업계가 권도엽 국토해양부 장관과 첫 간담회를 갖고 각종 현안을 모은 건의서를 전달했습니다. 인터뷰 최삼규 대한건설협회장 4년 감소세로 작년에는 약 13%의 수주 감소를 보이는 등 도무지 탈출구가 보이지 않고 있습니다. 업계는 특히 분양가 상한제를 비롯한 각종 규제가 건설 경기의 발목을 잡고 있다고 입을 모았습니다. 인터뷰 김충재 주택건설협회장 더 좋고 좋은 그런 집을 지으려고 해도 지을 수가 없습니다. 상한제로 인해서. 공사비가 묶여 있는 범위 내에서는... 이와 함께 재건축 재개발을 활성화하고 총부채상환비율 DTI 규제를 없애줄 것을 건의했습니다. 또 보금자리 주택에 민간 건설사 참여를 확대해줄 것을 요구했습니다. 이에 대해 권도엽 장관은 분양가 상한제는 폐지되는 게 바람직하다 며 이번 국회에서 관련 법안이 처리되도록 노력하겠다고 화답했습니다. 인터뷰 권도엽 국토해양부 장관 분양가 상한제는 어제 국회에서도 말씀드렸지만 지금 시장 상황에서는 부작용이 대단히 많기 때문에 제도 개선이 돼야 한다고 생각하고 있습니다. 이어 건설과 주택 경기 모두 당분간 기대만큼 회복되긴 어려울 것으로 본다 면서 해외 건설과 민자 사업을 통해 건설사들이 살 길을 찾도록 돕겠다 고 말했습니다. 권도엽 장관은 또 최근 국토부 공무원들이 업체들로부터 향응과 뇌물을 받은 것과 관련해 업계에서도 배려하고 충고해달라 며 접촉을 자제해줄 것을 우회적으로 표현했습니다. 머니투데이방송 홍혜영입니다.,https://news.naver.com/main/read.nhn?mode=LSD&mid=shm&sid1=260&oid=008&aid=0002556695,284
261843,2011.06.16. 오후 2:15,부동산,SBS CNBC,금리 쑥쑥 한 푼이 아쉬운 주택대출 이자…최저금리 없나,출연 김미숙 신한은행 PB 팀장 기준금리 상승 기조에 맞춰 대출금리 상승 가능성 앵커 국민 1인당 1년에 48만원이 넘는 이자를 내고 있다는 한국은행 통계가 나왔습니다. 4인 가족 기준이 200만원 가까이 되는데 우리나라 가계빚이 그만큼 많다는 의미인가요 김미숙 팀장 한국은행자료에 따르면 1 4분기 가계 부채가 949조원으로 전 분기대비 12조원 증가한 반면 개인 금융자산부문은 2 212조원으로 전분기 대비 약 36조원 증가하였습니다. 1인당 이자부담액은 지난해 4월부터 지난2월까지 44만 원에서 46만원대 수준이었는데 3월에는 은행의 가계대출 잔액과 대출금리가 모두 상승하면서 부담액이 커졌습니다. 앵커 6월 금리 인상을 단행했는데요.. 올 연말까지 어떻게 전망하십니까 김미숙 팀장 현재 한국은행의 기준금리는 3.25%인데 물가상승 등을 반영하면 올 연말까지 3.5%에서 3.75%정도 이를 것이라는 전망이 지배적입니다. 그럴경우 기준금리에 맞춰 대출금리도 그만큼 상승할 가능성이 큽니다 무리한 주택대출 원금 상환 다가오는데.... 앵커 당분간 금리가 내려가기는 힘든데 좀 무리해서 주택담보대출을 받은 서민들의 고민이 큽니다. 원금을 갚아야하는 기간이 다가오는 분들일껀데요 조언부탁드립니다. 김미숙 팀장 네. 다소 무리하게 대출을 받았는데 집값은 기대만큼 오르지 않고 대출금의 원금상환은 돌아오는 경우가 고민이 있을 듯합니다. 이 경우 당장에 원금 상환이 어려운 경우라면 대출기간을 연장해 원금상환을 유예하거나 새로 다른 대출을 얻어 갈아타는 방법을 생각해 볼 수 있습니다. 이렇게 되면 일단은 원금 상환이 유예되 한숨은 돌릴 수 있겠지만 사실 본질적인 해법은 아닙니다. 꾸준히 대출금을 줄여가면서 통제 가능한 수준 내로 맞추는 것이 중요합니다. 국민주택 전세자금 대출 지자체장 추천 저소득 가구 연 2% 연소득 3000만원 이하 무주택세대주 최대 7 000만원까지 가능 앵커 그렇다면 좀 더 싼 이자로 갈아타는 방법도 있을까요 김미숙 팀장 대출 금리는 부채의 종류에 따라 종류가 천차만별입니다. 신용대출이냐 담보대출이냐에 따라 다르고 은행대출과 카드사 대출이 다릅니다. 주택담보대출도 고정금리조건이냐 변동금리조건이냐 변동금리 중에서도 CD연동과 코픽스연동 조건이 다릅니다. 저렴하기로는 은행 주택담보대출이 가장 저렴하고 다음이 신용대출 카드론이나 현금서비스와 같은 카드사 대출 순입니다. 앵커 또 전세자금 대출 같은 경우는 어떤가요 주택자금대출보다 더 낮은 이자를 원하는 서민들도 많을텐데요 김미숙 팀장 전세자금 대출은 은행이 국민주택기금으로 대출해주는 상품이 있고 은행 자체자금으로 대출해주는 상품이 있습니다. 이 가운데 국민주택기금 전세자금대출이 저렴한데 지자체장의 추천을 받은 저소득가구의 전세자금 대출 금리가 연 2%로 매우 낮습니다. 임차보증금이 지역별로 일정금액 이하여야 하고 전세금의 70%에서 최대 5600만원까지 가능합니다. 일반 국민주택기금 전세자금 대출은 연소득 3000만원 이하의 무주택세대주가 가능한데 연 4% 금리로 최대 7 000만원까지 가능합니다. 그리고 은행자체 전세자금 대출은 소득조건은 없이 전세금의 80%까지 가능하지만 금리는 연6.5% 7.5% 수준으로 상대적으로 높습니다. 금리상승에 덜 민감한 코픽스 잔액기준대출 유리 대출 갈아타기 오히려 추가비용 들어갈 수도 있어 꼼꼼히 따져봐야 앵커 마지막으로 금리인상 기조 상황에서 주택대출전략에 대한 조언 해주세요. 김미숙 팀장 변동금리 대출을 사용하고 있는 경우에는 금리상승에 영향을 받지 않는 고정금리대출이나 같은 변동금리라도 금리변동 속도나 폭이 낮은 대출 예를들어 코픽스 잔액기준대출 로 갈아타는 방안등을 고려할 필요가 있습니다. 다만 대출금을 갈아타기 위해서는 추가비용이 들어가는 경우가 있기 때문에 사전에 득실을 따져 판단 하는 것이 좋습니다. www.SBSCNBC.co.kr 자세한 내용은 동영상을 시청하시기 바랍니다.,https://news.naver.com/main/read.nhn?mode=LSD&mid=shm&sid1=260&oid=375&aid=0000007541,284
261844,2011.06.16. 오후 2:15,부동산,세계일보,떠오르는 송도 부동산시장 분양가 5천만원대에 월세가 60만원,세계닷컴 □ 5000만원대 수익형 풀옵션 싱글하우스 □ 호실별 개별 등기분양 □ 연 10%이상 임대수익 인천대 연세대 삼성 바이오기지 등 □ 편리한 교통 접근성 지하철 역세권 광역버스 서울 강남까지 40분대 □ 시행회사 임대 및 월 수익 책임관리 □ 상담신청접수 032 832 0071 아파트 분양시장이 위축돼 있는 요즘에도 원룸텔 소형오피스텔에 대한 청약 열풍은 지속되고 있다. 부동산 투자수익과 월 고정수익을 동시에 거머쥐는 재테크 수단으로 여겨지고 있기 때문이다. 도시형생활주택 즉 싱글하우스는 타 수익형 부동산에 비해 임대 수요가 많아 수익률이 보장되며 주로 퇴직자나 전업주부 등 투자의 경험이 많지 않은 사람도 운영이 가능하고 투자 후 3개월 후면 사업 안정권에 접어들기 때문에 개인 시간이 많아진다는 장점을 갖고 있다. 송도 국제도시 내 경제자유구역은 소형 원룸이 많이 부족하다. 게다가 주위 고시텔도 부족하다 보니 월세를 45만원에서 47만원까지 받는 곳도 있다. 실 거주자에겐 안타까운 소식이지만 투자자에겐 기쁜 소식이 아닐 수 없다. 송도 국제도시는 학생 직장인 상권 종사자 등 풍부하고 탄탄한 배후 임대 수요층이 확보돼 있는 지역이기 때문에 소형 원룸의 수요는 지속적으로 늘어날 전망이다 이러한 송도 국제도시에 싱글하우스 ‘포레스트’가 분양 중이다. 송도 ‘포레스트’의 분양은 투자자들의 관심을 끌기에 충분하다. 5천만원대 분양가에 50 60만원이상의 월세수익을 노릴 수 있고 게다가 호실 별 개별등기까지 가능하기 때문이다. 송도 ‘포레스트’가 위치한 송도 국제 자유구역에는 바로 옆 해양경찰청과 인근 인천대 연세대 신축공사 중 등의 대학과 트레이드타워 국제 비즈니스센터 등의 경제 업무지구와 함께 미추홀 공원 해돋이공원 센트럴파크 등의 휴식공간까지 아우르는 최고의 입지조건으로 손꼽힌다. 탄탄한 배후 임대 수요층이 확보돼 있는 지역이며 이미 인천 지하철 1호선 동막역부터 캠퍼스타운역 테크노파크역 등 국제업무지구까지 아우르는 역세권에 위치하여 대중교통편까지 완벽한 지역이라 하겠다. 싱글하우스의 주요고객인 젊은층의 1인 가구는 대중교통이 편리하면서 많은 사람들이 쉽게 접근할 수 있는 곳을 선호하기 때문에 송도 ‘포레스트’는 주목을 받을 수 밖에 없다. 특히 주변의 센트럴파크와 미추홀공원 해돋이공원 아트센터 등 휴식공간과 취미생활을 마음껏 향유할 수 있는 최적의 입지조건으로 싱글족들의 관심이 높아질 전망이다. 풀옵션 싱글하우스 송도 ‘포레스트’는 현재 선착순 자리배정하기 때문에 향후 위치에 따라 프리미엄 및 월세가 달라질 수 있다. 최고를 누리기 위해선 서두르는 것이 유리하다. 자리배정은 선착순 호수 지정이며 신청접수를 통해 배정을 받을 수 있다. 신청금 100만원 미 계약시 환불 입금계좌 우리은행 1005 801 841070 예금주 주 씨 유 신청접수 032 832 0071 ※본 콘텐츠는 기업 제공 자료로 세계닷컴의견과 다를수 있습니다. Segye.com Segye.com 인기뉴스 日 엽기살인사건… 머리 찾아달라 정부 나섰다 통일장관 北주민 9명 귀순 닷새동안 몰랐다 여제자에 변태행위 강요 교장 직위해제 원룸털이 하려고 운동·식이요법까지… 기가 막혀 MB “부패 한계 왔다”… 공직기강 바짝 죈다 ⓒ 세계일보 Segye.com 무단 전재 및 재배포 금지 금융전문뉴스 세계파이낸스 모바일로 만나는 세계닷컴 세계닷컴은 한국온라인신문협회 www.kona.or.kr 의 디지털뉴스이용규칙에 따른 저작권을 행사합니다.,https://news.naver.com/main/read.nhn?mode=LSD&mid=shm&sid1=260&oid=022&aid=0002275882,284
261845,2011.06.16. 오후 2:14,부동산,매일경제,7월 전국 1만7000여가구 분양,7월에 전국적으로 1만7000여가구가 분양될 예정이다. 휴가철을 맞아 분양물량은 적지만 알짜물량 이 있어 관심을 가질만하다. 16일 부동산포털 닥터아파트에 따르면 7월 전국 분양 예정 아파트 주상복합 도시형생활주택 포함 는 총 38곳 1만6855가구로 조사됐다. 수도권은 4957가구 지방 5대광역시 중소도시 은 1만1898가구로 분양계획의 70%가 지방 물량이다. 주목되는 단지로는 보금자리주택지구 서울 서초지구 첫 민간아파트 전농.답십리뉴타운내 신규 분양단지 등이 대표적이다. 지방에서는 최근 분양 훈풍이 불고 있는 경남 김해 율하지구 양산 물금지구 광주 수완지구 등 택지지구내 물량이 관심대상이다. 서울에선 울트라건설이 서초지구 A1블록에 550가구를 분양할 예정이다. 보금자리주택지구내 첫 민간아파트이어서 관심을 모은다. 삼성물산은 전농.답십리뉴타운에 위치한 전농7구역을 재개발해 2397가구 중 486가구를 일반분양할 계획이다. GS건설은 대흥3구역에 558가구 중 191가구를 일반분양할 예정이다. 현대건설은 동작구 동작동 일대 정금마을 재건축을 통해 680가구 중 304가구를 일반분양한다. 서울을 제외한 수도권에선 삼성물산이 부천시 중동 일대 조합아파트 548가구를 건설한다. 이 중 518가구가 일반분양될 예정이다. 서해종합건설은 용인시 중동 817가구를 분양할 계획이다. 한편 지방에선 대방건설이 광주 광산구 수완지구 C13 1 2블록에 659가구를 분양할 예정이다. 수완지구 C4 3블록에서는 세영종합건설이 536가구를 분양한다. 동원개발은 부산 북구 구포동 일대에서 1071가구를 분양할 예정이다. 또 이 회사는 울산 중구 우정혁신도시내 B 3블록에서도 분양을 준비하고 있다. 동문건설과 반도건설은 각각 양산시 물금지구 19블록과 47블록에서 분양을 준비하고 있다. 현대엠코는 충남 당진군 송산면 유곡리 일대에서 855가구 중 530가구를 일반분양한다. 장용승 기자 r start 화보 속 훤히 보이는 과감한 시스루룩 김정민 가계빚 위험 카드사태때의 2배 삼성직원들은 지금…친구와 만날때도 유흥업소는 NO 북한 미모의 女승무원 화제 서울대 부모 연봉 3800만원 이하 전액장학금 지급 장쯔이 성룡 음주 후 모습 포착 ‘좋아 죽겠다’ 포토 늑대의 유혹 무대 가득채운 멋진 출연진 r end ⓒ 매일경제 mk.co.kr 무단전재 및 재배포 금지 MBA도 모바일로 공부한다.,https://news.naver.com/main/read.nhn?mode=LSD&mid=shm&sid1=260&oid=009&aid=0002485883,284
261846,2011.06.16. 오후 2:13,부동산,뉴시스,뇌물수수 혐의 국토부 과장 대기발령,서울 뉴시스 김형섭 기자 국토해양부는 뇌물 수수 혐의로 구속된 백모 과장을 대기발령 조치했다고 16일 밝혔다. 국토부 관계자는 백 과장이 검찰에 구속됨에 따라 현재 업무를 수행할 수 없어 장관의 재량권으로 이같은 조치를 내린 것 이라며 무죄추정의 원칙에 따라 당장 징계조치를 취할 수는 없다 고 설명했다. 국가공무원법상의 규정에 따르면 공무원은 형사사건으로 기소가 돼야 직위해제되고 이후 재판을 통해 형이 확정되면 해임 또는 파면 등의 조치가 내려진다. 한편 백 과장은 지난해 12월말 정부 과천청사 인근 한 식당에서 G리츠사 부동산투자신탁회사 사주로부터 500만원 상당의 산삼과 현금 2000만원이 담긴 선물상자 등을 받아 챙긴 혐의로 15일 구속됐다.,https://news.naver.com/main/read.nhn?mode=LSD&mid=shm&sid1=260&oid=003&aid=0003913416,284
261847,2011.06.16. 오후 2:13,부동산,머니투데이,LH 제3회 녹색기자재 공모전 개최,머니투데이 송지유 기자 다음달 11 15일 접수…토목·건축·기계·전기통신·조경 등 5개 공종 한국토지주택공사 LH 는 녹색도시 및 친환경주택 건설 활성화를 위해 LH 녹색기자재 공모전 을 개최한다고 16일 밝혔다. 올해로 3번째로 열리는 이번 공모전은 녹색도시 및 친환경주택에 적용 가능한 기자재 가운데 에너지 효율이 높고 경제성이 뛰어난 기자재를 발굴하는 자리다. LH는 △토목 △건축 △기계 △전기통신 △조경 등 5개 공종으로 나눠 접수를 받는다. 참가자격은 공고일 현재 사업자 및 공장등록이 돼 있으며 생산과 제조능력을 갖춘 제조업체다. 참가신청 및 제안설명서는 다음달 11∼15일 경기 성남시 분당 LH 본사 기술기준처에 제출하면 된다. 참가신청서 등 관련 서식은 LH 홈페이지 hp www.lh.or.kr 에서 내려 받을 수 있다. 이번 공모전에서 대상으로 선정되는 업체 2곳에는 상패와 내년에 LH 주택단지에 기자재를 시범적용할 수 있는 혜택을 제공한다. 최우수상과 우수상에는 각각 300만원 200만원의 상금과 상패가 수여될 예정이다.,https://news.naver.com/main/read.nhn?mode=LSD&mid=shm&sid1=260&oid=008&aid=0002556690,284
261848,2011.06.16. 오후 2:12,부동산,디지털타임스,김포 한강신도시 드디어 첫 입주,김포 한강신도시가 7년여의 사업 끝에 17일부터 입주를 시작한다. 국토해양부는 지난 2004년 8월 김포 한강신도시 택지개발예정지구 지정 이후 7년 만인 오는 17일 우남퍼스트빌 아파트 1202세대가 첫 입주를 시작한다고 16일 밝혔다. 김포 한강신도시는 수도권 주택난 해소 및 서북부지역 거점도시 조성을 위해 전체 5만800세대 규모 조성됐으며 올해 연말까지 7934세대 2012년도에 8921세대 2013년도 이후에 33945세대가 각각 입주할 예정이다. 특히 LH와 김포시는 이번 첫 입주를 계기로 올림픽대로 행주대교에서 한강신도시를 잇는 6차선의 김포한강로 총 길이 16km 12.12 준공예정 를 7월 초부터 임시개통 할 예정이다. 이에 따라 김포 한강신도시에서 여의도까지의 거리는 50분에서 30분 이내로 20분 이상 단축된다는 것이 국토부 측의 설명이다. 한편 국토부는 한강신도시 최초입주를 비롯해 오는 7월 첫 입주하는 광교신도시와 판교 파주 등 6개 신도시에서 연말까지 총 2만4000여 세대의 입주가 순차적으로 진행될 예정이라면서 신도시 입주민에게 불편이 없도록 기반시설 설치 등을 지속 점검해 나갈 계획이라고 설명했다.,https://news.naver.com/main/read.nhn?mode=LSD&mid=shm&sid1=260&oid=029&aid=0002069228,284
261849,2011.06.16. 오후 2:07,부동산,세계일보,1억이면 3채 수익형 부동산 비즈트위트 잡아볼까,넘치는 임대수요 혜택주는 오피스텔 및 도시형생활주택 투자자 몰린다 세계닷컴 서울시 구로구 구로동 신도림역 1·2호선 환승역 과 대림역 2호선 더블 역세권에 위치한 문영비즈트위트 오피스텔 및 도시형생활주택을 선착순 분양중이다. 비즈트위트 는 1인 2인 세대를 겨냥한 초소형 오피스텔과 도시형 생활주택으로 지하3층 지상19층 분양 면적 기준 32.55㎡ 46.37㎡ 총 436세대로 구성됐으며 여타 도시형 생활주택과 차별되는 주민공동시설을 별도로 마련해 입주민 편의시설을 최대한 제공했다. 고급 마감재 사용과 시스템 에어컨 빌트인 시스템 TV 비데를 무상으로 제공하고 세대별 구분등기 각종 세제혜택이 주어진다. 계약금은 10% 중도금 60% 무이자대출 잔금 30%로 입주 시 까지 추가부담 없이 투자가 가능하다. 주택임대사업을 계획하는 투자자는 수도권 3주택만 구입하면 임대사업을 할 수 있어 적은 투자금액으로도 안정적인 수익을 얻을 수 있다. 신도림역과 대림역 구로역 주변은 홈플러스 테크노마트 이마트 애경백화점 등 대형 편의시설이 입점 영업 중이다. 신도림역과 연결되는 약 40만㎡ 규모의 디큐브시티 내 디큐브백화점 쉐라톤호텔 뮤지컬 전용극장 콘서트홀 오피스사무 동 주상복합아파트 등 올해 8월 27일 오픈 예정으로 신도림역을 기준으로 일대 변혁이 예상된다. 또한 목동 이대병원 고대 구로병원 등 대형의료 시설도 인접해 있어 투자에 좋은 조건을 충족하고 있다. 디지털 단지 등 IT 밸리 종사자 약 23만 명과 강남지역 출·퇴근자 사업지 인근 직장인 등 상주인구와 유동인구를 동시에 아우르고 풍부한 임대수요를 바탕으로 공실이 없다는 것이 큰 장점이다. 실투자금은 3000만원대로 전매가 자유롭다. 2012년 12월 입주 예정이다. 신청방법은 선착순 호수지정 신청금 100만원 이며 신청금은 미계약시 전액환불된다. 입급계좌는 우리은행 1005 601 836687이며 예금주는 주 문영종합개발이다. 분양문의 02 2111 6620 ※본 콘텐츠는 기업 제공 자료로 세계닷컴의견과 다를수 있습니다. Segye.com Segye.com 인기뉴스 日 엽기살인사건… 머리 찾아달라 정부 나섰다 통일장관 北주민 9명 귀순 닷새동안 몰랐다 주한미군 훈련 도중 시민들에게 총 겨눠 대학생 두번 울리는 사립대 기숙사비 MB “부패 한계 왔다”… 공직기강 바짝 죈다 ⓒ 세계일보 Segye.com 무단 전재 및 재배포 금지 금융전문뉴스 세계파이낸스 모바일로 만나는 세계닷컴 세계닷컴은 한국온라인신문협회 www.kona.or.kr 의 디지털뉴스이용규칙에 따른 저작권을 행사합니다.,https://news.naver.com/main/read.nhn?mode=LSD&mid=shm&sid1=260&oid=022&aid=0002275875,284
261850,2011.06.16. 오후 2:01,부동산,이데일리,건단련 17일 건설의 날 기념행사 개최,박창규 롯데건설 대표 금탑산업훈장 이데일리 이태호 기자 대한건설단체총연합회 건단련 가 2011 건설의 날 기념행사를 개최한다고 16일 밝혔다. 오는 17일 오후 1시30분부터 서울 강남구 논현동 건설회관 2층 대강당에서 열리는 이번 행사 주제는 국민과 함께하는 건설 세계로 미래로 다. 김황식 국무총리 권도엽 국토해양부 장관과 장광근 국회 국토해양위원장 박덕흠 대한전문건설협회장 이재균 해외건설협회장 등 1000여명이 참석한다. 이날 기념식 자리에선 박창규 롯데건설 대표이사와 김경준 삼성물산 전무가 금탑산업훈장을 받을 예정이다. 박 대표이사는 지난 34년간 해외건설 전문가로서 철저한 시공관리와 현장 경영으로 우리 건설업의 위상을 한 단계 높인 공로를 인정받았다. 김경준 전무는 30여년간 세계 곳곳의 초대형 프로젝트를 성공적으로 수행한 초고층 분야 전문가로서 우리 건설산업 발전에 크게 기여했다는 평가를 받았다. 김광수 광남토건 대표이사와 황규철 경림건설 대표이사는 은탑산업훈장을 강부인 세방테크 대표이사는 동탑산업훈장을 각각 수상한다. 건설산업 발전에 기여한 임직원 총 174명이 정부 포상과 장관 표창을 받을 예정이다. 최삼규 회장은 미리 배포한 기념사를 통해 건설인들은 우리나라가 세계적인 건설강국으로 우뚝서는데 헌신했음에도 불구하고 오늘의 건설산업은 외환위기 이래 최대의 시련기를 맞고 있다 며 주택사업 일변도의 사업구조에서 벗어나 새로운 성장 동력을 발굴해 안정적 영업구조를 만들어 나가야 한다 고 강조했다. 또 정부도 건설업계가 지금의 어려움을 극복하고 새로운 도약의 계기를 만들어 갈 수 있는 건설 환경을 구축 해야 한다 고 말했다.,https://news.naver.com/main/read.nhn?mode=LSD&mid=shm&sid1=260&oid=018&aid=0002453447,284
261851,2011.06.16. 오후 1:51,부동산,세계일보,대우건설 초역세권 ‘광교 푸르지오 시티’ 오피스텔 분양,세계닷컴 광교 푸르지오 시티는 2016년 완공될 예정 경기도시공사 자료 2011년 3월 기준 인 신분당선 연장선 정자 광교 의 신대역 가칭 과 도보 1분 거리의 초역세권에 위치한다. 신대역은 강남에서 9정거장 분당 정자역에서 4정거장에 불과해 광교뿐만 아니라 강남과 분당 주변수요도 몰릴 것으로 예상된다. 광교신도시 4B L 일대에 공급되는 ‘광교 푸르지오 시티’는 지하4층 지상10층 3개동의 총 462실로 조성되며 전용 25.460㎡ 210실 전용 28.835㎡ 252실로 소형평형 위주로 구성된 오피스텔로 인근 도심권 직장인 및 신혼부부 대학생 수요에 맞춘 수익형 투자 상품이다. 용인 서울고속화도로 영동 고속도로 경부 고속도로 뿐만 아니라 북수원 상현IC간 도로 상현IC 하동간 도로 흥덕 하동간 도로 동수원 성북IC간 도로와도 인접해 있어 서울과의 접근성이 뛰어나 명품 신도시라는 광교 이미지에 최적의 지리적 위치를 자랑한다. 또 광교테크노밸리 첨단바이오특화단지 경기도청을 포함한 광교행정타운 법조타운 등과 같은 대형 산업 및 업무 시설이 조성된다. 2만여 세대에 달하는 배후세대와 경기대 아주대 경희대 서울대학교 융합 기술대학원 아주대병원 합동신학대학원대학교 등의 교육시설로 광교 푸르지오 시티 인근의 임대 수요가 풍부하다. 이 밖에도 광교신도시에는 경기과학기술진흥원 나노소자 특화팹센터 경기바이오센터 차세대융합기술연구원 경기중소기업지원센터 등 5개 기관과 기업 200여개 업체가 입주해 있으며 인근 테크노밸리 도시지원 3블록에는 제약 첨단바이오 특화단지가 조성될 예정이다. 평균분양가는 3.3㎡당 790만원대로 분양권 전매가 가능하다. 견본주택은 분당 정자동 주택전시관 4층에 마련되어 있으며 2013년 2월 입주 예정. 분양문의 031 711 2955 ※본 콘텐츠는 기업 제공 자료로 세계닷컴의견과 다를수 있습니다. Segye.com Segye.com 인기뉴스 日 엽기살인사건… 머리 찾아달라 정부 나섰다 통일장관 北주민 9명 귀순 닷새동안 몰랐다 여제자에 변태행위 강요 교장 직위해제 원룸털이 하려고 운동·식이요법까지… 기가 막혀 MB “부패 한계 왔다”… 공직기강 바짝 죈다 ⓒ 세계일보 Segye.com 무단 전재 및 재배포 금지 금융전문뉴스 세계파이낸스 모바일로 만나는 세계닷컴 세계닷컴은 한국온라인신문협회 www.kona.or.kr 의 디지털뉴스이용규칙에 따른 저작권을 행사합니다.,https://news.naver.com/main/read.nhn?mode=LSD&mid=shm&sid1=260&oid=022&aid=0002275863,284
261852,2011.06.16. 오후 1:44,부동산,매일경제,강남구 개포동 이재민에 임대주택 제공,강남구가 지난 12일 화재로 집이 소실된 개포동 이재민들을 위해 임대주택을 제공한다. 임대주택은 화재로 집을 잃은 75가구 전체에 제공된다. 강남구는 서울시와 협의를 거쳐 SH와 LH 보유 임대주택을 우선 확보해 이재민들에게 제공할 계획이다. 주택규모는 공급면적 21 64㎡로 가구별 세대원에 따라 제공된다. 임대료는 월 7만5000 15만원으로 최대 4년간 거주할 수 있다. 보증금은 500만 900만원 선이다. 가구배정 입주일정 등은 추후 협의를 거쳐 결정된다. 이명진 기자 r start 화보 속 훤히 보이는 과감한 시스루룩 김정민 가계빚 위험 카드사태때의 2배 삼성직원들은 지금…친구와 만날때도 유흥업소는 NO 북한 미모의 女승무원 화제 서울대 부모 연봉 3800만원 이하 전액장학금 지급 장쯔이 성룡 음주 후 모습 포착 ‘좋아 죽겠다’ 포토 늑대의 유혹 무대 가득채운 멋진 출연진 r end ⓒ 매일경제 mk.co.kr 무단전재 및 재배포 금지 MBA도 모바일로 공부한다.,https://news.naver.com/main/read.nhn?mode=LSD&mid=shm&sid1=260&oid=009&aid=0002485851,284
261853,2011.06.16. 오후 1:35,부동산,헤럴드경제,부평역 더블 역세권 신일오피스텔 특별이벤트 분양,☞ 계약금 5% 약 500만원 만 내시면 입주때 까지 들어가는 돈이 없다. ☞ 중도금 전액 무이자 ☞ 풀옵션 특별 제공 ☞ 1가구 2주택 무관 ☞ 서울 7호선 부평구청역과 인천 지하철 1호선 환승역세권·서울 1호선 부평역 신일건업이 인천 부평구 부평역과 부평 구청역 2분거리에 오피스텔 ‘신일 유스테이션’을 분양 중이다. 지난번 문을 연 신일 유스테이션 견본주택은 개관 3일 동안 1만 명이 넘는 관람객이 찾아 청약돌풍을 예고했다. 최근 3년 동안 주변지역에 신규오피스텔이 없었다는 측면에서 수익률에 대한 투자자들의 기대가 컸던 것으로 보인다고 회사측은 밝혔다. 신일 유스테이션은 지하 7층∼지상 20층 규모의 주상복합 오피스텔로 64.46㎡ 19형 108실 마감 70.61㎡ 21형 224실 82.85㎡ 25형 18실 103.31㎡ 31형 32실 등으로 총 382실로 구성됐다. 분양가와 계약조건도 우수하다. 분양가는 3.3㎡당 400만원 대로 저렴하며 중도금 무이자 혜택 무제한 전매제한 풀옵션 무상제공 등 혜택이 소액투자자들의 관심을 끌 것으로 보인다. 소형오피스텔이지만 20층 규모의 랜드마크적 외관 고급커뮤니티와 풀옵션 및 세련된 마감자재를 활용한 점도 눈에 띈다. 인천지하철 1호선과 환승될 예정인 7호선 부평구청역이 2012년 개통 예정으로 오피스텔 완공과 함께 도보 5분에 바로 이용가능한 더블 역세권 으로 강남까지 50분대면 이동할 수 있게 된다. 근처에 공단이 있어 공실이 거의 없는 안정적인 임대수요를 제공한다오후 4 30 2011 06 08. 북측에 GM대우 자동차공단 1만2000여명 부평공단 2만356명 이 있고 남측으로는 부평시장 상권이 자리한다. 또한 바로옆에는 부평구청이 위치해 있어 공실 걱정은 없을 듯 하다. 신일 유스테이션 관계자는 “싼 분양가와 최근 주변지역에 신규오피스텔이 없었다는 점에 수요자들이 매력을 느낄 것으로 판단된다”고 말했다. 견본주택은 롯데마트 삼산점과 삼산체육관 인근에 위치해 있다. ◈ 신청금 100만원을 입금하시고 방문하시면 호수 지정에 유리하다. ◈ 신청계좌 국민은행 392001 04 162963 ◈ 예금주 u3000신일건업 정 계약시에는 자금관리 신탁사로 입금합니다.,https://news.naver.com/main/read.nhn?mode=LSD&mid=shm&sid1=260&oid=016&aid=0000386974,284
261854,2011.06.16. 오후 1:32,부동산,이데일리,태영건설 영남권 최대 경주 블루원 워터파크 오픈,이데일리 이진철 기자 국내 최다건수의 하수처리장 시공 및 운영실적을 보유한 태영건설 009410 이 이번에는 레저산업인 워터파크 사업에 진출해 물과 관련된 사업영역을 넓히고 있다. 태영건설은 경북 경주시 블루원리조트내에 영남권 최대 규모의 워터파크인 블루원 워터파크 를 오는 18일 개관한다고 16일 밝혔다. 블루원 워터파크 는 남태평양의 지상낙원 폴리네시안을 테마로 실내외 워터파크로 꾸며졌으며 하루 최대 1만명을 수용할 수 있다. 특히 천연 알카리 온천수를 사용해 성인병 예방 및 피부미용 효과까지 누릴 수 있다. 블루원 워터파크의 대표적인 물놀이 시설은 국내 최고 높이 2.6미터를 자랑하는 실외 파도풀 스톰웨이브 다. 스톰웨이브 는 국내에서 최초로 설치되는 세계적인 파도풀 제작업체 영국 머피사 의 서프웨이브 파도풀로서 총 길이 90미터 폭 26.5미터로 1450명을 동시에 수용할 수 있는 규모다. 실외 워터파크에는 길이 266미터 폭 5미터 너비로 급류에서의 래프팅을 방불케 하는 토렌트리버 18미터 높이에서 128미터 구간을 순식간에 주파하며 스피드를 극대화한 4인승 튜브 슬라이드인 토네이도 슬라이드 라는 놀이시설도 갖추고 있다. 블루원워터파크 는 부산 대구 울산 포항에서 1시간 이내의 접근성을 갖추고 있고 KTX 신경주역의 개통으로 영남권 뿐만 아니라 서울에서 2시간이면 도착할 수 있다. 태영그룹이 경주에 조성한 블루원리조트는 콘도미니엄 골프장 워터파크가 갖추어진 4계절 종합 리조트 단지다. 태영그룹 관계자는 블루원리조트를 국내를 대표하는 최고의 레저 브랜드로 성장시켜 나갈 계획 이라고 말했다.,https://news.naver.com/main/read.nhn?mode=LSD&mid=shm&sid1=260&oid=018&aid=0002453436,284
261855,2011.06.16. 오후 1:27,부동산,머니투데이,사진극동건설남양주시 하수처리기술개발 MOU 체결,머니투데이 김창익 기자 극동건설은 웅진컨소시엄이 남양주시와 하·폐수 고도처리 기술개발 및 관련 기술의 사업화를 위해 남양주시 하수처리장을 테스트베드 실험공간 로 구축하는 내용의 상호협력 양해각서 MOU 를 체결했다고 16일 밝혔다. 웅진컨소시엄엔 극동건설과 웅진코웨이·웅진케미칼·그린엔텍 등 웅진그룹 계열사들이 참여한다. 송인회 오른쪽 극동건설 회장과 이석우 남양주시장이 MOU 체결식을 마치고 기념촬영하고 있다.,https://news.naver.com/main/read.nhn?mode=LSD&mid=shm&sid1=260&oid=008&aid=0002556644,284
261856,2011.06.16. 오후 1:24,부동산,머니투데이,건설업계 분양가 상한제 폐지 강력 요청,머니투데이 조정현 MTN기자 민간 건설업계 모임인 대한 건설단체 총 연합회는 권도엽 국토해양부 장관에게 분양가 상한제 폐지를 포함한 건설업 규제 완화 방안을 건의했습니다. 최삼규 건설협회장과 김충재 주택건설협회장 김종인 주택협회장 등 건설 관련 단체장들은 서울 임페리얼 팰리스호텔에서 권도엽 장관과 첫 간담회를 갖고 각종 현안을 모은 건의서를 전달했습니다. 건의서엔 민간택지 분양가 상한제 폐지와 재개발ㆍ재건축 활성화방안 최저가 낙찰제 적용대상 공사금액 동결 등의 내용이 담겼습니다. 한편 건설단체 연합회는 5 445개 건설업체의 서명을 받아 이번 임시국회에서 분양가 상한제 폐지안을 처리해달라는 탄원서를 어제 국회에 제출했습니다.,https://news.naver.com/main/read.nhn?mode=LSD&mid=shm&sid1=260&oid=008&aid=0002556642,284
261857,2011.06.16. 오후 1:23,부동산,경향신문,세제 감면 파격 분양조건 등 혜택  ‘송도테크노파크 IT·BT센터’ 특별분양,한시적 특별할인분양 세제감면 등으로 사옥 마련 최적 투자기회 기업·투자 몰리는 송도에 즉시입주 가능한 첨단 R D센터 희소가치 삼성 바이오로직스 5월 착공으로 IT·BT산업 중심지 송도 급부상 연구개발·비즈니스 동시에...IT·BT관련기업이면 즉시 입주 OK 삼성 바이오로직스 R D기지 착공 등 대형 호재가 잇따르고 있는 인천 송도국제도시에서 첨단 IT·BT산업 클러스터의 중추 역할을 담당할 매머드급 R D센터가 준공 후 한시적 특별할인분양을 실시해 관심을 끌고 있다. 코오롱건설이 지은 ‘송도테크노파크 IT센터’가 그 주인공. 송도테크노파크 IT센터는 지하 1층 지상 33층 규모의 트윈타워로 연면적만 약 11만1003㎡에 달하며 연구개발과 비즈니스를 동시에 수행할 수 있는 최적의 환경을 갖추었다는 평가를 받고 있다. 전용면적 기준 205 423㎡ 194실의 업무공간과 23실의 지원시설이 조성되어 제조업·지식기반산업·정보통신산업·벤처기업 등 다양한 IT·BT관련업종이 즉시 입주할 수 있다. 또한 단지 바로 옆으로 조성중인 송도테크노파크 BT센터가 완공되면 송도테크노파크 IT·BT센터는 송도테크노파크 첨단 R D센터의 양대산맥을 형성하게 된다. 입지여건 좋고 대형 개발호재 줄이어 투자가치 급상승 송도테크노파크 IT센터는 무엇보다 입지여건이 뛰어나다. 이곳 주변에는 동북아트레이드타워 컨벤션센터를 비롯해 350여 개의 빌딩이 이미 들어섰거나 들어설 예정이다. 이 밖에도 연세대 국제캠퍼스 포스코 글로벌 R D센터 송도테크노파크 BT센터 MT센터 AT센터 송도국제학교와 국제병원 시드니 오페라 하우스 등 비즈니스·교육·문화시설이 일부 건립되었거나 현재 건립중에 있다. 교통환경도 탁월하다. 인천 지하철 1호선 테크노파크역이 도보 5분거리에 위치한 초역세권이며 경인·제2경인·제3경인고속도로 영동고속도로 서해안고속도로 서울외곽순환고속도로 등이 인접해 서울 및 수도권으로의 물류 이동이 자유롭다. 대형 개발호재도 잇따르고 있다. 삼성 바이오로직스 주 는 인천 경제자유구역 송도지구 5공구 내 27만4000㎡부지에 총 2조1000원을 투자해 바이오시밀러·바이오신약을 연구개발하는 R D센터 및 제조공장을 건립할 계획이다. 세계적인 그린 에너지 기업의 투자 유치도 줄을 잇고 있다. 최근 송도는 첨단 전기자동차 부품인 전기모터 세계 1위 기업인 브로제 Brose 사 태양열 활용 대체 에너지 기술 세계 1위 기업인 세미크론 SEMIKRON 사와 각각 MOU 양해각서 를 체결했다. 인천경제자유구역청 IFEZ 에 따르면 지난해 송도 외국인직접투자 FDI 는4억7300만 달러로 집계됐다. 이는 2009년 1억5500만달러 보다 300% 증가한 것이다. 국내 기업의 투자 역시 지난해 2월 3조6758억원에서 올 2월 4조3407억원으로 증가했다. 세제 감면 파격 분양조건 등 혜택 넘쳐 송도테크노파크 IT센터에 입주하는 업체는 조건 충족 시 중소기업 기술신용보증 특례제도에 따른 자금지원은 물론 지방세 재산세 면제 혜택 입주업체 용도에 따라 일부 제한 이 제공된다. 특히 송도는 수도권 과밀억제권역으로 이곳에서 2년 이상 공장시설을 갖추고 사업을 하는 중소기업은 조세특례법상 법인세를 2년 동안 100% 2년 후 50%의 감면받을 수 있다. 지원 조건 해당 업체에 따라 설비투자와 인력개발비에 관련된 세금도 공제받을 수 있으며 산업기술연구·개발용품에 대해 80% 관세감면 연구전담용원에 대한 병역특례혜택 등 다양한 IT기업의 지원 혜택을 받을 수 있다. 송도테크노파크 IT센터의 파격적인 분양조건도 매력적이다. 입주 희망 업체는 특별할인분양 혜택과 더불어 계약금 5%로 분양받을 수 있다. 송도테크노파크 IT센터는 지난 1월 건물이 완공돼 분양계약 체결 즉시 입주가 가능하기 때문이다. 특히 올해 5월부터 관련규정 개정으로 분양 후 입주 전 전매가 가능하며 분양 또는 입주 후 일부 업무공간을 임대할 수도 있다고 분양 관계자는 덧붙였다. 임대의 경우 분양업체와 상담 후 결정할 수 있다. 분양 관계자는 “송도테크노파크 IT센터는 파격적인 분양가와 함께 다양한 세제 혜택을 받을 수 있다”며 “저렴한 값으로 최고의 전문 업무시설을 잡을 수 있는 기회”라고 강조했다.현재 공사중인 송도테크노파크 BT센터 032 260 0550 도 분양상담 및 사전 청약을 실시중이다. 분양 및 입주상담 032 260 0300 본 자료는 해당 업체에서 제공한 보도 자료입니다. 경향신문 ‘오늘의 핫뉴스’ 병무청장 “MC몽 입대발언 쏙 들어가”…왜 대학생 ‘신용카드 강간’…결국 ‘마루타 알바’ “과 수석이 학비 없어 자퇴…” 교수 1인시위 서러운 알바 여대생… 내가 사람이긴 한 건가 서울대생 절대 대통령 안돼야할 인물 1위 “B급 대학에 왜 비싼 돈주고 다니냐고요 ” 공식 SNS 계정 경향 트위터 미투데이 페이스북 세상과 경향의 소통 Khross ⓒ 경향신문 경향닷컴 www.khan.co.kr 무단전재 및 재배포 금지 〈경향닷컴은 한국온라인신문협회 www.kona.or.kr 의 디지털뉴스이용규칙에 따른 저작권을 행사합니다.,https://news.naver.com/main/read.nhn?mode=LSD&mid=shm&sid1=260&oid=032&aid=0002142462,284
261858,2011.06.16. 오후 1:22,부동산,세계일보,임대 완료 주안역 1분거리 선시공 후분양하는 도시형 생활주택,세계닷컴 침체에 빠져 있는 주택시장에서 눈길을 돌린 수요자들이 수익형 부동산으로 몰리고 있다. 주택처럼 시세차익도 노릴 수 있는 동시에 매달 꾸준한 월세로 고정 임대수익을 얻을 수 있는 오피스텔이나 도시형생활주택이 인기를 끌고 있는 것이다. 인천 주안역앞에 미진 주택건설이 시공한 미진 도시형생활주택은 공급면적이 20㎡이하이며 지상 1층 지상10층건물로 원룸형으로 준공완료된 도시형생활주택이다. 미진 도시형 생활주택은 국제 비즈니스 도시인 송도국제도시 청라국제도시와 인접하며 인천 지하철2호선 환승역이 개통하게 되면서 주안의 대표적 상업지구인 대규모 지하상가 및 주안 수출공업5 6공단지 기업체 105개 종사자 1만8000여명 상업지구 내 금융시설등이 인근에 위치해 탄탄한 임대수요층를 갖추고있는 지역이다. 또한 주안 역세권 개발 사업으로 역전광장 조성이 될 예정이라 남구의 새로운 랜드마크로 부상하고 있고 주안역 유동인구만 40여만명에 달한다. 주안역 12번출구에서 도보 1분거리내에 위치해 있고 인천 2호선 환승역이 개통되면 현재공사중 더블 역세권이 형성되고 서울 영등포역까지 30분이면 출퇴근이 가능하다. 시내 버스노선의 80%가 경유하는 인천의 교통 요충지로서 편리한 교통환경을 갖추고 있으며 경인고속도로 서울 외곽순환도로 경인국도와 인접해 서울 인천 안양 과천 등 광역으로 통하는 교통인프라도 자랑한다. 또한 기존 오피스텔보다 관리비를 낮추었을 뿐만 아니라 차별화된 미래형 초소형 아파트라는 신개념을 도입하여 고품격 인테리어와 전세대 발코니확장 드럼세탁기 에어컨 냉장고 가스렌지 붙박이장 신발장 침대 커텐등 모든 시설물을 무상 제공한다. 분양가는 5.900만원 6.600만원이며 임대가 500 40 45만원 수도권에서 가장저렴한 분양가로 실투자금 3 000만원이하로도 바로 입주가 가능하며 잔금과 동시에 구분등기가 이루어지고 예상수익률이 아닌 현실적인 수익률 11%이상 로 임대차 계약이 체결된다. 미진 도시형 생활주택은 선시공 후분양으로 투자자의 안정성을 확보했고 계약 잔금과동시에 구분등기를 완료하고 곧바로 임대수익을 창출할수있는 확실한 수익상품이라고 할수있다. 분양문의 1577 8936 ※본 콘텐츠는 기업 제공 자료로 세계닷컴의견과 다를수 있습니다. Segye.com Segye.com 인기뉴스 통일장관 北주민 9명 귀순 닷새동안 몰랐다 주한미군 훈련 도중 시민들에게 총 겨눠 대학생 두번 울리는 사립대 기숙사비 MB “부패 한계 왔다”… 공직기강 바짝 죈다 파렴치 교장 형편 어려운 여제자 성추행 파문 ⓒ 세계일보 Segye.com 무단 전재 및 재배포 금지 금융전문뉴스 세계파이낸스 모바일로 만나는 세계닷컴 세계닷컴은 한국온라인신문협회 www.kona.or.kr 의 디지털뉴스이용규칙에 따른 저작권을 행사합니다.,https://news.naver.com/main/read.nhn?mode=LSD&mid=shm&sid1=260&oid=022&aid=0002275847,284
261859,2011.06.16. 오후 1:22,부동산,파이낸셜뉴스,강남구 화재로 터전 잃은 재건마을 이재민에 임대주택 제공,최근 화재로 삶의 터전을 잃은 서울 강남구 개포동 재건마을 이재민들이 임대주택에 입주한다. 강남구는 서울시에 요청해 확보한 SH공사와 LH공사 소유의 시내 임대주택을 재건마을 이재민 모두에게 제공할 계획이라고 16일 밝혔다. 이번에 마련한 임대주택은 전용면적 21∼64㎡ 규모로 세대별 가구원 수에 따라 다양하게 지원된다. 월 임대료 7만5000∼15만원에 최대 10년까지 거주할 수 있다. 지난 12일 오후 재건마을에서는 초등학생의 장난으로 불이 나 전체 109가구 가운데 75가구가 모두 타는 등 피해가 발생했으며 이재민들은 현재 천막과 마을회관에서 임시로 지내고 있다. 강남구 관계자는 “이번 긴급 주거지원으로 이재민을 위한 근본적 주거대책이 마련됐다”며 “앞으로도 필요한 구호조치를 적극적으로 해나갈 것”이라고 말했다.,https://news.naver.com/main/read.nhn?mode=LSD&mid=shm&sid1=260&oid=014&aid=0002458043,284
261860,2011.06.16. 오후 1:20,부동산,헤럴드경제,잡아라 한강 프리미엄 최초 천만원대 마지막 기회,한강이 보인다 한라비발디 아파트 특별분양 ☞중도금 무이자 ☞계약금 5% ☞생태공원 18만 바로 앞 위치 ☞한강 조망권 ☞여의도 19분 쾌속 교통망 김포 한강로 직접 연결 ☞녹지율 53% 지방 분양시장의 분양열기가 수도권 시장에도 전해지고 있다. 4월 중순 문을 연 ‘한강신도시 한라비발디’ 견본주택에는 많은 인파가 다녀가면서 수도권 분양시장에도 훈풍이 불고 있다. 한라건설에 따르면 김포한강신도시에 분양하는 ‘한강신도시 한라비발디’는 견본주택 개관 첫날 7500명 주말에 약 2만여 명이 다녀가 3일 동안 약 2만 8천 여명이 견본주택을 다녀갔다. 견본주택 앞에는 개관 전부터 방문객들로 인해 줄이 길게 늘어서는 진풍경이 펼쳐졌고 견본주택 안에도 분양상담을 받으려는 방문객들로 내내 인산인해를 이뤘다. 한라건설 관계자는 “김포한강신도시는 8월에 김포한강로가 개통되면 서울 접근성이 좋아지며 특히 운양용화사IC가 택지내에서 가장 근거리에 위치해 서울로 이동이 수월하다”고 말했다. 또 “한강신도시 한라비발디 분양가는 3.3㎡ 당 1060만원으로 타 지역보다 저렴한 분양가로 한강과 조류생태공원 등을 조망할 수 있다는 것이 가장 큰 장점”이라고 덧붙였다. ‘한강신도시 한라비발디’는 지하2층 지상19층 12개 동 총857가구의 대단지로 전용면적 기준 105㎡형 513가구 106㎡형 284가구 126㎡형 60가구로 구성됐다. 분양가는 3.3㎡ 당 1060만원으로 계약금 5%씩 2회 분납 중도금 60% 전액 무이자가 적용된다. 전매는 계약 1년 후부터 가능하다. ‘한강신도시 한라비발디’ 견본주택은 김포시 고촌읍 신곡리에 위치해 있다. 선착순 특별 분양이므로 신청금 입금 후 방문하는 것이 유리하다.,https://news.naver.com/main/read.nhn?mode=LSD&mid=shm&sid1=260&oid=016&aid=0000386973,284
261861,2011.06.16. 오후 1:16,부동산,아시아경제,올 하반기 달라지는 부동산 제도는 ,아시아경제 조철현 기자 부동산 시장은 정책의 변화에 매우 민감하다. 이 때문에 올해 내 집 마련을 계획하고 있는 예비 수요자와 재테크에 관심을 둔 투자자들은 앞으로 바뀌는 부동산관련 정책과 달라지는 규정에 대해 꼼꼼히 확인해 둘 필요가 있다. 이남수 신한은행 부동산팀장은 “부동산시장은 제도 변화에 큰 영향을 받는 만큼 내집 장만 및 투자 전략을 세우기에 앞서 달라지는 내용을 꼼꼼히 챙기는 게 중요하다”고 말했다. 올 하반기 달라지거나 새로 생기는 부동산 관련 제도를 정리했다. 취득세 감면 주택 거래 때 취득세 50% 감면 혜택이 올해 말까지 연장된다. 현재는 9억원 이하 1주택자의 취득세율이 2%에서 1%로 9억원 초가 1주택자 또는 다주택자는 4%에서 2%로 낮춰 시행되고 있다. 하지만 내년부터는 취득세 감면 혜택이 없어진다. 다만 서민층 주택 구입 지원을 위해 9억원 이하 1주택 이사 등 일시적 2주택에 한해서만 감면 혜택이 적용된다. 양도세 중과 완화 제도의 일몰 연장 양도소득세 중과완화 제도의 일몰 시한이 내년 말까지 2년간 연장된다. 이에 따라 다주택 및 비사업용 토지 소유자는 주택 및 토지 매매 때 중과세율 50 60% 대신 기본세율 6 35% 을 적용받게 된다. 부동산 거래 때 허위로 신고 일명 다운계약서 작성 하면 양도세 비과세·감면 혜택을 받을 수 없다. 보금자리 청약 자격 제한 전용면적 60㎡ 이하 보금자리주택 중 그동안 신혼부부와 생애최초 특별공급에 한해 적용됐던 소득과 자산기준이 일반공급분으로 확대된다. 부동산 보유 기준도 2억1550만원에서 전·월세 보증금이 포함돼 이 금액을 넘을 경우 60㎡ 이하 보금자리주택 청약 자격이 박탈된다. 도시형생활주택 건설 규모 확대 7월부터는 도시형 생활주택 건립 규모를 현행 150가구에서 최대 300가구로 늘리는 제도가 시행된다. 경작 목적 토지 점용 허가권 양도 금지 7월부터 경작 목적으로 하천 내 부지를 점용 허가받았을 때 허가권을 양도하거나 토지를 다른 사람이 점용·사용할 수 없다. 이를 위반하면 300만원 이하의 과태료가 부과된다. 이밖에 올 하반기 주택시장을 살릴 수 있는 굵직굵직한 현안이 6월 임시국회에서 다뤄질 예정이다. 대표적인 것이 분양가상한제와 재건축 초과이익 환수제 폐지 여부 전·월세 상한제 도입 여부 아파트 리모델링 활성화 법안 마련 등으로 이들 법안 처리 결과에 따라 향후 부동산 시장의 방향성이 크게 달라질 전망이다.,https://news.naver.com/main/read.nhn?mode=LSD&mid=shm&sid1=260&oid=277&aid=0002624123,284
261862,2011.06.16. 오후 1:06,부동산,헤럴드경제,수원광교 신도시 최저가 오피스텔 특별분양,☞ 경기대 도보 3분 경기대역 도보2분 거리의 초역세권 ☞ 전매 무제한 1가구 2주택 미적용 ☞ 광교 신도시 최저 분양가 ☞ 오피스텔 600만원대 상가 2 000만원대 ☞ 선착순 호수 지정 계약 ☞ 고품격 풀옵션 미래 가치 상승과 프리미엄 기대 ☞ 소액투자 가능 투자 대비 임대수익 안정적 ☞ 전세가 높아 환금성 유리 ☞ 부동산 투자 전문가들이 말하는 최고의 상업지역 ☞ 광교 테크노밸리 바로옆에 위치 ☞ 동수원 IC 최단거리 약 100m ☞ 주 풍산건설 책임준공 국제신탁 자금관리 2011년 새해 부동산 시장에서 사람들에게 가장 뜨거운 관심을 받고 있는 지역은 어디일까 모든 부동산 전문가들은 한목소리로 광교 신도시를 1순위로 지목하고 있다. 그 동안 논란을 거듭해온 경기도청 수원지방법원 수원지방검찰청 이전이 확정되면서 118 218㎡ 약35 760평 규모의 행정타운과 65 858㎡ 약19 922평 법조타운이 조성되고 신분당선 연장선의 실시계획승인으로 1월에 착공이 들어가면서 지하철 개통으로 인한 역세권 호재까지 반영되며 상업시설이 살아나고 임대 수요 또한 폭발적으로 늘어날 것이라는 것이 전문가들의 공통된 의견이다. 광교신도시는 경기도 수원시 영통구 이의동 원천동 하동과 팔달구 우만동 장안구 하광교동 상광교동 및 용인시 수지구 상현동 일원 등 2개의 시에 걸쳐서 산업단지와 상업 주거 행정이 어우러져 개발되는 자족 신도시이다. 도시 중심성을 확보할 수 있는 도시공간구조 형성 및 친환경적 도시환경 조성으로 수원시와 용인시 서북부 지역의 발전 도모를 목적으로 하고 있으며 총 면적은 1130만 1699㎥ 약341만8000평 이며 강남 분당 판교를 잇는 경부축 연결 선상에 위치하고 있다. 광교신도시는 영동고속도로 경부고속도로 용인서울고속도로 북수원 상현IC간 도로 흥덕 하동간 도로 동수원 성북IC간 도로 교차지점에 입지하고 있으며 지구내의 동수원 나들목 광교 나들목 신대 나들목의 이용으로 사통팔달 동서남북 어디든지 신속하게 갈 수 있다. 현재 용인서울간고속도로 이용하면 강남까지 30분정도 소요되며 2015년에는 정자역에서 광교신도시에 이르는 신분당선이 개통돼 강남까지 30분이면 도달이 가능하게 되며 지하철 버스를 통해 외부 대중교통을 최대 60%까지 분담하게 된다. 또한 광교신도시의 교육기관은 신설될 학교를 포함해 초등학교 9곳 중학교 6곳. 고등학교 8곳이며 특히 서울대학교 융합과학기술대학원 아주대학교 경기대학교 경희대학교 합동신학대학원대학교등 대학교 5곳도 입지하게 된다. 더불어 경기과학고 서울국제학교 성남 성균관대학교 경희대학교 국제캠퍼스 등 의 학교들도 인근지역에 위치하고 있으며 광교신도시 주변에 아주대병원 빈센트 병원 등 800병상 이상의 대형병원이 입지하고 있으며 추후 동백연세대 의료원과 을지병원 등이 추가로 입지할 예정이다. 녹지율은 국내 신도시 최고 수치인 41 7% 주택용지비율은 18.8% 자족용지비율은 27%이며 20만평 2 043 858㎥ 넓이의 원천 신대호수를 포함하고 있다. TOD Transit Oriented Developement 압축도시 지향으로 인구밀도는 69 ha로 국내 신도시 중 최저이며 주택은 아파트 23 227세대 연립주택 2 149세대 주상복합 5 624세대로 총 31 000세대가 공급된다. 특히 광교테크노밸리는 26만 9404㎡ 약81 495평 의 대규모 부지로 경기도에서 1990년대 후반부터 추진한 사업단지로 총 사업비만 5728억원이상 투입됐다. 2001년부터 운영중인 경기중소기업지원센터를 필두로 2006년에 개원한 나노소자특화팹센터 2007년에 완공된 경기바이오센터와 경기R D센터를 비롯해 차세대융합기술연구원 중소기업지원센터 등 5개 기관과 기업 224개 업체가 입주해 있고 주변으로는 첨단바이오특화단지 경기도청을 포함한 광교행정타운 법조타운과 같은 대형 산업 및 업무시설이 조성되고 있다. 이곳에 풍산건설이 책임준공하고 국제신탁이 자금관리 하는 이스턴타워 오피스텔과 상가를 지하4층 지상10층 규모로 공사진행중이며 분양을 시작했다. 이스턴타워 오피스텔.상가는 경기대와 경기대역 광교테크노 밸리를 연결하는 트라이앵글 삼각축 의 중심축에 위치하고 있으며 광교테크노밸리에 입주한 224개 기업체의 약 4천여명의 상주인원과 제약 첨단바이오 특화단지 조성으로 향후 상주인원은 1만2천여명 일이용객 1만여명 교육연구연인원 7만여명의 이상의 대규모 상권이 유입되면서 2만여 가구에 달하는 배후세대와 경기대학교 약2만여명 아주대학교 약1만2천여명 경희대학교 서울대학교 융합 기술대학원 아주대병원 합동신학대학원대학교 등의 교육시설이 밀집돼 있고 비즈니스파크 및 R D단지등이 가까워 소형 오피스텔을 찾는 직장인 연구원 신혼부부 대학생 등의 풍부한 임대수요가 기대된다. 부동산 전문가들은 광교는 명품신도시 이미지로 현재 중대형 아파트가 주류를 이루고 있고 소형평형 아파트의 공급률이 낮고 오피스텔 용지 광교 6% 분당 9% 판교 8% 일산 8% 부족으로 오피스텔 공급이 턱 없이 부족해 위의 상주인원들의 수용이 한정될 수밖에 없으므로 광교신도시의 완공 후 중소형 오피스텔은 물론 산가도 품귀현상이 바로 나타날 것으로 예상되다 보니 광교신도시의 이스턴타워 오피스텔 상가를 최고의 투자처로 손꼽을수 있다고 말하고 있다. 이스턴타워 오피스텔 상가는 현재 지하 토목공사가 완료 단계로 공정률 20%이상 진행중이고 분양가에서도 거품을 모두 빼고 광교신도시에서 사상 최초의 최저 분양가를 책정하였다. 많은 투자자들이 앞다퉈 이스턴타워 오피스텔 상가 신축 현장을 찾고 있으므로 수익형 부동산에 관심을 갖는분들이나 안정된 투자처를 찾는분 미래가치를 생각하는분 첫투자 하시는 분들은 하루 빨리 방문하는 것이 좋으며 방문전 신청금 입금하시고 호수지정을 받고 방문 상담하시는 것이 유리하다.,https://news.naver.com/main/read.nhn?mode=LSD&mid=shm&sid1=260&oid=016&aid=0000386971,284
261863,2011.06.16. 오후 1:03,부동산,머니투데이,소형 오피스텔 최대 3000만원 할인분양,머니투데이 올 3월 100%분양이 완료된 메타포스빌오피스텔이 회사보유분으로 가지고 있던 5개 호실을 특별할인 분양에 들어간다. 최저 500만원에서 최대 3000만원까지 할인분양을 하기에 시세차익까지 노려볼만하다. 분양가는 1억1700만원 1억6000만원대로 동탄 신도시에서 가장저렴한 수준인데 할인을 받 게되면 9800만원 1억3000만원대로 최저분양가에 분양을 받을수가 있다. 오피스텔의 인기가 고공행진을 이어가고 있는 지금시점에 최대 3000만원까지 할인을 받는조건은 최상의 투자 조건이다. 동탄 메타포스빌 오피스텔은 37 60㎡로 구성되며 동탄에서 가장 필요한 임대가 잘 되는 소형 평형으로 이루어져 있다. 호텔식 인테리어에 시스템에어컨 건조기능드럼세탁기 냉장고 32인치 LCD TV 등 풀옵션이 무상 제공되면서 기본 복층 시공 한다. 동탄신도시에 흔하지 않은 풀옵션에 복층시공까지 해주고도 분양가는 1억1700만원 1억6000만원대로 동탄 신도시에서 가장 저렴한 수준이다. 메타포스빌 오피스텔은 오는 7월 완공한다. 배후수요 탄탄 편의시설 풍부 이 오피스텔의 가장 큰 장점은 배후 임대수요가 탄탄하다는 점이다. 오피스텔 주변에 삼성전자 반도체 공장과 협력 업체가 위치해 있다. 인근에 한림대병원도 조만간 문을 열 예정이다. 이렇게 되면 주변에 오피스텔 수요가 급증할 것으로 현지 부동산중개업소는 보고 있다. 반면 인근에 이를 흡수할 소형 주거시설의 공급은 부족해 앞으로 동탄신도시에 오피스텔의 수급 수요와 공급 불균형이 심화될 것으로 예상된다. 생활편의시설이 풍부하다는 점도 동탄 메타포스빌의 빼놓을 수 없는 자랑거리. 이 오피스텔은 각종 상업·업무·문화시설이 포진해 있는 동탄신도시 중심상업지역에서 가깝다. 이 때문에 스마트 쉐르빌은 2010년 중심상업지역에 개장한 메타폴리스의 아이스링크·CGV·엔터식스·패션몰 등의 각종 편의시설 이용이 편리할 전망이다. 동탄 스마트 쉐르빌 오피스텔 입주자의 주거생활이 편리해질 것으로 볼 수 밖에 없는 이유가 여기에 있다. 특급 서울 접근성 OK 이 오피스텔은 서울 접근성이 뛰어다는 강점을 갖추고 있다. 2009년 7월 개통된 용인∼서울 고속도로를 이용하면 서울 강남권까지 30분대에 진입이 가능하다. 경부고속도로 동탄나들목과 기흥나들목 이용도 편리하다. 앞으로 서울 접근성은 더 좋아질 전망이다. 경기도가 수도권 급행 철도 GTX 건설을 추진하고 있고 분당선 연장선 동탄역이 신설될 예정이라서다. 소액 투자 가능한 소형 임대수요가 풍부한 소형으로만 구성돼 있다는 점도 동탄 메타포스빌의 강점으로 꼽힌다. 최근 소형 오피스텔의 주된 수요층인 1∼2인 가구는 급증하는 추세다. 이에 비해 이들을 수용할 오피스텔 등과 같은 소형 주거시설의 공급은 더딘 편이다. 때문에 당분간 소형 주거시설의 수급 불균형이 심화되면서 동탄 메타포스빌과 같은 소형 오피스텔의 희소가치는 높아질 것으로 전문가들은 예상하고 있다. 일반적으로 소형 오피스텔은 소액 투자가 가능하고 환금이 대형에 비해 상대적으로 좋아 찾는 사람이 많다는 특징이 있다. 홈페이지 hp www.metaposvill.co.kr 분양문의 031 8003 2884 ※ 본 자료는 해당 업체에서 제공한 비즈니스정보입니다.,https://news.naver.com/main/read.nhn?mode=LSD&mid=shm&sid1=260&oid=008&aid=0002556630,284
261864,2011.06.16. 오후 12:56,부동산,머니투데이,전세난 고심땐 입주 2년 아파트 노려라,머니투데이 지영호 기자 세입자가 체크해봐야 할 단지 하반기 수도권 전세난을 우려하는 목소리가 높다. 부동산시장의 침체로 인해 신규 수요가 줄은 데다 강남 재건축 사업이 진행되면서 발생한 이주수요가 한꺼번에 전세시장으로 나올 가능성이 높기 때문이다. 게다가 최근 단행된 금리 인상도 전세난을 가중시킬 요인으로 분석된다. 한국은행은 지난 10일 기준금리를 0.25%올린 연 3.25%로 결정했다. 기준금리가 인상되면 대출금리도 높아지기 때문에 대출을 받아 집을 얻으려는 수요가 전세로 주저앉을 가능성이 높아진다. 또 집주인은 늘어난 금리만금 전·월세금을 올리려 한다. 부담은 고스란히 세입자에게 전가되는 구조다. 따라서 입주 2년차 단지도 예년보다 일찍 관심이 높아질 것으로 예상된다. 입주 2년차 단지는 전세가격이 낮은 경우가 많다. 일시적으로 공급 과잉 현상이 벌어지는 까닭이다. 통상 전세 계약은 2년마다 이뤄진다. 아파트를 찾는 세입자 입장에서는 반드시 체크해봐야 할 단지다. 판교 입주 2년 물량 가장 많아 부동산114가 조사한 수도권의 입주 2년차 물량을 살펴보면 하반기 최대 물량을 자랑하는 곳은 판교신도시다. 모두 1만가구 이상 1만581가구 이 하반기에 판교에서 입주 2년이 된다. 2009년 입주한 백현마을 봇들마을 판교원마을 아파트 등은 눈여겨 볼 단지다. 성남시 백현동 백현마을 5단지 584가구와 판교동 판교원마을 5단지 567가구가 10월이면 입주 2년을 맞는다. 또 삼평동 봇들마을 9단지 A21 1블록 850가구 와 3단지 A17 1블록 870가구 가 각각 7월과 8월에 입주 2년이 된다. 이밖에도 7월에 판교에서 입주 2년을 맞는 곳은 운중동 산운마을 12단지 510가구 다. 남양주 물량도 상당하다. 남양주는 8814가구가 하반기 입주 2년을 맞는다. 이밖에 광명시에서 7129가구 파주시에서 6133가구 화성시에서 5686가구 용인시에서 5581가구 고양시에서 5235가구 의왕시에서 4314가구가 각각 하반기 2년을 맞는다. 인천에서는 서구에서 3488가구가 2년이 된다. 하반기 2년 주요 단지는 하반기에 입주 2년을 맞는 아파트 중 서울시 서초구와 경기도 광명시 의왕시의 단지가 눈길을 끈다. 2000가구 이상의 대단지 아파트인데다 소형에서 대형까지 다양한 면적대로 구성돼 있어서다. 부동산1번지의 추천을 받아 입주 2년 주요단지를 정리해봤다. 1. 서초구 반포동 래미안반포퍼스티지 반포주공 2단지를 재건축한 래미안반포퍼스티지는 최고 32층 28개 동으로 구성된 2444가구의 대단지다. 입주 당시 뛰어난 입지조건으로 관심을 모았던 아파트답게 지하철9호선 신반포역과 3호선 7호선 9호선 고속터미널역이 인접한 트리플 역세권에 위치해 있다. 잠원초 세화여중고 세화고가 단지와 접해 있고 계성초 반포초중 신반포중이 있어 교육환경 또한 우수하다. 7월이면 입주 2년을 맞는다. 2. 광명시 철산동 철산래미안자이 광명시에서 가장 주목받는 물량은 단연 철산동 철산래미안자이다. 철산주공3단지 재건축한 단지로 최고 34층 17개동 2072가구 공급면적 82 198㎡로 구성됐다. 11월로 입주 2년을 맞는다. 7호선 철산역과 1호선 7호선 가산디지털단지역이 인근에 위치하고 있으며 하안도서관 광명문화원 광명성애병원 이용이 편리하다. 교육시설로는 하일초 철산초중 진성고 등이 있다. 3. 의왕시 내손동 포일자이 2009년 11월에 입주한 내손동 포일자이는 공급면적 82 204㎡로 구성돼 있다. 2540가구 38개 동으로 지어졌다. 4호선 범계역 평촌역을 이용하기 쉽고 서울 도심권과 강남권 수원 과천 등을 오가는 버스노선이 다양하다. 롯데마트의왕점 의왕국민체육센터 내손도서관 등 평촌신도시의 기반시설을 공유할 수 있다. 4. 인천 서구 신현동 신현e 편한세상하늘채 신현e 편한세상하늘채는 지상 33층 36개 동 규모에 공급면적 83 206㎡로 구성된 3331가구의 매머드급 대단지이다. 2014년 아시안게임에 맞춰 개통 예정인 인천지하철2호선 가정오거리역과 콜롬비아공원역을 이용할 수 있다. 교육시설로는 가현초중 신현초 가현중 신현중 신헌고 등이 가까이에 위치해 있다. 청라지구와 가정택지지구 가정오거리 도시재생사업이 진행 중이다.,https://news.naver.com/main/read.nhn?mode=LSD&mid=shm&sid1=260&oid=008&aid=0002556624,284
261865,2011.06.16. 오후 12:53,부동산,매일경제,종잣돈 3천만 원 있다면 동대문 밀리오레 잡아라,“가난하게 살 사람은 돈이 생겼을 경우 어디에 돈을 쓸까 생각하지만 부자로 살 사람은 어디에 투자를 할 것인가를 생각한다” 종자돈이 모이기까지는 많은 시간이 걸린다. 단순 무식하게 열심히 투자만 한다고 돈을 벌던 시대는 지났으며 이제는 흐름과 방향을 잘 파악해야만 한다. 저금리 시대에 수익형 부동산의 비중이 높아지고 있다. 상황이 이렇게 되자 최근 경기 회복에 대한 기대감으로 고정적인 수익을 얻을 수 있는 상가가 투자 상품으로 부상 하고 있다. 그중에서 주목받는 곳이 서울시가 1조 원의 사업비를 들여 동대문 운동장의 공원화 2012년 말 등 동대문 시장을 세계적인 패션 관광명소로 개발한다고 발표함 서울시 홈페이지 참조 에 따라 동대문 시장의 붐을 예측하는 창업자들과 투자자들의 관심이 몰리고 있다. 얼마전 동대문 패션의 신화를 창조한 동대문 밀리오레 가 13년 만에 개별호수를 등기분양 하고 있어 화제다. 동대문 밀리오레는 지하철 동대문역사문화공원역 2 4 5호선 동대문역 1 4호선 역세상권과 40여 개의 버스노선이 지나며 동대문과 청계천을 하나로 잇는 동선의 중심에 위치한다. 동대문 시장상권은 세계 최대 규모의 의류 패션 상권이자 서울 패션사업의 중심지로 현재 밀리오레 두타 APM 등 37개의 대규모 패션 도소매 상가 3만5천 개의 점포에 하루 유동인구가 60만 명에 이르고 연간 280만 명의 해외관광객이 방문하고 있으며 하루 평균 매출만 무려 400억 원에 이르고 있다. 서울시는 1조 원 규모 개발계획 발표로 도심 재창조 프로젝트 의 핵심 사업 동대문운동장 공원화 사업이 2012년 완공 예정인 동대문 디자인 플라자 파크를 서울의 랜드마크로 만들어 동대문 시장의 현재 연 매출 10조 원에서 15조 원으로 높이고 일일 유동인구 60만 명에서 75만 명으로 외국인 관광객은 현재 연 280만 명에서 300만 명의 경제 효과를 바라보고 있고 추가로 국립의료원 기동대 한양공고 등의 부지에 호텔 컨벤션센터의 조성 계획도 수립했다. 동대문 개발 프로젝트의 수혜 지역으로 떠오르는 곳이 바로 동대문 상권 중심에 위치한 밀리오레 이다. 동대문은 청계천 복원 성공이후 동대문 상권 매출이 2 3배 이상 올라간 것으로 비춰 봤을 때 동대문 운동장 사업이 완료 되면 상권일대 시세 월세 권리금이 상승 할 것으로 예상된다. 회사 관계자는 “밀리오레는 현재 공실 없이 임대가 맞춰져 있으며 실투자금 3 4천만 원대 투자로 등기 이전이 가능하며 은행 이자의 3 4배의 임대 수익이 보장되기에 조기 마감이 예상 된다” 며 안정된 임대 수익을 원한다면 서두르는 것이 좋다고 밝혔다. 신청접수 순서에 따라 개별호수가 지정되는 등기분양 방식이다. 접수문의 02 2118 8611 자료제공 동대문 밀리오레 ⓒ 매일경제 mk.co.kr 무단전재 및 재배포 금지 MBA도 모바일로 공부한다.,https://news.naver.com/main/read.nhn?mode=LSD&mid=shm&sid1=260&oid=009&aid=0002485812,284
261866,2011.06.16. 오후 12:53,부동산,매일경제,소형 오피스텔 최대 3000만 원 할인분양,올 3월 100% 분양이 완료된 메타포스빌 오피스텔이 회사 보유분으로 가지고 있던 5개 호실을 할인분양 한다. 최저 500만 원에서 최대 3 000만 원까지 하기에 시세차익까지 노려 볼 만하다. 분양가는 1억1 700만 원 1억6 000만 원대로 동탄 신도시에서 저렴한 수준인데 할인을 받게되면 9 800만 원 1억3 000만 원대로 분양을 받을 수 있다. 동탄 메타포스빌 오피스텔은 삼성전자가 올해 8조 3 000억 원 내년에는 11조 원 가량의 설비투자를 하기로 결정이 된 곳이다. 관계자는 올해에는 화성 사업장 16라인 300mm 에 장비반입을 마무리를 하고 2012년 17라인을 추가로 건설할 계획 이라고 한다. 삼성전자는 서울 본사 인력 중에 상당수 인력을 동탄 등 지방 사업장으로 분산 시킬 계획이어서 동탄 신도시 자족성이 더욱 더 높아질 전망이다. 또한 1 300여 개 협력업체와 삼성중공업 일동제약 3M 등이 입주할 예정이어서 풍부한 배후 임대 수요지로 떠오르고 있다. 동탄 메타포스빌 주변은 종합쇼핑몰 대형마트 다양한 문화시설 영화관 아이스링크 테마공원 등의 상업지구부터 공원 서점 등 주변 편의시설들이 잘 갖춰져 있는 편리한 환경을 갖추고 있을 뿐만 아니라 동탄 신도시에 코엑스 1.3배 규모의 대형 복합쇼핑몰인 메타폴리스몰이 개장 후 1주일 만에 50만 명의 고객을 끌어들이며 경기 남부권의 쇼핑명소로 떠오를 것으로 예상된다. 주변 교통여건을 살펴보면 서울에서 강남까지 20분이면 진입이 가능하고 용인에서 서울 간 고속도로 개통 경부고속도로 및 영동고속도로 인접 동탄IC 서울 양재에서 용인 영덕 간 고속화 도로 신분당선 방죽역 2012년 개통예정 봉담에서 동탄간 고속도로 제2외곽순환도로와 연결 예정 등 사통팔달의 교통환경을 자랑하고 있다. 이 외에 대중 교통수단으로는 지하철 보다 2배 이상 빠른 고속전철망 GTX 일산 킨텍스 동탄 확정 전국 어디에서나 빠르고 안전하게 이동하는 KTX 수서 동탄 예정 등 수도권 광역급행철도의 혁신적인 교통수단이 발달할 전망이다. 동탄 메타포스빌 오피스텔은 37 60㎡로 구성되며 소형 평형으로 이뤄져 있다. 호텔식 인테리어에 시스템 에어컨 건조기능 드럼세탁기 냉장고 32인치 LCD TV 등 풀옵션이 무상 제공되면서 기본 복층 시공 한다. 추가비용은 없다. 오는 7월 완공한다. 홈페이지 hp www.metaposvill.co.kr 분양문의 031 8003 2884 자료제공 동탄 메타포스빌 ⓒ 매일경제 mk.co.kr 무단전재 및 재배포 금지 MBA도 모바일로 공부한다.,https://news.naver.com/main/read.nhn?mode=LSD&mid=shm&sid1=260&oid=009&aid=0002485811,284
261867,2011.06.16. 오후 12:53,부동산,파이낸셜뉴스,오피스텔 투자 강남보다 동탄을 선택하는 이유는,최근 수도권 오피스텔에서 강남보다 나은 수익률을 얻을 수 있다는 전망이 속속 나오면서 동탄 신도시의 관심이 높아지고 있다. 특히 동탄 신도시의 에스원스마트빌 오피스텔이 최적의 위치조건으로 주목을 받고 있다. 강남이나 분당신도시에 투자를권하던 D업채 투자전문가도 지금은 동탄에 투자하는 것이 입지나 투자시기도 정확히 맞다고 조언을 했다. 동탄 에스원스마트빌은 3.3㎡당 600만원대로 저렴한 분양가로 1억초반에 분양 받을수 있는 반면에 강남이나 분당은 3.3㎡당 1300 2200만원대로 고분양가로 2억이상 3억정도까지 분양을받으나 월세는 70만원에서 100만원정도로 비슷하기 때문에 수익률면에서는 확연하게 차이가 난다. 그러기에 오피스텔 투자를 준비중인 많은 이들이 강남이나 분당보다는 동탄신도시로 많은 관심과 투자를 하고 있는 추세다. 동탄은 삼성반도체의 생산라인 기공과 한림대학병원의 완공을 코 앞에 두고 최적의 입지를 자랑하는 동탄 에스원스마트빌은 동탄에서 가장 수요가 높은 소형 오피스텔로만 전 세대 분양을 하고 있어 그 가치는 앞으로도 더욱 상승 예정이다. 이 곳은 이러한 엄청난 임대수요 뿐만 아니라 교통여건도 좋아 미래가치도 뛰어나다. 바로 서울과의 교통여건이 좋아는 점인데 경부고속도로 동탄 IC와 기흥IC가 10분 이내에 접근가능하고 용인 서울간 고속도로로 현장에서 서울 강남까지 30분대로 갈 수 있다. 또한 동탄 신도시는 GTX고속전철 건설계획 분당선 연장인 동탄역 신설예정 등의 교통수혜지이다. 동탄 에스원스마트빌은 이러한 1인 가구를 위해 오피스텔 내부 뿐만 아니라 원격지원을 통한 개인 보안 시스템과 홈네트워크 시스템 등을 지원하고 내부는 풀옵션의 주방가전과 풀퍼니시드 시스템을 공급한다.부동산 전문가들은 이렇게 임대수요가 풍부하고 교통이 편리한 곳에 오피스텔을 선택하는 것은 매우 안정적이며 투자매리트도 충분하다고 설명한다. 동탄 에스원스마트빌은 미래가치까지 따진다면 시세차익까지 노릴 수 있어 그야말로 노른자 입지가 아닐 수 없다. 업체관계자는 오피스텔 아파트 포함하여 154세대로 많지않은 세대로 조기마감될것을 예상하고있다. 홈페이지 hp sonesmartvill.com 대표번호 1661 8903 오늘의 핫뉴스 이벤트 “축하 메세지 남기고 대박선물 받자” 밤에 음식 먹으면 정말로 살이 찔까 직장인 83.3% “회사에 ‘월급도둑’ 있다” “휴대폰 바꾸면 현금 40만원”..도넘은 ‘돈 살포’ 오토바이에 女 매단채 질주 네티즌‘경악’ 본 자료는 해당 업체에서 제공한 보도 자료입니다.,https://news.naver.com/main/read.nhn?mode=LSD&mid=shm&sid1=260&oid=014&aid=0002458035,284
261868,2011.06.16. 오후 12:50,부동산,머니투데이,없어서 못파는 역세권 오피스텔 1억에 3채,머니투데이 □ 100% 등기분양 토지 건물 □ 1가구2주택 무관 DTI 적용제외 □ 지하철 1호선 송내역 지하철 7호선 개통예정 직통 열차 용산 동인천 □ 부천 지방 검찰청 지방법원 대형마트 현대백화점 롯데백화점 홈플러스 이마트 등 □ 2011년 7월 준공 입주 시행사 책임임대 보장제 □ 서울 외곽 순환도로 경인 고속도로 제2 경인 고속도로 □ 호텔형 풀옵션 냉장고 에어컨 세탁기 모니터 겸용TV 전자렌지 침대 수납장 붙박이장 등 최근 수도권의 전세대란으로 인한 소형주택의 몸값이 천정부지로 치솟고 있다. 정부의 많은 노력에도 주택 공급 수요의 정책이 실제 시장의 반응과는 거리감이 있는듯하다. 몸값 귀한 소형 주택이 이처럼 인기인 이유는 부동산 취득시 소요되는 투자비용이 상대적으로 적은데다 임차시 발생하는 월 임대료가 시중은행 금리의 이자보다 높은 수익률로 나타나기 때문이다. 일반적으로 부동산 투자에 관심이 있다 하더라도 경험이 많지 않다는 이유로 투자금액이 보유 자산보다 많아서 확실치 않은 수익률 즉 여러 가지 리스크를 감안하면서 투자를 보류 망설이게 되는 것이다. 전문가들이 조언하는 투자의 원칙을 들여다보면 보다 안정적이고 수익률이 보장되는 상품을 찾는데 도움이 될 것이다. 2011년 부동산 투자의 Key word는 역세권 소형주택 수익형 부동산이다. 이 세 가지의 요건을 충족한다라는 것이 말처럼 쉽진 않지만 면밀히 따지고 보면 돈이 모이는 곳은 그에 따른 이유가 있기 마련일 것이다. 제1기 신도시중의 하나인 중동 상동 신도시는 최근 지하철 7호선 연장에 따른 도시의 모습이 탈바꿈하는 과정에 있고 그에 따른 돈뭉치가 몰리고 있다. 투자자들의 발걸음이 이곳으로 몰리는데도 그런 이유에서일 것이다. 중동 상동신도시의 초입에 위치한 소형 오피스원룸 “레전드빌”이 앞서 언급한 3가지 Key word를 충실히 따르고 있다. 지하철 1호선 송내역이 도보로 3분 거리이며 2012년 개통 예정인 7호선 상동역과는 차량 2분 거리 엄밀히 따지면 송내역은 동인천 용산 구간을 왕복하는 직통열차의 노선까지 감안하면 트리플 역세권인 것이다. 서울 강남역까지 송내역에서 지하철 이용시 35분정도면 출퇴근이 가능해 서울중심지역의 임대료보다 훨씬 낮으면서 문화 예술 여가 생활의 부족함이 없는 이유로 직장인들의 선호도가 높은 것이다. “레전드빌” 주위로 부천지방 검찰청 법원의 법조타운이 형성되어있고 현대백화점 롯데백화점 이마트 홈플러스 등 대형 쇼핑센터가 밀집해 있으며 상동 호수공원 워터 조이 웅진 플레이 도시 등 다양한 편의 시설도 확충되어 있다. 서울 외곽 순환도로 송내 I.C 중동 I.C와 경인고속도로 부평 부천 I.C를 이용해서 일산 분당 서울 중심부로의 교통망이 풍부하다. 부동산 투자에서 교통 역량이 차지하는 부분은 절대적일 것이다. 향후 지하철 7호선 개통에 따른 반사 이익까지 감안한다면 소액으로 투자해서 빠른 월세 수입까지 보장되는 상동 “레전드빌”을 간과해서는 안될 것이다. 세대별 3 4천만원대의 투자금액으로 월 45만원 50만원의 임대료가 시행사의 책임 임대 보장제를 통해 안정적인 투자가 가능하다. 분양대금의 일부는 금융권 대출로 투자 가능하기에 주머니가 얇은 투자자들도 눈독을 들일만하다. “레전드빌”은 오는 7월 준공 입주로 지금 막바지 공사가 한창이다. 현장 주변으로 많은 오피스텔이 자리잡고 있긴 하지만 안정적인 임대료 형성과 차별화된 서비스로 “레전드빌”에 투자자들의 발길이 끊이지 않고 있다. 기존 오피스텔에 비해 파격적으로 저렴한 관리비 시스템과 부대 서비스를 통해 주변 임차인들의 인기를 한 몸에 받고 있다. 레전드빌은 선착순 수의분양으로 잔여세대 특별 분양 중에 있으며 향후 위치에 따라 프리미엄 및 시세가 차이 나므로 서둘러 방문해서 결정하는 것이 좋다. 현장 방문시 공사 진행 모습도 한눈에 볼 수 있고 앞서 언급한 주위 환경 또한 눈으로 확인 가능하기에 투자 결정을 한다면 국민연금 개인 연금보험 부럽지 않은 좋은 투자 상품을 갖게 될 것이다. 신청 및 상담문의 032 324 7337 ※ 본 자료는 해당 업체에서 제공한 비즈니스정보입니다.,https://news.naver.com/main/read.nhn?mode=LSD&mid=shm&sid1=260&oid=008&aid=0002556621,284
261869,2011.06.16. 오후 12:50,부동산,파이낸셜뉴스,히트상품 대명리조트 1230만원 실속형 구입찬스！,골프 스키 오션월드 콘도를 회원권 하나로 대명레저산업은 2011년 창립 32주년을 기념해 봄 시즌 2011년 하프패밀리 실속형 회원권을 특별 한정모집 하고 있다. 이 상품은 연간 20박을 사용하는 하프패밀리형 상품으로 분양즉시 회원 앞으로 소유권 등기이전을 할 수 있다. 실속형 회원권 하프패밀리상품 개인 기명인 경우는 1 230만원 법인의 경우는 무기명 1 330만원에 회원을 한정모집 한다. 회원가입 시 골프 스키 오션월드 및 각 지역 아쿠아시설의 무료 및 할인혜택이 부여되며 가입과 동시에 전국의 대명리조트 8곳 설악 경주 양평 홍천 양양 변산 단양 제주 직영리조트와 2곳의 해운대 도고 체인콘도 및 홍천 설악 퍼블릭 골프장을 할인가격으로 이용할 수 있다.또한 4곳의 호텔 및 제주 크라운CC 제주 제피로스 CC 제주 에코랜드 CC 경북예천 한맥 CC를 할인가격으로 이용 가능하다. 법인회원을 위한 세미나실 연회장 각종 부대시설이 완벽하게 갖춰져 있어 비즈니스에도 활용도가 높다. 대명 비발디파크는 4계절 내내 색다른 즐거움을 느낄 수 있는 곳으로 스키월드 정규골프장 C.C 오션월드 퍼블릭 골프장 등 4계절 이용 가능한 각종 부대시설과 2300여 객실이 있으며. 서울∼춘천간 고속도로 개통으로 서울에서 1시간 정도면 부담 없이 찾을 수 있는 점도 큰 매력이다. 한려해상 국립공원에 위치한 대명리조트 거제 2013년 3월완공예정 가 착공에 들어가 있고 2012년 해양엑스포가 열리는 여수에도 대명리조트 여수 2012년 5월완공예정 가 예정되어 있어 국내 최고수준의 4계절 종합 해양 리조트로 탄생할 예정이다. 대명리조트는 이용 시 불편함이나 번거로움이 전혀 없도록 각 회원담당자가 최초 계약에서부터 예약관리까지 철저하게 1 1 담당제로 회원을 관리한다. 모든 회원들이 최고의 품격을 가지고 가족과 여유로움을 즐길 수 있도록 최상의 서비스를 제공하는 것이다. 산 바다 온천 스키 그리고 4계절이 함께하는 곳 대명리조트에서 삶의 여유를 즐기고 싶다면 바로 지금이 분양가격 인상 전에 회원권을 구입할 수 있는 절호의 기회이다 특별회원모집에 대한 분양 안내책자 카다로그 및 CD 를 받아보고 싶으면 대명리조트 본사 02 2222 5977 로 문의를 하면 자료 수령 후 자세한 상담을 받을 수 있다. 24시간 상담가능 오늘의 핫뉴스 이벤트 “축하 메세지 남기고 대박선물 받자” 밤에 음식 먹으면 정말로 살이 찔까 직장인 83.3% “회사에 ‘월급도둑’ 있다” “휴대폰 바꾸면 현금 40만원”..도넘은 ‘돈 살포’ 오토바이에 女 매단채 질주 네티즌‘경악’ 본 자료는 해당 업체에서 제공한 보도 자료입니다.,https://news.naver.com/main/read.nhn?mode=LSD&mid=shm&sid1=260&oid=014&aid=0002458032,284
261870,2011.06.16. 오후 12:47,부동산,아시아경제,송도 국제도시 하숙대란 투자자에겐 최고 투자처,□ 5000만원대 수익형 풀옵션 싱글하우스 □ 호실별 개별 등기분양 □ 연 10%이상 임대수익 인천대 연세대 삼성 바이오기지 등 □ 편리한 교통 접근성 지하철 역세권 광역버스 서울 강남까지 40분대 □ 시행회사 임대 및 월 수익 책임관리 □ 상담신청접수 032 832 0071 아파트 분양시장이 위축돼 있는 요즘에도 원룸텔 소형오피스텔에 대한 청약 열풍은 지속되고 있다. 부동산 투자수익과 월 고정수익을 동시에 거머쥐는 재테크 수단으로 여겨지고 있기 때문이다. 도시형생활주택 즉 싱글하우스는 타 수익형 부동산에 비해 임대 수요가 많아 수익률이 보장되며 주로 퇴직자나 전업주부 등 투자의 경험이 많지 않은 사람도 운영이 가능하고 투자 후 3개월 후면 사업 안정권에 접어들기 때문에 개인 시간이 많아진다는 장점을 갖고 있다. 송도 국제도시 내 경제자유구역은 소형 원룸이 많이 부족하다. 게다가 주위 고시텔도 부족하다 보니 월세를 45만원에서 47만원까지 받는 곳도 있다. 실 거주자에겐 안타까운 소식이지만 투자자에겐 기쁜 소식이 아닐 수 없다. 송도 국제도시는 학생 직장인 상권 종사자 등 풍부하고 탄탄한 배후 임대 수요층이 확보돼 있는 지역이기 때문에 소형 원룸의 수요는 지속적으로 늘어날 전망이다 이러한 송도 국제도시에 싱글하우스 ‘포레스트’가 분양 중이다. 송도 ‘포레스트’의 분양은 투자자들의 관심을 끌기에 충분하다. 5천만원대 분양가에 50 60만원이상의 월세수익을 노릴 수 있고 게다가 호실 별 개별등기까지 가능하기 때문이다. 송도 ‘포레스트’가 위치한 송도 국제 자유구역에는 바로 옆 해양경찰청과 인근 인천대 연세대 신축공사 중 등의 대학과 트레이드타워 국제 비즈니스센터 등의 경제 업무지구와 함께 미추홀 공원 해돋이공원 센트럴파크 등의 휴식공간까지 아우르는 최고의 입지조건으로 손꼽힌다. 탄탄한 배후 임대 수요층이 확보돼 있는 지역이며 이미 인천 지하철 1호선 동막역부터 캠퍼스타운역 테크노파크역 등 국제업무지구까지 아우르는 역세권에 위치하여 대중교통편까지 완벽한 지역이라 하겠다. 싱글하우스의 주요고객인 젊은층의 1인 가구는 대중교통이 편리하면서 많은 사람들이 쉽게 접근할 수 있는 곳을 선호하기 때문에 송도 ‘포레스트’는 주목을 받을 수 밖에 없다. 특히 주변의 센트럴파크와 미추홀공원 해돋이공원 아트센터 등 휴식공간과 취미생활을 마음껏 향유할 수 있는 최적의 입지조건으로 싱글족들의 관심이 높아질 전망이다. 풀옵션 싱글하우스 송도 ‘포레스트’는 현재 선착순 자리배정하기 때문에 향후 위치에 따라 프리미엄 및 월세가 달라질 수 있다. 최고를 누리기 위해선 서두르는 것이 유리하다. 자리배정은 선착순 호수 지정이며 신청접수를 통해 배정을 받을 수 있다. 신청금 100만원 미 계약시 환불 입금계좌 우리은행 1005 801 841070 예금주 주 씨 유 신청접수 032 832 0071 ※ 본 내용은 아시아경제 편집 방향과 무관하며 모든 책임은 정보 제공자에게 있습니다.,https://news.naver.com/main/read.nhn?mode=LSD&mid=shm&sid1=260&oid=277&aid=0002624115,284
261871,2011.06.16. 오후 12:44,부동산,매일경제,필리핀 휴양지에 오피스텔 분양받고 국제학교 우선입학 혜택,불과 2 3년 전만 해도 부동산 시장에선 5 000만 원 투자가 통했다. 전세를 안고 소형 아파트를 사거나 크기가 작은 오피스텔이나 도시형 생활주택을 사서 추후 새 아파트에 입주하는 전략을 구사할 때 실 투자금 5 000만 원은 충분하진 않아도 제 값을 하는 돈이었다. 하지만 지금은 사정이 달라졌다. 현금 1억 원을 들고도 투자할 곳이 마땅치 않다. 상황이 이러니 쌈짓돈을 묻어둘 만한 틈새 투자처에 눈길을 돌리는 이가 많아졌다. 그 해답은 해외 부동산 투자로 요약된다. 글로벌 금융위기 이후 줄어들던 해외부동산 투자가 다시 증가하고 있다. 국내 부동산 경기가 불투명한 데다 원화 강세에 힘입어 해외투자가 다시 늘고 있다. 이에 맞춰 국내외 레저문화를 선도하는 리조트 전문업체인 썬밸리리조트가 어학연수와 골프·휴양을 겸비한 리조트를 필리핀 클락에 클락 오드카운티 를 분양한다. 필리핀은 아시아 유일의 영어 생활권으로서 물가가 국내에 비해 20%이하 수준으로 매우 저렴하며 클락은 필리핀중에서도 어학연수 및 은퇴이민 골프여행 등 수요가 많은 곳이다. 저렴한 비용으로 가족이 함께 휴양 골프를 즐기며 영어연수 등의 효과를 얻을 수 있는 리조트 상품을 개발했다. 리조트를 분양 받으면 필리핀 명문 브렌트국제학교 BISC 에 우선 입학 할수 있는 특례가 주어진다. 브렌트 국제학교는 필리핀 최고의 명문으로 약 100년 전인 1909년에 Charles Henny Brent에 의해 바기오 지역에서 미국인 자녀들을 위해 설립됐다. 현재 마닐라 수빅 바기오에 캠퍼스가 있으며 클락 오드카운티에 네 번째 캠퍼스가 조성되는 것이다. 아시아권 국제학교 중에는 드물게 ‘국제학위 International Baccalaureate 공인학교로 11학년과 12학년 과정을 이수하면 국내 고교 졸업과 미국 고교 졸업을 인정 받아 필리핀 내 대학 및 미국 등 서구권 대학에 입학 할 수 있다. 오는 8월 우선 개교하는 BISC 클락 오드카운티는 필리핀 클락경제특구 내 건설 중인 랜드마크 빌딩으로 오피스텔 및 수영장 등 각종 편의시설이 구성된다. 학년과정은 유치원 5세 과 초등학교 1 5학년 과정까지 우선 클락 오드카운티에 개교하며 오는 3월 착공에 들어가는 클락 썬밸리복합리조트 내 브렌트국제학교 클락 썬밸리캠퍼스를 설치 유치원 5세 부터 고등학교 12 Grade 까지의 전학년 과정을 소화 할 수 있는 대단위 캠퍼스이다. 이번에 좋은 기회로 분양하기 때문에 자녀 유학 및 어학 연수처로 필리핀을 계획하고 나만의 휴양지 별장을 꿈꿔왔던 수요자들에게 좋은 기회가 될 것 같다. 상담문의 031 715 5548 자료제공 클락 오드카운티 ⓒ 매일경제 mk.co.kr 무단전재 및 재배포 금지 MBA도 모바일로 공부한다.,https://news.naver.com/main/read.nhn?mode=LSD&mid=shm&sid1=260&oid=009&aid=0002485808,284
261872,2011.06.16. 오후 12:40,부동산,경향신문,GS건설 청담동 청담자이 20일부터 청약접수,강남구 청담동 청담자이 16가구 20일 인터넷 청약 개시 청약통장 없이 계약금 500만원으로 서울 강남의 신규 아파트를 잡을 수 있는 기회가 생겼다. GS건설은 이달 20일부터 22일까지 사흘간 서울시 강남구 청담동에 위치한 청담 자이에 대한 청약접수를 받는다고 12일 밝혔다. 청담자이는 GS건설이 지난 2004년 이후 7년만에 강남구에서 선보이는 단지이다. 강남구 청담동 134 20번지에 위치한 청담한양아파트 재건축 아파트로 지난 2009년 1대1 재건축으로 전 가구가 조합원들에게 분양되어 올해 10월 입주를 앞두고 있다. 이번 분양 물량은 2009년 ‘임대주택 건설 의무제’ 폐지에 따라 임대에서 분양 물량으로 전환된 전용면적 49㎡ 4가구 89㎡ 12가구 등 총 16가구다. 주택법 적용을 받지 않아 청약금 500만원만 있으면 청약통장없이 누구나 청약이 가능하다. 청담자이 홈페이지 www.cd xi.co.kr 에서 청약접수를 받으며 추첨을 통해 당첨자가 결정된다. 당첨자는 24일 오후 2시 이후 홈페이지에서 직접 확인 가능하고 계약시 분양금의 10%를 내고 중도금 분양금의 10% 납입 후 10월 입주 때 잔금을 내면 된다. 청담자이는 지하2층 지상35층 5개동 총 708가구로 대부분이 조합원 물량이어서 입주율이 90%를 넘을 것으로 보인다. 특히 한강변에 위치해 올림픽대로와 인접해 있고7호선 청담역을 걸어서 이용 가능해 편리한 교통 프리미엄을 누릴 수 있다. 또한 경기고 휘문고 등 ‘강남 최고의 명문학군’을 갖춰 강남진입을 계획하는 실수요층에게 많은 관심을 받고 있으며 소형평형은 임대상품으로도 높은 인기를 모을 것으로 기대된다. 발코니 확장과 시스템 에어컨를 무료로 제공하는 혜택도 준다. GS건설 관계자는 “분양물량은 실수요자들에게 인기가 높은 중소형인데다가 분양가도 조합원 물량 거래 가격 수준보다 조금 낮게 결정했다”며 “전세시세만도 분양가의 50%를 넘고 인근에 임대 수요도 풍부해 임대 투자용으로도 고려해 볼 만하다”고 설명했다. 분양문의 02 545 1301 홈페이지 www.cd xi.co.kr 본 자료는 해당 업체에서 제공한 보도 자료입니다. 경향신문 ‘오늘의 핫뉴스’ 병무청장 “MC몽 입대발언 쏙 들어가”…왜 대학생 ‘신용카드 강간’…결국 ‘마루타 알바’ “과 수석이 학비 없어 자퇴…” 교수 1인시위 서러운 알바 여대생… 내가 사람이긴 한 건가 서울대생 절대 대통령 안돼야할 인물 1위 “B급 대학에 왜 비싼 돈주고 다니냐고요 ” 공식 SNS 계정 경향 트위터 미투데이 페이스북 세상과 경향의 소통 Khross ⓒ 경향신문 경향닷컴 www.khan.co.kr 무단전재 및 재배포 금지 〈경향닷컴은 한국온라인신문협회 www.kona.or.kr 의 디지털뉴스이용규칙에 따른 저작권을 행사합니다.,https://news.naver.com/main/read.nhn?mode=LSD&mid=shm&sid1=260&oid=032&aid=0002142454,284
261873,2011.06.16. 오후 12:38,부동산,파이낸셜뉴스,권도엽 장관 “분양가 상한제 폐지 위해 노력할 것”,권도엽 국토해양부 장관은 16일 분양가 상한제 폐지와 보금자리주택 민간참여 확대 등을 통해 건설산업 활성화에 매진하겠다고 밝혔다. 권 장관은 이날 서울 강남구 논현동 임피리얼팰리스 호텔에서 열린 국토부 건설업계 간담회에서 “국회에 제출돼 있는 분양가 상한제 보금자리주택 민간참여 확대를 위한 법률안이 국회에 제출돼 있다.법안이 처리되도록 최대한 노력하겠다”고 말했다. 권 장관은 “분양가 상한제는 현재 시장에서 각종 부작용이 많아 폐지가 바람직하다고 본다”고 설명했다. 권 장관은 “해외건설은 상황이 나은 편이지만 내수 시장은 어렵다”면서 “투자와 수주 모두 어렵고 전체적으로 정부의 사회간접자본 SOC 투자 비중이 늘어나는 것이 어렵다”고 강조했다. 다만 “건설사들이 해외 건설과 민자사업 활성화를 통해 활로를 모색할 수 있도록 지원할 것”이라면서 건설경기 연착륙을 위해 노력하겠다고 권 장관은 덧붙였다. 이날 간담회에 참석한 건설사 대표들은 주택·부동산 및 건설경기 활성화를 위해 다양한 의견을 내놨다. 건설사들은 분양가 상한제 폐지 재건축 초과이익 환수 부담금 완화 또는 폐지 총부채상환비율 DTI 규제 폐지 등을 건의했다. 또 다주택자 매입임대사업자 가 거주·보유하는 1주택에 대해 양도세를 비과세해 줄 것과 노후 공동주택의 리모델링시 증축방법을 다양화해주면서 가구수 증가를 허용해줄 것도 제안했다. 아울러 보금자리주택 150만가구의 공급계획을 탄력적 운영하고 민간에게 공급하는 택지 현행 25% 를 40%까지 확대하며 보금자리지구내 전용면적 60∼85㎡ 이하는 민간이 짓도록 해달라고 요청했다. 추경예산을 편성해 SOC예산을 추가 확보하고 4대강 지류ㆍ지천 정비사업 종합계획을 조속히 확정해 연내 발주해달라고 주문했다. 이밖에 공모형 프로젝트 파이낸싱 PF 사업협약조건 변경 허용 최저가 낙찰제 확대 시행 철회 중소건설사 시공물량 지원 등도 건의사항에 포함됐다. 한편 이날 간담회에는 최삼규 대한건설협회장 김종인 한국주택협회장 겸 대림산업 부회장 김충재 대한주택건설협회장 등 각 건설 관련 단체장을 비롯해 현대건설 GS건설 대우건설 포스코건설 SK건설 롯데건설 경남기업 계룡건설 풍림산업 삼부토건 모아종합건설 삼일기업공사 정아산업 경림건설 삼계건설 등 17개 건설사 대표와 국토해양부 관계자들이 참석했다.,https://news.naver.com/main/read.nhn?mode=LSD&mid=shm&sid1=260&oid=014&aid=0002458029,284
261874,2011.06.16. 오후 12:35,부동산,매일경제,돈이되는 오피스텔 어디에 투자할까,최근 소형 임대주택의 관심이 높아진 것은 1인 주거 문화가 확산되기 때문이다. 통계청에 따르면 지난 10년 사이 소형 가구는 400만 가구로 약 3배 이상 증거한 것으로 나타났다. 이로 인해 주택 시장은 물론 이들을 겨냥한 상품과 서비스가 속속 등장할 정도로 싱글족 소형 가구에 대한 관심이 높아지고 있다. 부동산 상품 또한 중대형 주택이나 아파트 보다는 소형 주택에 대한 관심이 많은데 그 중에서도 꾸준한 월수익을 얻을 수 있는 오피스텔은 인기가 높은 투자처이다. 최근 가장 높은 분양률을 보이는 곳 중에 하나는 바로 동탄 신도시이다. 눈에 띄는 대형 호재가 겹쳐 투자 가치가 충분히 높기 때문이다. 삼성반도체의 생산라인 기공과 790병 상의 한림대병원의 완공으로 약 30만 여명의 잠재수요가 갖춰졌다. 이에 많은 투자자들은 “동탄 신도시는 이미 실수요자가 대기하고 있는 실정이기 때문에 오피스텔 분양의 열기가 뜨거운 곳이다. 그 중에서도 소형 오피스텔이 가장 인기가 높기 때문에 소형 오피스텔의 선택에 있어 입지조건과 내부조건을 좀 더 꼼꼼히 살펴보는 것이 중요하다.”고 설명한다. 동탄 신도시에 오피스텔 분양을 하고 있는 동탄 에스원스마트빌 소형 오피스텔을 찾는 많은 수요자들은 위치를 가장 중요하게 여긴다. 수요가 많은 삼성반도체와 가까이에 위치하고 있는지를 확인해야 하며 오피스텔 내부의 구조와 풀옵션 저렴한 관리비 지역 난방 시스템 상태도 고려해야 한다. 많은 사람들이 소형 오피스텔을 선호하지만 실제로 많은 소형 오피스텔을 공급하지 못하고 있는 동탄 신도시. 이러한 이유로 저렴한 금액을 투자하면서도 더 높은 수익률을 얻을 수 있다는 것이 동탄 신도시의 소형 오피스텔의 투자가치이다. 최근 교통상황이 좋아져 일시적인 호재에서 그치는 것이 아니라 미래가치 또한 높게 평가되고 있다. 동탄IC 기흥IC에서 5 10분 로 진입이 가능하며 분양선의 연장과 KTX GTX 예정 의 동탄역 신설로 대중교통을 이용해서도 서울 강남까지 20분 정도면 이동이 가능하다. 홈페이지 hp sonesmartvill.com 문의 1661 8903 자료제공 동탄 에스원스마트빌 ⓒ 매일경제 mk.co.kr 무단전재 및 재배포 금지 MBA도 모바일로 공부한다.,https://news.naver.com/main/read.nhn?mode=LSD&mid=shm&sid1=260&oid=009&aid=0002485802,284
261875,2011.06.16. 오후 12:33,부동산,매일경제,투자 0순위 역세권 오피스텔,최근 수도권의 전세대란으로 인한 소형주택의 몸값이 천정부지로 치솟고 있다. 정부의 많은 노력에도 주택 공급 수요의 정책이 실제 시장의 반응과는 거리감이 있다. 몸 값 귀한 소형 주택이 이처럼 인기인 이유는 부동산 취득시 소요되는 투자비용이 상대적으로 적은데다 임차시 발생하는 월임대료가 시중은행 금리의 이자보다 높은 수익률로 나타나기 때문이다. 일반적으로 부동산 투자에 관심이 있다 하더라도 경험이 많지 않다는 이유로 투자금액이 보유 자산보다 많아서 확실치 않은 수익률 즉 여러 가지 리스크를 감안하면서 투자를 보류 망설이게 된다. 2011년 부동산 투자의 키워드는 역세권 소형주택 수익형 부동산이다. 제1기 신도시 중 하나인 중동 상동신도시의 초입에 위치한 소형 오피스원룸 레전드빌 이 앞서 언급한 3가지 키워드를 충실히 따르고 있다. 지하철 1호선 송내역이 도보로 3분 거리이며 2012년 개통 예정인 7호선 상동역과는 차량 2분 거리 송내역은 동인천 용산 구간을 왕복하는 직통열차의 노선까지 감안하면 트리플 역세권이다. 서울 강남역까지 송내역에서 지하철 이용시 35분 정도면 출퇴근이 가능해 서울 중심지역의 임대료보다 훨씬 낮으면서 문화·예술·여가 생활의 부족함이 없는 이유로 직장인들의 선호도가 높다. 레전드빌 주위로 부천지방 검찰청 법원의 법조타운이 형성 돼있고 현대백화점 롯데백화점 이마트 홈플러스 등 대형 쇼핑센터가 밀집해 있으며 상동 호수공원 워터 조이 웅진 플레이 도시 등 다양한 편의 시설도 확충돼 있다. 서울 외곽 순환도로 송내 I.C 중동 I.C와 경인고속도로 부평 부천 I.C를 이용해서 일산 분당 서울 중심부로의 교통망이 풍부하다. 레전드빌 은 세대별 3 4천만 원대의 투자금액으로 월 45만 원 50만 원의 임대료가 시행사의 책임 임대 보장제를 통해 안정적인 투자가 가능하다. 분양대금의 일부는 금융권 대출로 투자 가능하다. 레전드빌 은 오는 7월 준공 입주로 지금 막바지 공사가 한창이다. 기존 오피스텔에 비해 저렴한 관리비 시스템과 부대 서비스를 통해 주변 임차인들의 인기를 한몸에 받고 있다. 선착순 수의분양으로 잔여세대 분양하고 있으며 향후 위치에 따라 프리미엄 및 시세가 차이 나므로 서둘러 방문해서 결정하는 것이 좋다. 현장 방문시 공사 진행 모습도 볼 수 있고 앞서 언급한 주위 환경 또한 확인 가능하기에 투자 결정을 한다면 국민연금 개인 연금보험 부럽지 않은 좋은 투자 상품을 갖게 될 것이다. 문의 032 324 7337 자료제공 레전드빌 ⓒ 매일경제 mk.co.kr 무단전재 및 재배포 금지 MBA도 모바일로 공부한다.,https://news.naver.com/main/read.nhn?mode=LSD&mid=shm&sid1=260&oid=009&aid=0002485800,284
261876,2011.06.16. 오후 12:29,부동산,아시아경제,올 하반기부터 달라지는 부동산 제도는,아시아경제 조철현 기자 부동산 시장은 정책의 변화에 매우 민감하다. 이 때문에 올해 내 집 마련을 계획하고 있는 예비 수요자와 재테크에 관심을 둔 투자자들은 앞으로 바뀌는 부동산관련 정책과 달라지는 규정에 대해 꼼꼼히 확인해 둘 필요가 있다. 이남수 신한은행 부동산팀장은 “부동산시장은 제도 변화에 큰 영향을 받는 만큼 내집 장만 및 투자 전략을 세우기에 앞서 달라지는 내용을 꼼꼼히 챙기는 게 중요하다”고 말했다. 올 하반기 달라지거나 새로 생기는 부동산 관련 제도를 정리했다. 취득세 감면 주택 거래 때 취득세 50% 감면 혜택이 올해 말까지 연장된다. 현재는 9억원 이하 1주택자의 취득세율이 2%에서 1%로 9억원 초가 1주택자 또는 다주택자는 4%에서 2%로 낮춰 시행되고 있다. 하지만 내년부터는 취득세 감면 혜택이 없어진다. 다만 서민층 주택 구입 지원을 위해 9억원 이하 1주택 이사 등 일시적 2주택에 한해서만 감면 혜택이 적용된다. 양도세 중과 완화 제도의 일몰 연장 양도소득세 중과완화 제도의 일몰 시한이 내년 말까지 2년간 연장된다. 이에 따라 다주택 및 비사업용 토지 소유자는 주택 및 토지 매매 때 중과세율 50 60% 대신 기본세율 6 35% 을 적용받게 된다. 부동산 거래 때 허위로 신고 일명 다운계약서 작성 하면 양도세 비과세·감면 혜택을 받을 수 없다. 보금자리 청약 자격 제한 전용면적 60㎡ 이하 보금자리주택 중 그동안 신혼부부와 생애최초 특별공급에 한해 적용됐던 소득과 자산기준이 일반공급분으로 확대된다. 부동산 보유 기준도 2억1550만원에서 전·월세 보증금이 포함돼 이 금액을 넘을 경우 60㎡ 이하 보금자리주택 청약 자격이 박탈된다. 도시형생활주택 건설 규모 확대 7월부터는 도시형 생활주택 건립 규모를 현행 150가구에서 최대 300가구로 늘리는 제도가 시행된다. 경작 목적 토지 점용 허가권 양도 금지 7월부터 경작 목적으로 하천 내 부지를 점용 허가받았을 때 허가권을 양도하거나 토지를 다른 사람이 점용·사용할 수 없다. 이를 위반하면 300만원 이하의 과태료가 부과된다. 이밖에 올 하반기 주택시장을 살릴 수 있는 굵직굵직한 현안이 6월 임시국회에서 다뤄질 예정이다. 대표적인 것이 분양가상한제와 재건축 초과이익 환수제 폐지 여부 전·월세 상한제 도입 여부 아파트 리모델링 활성화 법안 마련 여부 등으로 이들 법안의 처리 결과에 따라 향후 부동산 시장의 방향성이 크게 달라질 전망이다.,https://news.naver.com/main/read.nhn?mode=LSD&mid=shm&sid1=260&oid=277&aid=0002624113,284
261877,2011.06.16. 오후 12:25,부동산,헤럴드경제,풀옵션 싱글하우스 포레스트 투자수익과 고정수익을 동시에,□ 5000만원대 수익형 풀옵션 싱글하우스 □ 호실별 개별 등기분양 □ 연 10%이상 임대수익 인천대 연세대 삼성 바이오기지 등 □ 편리한 교통 접근성 지하철 역세권 광역버스 서울 강남까지 40분대 □ 시행회사 임대 및 월 수익 책임관리 □ 상담신청접수 032 832 0071 아파트 분양시장이 위축돼 있는 요즘에도 원룸텔 소형오피스텔에 대한 청약 열풍은 지속되고 있다. 부동산 투자수익과 월 고정수익을 동시에 거머쥐는 재테크 수단으로 여겨지고 있기 때문이다. 도시형생활주택 즉 싱글하우스는 타 수익형 부동산에 비해 임대 수요가 많아 수익률이 보장되며 주로 퇴직자나 전업주부 등 투자의 경험이 많지 않은 사람도 운영이 가능하고 투자 후 3개월 후면 사업 안정권에 접어들기 때문에 개인 시간이 많아진다는 장점을 갖고 있다. 송도 국제도시 내 경제자유구역은 소형 원룸이 많이 부족하다. 게다가 주위 고시텔도 부족하다 보니 월세를 45만원에서 47만원까지 받는 곳도 있다. 실 거주자에겐 안타까운 소식이지만 투자자에겐 기쁜 소식이 아닐 수 없다. 송도 국제도시는 학생 직장인 상권 종사자 등 풍부하고 탄탄한 배후 임대 수요층이 확보돼 있는 지역이기 때문에 소형 원룸의 수요는 지속적으로 늘어날 전망이다 이러한 송도 국제도시에 싱글하우스 ‘포레스트’가 분양 중이다. 송도 ‘포레스트’의 분양은 투자자들의 관심을 끌기에 충분하다. 5천만원대 분양가에 50 60만원이상의 월세수익을 노릴 수 있고 게다가 호실 별 개별등기까지 가능하기 때문이다. 송도 ‘포레스트’가 위치한 송도 국제 자유구역에는 바로 옆 해양경찰청과 인근 인천대 연세대 신축공사 중 등의 대학과 트레이드타워 국제 비즈니스센터 등의 경제 업무지구와 함께 미추홀 공원 해돋이공원 센트럴파크 등의 휴식공간까지 아우르는 최고의 입지조건으로 손꼽힌다. 탄탄한 배후 임대 수요층이 확보돼 있는 지역이며 이미 인천 지하철 1호선 동막역부터 캠퍼스타운역 테크노파크역 등 국제업무지구까지 아우르는 역세권에 위치하여 대중교통편까지 완벽한 지역이라 하겠다. 싱글하우스의 주요고객인 젊은층의 1인 가구는 대중교통이 편리하면서 많은 사람들이 쉽게 접근할 수 있는 곳을 선호하기 때문에 송도 ‘포레스트’는 주목을 받을 수 밖에 없다. 특히 주변의 센트럴파크와 미추홀공원 해돋이공원 아트센터 등 휴식공간과 취미생활을 마음껏 향유할 수 있는 최적의 입지조건으로 싱글족들의 관심이 높아질 전망이다. 풀옵션 싱글하우스 송도 ‘포레스트’는 현재 선착순 자리배정하기 때문에 향후 위치에 따라 프리미엄 및 월세가 달라질 수 있다. 최고를 누리기 위해선 서두르는 것이 유리하다. 자리배정은 선착순 호수 지정이며 신청접수를 통해 배정을 받을 수 있다.,https://news.naver.com/main/read.nhn?mode=LSD&mid=shm&sid1=260&oid=016&aid=0000386966,284
261878,2011.06.16. 오후 12:24,부동산,매일경제,이랜드서 10년 간 임대료 지급 부천터미널 소풍 분양인기,가정주부 이모씨 49세 는 남편 월급 이외에 소형매장 3개를 뉴코아에 임대 주고 매달 300만 원 가량의 임대수익을 올리고 있다. 내 집 마련과 함께 소액의 수익상가를 먼저 사둔 것이 남들과 차별화된 재테크 전략이라고 말한다. 월급만으로 물가상승 자녀교육비 급증과 노후대책을 동시에 감당하기는 불가능 하다는 것이다. 베이비붐 세대의 대규모 은퇴와 보금자리주택 등 정부의 적극적인 임대주택 공급으로 점차 주택가격은 하락할 전망이지만 빨라지는 정년과 평균수명 연장 등은 노후생계를 위협하므로 생계유지수입원 확보에 빨간불이 들어왔다. 등기이전 받고 10년 동안 뉴코아에서 월세 받아…. 소풍 은 신도시의 탁월한 입지와 이랜드 그룹 뉴코아 킴스클럽이 10년 임대의 장기 계약조건으로 입점 임대 계약기간 2009.9 2019.9 함으로써 10년 동안 공실 및 건물관리 염려 없이 대기업으로부터 안정적으로 월세를 받을 수 있다. 실 투자금 7천만 원대 매장을 분양 받으면 기다릴 필요 없이 등기이전 후 바로 보증금과 익월 최저 85만 원 120만 원의 임대수익이 지급된다. 롯데백화점 본점 약 7.8배의 대규모 유통센터로 알려진 이곳은 현재 부천종합터미널과 11개관의 프리머스 영화관 컨벤션 웨딩홀 스포츠 센터가 단일건물 내 입점해 집객파워 및 매출 시너지가 무엇인지 보여주고 있다. 이중 1층부터 5층까지 도심형 아울렛인 뉴코아와 킴스클럽이 입점한 매장을 등기분양 한다. 이랜드가 선점한 이곳은 교통의 요지이며 지하철 1호선과 2012년 개통예정인 7호선 상동역의 더블 역세권 형성으로 상권성장 잠재력과 시세차익이 기대되는 곳이다. 현재 완공 후 영업 중인 것을 분양 받으므로 투자 후 바로 수익이 발생하고 소유권 이전 받기 전까지 분양대금을 한국자산신탁에서 안전하게 관리하는 것이 투자자들이 선호하는 큰 이유 중에 하나다. 분양문의 032 624 6763 자료제공 부천터미널 소풍 ⓒ 매일경제 mk.co.kr 무단전재 및 재배포 금지 MBA도 모바일로 공부한다.,https://news.naver.com/main/read.nhn?mode=LSD&mid=shm&sid1=260&oid=009&aid=0002485795,284
261879,2011.06.16. 오후 12:00,부동산,헤럴드경제,“나는 뉴코아에서 월세받는다”,선임대후분양으로 “치솟는 물가 불안한 연금 한번에 해결했어요” 가정주부 이모씨 49세 는 남편 월급이외에 소형매장 3개를 뉴코아에 임대주고 매달 300만원 가량의 임대수익을 올리고 있다. 내집마련과 함께 소액의 수익상가를 먼저 사둔 것이 남들과 차별화된 재테크 전략이라고 말한다. 월급만으로 물가상승 자녀교육비 급증과 노후대책을 동시에 감당하기는 불가능하다는 것이다. 베이비붐 세대의 대규모 은퇴와 보금자리주택 등 정부의 적극적인 임대주택 공급으로 점차 주택가격은 하락할 전망이지만 빨라지는 정년과 평균수명연장 등은 노후생계를 위협하므로 생계유지수입원 확보에 빨간불이 들어왔다. 이런 사회분위기에 맞게 ‘선임대후분양’에 확정수익율 보장까지 되는 임대수익의 2중3중 안정장치가 되어있는 부천터미널 ‘소풍’은 분양특수를 맞고 있다. 등기이전받고 10년동안 뉴코아에서 월세받고 초기 3년간 총 18% 확정수익 또 받고.. ‘소풍’은 신도시의 탁월한 입지와 이랜드 그룹 뉴코아 킴스클럽이 10년 임대의 장기 계약조건으로 입점 임대계약기간 2009.9 2019.9 함으로써 10년동안 공실 및 건물관리 염려 없이 대기업으로부터 안정적으로 월세를 받을 수 있다. 실투자금 7천만원대 매장을 분양받으면 기다릴 필요없이 등기이전 후 바로 보증금과 익월 최저 85만원 120만원의 임대수익이 지급되며 무엇보다 초기 3년간 최저 18%수익보장이 되어 초기 투자리스크가 전혀 없다는 것이 강점이다. 롯데백화점 본점 약 7.8배의 대규모 유통센터로 알려진 이곳은 현재 부천종합터미널과 11개관의 프리머스영화관 컨벤션웨딩홀 스포츠 센터가 단일건물 내 입점하여 집객파워 및 매출 시너지가 무엇인지 보여주고 있다. 이중 1층부터 5층 까지 도심형 최대 프리미엄 아울렛인 뉴코아와 킴스클럽이 입점한 매장을 등기분양 한다. 이랜드가 선점한 이곳은 교통의 요지이며 지하철1호선과 2012년 개통예정인 7호선 상동역의 더블역세권형성으로 상권성장 잠재력과 시세차익이 기대되는 곳이다. 또한 현재 완공 후 영업중인 것을 분양 받으므로 투자 후 바로 수익이 발생하고 소유권 이전 받기 전까지 분양대금을 한국자산신탁에서 안전하게 관리 해준다는 것이 투자자들이 선호하는 큰 이유중에 하나다.,https://news.naver.com/main/read.nhn?mode=LSD&mid=shm&sid1=260&oid=016&aid=0000386963,284
261880,2011.06.16. 오전 11:59,부동산,매일경제,5000만 원대 수익형 풀옵션 싱글하우스 포레스트,아파트 분양시장이 위축돼 있는 요즘 원룸텔 소형오피스텔에 대한 청약 열풍은 지속되고 있다. 부동산 투자수익과 월 고정수익을 동시에 거머쥐는 재테크 수단으로 여겨지고 있기 때문이다. 도시형 생활주택 즉 싱글하우스는 타 수익형 부동산에 비해 임대 수요가 많아 수익률이 보장되며 주로 퇴직자나 전업주부 등 투자의 경험이 많지 않은 사람도 운영이 가능하고 투자 후 3개월 후면 사업 안정권에 접어들기 때문에 개인 시간이 많아진다. 송도 국제도시 내 경제자유구역은 소형 원룸이 많이 부족하다. 주위 고시텔도 부족하다 보니 월세를 45만 원에서 47만 원까지 받는 곳도 있다. 송도 국제도시는 학생 직장인 상권 종사자 등 배후 임대 수요층이 확보돼 있는 지역이기 때문에 소형 원룸의 수요는 지속적으로 늘어날 전망이다. 이러한 송도 국제도시에 싱글하우스 ‘포레스트’가 분양 중이다. 5천만 원대 분양가에 50 60만 원이상의 월세수익을 노릴 수 있고 호실별 개별등기까지 가능하다. 송도 국제 자유구역에는 바로 옆 해양경찰청과 인근 인천대 연세대 신축공사중 등의 대학과 트레이드타워 국제 비즈니스센터 등의 경제 업무지구와 함께 미추홀 공원 해돋이 공원 센트럴파크 등의 휴식공간이 있다. 탄탄한 배후 임대 수요층이 확보돼 있는 지역이며 이미 인천 지하철 1호선 동막역부터 캠퍼스타운역 테크노파크역등 국제업무지구까지 아우르는 역세권에 위치해 대중교통편까지 완벽한 지역이라 하겠다. 싱글하우스의 주요 고객인 젊은 층의 1인 가구는 대중교통이 편리하면서 많은 사람들이 쉽게 접근할 수 있는 곳을 선호하기 때문에 송도 ‘포레스트’는 주목을 받을 수 밖에 없다. 풀옵션 싱글하우스 송도 ‘포레스트’는 현재 선착순 자리배정하기 때문에 향후 위치에 따라 프리미엄 및 월세가 달라질 수 있다. 자리배정은 선착순 호수 지정이며 신청접수를 통해 배정을 받을 수 있다. 문의 032 832 0071 자료제공 송도 포레스트 ⓒ 매일경제 mk.co.kr 무단전재 및 재배포 금지 MBA도 모바일로 공부한다.,https://news.naver.com/main/read.nhn?mode=LSD&mid=shm&sid1=260&oid=009&aid=0002485776,284
261881,2011.06.16. 오전 11:58,부동산,매일경제,부산 현대 성우오스타 오피스텔 견본주택 23일 오픈,극심한 오피스텔 공급 가뭄을 겪던 부산 온천장역 역세권에 모처럼 새 오피스텔 분양의 단비가 내린다. 성우종합건설은 부산 온천장역 인근에 현대 성우오스타 오피스텔 모델하우스를 6월 23일 오픈한다. 온천장역 현대 성우오스타 오피스텔은 견본주택 개관에 앞서 6월 17일 20일까지 청약접수를 받고 당첨자 발표는 6월 22일 계약은 6월 23일 24일 양일간 진행된다. 온천장역 현대 성우오스타는 지하 2층 지상 22층 1개 동 규모에 전용면적 기준 50 52㎡ 324실 53㎡ 2실의 오피스텔이 들어설 예정이다. 몸 값이 치솟고 있는 소형 아파트 대체 주거공간으로 수요자들의 인기가 높은 소형 오피스텔만으로 구성된다 이 오피스텔이 위치한 온천장역 일대는 부산에서도 입지여건이 뛰어나다. 온천장역이 걸어서 3분 거리이며 주변에 홈플러스와 CGV영화관 등 다양한 생활 편의시설이 들어서 있다. 건물 안에는 피트니스센터가 갖춰지고 하늘공원이 조성된다. 내부는 수납공간이 풍부해 주거생활이 편리하며 외부에도 별도의 수납창고를 설치할 예정이다. 분양가는 3.3㎡당 590만 원 대에 책정될 가능성이 크다. 한 채 당 8 900만 원 부가세 별도 8층 50㎡ 기준 정도인 셈이라 현재 주변시세와 비교했을 때도 저렴한 수준이라는것이 업체 관계자의 설명이다. 견본주택은 부산 지하철 1호선 온천장역 3번 출구 하나은행 맞은 편에 위치해 있다. 분양문의 051 555 9889 자료제공 성우종합건설 ⓒ 매일경제 mk.co.kr 무단전재 및 재배포 금지 MBA도 모바일로 공부한다.,https://news.naver.com/main/read.nhn?mode=LSD&mid=shm&sid1=260&oid=009&aid=0002485775,284
261882,2011.06.16. 오전 11:56,부동산,머니투데이,LH 남부수단 자치정부와 신수도 건설 MOU 체결,머니투데이 송지유 기자 남부수단 다음달 9일 독립국가 분리 앞두고 신수도 건설 추진 ↑이지송 LH 사장 사진 오른쪽 과 젬마누누쿰바 남부수단 주택 및 국토계획부 장관 왼쪽 이 16일 LH 본사에서 남부수단 신수도 건설협력 양해각서에 서명한 뒤 악수하고 있다. ⓒLH 한국토지주택공사 LH 가 아프리카 남북부 남부수단의 신수도 건설사업에 참여한다. LH는 16일 경기 성남시 분당 본사에서 남부수단 자치정부와 신수도 건설 협력 에 관한 양해각서 MOU 를 체결했다고 밝혔다. 남부수단 자치정부는 다음달 9일 수단공화국 에서 분리돼 독립국가인 남수단공화국 으로 출범 아프리카 대륙에서 54번째 전 세계에서 193번째 신생국가가 될 예정이다. 이에 따라 현재 수도는 주바 이지만 독립국가에 걸맞는 신수도 건설을 검토하는 것이다. LH는 지난 4월초 외교통상부 에너지.자원대사를 대표로하는 수단 경제사절단에 포함돼 남부수단을 방문 자치정부에 신수도 건설방향에 대해 발표한 바 있다. 이지송 LH 사장은 LH가 지난 50여년간 축적한 신도시 건설기술을 남부수단 정부에 제공할 계획 이라고 말했다.,https://news.naver.com/main/read.nhn?mode=LSD&mid=shm&sid1=260&oid=008&aid=0002556581,284
261883,2011.06.16. 오전 11:48,부동산,머니투데이,전주 분양시장 후끈…경쟁률에 분양가도 치솟아,머니투데이 전예진 기자 ↑ 전주하가지구에 분양한 제일오투그란데 모델하우스에 방문객들이 길게 줄을 서 있다. 전북 전주 아파트 분양시장이 달아오르고 있다. 지난해 말부터 신규분양단지들마다 모두 순위내 마감을 기록했고 청약경쟁률도 높아지는 추세다. 16일 금융결제원에 따르면 지난 15일 제일건설이 전주하가지구에서 공급한 제일오투그란데 는 253가구 모집에 1542명이 몰리며 평균 6.1대 1의 경쟁률로 1순위에서 마감됐다. 전용 84㎡C 타입은 경쟁률이 11.6대1까지 치솟았다. 지난해 말 하가지구 1블록에서 분양한 진흥더루벤스 가 평균 4.5대 1로 3순위에서 마감된 것에 비하면 경쟁이 더욱 치열해졌다. 당시 375가구 모집에 1693명이 몰렸지만 3순위 청약자가 대부분이었다. 올들어 선보인 분양단지들은 순위내 마감을 이어가고 있다. 지난 4월 분양한 전주 평화 영무예다음 도 평균 2.02대 1로 2순위에서 마감됐다. 덕진동 A공인 관계자는 지난해까지만 해도 1 2순위 통장 가입자들이 움직이지 않았지만 이제는 통장이 없으면 청약조차 어렵다 며 그동안 공급부족이 이어지다보니 수요자들이 분양가가 높더라도 무조건 청약을 하는 분위기 라고 설명했다. 청약열풍이 불면서 전주시내 신규아파트 분양가도 치솟고 있다. 전주시 평화동 교도소 인근 부지에 들어서는 영무예다음 은 3.3㎡당 분양가가 620만원 선이었고 땅값이 비싼 하가지구에 지어지는 제일오투그란데 는 3.3㎡당 700만원을 넘었다. 이는 2007년 전주시 전용 85㎡ 이하 아파트의 평균 분양가가 최정점을 찍었을 때와 비슷한 수준이다. 부동산 전문가들은 공급이 끊겼다가 한꺼번에 쏟아지면서 일어나는 현상으로 분석하고 있다. 전주는 주택시장 침체가 시작된 2008년 600여가구가 분양되는데 그쳤고 2009년에는 아예 공급이 없었다. 지난해는 약 1100가구가 분양됐다. 조민이 부동산1번지 팀장은 2 3년 전 사업시행인가를 받은 사업장들이 부동산 경기 불황으로 분양을 미루다가 이제야 분양하다보니 금융비용 등이 늘어나 분양가가 과거 수준으로 회귀하고 있다 며 하반기 혁신도시 등에 2500여 가구가 추가 공급되지만 수급이 안정될 때까지는 아파트값과 분양가 상승이 이어질 수 있다 고 내다봤다.,https://news.naver.com/main/read.nhn?mode=LSD&mid=shm&sid1=260&oid=008&aid=0002556571,284
261884,2011.06.16. 오전 11:46,부동산,헤럴드경제,한강변에가장 가까운 아파트 마지막기회,서울 올림픽대로가 연장 한라비발디 단지 앞으로 ... ♣서울 올림픽 대로가 연장 “한라비발디” 단지 앞으로 다음달 김포한강로 개통 IC 바로인접 여의도 20분 강남 40분 조류 생태공원 맨 앞 자리 ♣인근 강 산 공원을 끼고 있는 자연친화적 아파트 ♣계약금 5% 전세대 중도금 전액 무이자 한강과 맞닿은 한강신도시. 오는 2013년 조성이 완료되는 한강신도시는 서울에서 서쪽으로 약 12km내 거리에 자리한다 수도권 2기 신도시에 길이 열린다. 한강과 한강의 물줄기를 끌어들여 수변도시로 개발된다. 한강신도시는 김포시 장기동 운양동 양촌면 일대에 조성된 곳으로 이름에서도 유추할 수 있듯이 한강이 메인이 되는 도시다. 특히 한강 하류를 활용한 생태공원과 친환경 수로로 주목을 받고 있는 도시이기도 하다. 때문에 ‘한국의 베니스’로 불리기도 한다. 이곳 한강신도시는 크게 3개의 콘셉트로 개발된다. 한강변에 가장 가까운 곳에 생태환경지구가 조성된다. 생태환경지구는 생태체험. 학습공간이 도입되고 문화예술의 거리 아트빌리지 등 문화도시에 필요한 기반시설이 갖춰질 예정이다. 생태환경지구 남쪽으로는 문화교류지구와 서쪽으로는 중심상업지구가 있는 복합업무지구가 들어선다. 전문가들은 한강신도시에서 주거환경과 올림픽대로를 통한 강남접근성 등을 따져볼 때 생태환경지구의 주거가치가 상대적으로 클 것이라는 평가다. 한강신도시 “한라비발디”는 지하 2층 지상 19층 12개동으로 총 857가구의 대단지로 구성되 있으며 105m2 구 39평 형 대로 잔여세대를 분양하고 있다. 타지역보다 저렴한 분양가로 한강신도시 내에서 가장 금싸라기 땅에 들어선다. 한강신도시 대부분의 아파트는 중도금 이자 후불제로 진행하나 “한라비발디” 계약조건으로는 계약금 5% 2회분납 하면 중도금 60%전액 무이자로 추가 금액 부담이 전혀 없다 서둘러야 선호하는 동호수를 지정할수 있다. 또 전매제한이 없어 투자자들이 몰리는 추세이다. 현재 견본주택을 통해 신청접수를 받고 있으며 신청금 100만원을 우리은행 1005 601 820602 예금주 한라건설 주 입금하면 누구나 한강신도시 한라비발디의 주인이 될수 있다.,https://news.naver.com/main/read.nhn?mode=LSD&mid=shm&sid1=260&oid=016&aid=0000386942,284
261885,2011.06.16. 오전 11:46,부동산,세계일보,부평 부천역 신일 소형오피스텔 선착순 분양,세계닷컴 ☞ 계약금 5% 약 500만원 만 내시면 입주때까지 들어가는 돈 ‘無’ ☞ 중도금 전액 무이자 ☞ 풀옵션 특별 제공 ☞ 1가구 2주택 무관 ☞ 서울 7호선 부평구청역과 인천 지하철 1호선 환승역세권 · 서울 1호선 부평역 신일건업이 인천 부평구 부평역과 부평 구청역 2분거리에 오피스텔 ‘신일 유스테이션’을 분양 중이다. 지난번 문을 연 신일 유스테이션 견본주택은 개관 3일 동안 1만 명이 넘는 관람객이 찾아 청약돌풍을 예고했다. 최근 3년 동안 주변지역에 신규오피스텔이 없었다는 측면에서 수익률에 대한 투자자들의 기대가 컸던 것으로 보인다고 회사측은 밝혔다. 신일 유스테이션은 지하 7층∼지상 20층 규모의 주상복합 오피스텔로 64.46㎡ 19형 108실 마감 70.61㎡ 21형 224실 82.85㎡ 25형 18실 103.31㎡ 31형 32실 등으로 총 382실로 구성됐다. 분양가와 계약조건도 우수하다. 분양가는 3.3㎡당 400만원 대로 저렴하며 중도금 무이자 혜택 무제한 전매제한 풀옵션 무상제공 등 혜택이 소액투자자들의 관심을 끌 것으로 보인다. 소형오피스텔이지만 20층 규모의 랜드마크적 외관 고급커뮤니티와 풀옵션 및 세련된 마감자재를 활용한 점도 눈에 띈다. 인천지하철 1호선과 환승될 예정인 7호선 부평구청역이 2012년 개통 예정으로 오피스텔 완공과 함께 도보 5분에 바로 이용가능한 더블 역세권 으로 강남까지 50분대면 이동할 수 있게 된다. 근처에 공단이 있어 공실이 거의 없는 안정적인 임대수요를 제공한다오후 4 30 2011 06 08. 북측에 GM대우 자동차공단 1만2000여명 부평공단 2만356명 이 있고 남측으로는 부평시장 상권이 자리한다. 또한 바로옆에는 부평구청이 위치해 있어 공실 걱정은 없을 듯 하다. 신일 유스테이션 관계자는 “싼 분양가와 최근 주변지역에 신규오피스텔이 없었다는 점에 수요자들이 매력을 느낄 것으로 판단된다”고 말했다. 견본주택은 롯데마트 삼산점과 삼산체육관 인근에 위치해 있다. ◈ 신청금 100만원을 입금하시고 방문하시면 호수 지정에 유리 ◈ 신청계좌 국민은행 392001 04 162963 ◈ 예금주 신일건업 정 계약시에는 자금관리 신탁사로 입금 ◈ 홈페이지 hp blog.naver.com eco2800 ◈ 분양문의 032 439 4600 ※본 콘텐츠는 기업 제공 자료로 세계닷컴의견과 다를수 있습니다. Segye.com Segye.com 인기뉴스 통일장관 北주민 9명 귀순 닷새동안 몰랐다 주한미군 훈련 도중 시민들에게 총 겨눠 대학생 두번 울리는 사립대 기숙사비 MB “부패 한계 왔다”… 공직기강 바짝 죈다 파렴치 교장 형편 어려운 여제자 성추행 파문 ⓒ 세계일보 Segye.com 무단 전재 및 재배포 금지 금융전문뉴스 세계파이낸스 모바일로 만나는 세계닷컴 세계닷컴은 한국온라인신문협회 www.kona.or.kr 의 디지털뉴스이용규칙에 따른 저작권을 행사합니다.,https://news.naver.com/main/read.nhn?mode=LSD&mid=shm&sid1=260&oid=022&aid=0002275826,284
261886,2011.06.16. 오전 11:41,부동산,세계일보,성우종합건설 ‘온천장역 현대성우오스타 오피스텔’ 견본주택 23일 오픈,초역세권의 탁월한 입지 분양가 3.3㎡당 평균 590만원대 주변시세 대비 저렴 6월17일 20일 청약접수 23일 견본주택 오픈 세계닷컴 극심한 오피스텔 공급 가뭄을 겪던 부산 온천장역 역세권에 모처럼 새 오피스텔 분양의 단비가 내린다. 성우종합건설은 부산 온천장역 인근에 현대성우오스타 오피스텔 모델하우스를 6월 23일 오픈한다. 온천장역 현대성우오스타 오피스텔은 견본주택 개관에 앞서 6월 17일 20일까지 청약접수를 받고 당첨자 발표는 6월 22일 계약은 6월 23일 24일 양일간 진행된다. 온천장역 현대성우오스타는 지하 2층 지상 22층 1개동 규모에 전용면적 기준 50 52㎡ 324실 53㎡ 2실의 오피스텔이 들어설 예정이다. 요즘 몸값이 치솟고 있는 소형 아파트 대체 주거공간으로 수요자들의 인기가 높은 소형 오피스텔만으로 구성된 게 특징이다. 이 오피스텔이 위치한 온천장역 일대는 부산에서도 입지여건이 뛰어나기로 정평이 나있는 곳이다. 온천장역이 걸어서 3분 거리이며주변에 홈플러스 CGV영화관 등 다양한 생활 편의시설이 들어서 있다. 건물 안에는 피트니스센터 갖춰지고 하늘공원이 조성된다. 내부는 수납공간이 풍부해 주거생활이 편리할 것으로 보이며 외부에도 별도의 수납창고를 설치할 예정이다. 분양가는 3.3㎡당 590만원 대에 책정될 가능성이 크다. 한 채 당 8900만원 부가세 별도 8층 50㎡ 기준 정도인 셈이라 현재 주변시세와 비교했을 때도 상당히 저렴한 수준이라는게 업체 관계자의 설명이다. 견본주택은 지하철1호선 온천장역 3번출구 하나은행 맞은편에 위치해 있다. 분양문의 051 555 9889 ※본 콘텐츠는 기업 제공 자료로 세계닷컴의견과 다를수 있습니다. Segye.com Segye.com 인기뉴스 주한미군 훈련 도중 시민들에게 총 겨눠 대학생 두번 울리는 사립대 기숙사비 긱스 휴대폰 해킹 …사생활 폭로한 언론사 고발 MB “부패 한계 왔다”… 공직기강 바짝 죈다 파렴치 교장 형편 어려운 여제자 성추행 파문 ⓒ 세계일보 Segye.com 무단 전재 및 재배포 금지 금융전문뉴스 세계파이낸스 모바일로 만나는 세계닷컴 세계닷컴은 한국온라인신문협회 www.kona.or.kr 의 디지털뉴스이용규칙에 따른 저작권을 행사합니다.,https://news.naver.com/main/read.nhn?mode=LSD&mid=shm&sid1=260&oid=022&aid=0002275823,284
261887,2011.06.16. 오전 11:40,부동산,머니투데이,한강신도시 7년만에 첫 입주…연내 8000가구 집들이,머니투데이 김창익 송지유 기자 17일 우남 퍼스트빌 1202가구 첫 테입... 매매는 거의 없어 경기 김포 한강신도시 조성사업이 시작된 지 7년 만에 첫 아파트 입주가 시작된다. 16일 국토해양부와 건설업계에 따르면 정부가 지난 2004년 8월 수도권 주택난 해소와 서북부지역 거점도시 조성 등을 목표로 택지지구로 지정한 김포 한강신도시에서 오는 17일부터 아파트 입주가 시작된다. 한강신도시에 들어설 아파트는 총 5만800가구. 올해는 첫 입주아파트인 우남퍼스트빌 1202가구 을 시작으로 쌍용예가 1474가구 우미린 1058가구 한국토지주택공사 LH 휴먼시아 임대아파트 2개 단지 3110가구 등을 비롯해 모두 7934가구가 집들이를 한다. ↑17일 입주를 시작하는 김포 한강신도시 우남 퍼스트빌 전경. 입주 첫 테입을 끊는 우남퍼스트빌 은 1202가구 모두 전용 85㎡를 초과하는 중대형으로 이뤄졌다. 한강신도시 초입으로 서울 접근성이 비교적 좋고 장기지구와 접해 있어 입주 초기 불편 사항일 수 있는 편의시설 문제를 해소할 수 있다는 게 장점으로 꼽힌다. 우남건설은 입주상담센터를 운영 매매와 전세 알선 서비스 등 입주민들의 민원 사항을 챙기고 있다. 내년에는 삼성래미안 579가구 대림e편한세상 955가구 등 8921가구가 입주할 예정이다. 나머지 3만3945가구는 오는 2013년 이후 입주가 이뤄진다. 주택시장 침체로 거래는 뜸한 편이다. 전·월세 거래는 많지는 않지만 꾸준히 이뤄지는 반면 매매 거래는 거의 없는 상황. 우남퍼스트빌 128㎡의 경우 전세가 1억3000만원 안팎으로 주변 기존 아파트에 비해 1000만 2000만원 정도 싸다. 인근 A중개업소 사장은 물량이 많고 주변 편의시설이 아직 완비되지 않은 점 주택 시장 침체로 거래를 보류하는 심리 등이 작용하고 있다 고 말했다. 일부 급매물의 경우 분양가보다 10% 정도 낮은 가격에 거래가 이뤄진 사례도 있다는 게 현지 중개업계의 설명이다. 사업시행자인 LH와 김포시는 한강신도시 아파트 첫 입주에 맞춰 올림픽대로 행주대교와 한강신도시를 잇는 6차선 김포한강로 총 길이 16㎞ 내년 12월 준공예정 를 다음달 초 임시개통할 예정이다. 국토부 관계자는 이번 한강신도시 아파트 입주로 수도권 전·월세난 해소 등 주택시장 안정에 실질적인 도움이 될 것 이라며 신도시 생활에 불편이 없도록 기반시설을 적기에 설치·점검할 계획 이라고 말했다. 한편 한강신도시를 비롯해 광교 7월 아파트 첫 입주 판교 파주 등 수도권 6개 신도시에서 올 연말까지 총 2만4000여가구가 순차적으로 입주할 예정이다.,https://news.naver.com/main/read.nhn?mode=LSD&mid=shm&sid1=260&oid=008&aid=0002556548,284
261888,2011.06.16. 오전 11:38,부동산,매일경제,한국토지주택공사 남부수단과 신수도 건설 기술협력 MOU 체결,LH가 아프리카 중북부에 위치한 남부수단 자치정부 Government of Southern Sudan 와 “남부수단 신수도 건설 협력”에 관한 양해각서 MOU 를 체결한다. 16일 진행된 협약식에는 남부수단 신수도 입지 선정 및 건설업무를 총괄하고 있는 젬마 누누 쿰바 ‘주택 및 국토계획부’ 장관 및 관계자 등이 참석하였다. 이번에 체결하는 양해각서는 남부수단 신수도 건설에 관한 포괄적 협력관계 구축을 목적으로 하며 우선적으로 신수도 마스터플랜 수립에 관한 기술협력에 중점을 두고 있다. 남부수단 자치정부는 금년 7월 9일 자로 ‘수단공화국 Republic of Sudan ’에서 분리되어 독립국가인 ‘남수단공화국 Republic of South Sudan ’ 으로 출발할 예정이다. 남수단공화국이 출발하게 되면 아프리카 대륙에서 제 54번째 전 세계에서 제 193번째 신생국가가 된다. 남부수단 자치정부는 현재 남부지역에 위치한 ‘주바 Juba ’를 수도로 사용하고 있으며 현재 독립국가에 걸맞는 신수도 건설을 검토하고 있다. LH는 지난 4월 초 외교통상부 에너지·자원대사 김은석 를 대표로 하는 수단 경제사절단에 포함되어 남부수단을 방문한 바 있다. 이 때 LH가 남부수단 신수도 건설 기본방향에 대하여 남부수단 자치정부 대통령 살바 키르 에게 발표하였고 남부수단 자치정부는 LH에 신수도 건설 협력 양해각서 체결을 제의하여 금일 양해각서를 체결하게 되었다. LH 이지송 사장은 “LH가 지난 50여 년 간 축적한 신도시 건설기술을 남부수단 정부에 제공하여 남부수단 국가발전에 도움을 줄 계획이다”고 밝혔다. 매경닷컴 조은영 기자 ⓒ 매일경제 mk.co.kr 무단전재 및 재배포 금지 MBA도 모바일로 공부한다.,https://news.naver.com/main/read.nhn?mode=LSD&mid=shm&sid1=260&oid=009&aid=0002485758,284
261889,2011.06.16. 오전 11:36,부동산,머니투데이,극동건설 남양주시 하폐수처리 기술개발 MOU체결,머니투데이 김창익 기자 극동건설은 웅진컨소시엄 극동건설·웅진코웨이·웅진케미칼·그린엔텍 이 남양주시와 하·폐수 고도처리 기술개발 및 관련 기술의 사업화를 위해 남양주시 하수처리장을 테스트베드 실험공간 로 구축하는 내용의 상호협력 양해각서 MOU 를 체결했다고 16일 밝혔다. 이번 협약은 환경부가 추진 중인 하·폐수 고도처리 기술개발사업단의 ‘글로벌탑 환경기술개발사업’에 참여하기 위해 체결한 것이란 게 회사측 설명이다. 웅진컨소시엄은 대용량 역삼투압 막여과 공법 등을 적용 현재의 하수처리장을 단계별 공정전환이 가능한 고도화 시설로 개선하는 기술을 연구하게 된다. 이억재 극동건설 물·환경사업담당 상무는 “웅진컨소시엄은 설계，시공 및 사업화，분리막 기술，분리막 소재 생산 등에서 경쟁력을 갖추고 있어 하·폐수 고도처리 플랜트 기술의 상용화와 핵심 원천기술 확보를 기대할 수 있다”고 말했다.,https://news.naver.com/main/read.nhn?mode=LSD&mid=shm&sid1=260&oid=008&aid=0002556536,284
261890,2011.06.16. 오전 11:31,부동산,헤럴드경제,일반분양도 시세보다 낮게 유지…사업 활성화 ‘물꼬’,집값 올리는 부작용 없이 개발부담금 줄일 수 있어 대지 1만1000평 용적률 250% 조합원 420여 세대의 서울 A구역 재개발 사업장. 재개발을 추진중이지만 분양가 상한제를 적용할 경우 조합원당 1억5900만원에 달하는 부담금을 물게 돼 사업이 수년째 제자리 걸음이다. 조합측은 분양가 상한제가 폐지되지 않을 경우 사업성이 없어 사업추진이 어렵다는 입장이다. 16일 국토해양부가 서울 시내에서 사업 진척이 더딘 재개발ㆍ재건축 사업장에 대한 사업성을 분석한 결과 상한제가 폐지될 경우 일반 분양가를 주변시세보다 낮게 책정해도 조합원들의 초기 부담금이 대폭 경감되는 것으로 나타났다. 실제로 A구역의 경우 6월 임시국회에서 분양가 상한제가 폐지될 경우 1인당 부담금이 1억3400만원으로 2500만원 15.7% 씩 줄어들게 된다. 이 경우 일반 분양가는 당초 1700만원에서 1770만원으로 소폭 상승하지만 주변시세 3.3㎡당 1800만원 에 비해서는 여전히 낮아 인근 지역 집값을 끌어올리는 부작용을 차단할 수 있다. 상한제 폐지로 조합원의 개발 부담금을 낮추는 동시에 일정부분 일반 청약자에게 당첨 프리미엄도 보장해 줄 수 있다는 얘기다. ‘서울 B구역’에 대한 시뮬레이션 결과 상한제 폐지시 조합원 부담금이 현행 2억2061만원에서 2억210만원으로 1825만원 줄어든다. 3.3㎡당 일반 분양가를 1147만원에서 1230만원으로 상향조정 할 경우를 가정했지만 이 역시 주변시세 1242만원 에 비해 낮아 분양가 상한제 폐지로 주변 집값을 끌어올리지 않고 조합원 부담을 경감시켜 지지부진한 재개발 사업을 활성화시킬 수 있는 것으로 나타났다.,https://news.naver.com/main/read.nhn?mode=LSD&mid=shm&sid1=260&oid=016&aid=0000386920,284
261891,2011.06.16. 오전 11:31,부동산,헤럴드경제,송파에 매머드급 오피스텔 분양,대우건설 푸르지오 시티 1249실 3.3㎡당 1100만원선 대우건설 사장 서종욱 이 오는 17일 모델하우스를 전격 오픈하고 서울 송파구 문정동 가든파이브 활성화 단지 1 2BL에서 소형오피스텔 1249실 규모의 ‘송파 푸르지오 시티’ 조감도 를 분양한다. 구성평형은 24.90 ∼ 52.17㎡이며 건물 내에 사우나 휘트니스 골프연습장 게스트룸 등 대규모 커뮤니티시설도 함께 조성된다. 분양가는 3.3㎡당 1100만원 선이다. 모델하우스는은 종합운동장 사거리 인근 아시아선수촌 아파트 맞은편 서울 송파구 잠실동 196 9번지에 마련될 예정이다. 송파푸르지오시티는 원룸형 오피스텔로는 기존에 볼 수 없었던 1.5베이의 유니트를 과감히 도입해 쾌적성을 확보했다. 천정고도 기본 2.45ｍ 이상이다. 대부분의 가구가 풀퍼니시드 시스템로 제공된다. 입지여건도 뛰어나다. 남측으로는 코엑스몰의 6.2배 규모의 대형유통 단지인 가든파이브가 자리잡고 있으며 북측에는 문정동 법조타운이 조성돼 동부지법 동부지검 등이 이전될 예정이다. 특히 법조타운 내 미래형 업무용지는 신소재 로봇 등의 미래형 업무 단지로의 개발계획이 잡혀 있다. 교통여건도 양호하다. 지하철 8호선 문정ㆍ장지역이 도보권이며 송파대로 서울외곽순환도로 송파나들목 수서∼분당간 고속화도로를 이용 강남 및 수도권 외각 등지로의 접근이 편리하다. 대우건설 관계자는 “문정법조단지를 비롯해 제2롯데월드 건립 가락시장 현대화사업 등 주변에 굵직굵직한 개발호재가 포진해 있어 풍부한 배후 임대수요를 갖추고 있다”고 설명했다.,https://news.naver.com/main/read.nhn?mode=LSD&mid=shm&sid1=260&oid=016&aid=0000386916,284
261892,2011.06.16. 오전 11:30,부동산,머니투데이,“월세 받아 가세요” 10년동안 임대료 대기업에서 지급,머니투데이 선임대후분양으로 “치솟는 물가 불안한 연금 한번에 해결했어요” 가정주부 이모씨 49세 는 남편 월급이외에 소형매장 3개를 뉴코아에 임대주고 매달 300만원 가량의 임대수익을 올리고 있다. 내집마련과 함께 소액의 수익상가를 먼저 사둔 것이 남들과 차별화된 재테크 전략이라고 말한다. 월급만으로 물가상승 자녀교육비 급증과 노후대책을 동시에 감당하기는 불가능하다는 것이다 베이비붐 세대의 대규모 은퇴와 보금자리주택 등 정부의 적극적인 임대주택 공급으로 점차 주택가격은 하락할 전망이지만 빨라지는 정년과 평균수명연장 등은 노후생계를 위협하므로 생계유지수입원 확보에 빨간불이 들어왔다. 이런 사회분위기에 맞게 ‘선임대후분양’에 확정수익율 보장까지 되는 임대수익의 2중3중 안정장치가 되어있는 부천터미널 ‘소풍’은 분양특수를 맞고 있다. 등기이전받고 10년동안 뉴코아에서 월세받고 초기 3년간 총 18% 확정수익 또 받고.. ‘소풍’은 신도시의 탁월한 입지와 이랜드 그룹 뉴코아 킴스클럽이 10년 임대의 장기 계약조건으로 입점 임대계약기간 2009.9 2019.9 함으로써 10년동안 공실 및 건물관리 염려 없이 대기업으로부터 안정적으로 월세를 받을 수 있다. 실투자금 7천만원대 매장을 분양받으면 기다릴 필요없이 등기이전 후 바로 보증금과 익월 최저 85만원 120만원의 임대수익이 지급되며 무엇보다 초기 3년간 최저 18%수익보장이 되어 초기 투자리스크가 전혀 없다는 것이 강점이다. 롯데백화점 본점 약 7.8배의 대규모 유통센터로 알려진 이곳은 현재 부천종합터미널과 11개관의 프리머스영화관 컨벤션웨딩홀 스포츠 센터가 단일건물 내 입점하여 집객파워 및 매출 시너지가 무엇인지 보여주고 있다. 이중 1층부터 5층까지 도심형 최대 프리미엄 아울렛인 뉴코아와 킴스클럽이 입점한 매장을 등기분양 한다. 이랜드가 선점한 이곳은 교통의 요지이며 지하철1호선과 2012년 개통예정인 7호선 상동역의 더블역세권형성으로 상권성장 잠재력과 시세차익이 기대되는 곳이다. 또한 현재 완공 후 영업중인 것을 분양 받으므로 투자 후 바로 수익이 발생하고 소유권 이전 받기 전까지 분양대금을 한국자산신탁에서 안전하게 관리 해준다는 것이 투자자들이 선호하는 큰 이유중에 하나다. 분양문의 1588 4937 신청접수 방법 신청금 100만원 신청계좌 하나은행 100 910026 09904 예금주 한국자산신탁회사 ※ 본 자료는 해당 업체에서 제공한 비즈니스정보입니다.,https://news.naver.com/main/read.nhn?mode=LSD&mid=shm&sid1=260&oid=008&aid=0002556524,284
261893,2011.06.16. 오전 11:30,부동산,헤럴드경제,은평구 갈현동에 3934가구 대단지,전체의 90%가 85㎡ 이하 보문3구역도 소형 추가 서울 은평구 갈현동 300번지 일대에 3934가구 규모의 대규모 아파트 단지가 들어선다. 서울시는 도시계획위원회를 열고 은평구 갈현동 300번지 일대 23만7629㎡에 최고 21층 높이 아파트 3934가구를 짓는 내용의 ‘갈현제1주택재개발 정비구역 지정’ 위치도 계획안을 통과시켰다고 16일 밝혔다. 은평뉴타운 입구 근처인 이 사업지는 주변에 신도고등학교 천일아파트 건영아파트 등이 있는 주택가로 이 구역 23만7529㎡는 용적률 225%를 적용받아 평균 14층짜리 아파트로 재건축된다. 계획안에 따르면 전체 3954가구 가운데 전용면적 85㎡ 이하는 3544가구 85㎡ 초과는 390가구로 구성됐다. 또 임대주택은 670가구로 40㎡ 이하 311가구 40㎡초과∼50㎡ 이하 275가구 50㎡초과 60㎡ 이하 84가구 등이다. 용적 률은 224.90%이며 건폐율은 26.63%가 적용된다. 단지 내에는 1만1658㎡ 규모의 녹지와 2653㎡ 규모의 공원 공공문화체육시설 초등학교 등이 조성된다. 위원회는 이어 성북구 보문동 6 207 일대 5만2245㎡에 지을 아파트를 929가구에서 1028가구를 늘리는 ‘보문제3주택재개발 정비구역 변경지정안’도 의결했다. 변경안이 통과되면서 용적률이 236%로 상향돼 전용 60㎡이하 소형주택이 88가구 추가확보됐다.,https://news.naver.com/main/read.nhn?mode=LSD&mid=shm&sid1=260&oid=016&aid=0000386915,284
261894,2011.06.16. 오전 11:26,부동산,헤럴드경제,“건설경기 연착륙 적극 지원”,권도엽 장관 해외건설·민자사업 활성화 시장 활로 모색 바람직 업계 건의사항 상한제·DTI 등 규제 폐지 보금자리 민간참여 확대 SOC예산 추가확보 절실 권도엽 국토해양부 장관은 “분양가 상한제는 현재 시장에서 각종 부작용이 많아 폐지가 바람직하다”고 말했다. 권 장관은 16일 오전 서울 임페리얼팰리스호텔에서 취임 후 처음으로 건설업계 대표들과 조찬간담회를 겸한 상견례를 갖고 “건설ㆍ주택 모두 당분간 기대만큼 시장이 회복되기는 어려울 것으로 본다”며 “건설사들이 해외 건설과 민자사업 활성화를 통해 활로를 모색할 수 있도록 지원하겠다”며 이같이 말했다. 이날 간담회에는 최삼규 대한건설협회장을 비롯해 김충재 대한주택건설협회장 김종인 한국주택협회장 직무대행과 주요 건설회사 대표이사 등 25명이 참석했다. 권도엽 국토해양부 장관이 16일 오전 논현동 임페리얼팰리스 호텔에서 열린 국토해양부장관ㆍ건설업계 대표 조찬 간담회에 참석해 “6월 임시국회에서 분양가 상한제 폐지를 위해 노력하겠다”고 말했다. 권 장관 왼쪽 두번째 이 간담회에 앞서 건설업계 관계자와 인사를 나누고 있다. 김명섭 기자 msiron heraldm.com 최삼규 대한건설협회 회장은 “건설산업이 사상 유례없는 위기를 맞으면서 100대건설사중 28개사 부도 또는 워크아웃 법정관리에 처하는 등 탈출구가 보이지 않고 있다”며 내수시장 활성화 차원에서 분양가 상한제 폐지 재건축 초과이익 환수 부담금 완화 또는 폐지 총부채상환비율 DTI 규제 폐지 등을 정부에 건의했다. 또한 리모델링 수직증축 허용 보금자리주택 속도조절 SOC예산 추가 확보 최저가 낙찰제 확대 시행 철회 중소건설사 시공물량 지원 등도 요구했다. 이에 대해 장관은 “건설업계의 건의를 바탕으로 관계부처 협의 등을 거쳐 정책에 반영하도록 할 것”이라며 “건설경기가 빠른 시일내 연착륙하고 건전한 궤도에 정착할 수 있도록 지원하겠다”고 말했다.,https://news.naver.com/main/read.nhn?mode=LSD&mid=shm&sid1=260&oid=016&aid=0000386912,284
261895,2011.06.16. 오전 11:26,부동산,헤럴드경제,충남 실거래…나홀로 씽씽,5월 4080건 5년來 최다 세종시와 과학벨트 건설 호재 등에 힘입어 지난 5월 충청 지역 아파트 실거래량이 지난 2006년이후 5년여만에 최대치를 기록했다. 지난 1월 2327건에 불과했던 충남 아파트 실거래 신고 건수는 5월 4080건으로 두배 정도 급증했다. 16일 국토해양부와 부동산정보업체 부동산114에 따르면 지난 5월 전국 아파트 거래량은 총 4만 8077건으로 4월보다 13.5% 감소했다. 특히 지난 4월 DTI 총부채상환비율 규제 부활 이후 5월들어 서울 아파트 거래량은 3805건으로 전월 4787건 대비 20.5% 감소했고 경기와 인천을 포함한 수도권은 1만5080건으로 전월 1만7940건 대비 15.9% 감소했다. 증가세를 보이던 지방 아파트 거래량도 집값이 오르면서 올들어 첫 감소세로 돌아섰다. 5월 지방 아파트 거래건수는 3만2997건을 기록 전달보다 12.3% 감소했다. 반면 충남은 16개 시ㆍ도 중 유일하게 5월 아파트 거래량이 늘었다. 5월 충남 거래량은 4080건을 기록하며 전달보다 28%이상 거래량이 증가해 2006년 이후 월간 최대거래량을 기록했다. 실제로 지난 2008년 12월 1131건에 불과했던 충남지역 아파트 실거래 신고 건수는 올 1월 2327건 2월 2722건 3월 3397건 4월 3181건 5월 4080으로 폭증했다. 국제과학비즈니스벨트 세종시 등 개발 호재가 거래 활성화에 영향을 미친 것으로 보인다. 이혜련 부동산114 리서치센터 연구원은 “기준금리가 추가 인상된데다 계절적 비수기 등과 맞물려 당분간 거래는 활발하지 않을 것으로 예상된다”고 말했다. 그는 이어서 “그러나 여름방학 가을 이사철이 도래하면 전월세 가격의 추가 상승이 예상돼 상대적으로 전세비중이 높거나 매매가격이 저렴한 지역 전세물건이 부족한 지역의 중소형ㆍ저가 매물중심으로 거래가 이루어질 여지가 있다”고 분석했다.,https://news.naver.com/main/read.nhn?mode=LSD&mid=shm&sid1=260&oid=016&aid=0000386905,284
261896,2011.06.16. 오전 11:26,부동산,파이낸셜뉴스,극동건설 등 웅진컨소시엄 남양주시와 하폐수처리 고도기술개발 MOU체결,극동건설을 포함한 웅진컨소시엄은 경기도 남양주시와 하·폐수 고도처리 기술개발 및 관련 기술의 사업화를 위해 남양주시에 위치한 하수처리장을 테스트베드 Test Bed 실험 공간 로 구축하는 내용의 상호협력 양해각서를 체결했다고 17일 밝혔다. 이번 협약은 환경부에서 추진하고 있는 ‘하·폐수 고도처리 기술개발’ 사업단 ‘글로벌탑 환경기술개발사업’의 참여를 위해 체결됐다. 웅진컨소시엄은 하루 2만톤의 하·폐수 처리가 가능한 하수처리장을 테스트베드로 삼아 각종 첨단실험과 기술을 수행하게 된다. 극동건설 물·환경사업담당 이억재 상무는 “실제와 동일한 환경에서 동일한 결과 예측이 가능한 테스트베드 구축은 미래형 신기술의 사업화를 이끄는 중요한 요소 중 하나”라며 “물 재이용 및 하·폐수 고도처리 플랜트 기술의 상용화와 더불어 핵심 원천기술 확보된다면 세계 시장에서 물산업 경쟁력이 더욱 강화될 것”이라고 말했다. 웅진컨소시엄이 참여하는 ‘글로벌탑 환경기술개발사업’의 ‘하·폐수 고도처리 기술개발사업’은 정부 출현금 포함 총 800억원의 사업비를 투자해 오는 7월부터 2016년 6월까지 5년간 연구 개발이 이루어진다. ‘하·폐수 고도처리 기술개발사업’은 고도처리 플랜트의 조기 사업화 및 원천기술 수출 촉진을 목표로 방류수질 개선 및 재이용수 생산 핵심기술 테스트베드 설계·시공 및 사업화에 대해 중점적으로 연구하게 된다.,https://news.naver.com/main/read.nhn?mode=LSD&mid=shm&sid1=260&oid=014&aid=0002457982,284
261897,2011.06.16. 오전 11:26,부동산,파이낸셜뉴스,최삼규 건단련 회장 17일 건설의날 행사 개최,최삼규 대한건설단체총연합회 회장은 건설산업의 역량과 비전을 대내외에 알리고 건설인들의 위기극복 의지와 건설산업의 새로운 발전방안을 제시하기 위해 오는 17일 오후 1시 30분 서울 강남구 논현동 건설회관 대강당에서 ‘2011 건설의 날’ 기념행사를 개최한다. u3000이날 기념행사는 김황식 국무총리와 권도엽 국토해양부 장관을 비롯한 정부 관계자와 국회의원 건설단체장 및 유관기관장 건설업계 인사 등 1000여 명이 참석한 가운데 기념사와 주제영상 시청 유공자 포상 등의 프로그램으로 진행된다.,https://news.naver.com/main/read.nhn?mode=LSD&mid=shm&sid1=260&oid=014&aid=0002457981,284
261898,2011.06.16. 오전 11:25,부동산,세계일보,청약통장 없이 500만원으로 강남 아파트 마련해볼까 강남구 청담동 청담자이,강남구 청담동 청담자이 16가구 20일 인터넷 청약 개시 세계닷컴 청약통장 없이 계약금 500만원으로 서울 강남의 신규 아파트를 잡을 수 있는 기회가 생겼다. GS건설은 이달 20일부터 22일까지 사흘간 서울시 강남구 청담동에 위치한 청담 자이에 대한 청약접수를 받는다고 12일 밝혔다. 청담자이는 GS건설이 지난 2004년 이후 7년만에 강남구에서 선보이는 단지이다. 강남구 청담동 134 20번지에 위치한 청담한양아파트 재건축 아파트로 지난 2009년 1대1 재건축으로 전 가구가 조합원들에게 분양되어 올해 10월 입주를 앞두고 있다. 이번 분양 물량은 2009년 ‘임대주택 건설 의무제’ 폐지에 따라 임대에서 분양 물량으로 전환된 전용면적 49㎡ 4가구 89㎡ 12가구 등 총 16가구다. 주택법 적용을 받지 않아 청약금 500만원만 있으면 청약통장없이 누구나 청약이 가능하다. 청담자이 홈페이지 www.cd xi.co.kr 에서 청약접수를 받으며 추첨을 통해 당첨자가 결정된다. 당첨자는 24일 오후 2시 이후 홈페이지에서 직접 확인 가능하고 계약시 분양금의 10%를 내고 중도금 분양금의 10% 납입 후 10월 입주 때 잔금을 내면 된다. 청담자이는 지하2층 지상35층 5개동 총 708가구로 대부분이 조합원 물량이어서 입주율이 90%를 넘을 것으로 보인다. 특히 한강변에 위치해 올림픽대로와 인접해 있고7호선 청담역을 걸어서 이용 가능해 편리한 교통 프리미엄을 누릴 수 있다. 또한 경기고 휘문고 등 ‘강남 최고의 명문학군’을 갖춰 강남진입을 계획하는 실수요층에게 많은 관심을 받고 있으며 소형평형은 임대상품으로도 높은 인기를 모을 것으로 기대된다. 발코니 확장과 시스템 에어컨를 무료로 제공하는 혜택도 준다. GS건설 관계자는 “분양물량은 실수요자들에게 인기가 높은 중소형인데다가 분양가도 조합원 물량 거래 가격 수준보다 조금 낮게 결정했다”며 “전세시세만도 분양가의 50%를 넘고 인근에 임대 수요도 풍부해 임대 투자용으로도 고려해 볼 만하다”고 설명했다. 분양문의 02 545 1301 홈페이지 www.cd xi.co.kr ※본 콘텐츠는 기업 제공 자료로 세계닷컴의견과 다를수 있습니다. Segye.com Segye.com 인기뉴스 통일장관 北주민 9명 귀순 닷새동안 몰랐다 주한미군 훈련 도중 시민들에게 총 겨눠 대학생 두번 울리는 사립대 기숙사비 MB “부패 한계 왔다”… 공직기강 바짝 죈다 파렴치 교장 형편 어려운 여제자 성추행 파문 ⓒ 세계일보 Segye.com 무단 전재 및 재배포 금지 금융전문뉴스 세계파이낸스 모바일로 만나는 세계닷컴 세계닷컴은 한국온라인신문협회 www.kona.or.kr 의 디지털뉴스이용규칙에 따른 저작권을 행사합니다.,https://news.naver.com/main/read.nhn?mode=LSD&mid=shm&sid1=260&oid=022&aid=0002275814,284
261899,2011.06.16. 오전 11:24,부동산,파이낸셜뉴스,선박도입 절차 간소화 된다,국토해양부는 선박미수입 사실확인 절차를 대폭 간소화해 선사의 경제적·시간적 부담을 완화하기로 했다고 16일 밝혔다. 선박미수입 사실확인이란 내국인이 외국에서 선박을 취득한 뒤 장기간 국내에 입항할 계획이 없어 수입신고가 곤란할 때 선박이 수입되지 않았다는 확인서를 발급받아 수입통관을 하지 않고도 선박소유권 보존등기가 가능토록 하는 제도다. 단순히 수입통관을 위해 외국에서 빈 배로 입항할 경우 발생하는 추가비용 등 경제적 손실을 막기 위해 1998년부터 시행되고 있다. 하지만 확인서 발급을 위해서는 선박의 매매사실을 증명하기 위해 매매계약서에 대한 공증을 거친 뒤 해외공관장의 확인을 받아야 하는 등 일부 선사가 절차 및 비용상의 부담을 호소해 왔다. 선박 계약금액이 20억원이 넘으면 공증비용은 300만원이다. 이에 따라 국토부는 관련 규정인 선박미수입 확인절차 예규를 개정해 공증 및 공관장 확인절차를 생략해 절차를 간소화하기로 했다.,https://news.naver.com/main/read.nhn?mode=LSD&mid=shm&sid1=260&oid=014&aid=0002457976,284
261900,2011.06.16. 오전 11:23,부동산,동아일보,“강남 아파트 마련해 볼까 청약통장없이 청약금 500만원으로” 청담동 청담자이,동아닷컴 청약통장 없이 계약금 500만원으로 서울 강남의 신규 아파트를 잡을 수 있는 기회가 생겼다. GS건설은 이달 20일부터 22일까지 사흘간 서울시 강남구 청담동에 위치한 청담 자이에 대한 청약접수를 받는다고 12일 밝혔다. 청담자이는 GS건설이 지난 2004년 이후 7년만에 강남구에서 선보이는 단지이다. 강남구 청담동 134 20번지에 위치한 청담한양아파트 재건축 아파트로 지난 2009년 1대1 재건축으로 전 가구가 조합원들에게 분양되어 올해 10월 입주를 앞두고 있다. 이번 분양 물량은 2009년 ‘임대주택 건설 의무제’ 폐지에 따라 임대에서 분양 물량으로 전환된 전용면적 49㎡ 4가구 89㎡ 12가구 등 총 16가구다. 주택법 적용을 받지 않아 청약금 500만원만 있으면 청약통장없이 누구나 청약이 가능하다. 청담자이 홈페이지 www.cd xi.co.kr 에서 청약접수를 받으며 추첨을 통해 당첨자가 결정된다. 당첨자는 24일 오후 2시 이후 홈페이지에서 직접 확인 가능하고 계약시 분양금의 10%를 내고 중도금 분양금의 10% 납입 후 10월 입주 때 잔금을 내면 된다. 청담자이는 지하2층 지상35층 5개동 총 708가구로 대부분이 조합원 물량이어서 입주율이 90%를 넘을 것으로 보인다. 특히 한강변에 위치해 올림픽대로와 인접해 있고7호선 청담역을 걸어서 이용 가능해 편리한 교통 프리미엄을 누릴 수 있다. 또한 경기고 휘문고 등 ‘강남 최고의 명문학군’을 갖춰 강남진입을 계획하는 실수요층에게 많은 관심을 받고 있으며 소형평형은 임대상품으로도 높은 인기를 모을 것으로 기대된다. 발코니 확장과 시스템 에어컨를 무료로 제공하는 혜택도 준다. GS건설 관계자는 “분양물량은 실수요자들에게 인기가 높은 중소형인데다가 분양가도 조합원 물량 거래 가격 수준보다 조금 낮게 결정했다”며 “전세시세만도 분양가의 50%를 넘고 인근에 임대 수요도 풍부해 임대 투자용으로도 고려해 볼 만하다”고 설명했다. 분양문의 02 545 1301 홈페이지 www.cd xi.co.kr 본 자료는 해당기관에서 제공한 보도 자료입니다.,https://news.naver.com/main/read.nhn?mode=LSD&mid=shm&sid1=260&oid=020&aid=0002252029,284
261901,2011.06.16. 오전 11:21,부동산,파이낸셜뉴스,은평구 갈현동에 3900여가구 아파트 단지 들어선다,서울 은평구 갈현동 은평뉴타운 인근에 3900여가구의 대규모 아파트 단지가 들어선다. 서울시는 지난 15일 도시계획위원회를 열어 갈현동 300번지 일대 23만7629㎡에 아파트 3934가구를 짓는 내용의 ‘갈현제1주택재개발 정비구역 지정 계획안’을 통과시켰다고 16일 밝혔다. 전체 3954가구 가운데 전용면적 85㎡ 이하가 3544가구 85㎡ 초과는 390가구로 대부분 중소형 아파트로 구성됐다. 임대주택은 총 670가구가 들어서는데 40㎡ 이하 311가구 40㎡ 초과∼50㎡ 이하 275가구 50㎡ 초과∼60㎡ 이하 84가구 등이다. 용적률은 224.90%가 적용되며 최고 21층으로 건립된다. 단지 내에는 1만1658㎡ 규모의 녹지와 2653㎡ 규모의 공원 공공문화체육시설 초등학교 등이 조성된다. 은평뉴타운 입구에서 가까운 사업지 주변에는 신도고등학교 천일아파트 건영아파트 등이 있다. 위원회는 또 성북구 보문동6가 207번지 ‘보문제3주택재개발 정비구역 변경지정안’도 가결했다. 이에 따라 보문3구역은 용적률이 220%에서 236%로 완화되면서 가구수도 기존보다 99가구 늘어난 1028가구가 공급될 예정이다. 전용면적별로는 60㎡이하 387가구 60㎡ 초과∼85㎡ 이하 515가구 85㎡초과 126가구 등이다. 이와 함께 은평구 신사동 19 190번지 일대 재건축 정비구역 1만7747㎡ 의 법적 상한용적률을 기존 221%에서 245%로 완화하는 안건도 통과됐다. 신사동고개삼거리 근처에 위치한 이 구역에는 용적률이 완화되는 대신 전용면적 60㎡ 이하 소형주택 25가구를 짓는 등 전체 건립가구수가 종전 317가구에서 337가구로 늘어난다.,https://news.naver.com/main/read.nhn?mode=LSD&mid=shm&sid1=260&oid=014&aid=0002457967,284
261902,2011.06.16. 오전 11:21,부동산,경향신문,청약통장없이 청약금 500만원으로 강남 아파트 마련해 볼까강남구 청담동 청담자이,강남구 청담동 청담자이 16가구 20일 인터넷 청약 개시 청약통장 없이 계약금 500만원으로 서울 강남의 신규 아파트를 잡을 수 있는 기회가 생겼다. GS건설은 이달 20일부터 22일까지 사흘간 서울시 강남구 청담동에 위치한 청담 자이에 대한 청약접수를 받는다고 12일 밝혔다. 청담자이는 GS건설이 지난 2004년 이후 7년만에 강남구에서 선보이는 단지이다. 강남구 청담동 134 20번지에 위치한 청담한양아파트 재건축 아파트로 지난 2009년 1대1 재건축으로 전 가구가 조합원들에게 분양되어 올해 10월 입주를 앞두고 있다. 번 분양 물량은 2009년 ‘임대주택 건설 의무제’ 폐지에 따라 임대에서 분양 물량으로 전환된 전용면적 49㎡ 4가구 89㎡ 12가구 등 총 16가구다. 주택법 적용을 받지 않아 청약금 500만원만 있으면 청약통장없이 누구나 청약이 가능하다. 청담자이 홈페이지 www.cd xi.co.kr 에서 청약접수를 받으며 추첨을 통해 당첨자가 결정된다. 당첨자는 24일 오후 2시 이후 홈페이지에서 직접 확인 가능하고 계약시 분양금의 10%를 내고 중도금 분양금의 10% 납입 후 10월 입주 때 잔금을 내면 된다. 청담자이는 지하2층 지상35층 5개동 총 708가구로 대부분이 조합원 물량이어서 입주율이 90%를 넘을 것으로 보인다. 특히 한강변에 위치해 올림픽대로와 인접해 있고7호선 청담역을 걸어서 이용 가능해 편리한 교통 프리미엄을 누릴 수 있다. 또한 경기고 휘문고 등 ‘강남 최고의 명문학군’을 갖춰 강남진입을 계획하는 실수요층에게 많은 관심을 받고 있으며 소형평형은 임대상품으로도 높은 인기를 모을 것으로 기대된다. 발코니 확장과 시스템 에어컨를 무료로 제공하는 혜택도 준다. GS건설 관계자는 “분양물량은 실수요자들에게 인기가 높은 중소형인데다가 분양가도 조합원 물량 거래 가격 수준보다 조금 낮게 결정했다”며 “전세시세만도 분양가의 50%를 넘고 인근에 임대 수요도 풍부해 임대 투자용으로도 고려해 볼 만하다”고 설명했다. 분양문의 02 545 1301 홈페이지 www.cd xi.co.kr 본 자료는 해당 업체에서 제공한 보도 자료입니다. 경향신문 ‘오늘의 핫뉴스’ 병무청장 “MC몽 입대발언 쏙 들어가”…왜 대학생 ‘신용카드 강간’…결국 ‘마루타 알바’ “과 수석이 학비 없어 자퇴…” 교수 1인시위 서러운 알바 여대생… 내가 사람이긴 한 건가 서울대생 절대 대통령 안돼야할 인물 1위 “B급 대학에 왜 비싼 돈주고 다니냐고요 ” 공식 SNS 계정 경향 트위터 미투데이 페이스북 세상과 경향의 소통 Khross ⓒ 경향신문 경향닷컴 www.khan.co.kr 무단전재 및 재배포 금지 〈경향닷컴은 한국온라인신문협회 www.kona.or.kr 의 디지털뉴스이용규칙에 따른 저작권을 행사합니다.,https://news.naver.com/main/read.nhn?mode=LSD&mid=shm&sid1=260&oid=032&aid=0002142443,284
261903,2011.06.16. 오전 11:20,부동산,파이낸셜뉴스,공동택지개발 민간업자 이윤 6% 이하 제한,국토해양부는 공공과 민간 사업자가 공동으로 벌이는 택지개발사업에서 민간 사업자의 이윤율을 최고 6%로 제한하는 내용을 담은 ‘택지개발촉진법 시행령 및 시행규칙’ 개정안을 17일 입법예고한다고 16일 밝혔다. 개정안에 따르면 한국토지주택공사 LH 등 공공 시행자와 함께 공동택지개발사업에 참여하는 민간 사업자는 반드시 공모에 의한 경쟁 방식을 거쳐 뽑아야 하며 민간사업자의 이윤은 총 사업비의 6% 이내로 제한된다. 개정안은 또 사업추진 과정에서 공공·민간 사업자 간 마찰을 예방하기 위해 양측의 역할 분담 사업비 조달계획 사업계획 변경 조성토지 공급 및 처분 기반시설 설치와 비용 부담 등의 주요 사항에 관한 협약을 미리 체결하도록 규정했다. 공공 시행자가 민간 사업자와 공동으로 조성한 주택건설용지 중 민간투자 지분비율 범위에서 용지를 주택건설 사업에 활용할 수 있도록 해당 사업자에게 우선 공급하는 방안도 개정안에 포함됐다. 국토부 관계자는 “공모 방식으로 민간 사업자를 선정해 경쟁을 통한 택지조성원가 인하를 유도하고 이윤율을 미리 제한해 공동택지개발사업으로 발생한 이익이 민간 사업자 측에 과도하게 넘어가는 것을 방지하려는 게 목적”이라고 설명했다.,https://news.naver.com/main/read.nhn?mode=LSD&mid=shm&sid1=260&oid=014&aid=0002457963,284
261904,2011.06.16. 오전 11:20,부동산,이데일리,LH 남부수단과 신수도 건설 MOU,신수도 마스터플랜 수립 관련 기술협력 이데일리 이태호 기자 한국토지주택공사 LH 는 16일 분당 본사에서 남부수단 자치정부 Government of Southern Sudan 와 남부수단 신수도 건설 협력 에 관한 양해각서 MOU 를 체결했다고 밝혔다. MOU는 신수도 건설에 관한 포괄적 협력관계 구축을 목적으로 하며 우선적으로 마스터플랜 수립에 관한 기술협력에 중점을 두고 있다. 아프리카 중북부에 위치한 남부수단 자치정부는 내달 9일 수단공화국 Republic of Sudan 에서 분리돼 독립국가인 남수단공화국 Republic of South Sudan 으로 출범할 예정이다. 아프리카 54번째 전 세계 193번째 신생국이다. 남부수단 자치정부는 현재 남부지역에 위치한 주바 Juba 를 수도로 사용하고 있으며 독립국가에 걸맞는 신수도 건설을 검토하고 있다. LH는 지난 4월초 외교통상부 수단 경제사절단에 포함돼 남부수단을 방문했다. 당시 LH는 살바 키르 자치정부 대통령에게 남부수단 신수도 건설 기본방향을 설명했고 자치정부로부터 MOU 체결 제의를 받았다. 이날 협약식에는 남부수단 신수도 입지 선정과 건설업무를 총괄하는 젬마 누누 쿰바 주택 및 국토계획부 장관이 참석했다. 이지송 LH 사장은 지난 50여년간 축적한 신도시 건설기술을 남부수단 정부에 제공해 국가 발전에 도움을 줄 계획 이라고 말했다.,https://news.naver.com/main/read.nhn?mode=LSD&mid=shm&sid1=260&oid=018&aid=0002453379,284
261905,2011.06.16. 오전 11:19,부동산,머니투데이,민ㆍ관 공동택지개발 공모경쟁으로 사업자 선정,머니투데이 조정현 MTN기자 앞으로 토지주택공사 LH같은 공공시행자가 민간과 함께 택지개발사업을 시행할 경우에 공모 경쟁을 통해 민간 사업자를 선정해야 합니다. 국토해양부는 민간사업자끼리 경쟁해 효율적으로 사업 계획을 세우고 택지 조성원가를 낮출 수 있도록 이런 내용을 골자로 한 택지개발촉진법 시행령과 시행 규칙을 마련했다고 밝혔습니다. 또 선정된 민간사업자와 LH가 역할 분담과 자금 조달계획 사업계획 변경같은 주요 사항에 대해서 협약을 체결하도록 해 마찰을 방지하도록 했습니다. 민간의 과도한 이윤 추구를 막기 위해 민간 사업자의 이윤율은 총사업비의 6%이내로 제한됩니다.,https://news.naver.com/main/read.nhn?mode=LSD&mid=shm&sid1=260&oid=008&aid=0002556516,284
261906,2011.06.16. 오전 11:19,부동산,파이낸셜뉴스,태영 경주에 블로원 워터파크 18일 오픈,태영그룹은 오는 18일 경북 경주시 블루원리조트 안에 영남권 최대 규모의 워터파크 ‘블루원 워터파크’ 조감도 를 오픈한다고 16일 밝혔다. ‘블루원 워터파크’는 남태평양의 폴리네시안을 테마로 전체 3만9600㎡ 부지에 실내 워터파크 6600㎡ 실외 워터파크 2만8050㎡ 광장 및 주차장 4950㎡로 이뤄져 있으며 하루 최대 1만명을 수용할 수 있다. 다양한 물놀이 시설과 편의시설을 갖추고 있으며 천연 알카리 온천수를 사용한 것이 특징이다. 대표적인 물놀이 시설은 파도의 최고 높이가 2.6m에 이르는 실외 파도풀 ‘스톰웨이브’다. 세계적인 파도풀 제작업체 영국 머피사가 만든 것으로 총 길이 90m 폭 26.5m로 1450명이 동시에 이용할 수 있다. 실외 워터파크에는 이 밖에 길이 266m 폭 5m로 급류에서의 래프팅을 방불케 하는 ‘토렌트리버’ 18m 높이에서 128m 구간을 순식간에 주파하는 4인승 튜브 슬라이드 ‘토네이도 슬라이드’ 등 19가지의 물놀이 시설을 갖추고 있다. 실내 워터파크에는 12m 높이에서 100m 구간을 스릴있게 질주하는 2인용 튜브 슬라이드 ‘캐논볼 슬라이드’를 비롯해 ‘튜브슬라이드’ ‘바디슬라이드’ 등 9가지 물놀이 시설을 마련했다. ‘블루원 워터파크’는 부산·대구·울산·포항에서 1시간이면 닿는 거리에 위치해 있다. 특히 KTX 신경주역이 개통되면서 영남권은 물론 서울에서도 2시간이면 도착할 수 있을 만큼 접근성이 한층 좋아졌다. 태영그룹이 경주에 조성한 ‘블루원리조트’는 최고급 콘도미니엄과 골프장 워터파크 등을 갖춘 4계절 종합 리조트 단지다.,https://news.naver.com/main/read.nhn?mode=LSD&mid=shm&sid1=260&oid=014&aid=0002457957,284
261907,2011.06.16. 오전 11:18,부동산,머니투데이,LH남부수단 신수도 건설 MOU 체결,머니투데이 조정현 MTN기자 한국토지주택공사 LH는 남부수단 정부와 남부수단 신수도 건설 협력에 관한 양해각서 를 체결했다고 밝혔습니다. 이번에 체결하는 양해각서는 남부수단 신수도 건설에 관한 포괄적 협력관계 구축을 목적으로 하며 우선적으로 마스터플랜 수립에 관한 기술협력에 중점을 두고 있습니다. 오늘 협약식에는 남부수단 신수도 입지 선정과 건설업무를 총괄하고 있는 젬마 누누 쿰바 주택ㆍ국토계획부 장관과 관계자가 참석했습니다. LH 이지송 사장은 LH가 지난 50여 년 간 축적한 신도시 건설기술을 남부수단 정부에 제공해 남부수단 국가발전에 도움을 줄 계획 이라고 밝혔습니다. 남부수단 자치정부는 다음 달 9일 자로 수단 공화국에서 분리돼 독립국가인 남수단 공화국으로 출범합니다. 현재 수도는 남부지역인 주바 로 남부수단 정부는 독립국가에 걸 맞는 신수도 건설을 검토하고 있습니다.,https://news.naver.com/main/read.nhn?mode=LSD&mid=shm&sid1=260&oid=008&aid=0002556515,284
261908,2011.06.16. 오전 11:18,부동산,동아일보,명문학군으로 주목받는 일산 자이 위시티,동아닷컴 부동산 시장 전망이 긍정적인 가운데 실수요자는 물론 투자자들의 움직임에도 변화가 있을것으로 예상되고 있다. 올해 및 내년에도 주택 공급량이 감소할 예정이기 때문에 보금자리를 마련하려는 수요자들의 마음이 바빠질 것으로 보인다. 부동산전문가들은 “내집마련이나 갈아타기를 염두에 두고 있다면 집값 바닥으로 점쳐지는 올해를 노리는 것도 기회”라고 말한다. 특히 최근 지방 부동산 시장의 매매가 상승이나 강남 오피스텔의 경쟁률 등을 주목해 볼만하다. 부산의 경우 이동식 중개업소를 뜻하는 ‘떳다방’까지 출현했다. 모델하우스에는 사람들이 북적댔고 경매시장에도 지방 부동산이 고가로 낙찰되고 있다. 강남역 한 오피스텔은 평균경쟁률 37.2대 1을 기록하면서 100%계약을 성사시켰다. 업계 관계자는 “올해는 내집마련을 하기 좋은 시기다. 특히 입주물량 부담으로 가격하락 및 파격적인 분양조건이 풍부한 고양 용인 등지의 브랜드 아파트를 노려볼만하다”라고 전했다. 최근 명문학군 아파트로 주목받는 일산 자이 위시티는 대표적인 추천 단지다. 입주를 시작한 아파트로 조경이 뛰어나고 학군도 좋아 입주만족도가 높다. 일산 자이 위시티가 들어선 1 2 4블록에는 ‘물’ ‘숲’ ‘들’을 주제로 다양한 테마 정원이 조성돼 있으며 수령 100년 이상의 적송 1500그루를 포함해 명품 소나무 2300그루가 단지 곳곳에 심어졌다. 1단지에 들어서면 레벨차가 나는 단지의 지형적 특징을 살린 조각분수원 자갈정원 썬베드 등을 볼 수 있다. 2단지는 기암괴석과 분재형 수목 폭포 등으로 연출된 석산인 ‘천선대’를 조성했다. 또한 208동과 209동 사이에 조성된 ‘어반 정글’은 큐브 모양에 구멍이 뚫린 대형 조형 파고라로 입주민들이 쉴 수 있는 휴식공간으로 조성됐다. 또한 원중초 양일초 양일중 고양국제고 등이 가까워 ‘명문 학군’ 아파트로 꼽히고 있다. 고양국제고는 서울 부산 인천 청심 화성 국제고에 이어 여섯 번째 건립되는 것으로 수도권 강북 내 유일한 국제고등학교다. 한편 인근에 동국대 바이오 메디 융합캠퍼스도 위치해 있어 위시티는 일산지역 교육 8학군으로 급부상할 전망이다. 또한 저현고등학교는 자율형 국립고로 선정됐다. GS건설 ‘일산자이 위시티’는 지하2층 지상30층 43개동 총 4 683가구 규모로 교통 및 편의시설 이용도 뛰어나다. 일산I.C 고양I.C가 가깝고 제2자유로와 경의선 복선전철 등을 이용할 수 있어 서울과의 접근성이 뛰어나다. 경의선 백마역 풍산역과 지하철 3호선 정발산역도 가깝다. 특히 GTX 개발 계획 확정 경의선 복선전철 파주 문산역 서울 상암DMC역 구간 개통으로 ‘서울 일산’ 30분 시대를 열었다. 또한 서울외곽순환고속도로 고양IC와 파주 서울을 잇는 310번 도로 자유로 일산IC 등이 인접해 있어 승용차를 이용할 경우 서울 접근성 승용차로 30분대 이 탁월하다. 광역버스 교통망도 우수한 편이다. 편의시설도 잘 갖춰져 있다. 인근에 동국대학교병원 국립암센터 등이 위치해 있으며 원마운트몰 일산 아람누리 아트홀 롯데백화점 현대백화점 이마트 고양시청 킨텍스 한류우드 등을 이용할 수 있다. 일산 자이는 즉시 입주 가능 하며 금융 조건은 계약금 20% 중도금 60% 3년 이자 지원 이 주어지며 입주시 잔금 20%를 납입하면 추가혜택도 있다. 또 풀옵션 일부 세대 제외 과 발코니 확장이 무상으로 제공된다. 분양문의 1577 9593 본 자료는 해당기관에서 제공한 보도 자료입니다.,https://news.naver.com/main/read.nhn?mode=LSD&mid=shm&sid1=260&oid=020&aid=0002252022,284
261909,2011.06.16. 오전 11:15,부동산,파이낸셜뉴스,레쿤125 오토바이 47대 리콜,국토해양부는 진일엔지니어링㈜에서 수입판매한 레쿤125 오토바이에서 결함이 발견돼 리콜한다고 16일 밝혔다. 리콜 대상은 지난 2008년 6월27일에 제작 수입된 47대다. 오토바이의 전조등은 상대방이 쉽게 확인하도록 시동과 동시에 상시 점등되어야 하지만 이 오토바이에는 스위치가 설치돼 안전기준에 부적합한 것으로 조사됐다. 해당 오토바이 소유자는 17일부터 수입사 서비스센터나 전국 대리점에서 무상수리를 받을 수 있고 리콜 전 수리 비용도 청구할 수 있다.,https://news.naver.com/main/read.nhn?mode=LSD&mid=shm&sid1=260&oid=014&aid=0002457951,284
261910,2011.06.16. 오전 11:14,부동산,머니투데이,서울 은평구 갈현동에 아파트 3934가구 건립,머니투데이 박동희 MTN기자 서울 은평구 갈현동 300번지 일대 23만7 000여㎡에 아파트 3 934가구가 들어섭니다. 서울시는 어제 도시계획위원회를 열고 갈현제1주택재개발 정비구역 지정안 을 통과시켰다 고 밝혔습니다. 용적율은 225%를 적용받아 최고 21층의 아파트가 들어설 예정으로 전체 가구 수의 90%인 3 544가구가 전용면적 85㎡이하 중소형으로 건립됩니다. 한편 도시계획위원회는 성북구 보문동6가 207번지 일대의 용적률을 236%로 상향해 모두 1028가구를 건립하는 내용의 보문제3주택재개발 정비구역 변경지정안 도 통과시켰습니다.,https://news.naver.com/main/read.nhn?mode=LSD&mid=shm&sid1=260&oid=008&aid=0002556508,284
261911,2011.06.16. 오전 11:13,부동산,머니투데이,대우건설 서울 가산디지털단지에 오피스텔 270실 공급,머니투데이 박동희 MTN기자 서울 가산디지털단지역 인근에 16층 높이에 소형 오피스텔 270실이 들어섭니다. 대우건설은 가산동 139 3번지에 램킨 푸르지오 시티 를 분양한다 고 밝혔습니다. 램킨 푸르지오 시티는 43㎡이하가 260실 65㎡ 이상이 10실로 구성돼 있으며 분양가는 3 3㎡당 평균 1 171만 원입니다. 대우건설은 주변에 13만 명이 근무하고 있음에도 불구하고 지난 5년 동안 신규 오피스텔 공급이 없었던 만큼 투자자들의 관심이 높은 곳 이라고 설명했습니다.,https://news.naver.com/main/read.nhn?mode=LSD&mid=shm&sid1=260&oid=008&aid=0002556507,284
261912,2011.06.16. 오전 11:13,부동산,머니투데이,서울 증산5구역 추진위원장 선거 선관위 주관,머니투데이 박동희 MTN기자 서울 수색·증산뉴타운 내 증산 5구역에서 처음으로 선거관리위원회가 주관하는 재개발 추진위원장 선출 주민선거가 실시됩니다. 서울시는 공공관리제도에 따라 추진위원회 구성 과정에서 발생하는 이권업체의 개입과 주민갈등을 차단하기 위해 은평구 선거관리위원회가 주민선거를 주관한다 고 밝혔습니다. 은평구 선관위는 선거부정감시단을 구성해 후보자 등의 선거부정행위 단속업무를 선거일까지 실시할 예정입니다. 선거에 필요한 모든 비용은 공공 자금으로 무상으로 지원됩니다.,https://news.naver.com/main/read.nhn?mode=LSD&mid=shm&sid1=260&oid=008&aid=0002556506,284
261913,2011.06.16. 오전 11:13,부동산,머니투데이,김포 한강신도시 7년만에 집들이 시작,머니투데이 조정현 MTN기자 김포 한강신도시가 사업 시작 7년 만에 내일부터 집들이를 시작합니다. 국토해양부는 우남퍼스트빌 1 202세대를 시작으로 김포한강신도시에서 올 연말까지 7 943세대가 입주한다고 밝혔습니다. 전체 아파트 세대 수는 5만 800세대로 내년에 8 921세대 오는 2013년 이후에 3만 3 3945세대가 입주할 예정입니다. 다음 달 초에 한강신도시와 올림픽대로를 연결하는 6차선 김포한강로가 개통돼 신도시의 교통난 해소에 큰 도움이 될 전망입니다. 한편 김포한강신도시를 비롯해 광교와 판교 파주 등 6개 신도시에서 연말까지 2만 4천여 세대가 입주를 시작합니다.,https://news.naver.com/main/read.nhn?mode=LSD&mid=shm&sid1=260&oid=008&aid=0002556505,284
261914,2011.06.16. 오전 11:13,부동산,매일경제,가산디지털단지에서 오피스텔 270실,대우건설이 서울 가산디지털단지에서 오피스텔 램킨 푸르지오시티 를 분양한다. 디지털2단지가 소재한 가산동 139 3일대에 들어서는 이 오피스텔은 지하4층 지상16층 1개동 총 270실로 구성된다. △40.29 ㎡ 208실 △43.15 ㎡ 52실 △65.14 ㎡ 6실 △69.19㎡ 4실 등이다. 지하철 1. 7호선 환승역인 가산디지철단지역을 걸어서 이용할 수 있다. 분양가는 3.3㎡당 평균 1171만원 부가세 별도 이다. 가산디지털단지역 4번 출구 근처에 분양홍보관이 마련됐다. 1566 3323. 이명진 기자 r start 화보 속 훤히 보이는 과감한 시스루룩 김정민 가계빚 위험 카드사태때의 2배 삼성직원들은 지금…친구와 만날때도 유흥업소는 NO 북한 미모의 女승무원 화제 서울대 부모 연봉 3800만원 이하 전액장학금 지급 장쯔이 성룡 음주 후 모습 포착 ‘좋아 죽겠다’ 포토 늑대의 유혹 무대 가득채운 멋진 출연진 r end ⓒ 매일경제 mk.co.kr 무단전재 및 재배포 금지 MBA도 모바일로 공부한다.,https://news.naver.com/main/read.nhn?mode=LSD&mid=shm&sid1=260&oid=009&aid=0002485722,284
261915,2011.06.16. 오전 11:11,부동산,헤럴드경제,한국도로公 신임 사장에…장석효 前서울시 부시장,한국도로공사는 제15대 사장에 장석효 64ㆍ사진 전 서울시 행정2부시장이 임명돼 16일 취임식을 갖고 본격적인 업무에 들어갔다고 밝혔다. 장 신임사장은 1974년 서울대를 졸업하고 기술고시로 공직에 입문했다. 서울시 재직 중 도로국장과 지하철건설본부장 건설안전관리본부장 등 건설 관련 요직을 두루 거쳤고 청계천 복원사업을 진두지휘했다. 31년간의 공직생활을 거쳐 2006년 서울시 제2행정부시장으로 퇴임한 바 있다.,https://news.naver.com/main/read.nhn?mode=LSD&mid=shm&sid1=260&oid=016&aid=0000386883,284
261916,2011.06.16. 오전 11:10,부동산,동아일보,손쉬운 차량 검색 시스템 도입 대구 엠월드,동아닷컴 중고차 구입의 새로운 패러다임이 제시되고 있어 눈길을 끌고 있다. 오는 6월 30일 그랜드 오픈을 앞둔 대구 엠월드는 키오스크를 도입해 1층에서 손쉽게 차량을 검색하면 원하는 조건에 맞는 차를 빠른 시간 내에 찾아 볼 수 있도록 했다. 까다로운 조건에 맞는 차를 구입하기 위해선 발품이 필수로 여겨지던 중고차 시장에 새로운 바람이 불고 있는 것. 특히 엠월드는 국내 최대 규모의 자동차 복합 단지로 백화점에서 물건을 쇼핑하는 것처럼 편리한 자동차 쇼핑이 가능하도록 해 주목 받고 있다. 특히 엠월드는 한 자리에서 원스톱으로 차량의 세부적인 검색을 할 수 있는 터치스크린 방식의 키오스크 시스템 Kiosk System 을 국내 최초로 도입했다. 엠월드가 선보이는 키오스크 시스템은 원하는 가격에 맞는 다양한 차량을 한 번에 찾아볼 수 있어 날씨 시간 계절에 상관없이 소비자가 원하는 차량을 간편하게 검색할 수 있다. 또한 가격과 모델을 비롯한 차량 세부 검색의 어려운 부분인 연식 옵션 매장위치 등을 손쉽게 나타낸다. 시스템 스크린을 통해 매장과 차량의 위치를 최적화된 동선으로 제시해 편안한 쇼핑이 가능하도록 했다. 키오스크 시스템은 은행의 ATM 지하철의 발권기 관공서 증명서발급 등에서만 볼 수 있었던 시스템이다. 엠월드는 시스템과 금융 유통을 유기적으로 연결하면서 모든 서비스와 제반 업무를 한 곳에서 처리하고 해결하는 오토 매매시스템으로 발전될 전망이다. 엠월드는 대구광역시 서구 이현동에 들어서는 지하2층 지상6층 연면적 104 849㎡ 규모의 자동차 복합 단지다. 국내외 신차 및 중고차 매매에서 차량정비 튜닝은 물론 차량 검사 등록 업무 등 체계적이고 전산화된 원스톱 관리시스템을 통해 고품격 자동차 전문 쇼핑 공간으로 조성된다. MD구성도 뛰어나다. 엠월드는 지하 2층에 자동차 정비센터 자동차 부품대리점 대기업이 제공하는 자동차 성능 검사소가 입점을 완료했고 남성사우나도 들어설 예정이다. 지하 1층부터 지상 5층에는 국산 및 수입신차 및 중고차를 전시한다. 지상 1층은 금융 및 보험사 등의 제반시설이 입점을 완료했다. 지상 6층은 튜닝 카오디오 카인테리어 스크린골프 푸드코드 및 근린생활시설이 들어설 예정이다. 고객상담센터 1566 2111 본 자료는 해당기관에서 제공한 보도 자료입니다.,https://news.naver.com/main/read.nhn?mode=LSD&mid=shm&sid1=260&oid=020&aid=0002252019,284
261917,2011.06.16. 오전 11:09,부동산,파이낸셜뉴스,LH 녹색기자재 공모전 개최,LH는 녹색도시 및 친환경주택 건설 활성화를 위해 ‘LH 녹색기자재 공모전’을 개최한다고 16일 밝혔다. 올해로 3번째로 열리는 이번 공모전은 녹색도시 및 친환경주택에 적용 가능한 기자재 가운데 에너지 효율이 높고 경제성이 뛰어난 기자재를 발굴하기 위해 열린다. 토목 건축 기계 전기·통신 조경의 5개 공종으로 나눠 접수를 받는다. 참가자격은 공고일 6월 10일 현재 사업자 및 공장등록이 돼 있으며 생산과 제조능력을 갖춘 제조업체면 누구나 가능하고 참가신청 및 제안설명서는 7월 11일부터 15일까지 LH 본사 기술기준처에 제출하면 된다. 참가신청서 등 관련서식은 LH 홈페이지 hp www.lh.or.kr 에서 내려 받을 수 있다. 대상을 수상한 2개 기자재에 대해서는 상패와 함께 내년에 LH 주택단지에 시범 적용하는 혜택이 부여된다. 또한 최우수상 3점 에 300만원 우수상 5점 에 200만원의 부상과 상패가 각각 수여된다. 특히 올해는 대상의 수를 2점으로 확대하고 최우수상도 3점으로 크게 늘릴 계획이다.,https://news.naver.com/main/read.nhn?mode=LSD&mid=shm&sid1=260&oid=014&aid=0002457944,284
261918,2011.06.16. 오전 11:08,부동산,파이낸셜뉴스,LH 녹색기자재 공모전 개최,LH는 녹색도시 및 친환경주택 건설 활성화를 위해 ‘LH 녹색기자재 공모전’을 개최한다고 16일 밝혔다. 올해로 3번째로 열리는 이번 공모전은 녹색도시 및 친환경주택에 적용 가능한 기자재 가운데 에너지 효율이 높고 경제성이 뛰어난 기자재를 발굴하기 위해 열린다. 토목 건축 기계 전기·통신 조경의 5개 공종으로 나눠 접수를 받는다. 참가자격은 공고일 6월 10일 현재 사업자 및 공장등록이 돼 있으며 생산과 제조능력을 갖춘 제조업체면 누구나 가능하고 참가신청 및 제안설명서는 7월 11일부터 15일까지 LH 본사 기술기준처에 제출하면 된다. 참가신청서 등 관련서식은 LH 홈페이지 hp www.lh.or.kr 에서 내려 받을 수 있다. 대상을 수상한 2개 기자재에 대해서는 상패와 함께 내년에 LH 주택단지에 시범 적용하는 혜택이 부여된다. 또한 최우수상 3점 에 300만원 우수상 5점 에 200만원의 부상과 상패가 각각 수여된다. 특히 올해는 대상의 수를 2점으로 확대하고 최우수상도 3점으로 크게 늘릴 계획이다.,https://news.naver.com/main/read.nhn?mode=LSD&mid=shm&sid1=260&oid=014&aid=0002457943,284
261919,2011.06.16. 오전 11:05,부동산,매일경제,LH 남부수단 신수도 건설 협력,한국토지주택공사 LH 가 16일 아프리카 남부수단 자치정부와 남부수단 신수도 건설 협력 에 관한 양해각서 MOU 를 체결했다. u3000이날 협약식에는 남부수단 신수도 입지 선정과 건설업무를 총괄하고 있는 젬마 누누 쿰바 주택 및 국토계획부 장관 등이 참석했다. u3000MOU체결로 LH는 남부수단 신수도 건설에 대해 포괄적인 협력을 하게되는데 신수도 마스터플랜 수립에 관한 기술협력에 중점을 둘 예정이다. 남부수단 자치정부는 지난 7월 수단공화국에서 분리된 신생국으로 현재 남부지역에 위치한 주바를 수도로 사용하고 있으며 신수도 건설을 검토중이다. 이은아 기자 r start 화보 속 훤히 보이는 과감한 시스루룩 김정민 가계빚 위험 카드사태때의 2배 삼성직원들은 지금…친구와 만날때도 유흥업소는 NO 북한 미모의 女승무원 화제 서울대 부모 연봉 3800만원 이하 전액장학금 지급 장쯔이 성룡 음주 후 모습 포착 ‘좋아 죽겠다’ 포토 늑대의 유혹 무대 가득채운 멋진 출연진 r end ⓒ 매일경제 mk.co.kr 무단전재 및 재배포 금지 MBA도 모바일로 공부한다.,https://news.naver.com/main/read.nhn?mode=LSD&mid=shm&sid1=260&oid=009&aid=0002485712,284
261920,2011.06.16. 오전 11:03,부동산,뉴시스,공공·민간 공동택지개발시 민간 이윤율 6%로 제한,서울 뉴시스 김형섭 기자 LH 한국토지주택공사 나 SH공사 등 공공 시행자와 민간이 함께 택지개발사업을 할 경우 민간 사업자의 이윤율이 최대 6%로 제한된다. 국토해양부는 이같은 내용을 담은 택지개발촉진법 시행령 및 시행규칙을 마련해 입법예고한다고 16일 밝혔다. 시행령에 따르면 LH 등 공공 시행자가 민간과 택지개발사업을 시행할 경우 민간 사업자는 공모에 따른 경쟁으로 선정해야 한다. 민간 사업자간 경쟁을 유도해 택지조성원가 인하를 유도하기 위한 것이라고 국토부는 설명했다. 민간사업자의 이윤율은 총사업비의 6% 이내로 제한된다. 6% 범위 내에서 공공 시행자와 민간 사업자가 협약으로 정해야 한다. 국토부 관계자는 민간 사업자에게 과도한 이윤이 돌아가지 않도록 하기 위한 것 이라며 제한선은 산업용지 개발 사업자에게 허용하는 이윤율의 상한을 참고해 결정한 것 이라고 밝혔다. 개정안은 또 공동택지개발사업에 참여한 민간 사업자가 직접 주택건설 사업을 할 수 있도록 투자지분 비율 범위에 따라 택지를 우선공급할 수 있게 했다. 이밖에도 개정안은 공공과 민간 사업자가 공동택지개발사업시 주요사항에 대한 협약을 체결토록 하고 LH 외에 국토연구원도 택지정보체계의 구축·운영 업무를 위탁할 수 있도록 했다.,https://news.naver.com/main/read.nhn?mode=LSD&mid=shm&sid1=260&oid=003&aid=0003912954,284
261921,2011.06.16. 오전 11:03,부동산,매일경제,대기업에서 월세받고 초기 3년간 확정수익 또 받고,선임대후분양으로 “치솟는 물가 불안한 연금 한번에 해결했어요” 가정주부 이모씨 49세 는 남편 월급 이외에 소형매장 3개를 뉴코아에 임대주고 매달 300만 원 가량의 임대수익을 올리고 있다. 내 집 마련과 함께 소액의 수익상가를 먼저 사둔 것이 남들과 차별화된 재테크 전략이라고 말한다. 월급만으로 물가상승 자녀교육비 급증과 노후대책을 동시에 감당하기는 불가능하다는 것이다. 베이비붐 세대의 대규모 은퇴와 보금자리주택 등 정부의 적극적인 임대주택 공급으로 점차 주택가격은 하락할 전망이지만 빨라지는 정년과 평균수명연장 등은 노후생계를 위협하므로 생계유지수입원 확보에 빨간불이 들어왔다. 이런 상황에서 선임대후분양에 수익률 보장까지 되는 임대수익의 2중·3중 안정장치가 돼있는 부천터미널 소풍은 성업을 이루고있다. 등기 이전 받고 10년동안 뉴코아에서 월세 받아…. 소풍은 신도시의 탁월한 입지와 이랜드 그룹 뉴코아 킴스클럽이 10년 임대의 장기 계약조건으로 입점 임대계약기간 2009.9 2019.9 함으로써 10년동안 공실 및 건물관리 염려 없이 대기업으로부터 안정적으로 월세를 받을 수 있다. 실투자금 7천만 원대 매장을 분양 받으면 기다릴 필요 없이 등기 이전 후 바로 보증금과 익월 최저 85만 원 120만 원의 임대수익이 지급된다. 롯데백화점 본점 약 7.8배의 대규모 유통센터로 알려진 이곳은 현재 부천종합터미널과 11개관의 프리머스영화관 컨벤션웨딩홀 스포츠 센터가 단일건물 내 입점해 집객파워 및 매출 시너지가 무엇인지 보여주고 있다. 이중 1층부터 5층 까지 도심형 최대 프리미엄 아울렛인 뉴코아와 킴스클럽이 입점한 매장을 등기분양 한다. 이랜드가 선점한 이곳은 교통의 요지이며 지하철1호선과 2012년 개통예정인 7호선 상동역의 더블 역세권 형성으로 상권성장 잠재력과 시세차익이 기대되는 곳이다. 현재 완공 후 영업중인 것을 분양 받으므로 투자 후 바로 수익이 발생하고 소유권 이전 받기 전까지 분양대금을 한국자산신탁에서 안전하게 관리 해준다는 것이 투자자들이 선호하는 큰 이유중에 하나다. 분양문의 1588 4937 위 내용은 매경닷컴의 편집방향과 무관하며 해당업체에서 제공한 보도자료입니다. ⓒ 매일경제 mk.co.kr 무단전재 및 재배포 금지 MBA도 모바일로 공부한다.,https://news.naver.com/main/read.nhn?mode=LSD&mid=shm&sid1=260&oid=009&aid=0002485709,284
261922,2011.06.16. 오전 11:02,부동산,머니투데이,공공·민간 택지개발사업 공동 시행 본격 추진,머니투데이 송지유 기자 민간사업자 공모방식 자율경쟁 통해 선정…이윤율은 총사업비 6% 이내로 제한 공공과 민간이 택지개발지구를 공동 시행하는 방안이 본격 추진된다. 한국토지주택공사 LH 등 공공기관과 함께 사업을 추진할 민간사업자는 공모를 통해 선정하는 한편 민간사업자의 이윤은 총 사업비의 6% 이내로 제한할 예정이다. 국토해양부는 지난 5월30일 개정·공포한 택지개발촉진법상 공공·민간 공동택지개발제도 와 택지정보체계 구축·운영 에 관한 내용 시행을 위해 택지개발촉진법 시행령 및 시행규칙 개정안을 마련해 17일 입법예고한다고 16일 밝혔다. 개정안에 따르면 공동택지개발사업에 참여할 민간사업자는 공모방식으로 자율경쟁을 통해 선정한다. 이는 민간사업자간 경쟁을 통해 효율적으로 사업을 추진하고 택지조성원가를 인하하려는 조치다. 또 공공시행자와 민간시행자는 공동택지개발사업 추진에 앞서 △시행자간 역할분담 △사업비 및 자금조달계획 △사업계획 변경 △조성토지 공급 및 처분 △기반시설 설치 및 비용부담 △민간사업자 이윤율 등 주요사항에 대해 협약을 체결해야 한다. 민간사업자의 이윤율은 총 사업비의 6% 이내로 공공시행자와 민간사업자가 협약을 통해 정하도록 했다. 공동택지개발사업 시행으로 민간사업자가 과도한 이윤을 남기지 않도록 산업용지 개발참여 이윤율 상한선을 적용한 것이다. 공동택지개발사업 민간사업자가 투자지분비율 범위에서 주택건설용지를 직접 활용하도록 하는 내용도 개정안에 포함돼 있다. 국토부는 민간이 택지조성과 공급 주택건설까지 직접 추진하면 사업기간이 단축돼 금융비용 절감 택지조성원가 절감 등 효과를 볼 것으로 기대했다. 이번 개정안에서는 LH 외에 국토연구원도 택지정보체계 운영기관으로 지정해 택지정보체계 구축.운영에 관한 업무를 위탁할 수 있도록 명시했다. 택지개발촉진법 시행령 및 시행규칙 개정내용은 17일 관보 및 국토부 홈페이지 hp www.mltm.go.kr 에서 확인이 가능하다. 개정안에 대한 의견은 우편이나 팩스 국토부 홈페이지 등을 통해 다음달 7일까지 제출할 수 있다.,https://news.naver.com/main/read.nhn?mode=LSD&mid=shm&sid1=260&oid=008&aid=0002556488,284
261923,2011.06.16. 오전 11:02,부동산,파이낸셜뉴스,LH 南수단 신수도 건설 MOU 체결,한국토지주택공사 LH 는 16일 경기도 성남시 분당 본사에서 아프리카 남수단 자치정부와 ‘남수단 신수도 건설협력’에 관한 양해각서 MOU 를 체결했다고 밝혔다. 양측은 남수단의 신수도 건설에 대한 포괄적 협력관계 구축을 목적으로 MOU를 체결했다. 이 가운데 신수도 마스터플랜 수립을 위한 기술협력을 중점 추진키로 했다. 남수단 자치정부는 다음달 9일 분리 독립해 아프리카 대륙에서 54번째 전 세계에서 193번째 신생 국가인 ‘남수단 공화국’으로 탄생한다. 현재 수단 남부지역의 주바 Juba 를 수도로 사용하는 자치정부는 독립국가의 위상에 걸맞은 신수도 건설을 적극 검토 중이다. LH는 지난 4월 초 외교통상부의 수단 경제사절단에 포함돼 남수단을 방문해 신수도 건설 기본방향을 자치정부 살바 키르 대통령에게 발표한 바 있다. LH 이지송 사장은 “LH가 지난 50여년 동안 축적한 신도시 건설기술을 남수단 정부에 제공해 국가발전에 도움을 줄 계획”이라고 말했다.,https://news.naver.com/main/read.nhn?mode=LSD&mid=shm&sid1=260&oid=014&aid=0002457928,284
261924,2011.06.16. 오전 11:00,부동산,이데일리,택지개발 참여 민간업체 이윤율 6%로 제한,이데일리 이태호 기자 앞으로 민간건설사가 한국토지주택공사 LH 와 공동으로 택지개발사업에 참여하려면 경쟁 건설사보다 효율적인 사업계획을 제시하거나 낮은 사업이윤을 써 내야 한다. 16일 국토해양부는 공공시행사가 민간건설사와 공동택지개발사업을 시행할 때 공모 방식으로 민간사업자를 선정하도록 하는 내용을 담은 택지개발촉진법 시행령 및 시행규칙 개정안을 오는 17일 입법예고한다고 밝혔다. 국토부는 민간사업자 간 경쟁을 유도해 더욱 효율적인 사업계획 등을 채택함으로써 실질적으로 택지조성원가를 낮출 수 있을 것으로 예상했다. 또 공공시행자와 선정된 민간사업자는 상호 마찰을 예방하기 위해 각자의 역할 분담과 자금조달 계획 사업계획의 변경 조성토지의 공급 및 처분 민간사업자의 이윤율 등 주요사항에 대해 협약을 체결하도록 했다. 민간사업자의 이윤율은 총사업비의 6% 이내로 제한했다. 산업용지 개발참여 민간사업자에게 허용하는 이윤율 상한 6% 사례를 참고해 결정했다. 국토부는 지난달 30일 도입한 공공·민간 공동택지개발제도 시행을 위해 이번 시행령 및 시행규칙 개정안을 마련했다.,https://news.naver.com/main/read.nhn?mode=LSD&mid=shm&sid1=260&oid=018&aid=0002453363,284
261925,2011.06.16. 오전 11:00,부동산,동아일보,송파 푸르지오 시티 1·5베이 평면으로 눈길,동아닷컴 대우건설이 서울시 송파구 문정동에서 1.5베이의 유니트를 과감히 도입한 송파 푸르지오 시티를 공급한다. 송파 푸르지오 시티는 지하5층 지상15층 1개동 총 1249실 규모의 오피스텔로 1 2층엔 판매시설과 오피스 2층 를 포함하고 있다. 최근 수요자들의 인기를 얻고 있는 전용면적 24.90㎡ 52.17㎡의 소형 중심으로 구성돼 있다 특히 1 2인 가구의 주거 패턴에 맞는 컴팩트한 유니트로 기존의 단순한 원룸형 구성과는 차별화된 평면을 선보일 예정이다. 기존에 원룸형 오피스텔에서는 볼 수 없었던 1.5베이의 유니트를 과감히 도입해 공간의 가변성 및 쾌적성을 확보했다. 천정고도 기본 2.45m 우물천장기준 2.6m를 확보해 기존 오피스텔 대비 거주 공간의 개방성을 높였다. 전용면적 29.97㎡ 30㎡ D타입은 각각 1.5베이 세대로 구성돼 눈길을 끈다. 업계에 따르면 전용 30㎡의 오피스텔의 경우 면적이 적은 편이라 주로 직사각형 모양으로 설계를 하는 것이 대부분이다. 하지만 송파 푸르지오 시티는 설계 전부터 이런 점을 고려해 1.5베이로 설계할 계획이다. 일반적으로 ‘베이’는 방과 거실의 구분을 뜻하는데 송파 푸르지오 시티 전용 29.97㎡ 30㎡ D타입은 하나의 공간이지만 거실과 방으로 구분되는 느낌을 줄 수 있는 1.5베이를 채택했다. 1.5베이 설계로 창 2개를 확보하고 폭을 좀 더 넓혀 ‘L’자형으로 변형된 평면을 선보인다. 분양 관계자는 “천편일률적인 공간에 변화를 주고 채광이 잘 되도록 처음부터 고려해 설계할 예정이다”고 말했다. 송파 푸르지오 시티는 1.5베이 평면을 선보이는 전용면적 29.97㎡ 30㎡ D타입 외에도 전용 24.75㎡ 24.90㎡ A타입 27.40㎡ 29.99㎡ B타입 29.63㎡ C타입 46.55㎡ 48.67㎡ 49.56㎡ E타입 52.17㎡ F타입도 선보인다. 특히 A타입은 프라이버시와 향을 고려한 평면을 선보이며 수납 공간이 넉넉하며 빌트인 가구를 무상으로 제공한다. C타입은 욕실을 컴팩트하게 구성한 것이 특징이다. F타입은 방1 거실1 투룸형으로 구성되며 2인 주거에 맞는 평면을 선보인다. 한편 이 오피스텔은 동간 거리도 약 64m로 프라이버시를 보장받을 수 있으며 커뮤니티 시설도 잘 갖춰져 있다. 지하층 중앙 선큰 광장에는 지역의 랜드마크적 공간을 조성하며 1인 거주 주거상품의 필수 시설인 사우나 헬스장 골프연습장 등의 스포츠 시설과 게스트룸 등의 커뮤니티 시설을 조성할 예정이다. 이 오피스텔은 대형 오피스텔 최초로 신재생에너지를 적극 도입했다. 상업시설과 오피스텔 공용부는 신재생 에너지인 지열발전과 태양광발전을 활용하였으며 에너지 성능지표를 고려한 친환경 설계로 여타 일반 오피스텔 대비 뛰어난 관리비 절감효과를 누릴 수 있다. 송파 푸르지오 시티는 6월 중 견본주택을 오픈할 예정이며 입주는 2013년 8월 예정이다. 분양가는 3.3㎡당 1 100만원대 부터다. 분양문의 1544 3330 본 자료는 해당기관에서 제공한 보도 자료입니다.,https://news.naver.com/main/read.nhn?mode=LSD&mid=shm&sid1=260&oid=020&aid=0002252014,284
261926,2011.06.16. 오전 11:00,부동산,아시아경제,공동택지개발시 민간이윤은 6% 이내로 제한,아시아경제 조민서 기자 앞으로 한국토지주택공사 LH 등 공공에서 공공·민간 공동택지개발사업을 진행할 경우 민간사업자는 공모를 통해 선정된다. 이때 민간사업자의 이윤은 총사업비의 6%를 넘을 수 없다. 국토해양부는 지난달 30일 개정된 택지개발촉진법에서 도입한 공공·민간 공동택지개발제도 와 택지정보체계 구축·운영 에 관한 내용을 시행하기 위해 택지개발촉진법 시행령 및 시행규칙 개정안을 마련해 입법예고한다고 16일 밝혔다. 택지개발촉진법 시행령에 따르면 공공시행자가 시행하는 공공·민간 공동택지개발사업에서 민간사업자는 공모로 선정된다. 이는 민간사업자간의 경쟁을 통해 택지조성원가 인하를 유도하기 위한 것이다. 사업추진과정에서 공공과 민간의 사업자간 마찰을 예방하기 위해 양측은 시행자간의 역할 분담 사업비 및 자금조달계획 사업계획 변경 조성토지의 공급 및 처분 기반시설의 설치 및 비용부담 민간사업자의 이윤율에 관한 사항 등 주요사항에 대해 협약을 체결해야 한다. 이때 민간사업자의 이윤은 총사업비의 6% 이내로 제한한다. 이는 공동택지개발사업으로 인한 이윤이 민간사업자에게 과도하게 넘어가지 않도록 하기 위한 것이다. 산업용지 개발참여 민간사업자에게 허용하는 이윤율 상한 사례 6% 등을 참고해 정한 것이다. 또 공공시행자는 해당 사업지 내 주택건설용지 중 민간투자지분비율 범위에서 민간사업자에 용지를 우선 공급할 수 있다. 이를 통해 택지조성에서부터 공급까지 주택건설에 드는 소요기간을 단축시켜 택지조성원가를 낮추고 민간의 택지개발사업 참여도 유도하는 효과를 볼 수 있다. 아울러 국토부 장관은 LH 이외에 국토연구원도 택지정보체계 운영기관으로 지정해 택지정보체계의 구축·운영에 관한 업무를 위탁할 수 있게 했다. 택지개발촉진법 시행령 및 시행규칙의 개정내용은 17일 관보 및 국토부 홈페이지 hp www.mltm.go.kr 정보마당 법령정보 입법예고 난에서 확인할 수 있다.,https://news.naver.com/main/read.nhn?mode=LSD&mid=shm&sid1=260&oid=277&aid=0002624045,284
261927,2011.06.16. 오전 11:00,부동산,아시아경제,진일엔지니어링주 레콘125 안전결함으로 리콜,아시아경제 조민서 기자 진일엔지니어링 주 에서 수입·판매한 레콘125 47대가 제작결함으로 리콜된다. 국토해양부는 진일엔지니어링 주 에서 2008년 8월27일에 수입한 이륜자동차 1차종 레쿤125 47대에 대해 안전기준에 부적합한 사항이 발견돼 제작결함 시정을 한다고 16일 밝혔다. 이들 차량은 전조등이 온·오프 스위치로 설치돼 안전기준에 부적합한 것으로 나타났다. 이륜자동차는 전조등이 상대방이 쉽게 확인할 수 있도록 시동과 동시에 상시 점등되어야 한다는 게 국토부의 설명이다. 해당 자동차의 소유자는 17일부터 진일엔지니어링 주 서비스센터 및 전국 대리점에서 무상수리 받을 수 있다. 이전 수리비용에 대해서 보상신청이 가능하다.,https://news.naver.com/main/read.nhn?mode=LSD&mid=shm&sid1=260&oid=277&aid=0002624044,284
261928,2011.06.16. 오전 11:00,부동산,아시아경제,선박미수입 사실확인 절차 간소화된다,아시아경제 조민서 기자 선박미수입 사실확인 절차가 대폭 간소화된다. 이에 따라 해외에서 선박을 도입할 경우 선사의 경제적·시간적 부담이 크게 완화될 전망이다. 국토해양부는 선박미수입 확인 절차 예규 를 개정해 공증 및 해외공관장의 확인절차를 생략한다고 16일 밝혔다. 선박미수입 사실확인 은 내국인이 외국에서 선박을 취득한 후 장기간 국내에 입항할 계획이 없어 수입신고가 곤란할 경우를 위해 마련된 제도다. 선박취득자는 선박이 수입되지 않았다는 사실을 확인하는 선박미수입 사실확인서 를 발급받으면 수입통관을 하지 않고도 선박의 소유권 보존등기가 가능해진다. 이 제도는 1998년부터 도입한 것으로 단순히 수입통관을 위해 외국에서 빈 배로 입항할 경우 발생하는 추가비용 등 경제적 손실을 방지하기 위해 마련됐다. 그러나 확인서 발급을 위해서는 선박의 매매사실을 증명하기 위해 매매계약서에 대해 공증을 거친 후 해외공관장의 확인을 받아야 한다. 이에 일부 선사에서 절차 및 비용상의 부담을 호소해 온 상황이다. 이번 개정에서는 선박미수입 사실확인 절차에 필요한 공증 및 해외공관장의 확인절차를 생략하도록 돼 있다. 해외에서 선박을 도입하는 선사 입장에서는 그만큼 경제적 시간적 부담을 줄일 수 있게 된 것이다. 국토부 관계자는 지난해 이후 27척의 선박이 미수입 사실신고를 했으며 평균선가가 1388만 달러임을 감안하면 연간 선사에서 부담하는 공증비용 약 8100만원이 절감될 것 이며 공관장 확인을 위해 해외로 오가는 비용 및 시간적 부담 등도 해소될 전망 이라고 말했다.,https://news.naver.com/main/read.nhn?mode=LSD&mid=shm&sid1=260&oid=277&aid=0002624042,284
261929,2011.06.16. 오전 11:00,부동산,아시아경제,해역별 수질등급 세분화..3등급→5등급,아시아경제 조민서 기자 앞으로 해양환경기준이 해역별 수질등급에 맞게 세분화된다. 국토해양부는 그간 국내해역 환경 특성을 제대로 반영하지 못한 것으로 평가됐던 해양환경기준을 전면 재정비한다고 16일 밝혔다. 해양환경기준 개정안에 대한 관계부처 및 전문가 등의 의견수렴을 위한 공청회는 17일 충남대학교에서 열린다. 공청회에서 수렴된 의견을 반영해 해양환경 수질기준을 6월말까지 최종 고시할 계획이다. 개정안에 따르면 이전까지 측정항목별로 개별 적용되던 수질등급 기준은 통합수질등급 기준으로 바뀐다. 수질등급은 현 3등급에서 5등급으로 세분화된다. 해역은 동해 대한해협 서남해역 서해중부 제주해역 등 5개 해역으로 구분해 기준이 적용된다. 또 해양에 서식하는 생물 및 생태계의 건강성 및 다양성 확보를 위해 해수 내 유해물질 기준도 새롭게 마련된다. 이에 따라 해역별 오염특성에 대해 종합적으로 판단할 수 있게 된다. 특히 새롭게 마련된 중금속 기준 적용을 통해 해양생물 및 생태계 보호를 위한 해양환경개선 노력이 한층 강화될 것이란 전망이다. 국토부는 이번 해양수질기준 개정을 시작으로 단계별로 새로운 해양환경기준을 설정·고시한다는 방침이다. 12월말까지 해양퇴적물 관련 환경기준을 2013년도에는 해양생물 관련 기준을 마련할 예정이다.,https://news.naver.com/main/read.nhn?mode=LSD&mid=shm&sid1=260&oid=277&aid=0002624038,284
261930,2011.06.16. 오전 11:00,부동산,아시아경제,건단련 2011년 건설의 날 기념행사 개최,아시아경제 조철현 기자 대한건설단체총연합회 회장 최삼규 는 17일 오후 서울 논현동 건설회관에서 ‘국민과 함께하는 건설 세계로 미래로 ’를 주제로 ‘2011년 건설의 날’ 기념식을 갖는다. 이날 행사에는 김황식 국무총리 권도엽 국토해양부장관 등 정부 관계 인사와 장광근 국회 국토해양위원장 ·강기갑·김희철·홍일표·김성태 국회의원 그리고 박덕흠 대한전문건설협회 회장 이재균 해외건설협회 회장 등 1000여명이 참석할 예정이다. 참석자들은 국민 생활과 산업의 터전을 만들어 국가의 번영에 기여하는 건설인들의 자긍심을 고취하고 건설산업의 지속 성장을 위한 신성장 동력을 창출해 일등 대한민국을 만드는 데 기여하자고 다짐할 것으로 보인다. 이날 기념식에서는 박창규 롯데건설㈜ 대표이사와 김경준 삼성물산 주 전무가 금탑산업훈장을 받는 영광을 안는다. 박창규 대표이사는 34년간 리비아·파키스탄 등 해외 현장에서 잔뼈가 굵은 해외 건설 전문가로 철저한 시공관리와 현장 경영으로 우리 건설업의 위상을 한 단계 높인 공로를 인정받았다. 김경준 전무는 30여년간 혁신적인 마인드로 세계 여러 곳의 초대형 프로젝트를 성공적으로 수행한 초고층 분야의 전문가로 대한민국 건설 위상을 세계에 드높인 공로가 큰 평가를 받았다. 김광수 ㈜광남토건 대표이사와 황규철 경림건설㈜ 대표이사는 은탑산업훈장을 주 세방테크 강부인 대표이사는 동탑산업훈장을 각각 수상자로 선정됐다. 또 원영건업 주 노석순 대표이사가 철탑산업훈장을 주 종합건축사사무소 탑 최영집 대표이사가 석탑산업훈장을 각각 받는 등 건설산업 발전에 기여한 공로가 큰 업계 및 유관 단체 임직원 174명에게 정부 포상 및 국토해양부장관 표창이 수여된다. 특히 건설인의 화합과 현장 기능인의 사기를 고취하기 위해 삼부토건㈜ 천병욱씨가 산업포장을 수여받고 울트라건설 주 김용윤 현장반장 등 현장 기능인 10명에게 국토해양부 장관 표창이 주어진다. 산업포장을 수상한 천병욱씨는 네팔 도티 도로 바바이 교량 등 해외 오지의 현장 근무를 통해 국내 건설기능인의 저력을 유감없이 발휘했으며 소흑산도 현장의 발전기에서 발생하는 잉여 전력을 인근 주민이 사용할 수 있도록 하는 등 사회 공헌에도 적극적으로 참여했다.,https://news.naver.com/main/read.nhn?mode=LSD&mid=shm&sid1=260&oid=277&aid=0002624035,284
261931,2011.06.16. 오전 10:58,부동산,동아일보,소형 수익형 부동산 수요 넘친는 송도,동아닷컴 소형 수익형 부동산 인기가 늘고 있는 가운데 송도 국제도시 내 소형 주거시설인 ‘스마트큐브’가 분양을 시작해 눈길을 끌고 있다. 스마트 큐브가 들어서는 송도 스마트밸리는 63빌딩의 1.7배 규모인 연면적 약 29만㎡의 대규모 복합단지이다. 기숙사동 근린생활시설 등까지 총 6개동 최고 28층으로 건립된다. 첨단 바이오 산업에서 제조업 등 1천여 개 업종이 입주 가능하다. 계약금의 10%만으로도 입주가 가능한데다 경제자유구역과 지식산업센터의 이중 세제 혜택도 받을 수 있다. 또한 최근 삼성이 수도권 접근의 용이성 때문에 차세대 바이오산업의 전진기지로 송도를 선택했다. 삼성 바이오산업 진출로 관련사업 종사자가 더욱 늘어날 것으로 보여 1인 가구의 수요가 급증할 것으로 예상된다. 이에 따라 배후수요 증가가 기대되자 송도 내 소형 수익형 부동산에 대한 투자자들의 열기가 뜨겁다. 송도 스마트큐브는 스마트밸리 단지 내의 최초 기숙사로 총 486실로 구성돼있다. 단지 내에서 원스톱 비즈니스 라이프에서 생활까지 해결하려는 수요자들의 관심을 받고 있다. 또한 국제대학교들에 이어 인천대학교 연세대 송도캠퍼스까지 들어오는 등 학교까지 늘어나고 있는 상황이다. 이러한 학생증가로 인한 하숙수요까지 합치면 배후수요는 더욱 커질 것으로 보인다. 직장인에 학생들까지 넘쳐나는 배후수요로 송도의 소형 수익형 부동산에 대한 인기가 지속 될 전망이다. 분양 문의 032 8585 085 본 자료는 해당기관에서 제공한 보도 자료입니다.,https://news.naver.com/main/read.nhn?mode=LSD&mid=shm&sid1=260&oid=020&aid=0002252013,284
261932,2011.06.16. 오전 10:55,부동산,매일경제,7월 분양물량 70% 지방에서 공급,7월 본격적인 휴가철이 시작되면서 분양시장도 한숨 쉬어가는 분위기다. 부동산포털 닥터아파트 조사에 따르면 7월 전국 분양 예정 아파트 주상복합 도시형생활주택 포함 는 총 38곳 1만6천8백55가구로 확인됐다. 이는 전달 61곳 3만1천1백35가구 대비 절반가량 줄었으나 2010년 8천5백59가구 보다는 96.9% 8천2백96가구 가 급증했다. 수도권은 전년 동기간 6천4가구 대비 17%가 줄어든 4천9백57가구로 닥터아파트가 조사를 시작한 2007년 이래 동기간 대비 최저물량을 기록했다. 일부 지역을 제외하고 분양시장 침체가 계속되고 있는데다 비수기가 맞물리며 신규물량이 크게 줄었다. 반면 지방 지방5대광역시 지방중소도시 은 전년동기 대비 4.7배가 늘어난 1만1천8백98가구가 예정돼 있다. 전국 분양계획의 70%를 차지할 만큼 물량이 크게 증가해 지방 분양시장 청약열기를 짐작할 수 있다. 특히 지방5대광역시는 전년동기 6백16가구 대비 10배 정도가 늘어난 6천1백57가구가 분양을 준비하고 있다. 지방중소도시는 전년동기 1천9백39가구 대비 3배가량 증가한 5천7백41가구가 분양예정이다. 관심 가질 만한 단지로는 보금자리주택지구 서울서초지구 첫 민간아파트와 전농·답십리뉴타운 내 신규 분양단지를 꼽을 수 있다. 과열된 분위기까지 보이고 있는 지방에서는 경남 김해 율하지구 양산 물금지구 광주 수완지구 등 택지지구 내 물량에 관심이 쏠리고 있다. 1. 서울 울트라건설은 서울서초지구 A1블록에 130 213㎡ 5백50가구를 분양할 예정이다. 보금자리주택지구 내 첫 민간아파트로 관심이 모아질 것으로 보인다. 부지 북쪽에 우면산 남쪽에는 양재천이 접해 있어 쾌적한 주거환경이 장점이며 서울 양재동과 경기 과천시와 접해 있어 생활편의시설 공유가 가능하다. 삼성물산은 전농·답십리뉴타운에 위치한 전농7구역을 재개발해 2천3백97가구 중 83 153㎡ 4백86가구를 일반분양할 계획이다. 이 중 전용면적 85㎡ 이하인 중소형아파트가 2백가구이다. 서울지하철 1호선 중앙선 환승 청량리역이 걸어서 8 12분 거리며 청량리 민자역사 내 편의시설과 롯데백화점 청량리점 등을 편리하게 이용할 수 있다. 전농초등과 동대문중이 뉴타운과 바로 접해 있으며 답십리공원도 가까워 주거환경이 뛰어나다. GS건설은 대흥동 60번지 대흥3구역에 5백58가구 중 1백91가구를 일반분양할 예정이다. 걸어서 2 3분이면 서울지하철 6호선 대흥역을 이용할 수 있고 단지에서 강변북로 진입이 수월하다. 용강초등 동도중 숭문중 광성고 서울여고 숭문고는 걸어서 5 10분 정도면 통학할 수 있고 신촌역 주변 편의시설 현대백화점 그랜드마트 이용도 편리하다. 또 영등포구 도림동 162의 94번지 도림16구역에서는 8백36가구를 건설 이 중 2백91가구가 일반분양될 예정이다. 서울지하철 1호선 영등포역이 걸어서 10분 거리고 신세계백화점 롯데백화점 이마트 이하 영등포점 타임스퀘어 등의 대규모 상권을 이용할 수 있다. 현대건설은 동작구 동작동 58의 1번지 정금마을 재건축을 통해 6백80가구 중 3백4가구를 일반분양한다. 국립현충원이 단지 바로 뒤편에 위치하고 있어 녹지공간이 풍부하며 동작초등 동작중 경문고가 도보 통학권이다. 서울지하철 4호선과 7호선 환승역인 총신대입구역 이수역 과 가깝다. 2. 경기 삼성물산은 부천시 중동 3의 241번지에 조합아파트 113㎡ 5백48가구를 건설한다. 이 중 5백18가구가 일반분양될 예정. 신도시와 바로 접하고 있어 편의시설 공유가 가능하다. 홈플러스 롯데백화점 이하 중동점 이 걸어서 10분 거리며 이마트 현대백화점 이하 중동점 CGV 부천점 가 차량으로 3분 거리. 학교는 중흥초등 부흥중 중흥중 삼원고로 통학하게 된다. 2012년 개통 예정인 7호선 연장선 계남역이 인근에 위치하고 있어 향후 서울 진입이 더욱 수월해질 전망이다. 남광토건은 안양시 석수동 485의 8번지 동삼아파트를 재건축해 2백81가구 중 79 105㎡ 1백27가구를 일반분양한다. 안양천과 석수체육공원이 가까워 산책 및 간단한 운동을 즐기기에 부담이 없다. 차량으로 2 3분이면 석수인터체인지를 통해 경수대로 서해안고속도로 제2경인고속도로로 진입할 수 있다. 서해종합건설은 용인시 중동에 8백17가구를 분양할 계획이다. 동백지구와 도로 하나를 사이에 두고 있어 학교 및 편의시설 공유가 가능하다. 근린호수공원과 이마트 동백점 가 걸어서 5분 거리로 주거여건이 양호한편. 3. 지방 대방건설은 광주 광산구 수완지구 C13 1 2블록에 112 139㎡ 6백59가구를 분양할 예정이다. C13 1 2블록은 지구에서도 가장 북쪽에 위치한 단지로 호남고속도로와 광주제2순환도로가 만나는 신월인터체인지에서 차량으로 불과 5분 거리다. 또 수완초등 수완고 등의 학교가 단지 내에 이미 개교돼 있다. 수완지구 C4 3블록에서는 세영종합건설이 108 140㎡ 5백36가구를 분양한다. 2006년에 분양한 단지였으나 가구 수 조정 등의 사업계획 변경을 통해 다시 분양에 나선다. 고실초등 성덕초등 성덕중 등의 학군이 인근에 밀집해 있고 단지 동쪽을 지나는 풍영정천 산책 코스를 통해 수완호수공원도 이용할 수 있다. 호수공원 내에는 롯데마트 수완점 도 위치한다. 동원개발은 부산 북구 구포동에 261번지에 97 130㎡ 1천71가구를 분양할 예정이다. 낙동강 조망이 확보되며 부산지하철 2 3호선 환승역인 덕천역이 도보 8분 거리인 역세권 단지다. 또 울산 중구 우정혁신도시 내 B 3블록에서도 분양을 준비하고 있다. 110㎡ 단일 타입으로 3백5가구가 공급된다. 이마트 학성점 홈플러스 울산점 가 차량으로 5분이면 이용이 가능하고 우정초등 태화초등 유곡중 함월고 등 학군도 밀집해 있다. 삼호는 경남 김해시 율하지구 9블록에 110㎡ 9백99가구를 분양한다. 김해수남초등과 중학교 부지가 바로 접해 있다. 부지 북쪽에는 유적공원이 위치하고 하천도 흘러 쾌적한 주거환경이 장점이다. 동문건설과 반도건설은 각각 물금지구 19블록과 47블록에 분양을 준비하고 있다. 규모는 19블록 85 114㎡ 5백26가구 47블록 85㎡ 6백48가구로 두 단지 모두 전용면적 85㎡ 이하 중소형으로 구성됐다. 물금인터체인지 및 남양인터체인지를 통해 경부고속도로 진입이 용이하고 35번국도 및 중앙고속지선 551번국도 을 이용해 인근 지역으로 이동이 수월하다. 현대엠코는 충남 당진군 송산면 유곡리 415의 1번지에 8백55가구 중 5백30가구를 일반분양한다. 현대제철 직장조합아파트로 금회에 113㎡ 단일 타입으로 공급될 예정. 송산산업단지 배후주거지로 중심상업지구와 접하고 있어 편의시설 이용이 편리할 것으로 보인다. 매경닷컴 조은영 기자 ⓒ 매일경제 mk.co.kr 무단전재 및 재배포 금지 MBA도 모바일로 공부한다.,https://news.naver.com/main/read.nhn?mode=LSD&mid=shm&sid1=260&oid=009&aid=0002485690,284
261933,2011.06.16. 오전 10:55,부동산,파이낸셜뉴스,김포한강신도시 17일 아파트 첫 입주,김포 한강신도시 조성 7년만에 아파트 입주가 시작된다. 국토해양부는 김포 한강신도시에서 우남퍼스트빌 아파트 1202가구가 이달 17일부터 입주한다고 16일 밝혔다. 김포 한강신도시는 수도권 주택난 해소를 위해 지난 2004년 8월 택지개발예정지구로 지정됐으며 아파트 5만800가구를 조성한다. 이달 우남건설을 시작으로 올해 말까지 7934가구가 입주 예정이며 2012년에 8921가구가 준공될 예정이다.나머지 3만3945가구는 2013년 이후 순차적으로 입주한다. 한국토지주택공사 LH 와 김포시는 아파트 입주를 계기로 올림픽대로 행주대교에서 한강신도시를 잇는 6차선 김포한강로를 다음달 초부터 임시 개통할 예정이다. 이로써 자동차로 한강신도시에서 여의도까지 50분 걸리던 게 30분 이내로 단축될 전망이다. 한편 7월에는 광교신도시에서 아파트 입주가 시작되고 판교 파주 등 6개 신도시에서 연말까지 2만4000여가구의 입주가 진행된다.,https://news.naver.com/main/read.nhn?mode=LSD&mid=shm&sid1=260&oid=014&aid=0002457918,284
261934,2011.06.16. 오전 10:54,부동산,동아일보,검단 현대 힐스테이트 4차 수요자들 발길 이어져,동아닷컴 검단 현대 힐스테이트 4차는 최근 발표된 DTI 규제대상에서 제외됨에 따라 중도금 전액 무이자 대출이 자유롭고 향후 입주 시 담보대출 전환 시에도 DTI 규제에서 제외됨에 따라 수요자들의 발길이 이어지며 계약이 속속 진행되고 있다. 민간아파트에 대한 분양가상한제가 4 5월 폐지될 것으로 예상됨에 따라 분양가상한제가 마지막으로 적용된 경쟁력 있는 분양가 아파트라는 인식으로 인해 소비자들의 선택이 집중될 것으로 예상된다. 또한 중앙대 제3캠퍼스 및 1000병상 크기의 대학병원이 들어설 예정이라는 점이 인근 아파트 매물이 사라지는 등 투자 문의가 잇따르고 있는 이유 중에 하나다. 특히 대학 유치는 인근 상권 확대와 우수인력 유입 등으로 향후 부동산 시장의 호재로 받아 들여지고 있다. 이에 따라 대학가 주택 시장은 고정적인 수요층이 확보돼 불황에도 집값이 강세를 보인다. 부동산 전문가들은 대학가 주변은 임대차 수요가 집중돼 있어 불황기에도 집값이 강보합세를 보인다. 특히 요즘처럼 집 구입이 망설여지는 수요자라면 수요층이 확보된 대학가 주변을 눈여겨 볼 만 하다고 말한다. 현대건설이 인천 검단신도시의 관문인 당하지구에 짓는 ‘검단 힐스테이트 4차’는 지하 2층∼지상 15층 10개동 규모에 전용면적 △107㎡ 288세대 △115㎡ 210세대 △127㎡ 90세대 등 총 588세대로 구성됐다. 2014년 개통예정인 인천 지하철 2호선 백석역 가칭 에서 불과 100여 미터 거리인 ‘초역세권’ 단지로 인천국제공항철도 김포공항 서울역 구간이 개통되면서 백석역에서 출발하여 검암역 환승시 서울역까지 30분이면 도착할 수 있는 등 인천공항철도 개통의 최대수혜 단지로서의 프리미엄 이외에도 제2외곽순환도로 검단 I.C 예정 및 공항고속도로 올림픽대로 등의 진출입이 용이한 사통팔달 도로망을 갖추고 있다. 또한 김포신도시 송도 청라 영종 경제자유구역과 인접해 있으며 인천 지하철 1호선이 연장되면 인천 및 서울로의 접근성이 크게 개선될 전망이다. 일산대교가 최근 개통됐으며 김포고속화도로도 2011년 개통 예정이다. 검단 힐스테이트 4차는 10개동 전부 남향위주의 탑상형으로 배치해 일조권과 조망권이 뛰어나다. 또 가구당 1.62대를 주차할 수 있다. 주차장은 지하로 배치해 차량과 보행자의 동선을 분리했다. 또 휴게소와 어린이놀이터 수경시설 등 옥외시설과 골프연습장 휘트니스센터 멀티코트 북카페 등 다양한 편의시설도 조성된다. 분양문의 1588 6544 본 자료는 해당기관에서 제공한 보도 자료입니다.,https://news.naver.com/main/read.nhn?mode=LSD&mid=shm&sid1=260&oid=020&aid=0002252012,284
261935,2011.06.16. 오전 10:53,부동산,이데일리,극동건설 웅진계열사와 수처리사업 시너지모색,이데일리 이진철 기자 극동건설을 비롯한 웅진그룹 계열사들이 수처리플랜트사업의 시너지 창출을 위해 뭉쳤다. 16일 극동건설은 웅진컨소시엄 극동건설 웅진코웨이 웅진케미칼 그린엔텍 은 이날 남양주시와 하수처리장을 테스트 베드 실험 공간 로 구축하는 내용의 상호협력 양해각서 MOU 를 체결했다. 웅진컨소시엄은 하루 2만톤 하·폐수 처리가 가능한 하수처리장을 테스트베드로 삼아 대용량 역삼투압 막여과 R O 공법을 적용해 단계별 공정전환이 가능한 고도화 시설로 개선하는 하·폐수 고도처리 기술을 연구하게 된다. 하수처리장 방류수는 인근 산업단지에 재이용수로 전량 공급된다. 연구를 위한 최적의 테스트베드를 구축에는 설계 시공 및 사업화는 극동건설 분리막 기술은 웅진코웨이 021240 및 그린엔텍 분리막 소재생산은 웅진케미칼 008000 에서 각각 맡게 된다. 이억재 극동건설 물·환경사업담당 상무는 실제와 동일한 환경에서 동일한 결과 예측이 가능한 테스트베드 구축은 미래형 신기술의 사업화를 이끄는 중요 요소 라며 남양주시와의 이번 MOU를 계기로 환경부에서 추진하는 국책연구 과제인 글로벌탑 환경기술개발사업 의 참여에 유리한 고지를 점할 것 이라고 기대했다.,https://news.naver.com/main/read.nhn?mode=LSD&mid=shm&sid1=260&oid=018&aid=0002453358,284
261936,2011.06.16. 오전 10:45,부동산,파이낸셜뉴스,한국도로공사 사장에 장석효 전 서울시 부시장,한국도로공사 사장에 장석효 전 서울시 행정2부시장이 임명돼 16일부터 업무에 들어갔다. 장 사장은 경기출신으로 1974년 서울대를 졸업하고 기술고시를 통해 공직에 입문했다. 지난 2006년 서울시 제2행정부시장으로 퇴임할 때까지 약 31년 간 서울시 공무원으로 일했다.서울시 도로국장과 지하철건설본부장 건설안전관리본부장 등 건설 관련 요직을 두루 거쳤고 청계천 복원을 진두지휘했다. 장 사장은 취임식에서 임직원들에게 “빠르고 쾌적하고 안전한 교통서비스를 위해 고속도로를 튼튼하게 건설하고 관리해 국가경제를 발전시키고 국민의 편익을 향상시키는 것이 주요 책무”라고 강조했다. 장 사장은 또 “변화에 능동적으로 대처해 감동을 주는 기업으로 거듭나지 않고는 생존 자체가 불가능한 시대”라면서 “수입을 늘리고 지출을 줄이는 방향으로 재무구조를 개선해 부채를 줄여나가는 등 경영내실화에 만전을 기해야 한다”고 덧붙였다. 장 사장은 이어 “관료적 업무행태를 타파하고 깨끗한 조직문화를 확립해 신뢰받는 기업문화를 정착시키고 글로벌 인재 양성에 노력해 도공이 세계적인 도로기업으로서 가장 앞선 기업이 되도록 하겠다”고 말했다.,https://news.naver.com/main/read.nhn?mode=LSD&mid=shm&sid1=260&oid=014&aid=0002457906,284
261937,2011.06.16. 오전 10:44,부동산,매일경제,대우건설 송파 푸르지오 시티 분양,대우건설이 송파구 문정동 가든파이브 활성화 단지 1 2BL에 24.90㎡ 52.17㎡의 소형 오피스텔 1 249실과 사우나 휘트니스 골프연습장 게스트룸을 보유한 프리미엄 오피스텔 ‘송파 푸르지오 시티’를 분양한다. 분양가는 3.3㎡당 1 100만원 선이며 견본주택은 종합운동장 사거리 인근 아시아선수촌 아파트 맞은편 서울 송파구 잠실동 196 9번지에 오는 17일 오픈 예정이다. 송파 푸르지오 시티는 남측으로는 코엑스몰의 6.2배 약 24만평 규모의 대형유통 단지인 가든파이브가 현재 입점이 되어 있고 북측에는 문정동 법조타운이 조성돼 동부지법 동부지검 등이 이전될 예정이다. 특히 법조타운 내 미래형 업무용지는 신소재 로봇 등의 미래형 업무 단지로 개발될 예정이다. 교통여건도 뛰어나다. 지하철 8호선 문정·장지역을 도보로 이용 가능하며 송파대로 서울외곽순환도로 송파나들목 수서 분당간 고속화도로를 이용하여 강남 및 수도권 외각 등지로의 접근이 편리하다. 인근에 가락시장 롯데마트가 있으며 가든파이브 블록내에 NC백화점과 킴스클럽 영화관이 있고 이마트도 곧 오픈할 예정이다. 매경닷컴 조은영 기자 ⓒ 매일경제 mk.co.kr 무단전재 및 재배포 금지 MBA도 모바일로 공부한다.,https://news.naver.com/main/read.nhn?mode=LSD&mid=shm&sid1=260&oid=009&aid=0002485673,284
261938,2011.06.16. 오전 10:36,부동산,매일경제,서울시 2019년까지 신정뉴타운지구에 주택 2297세대 공급,양천구 신정동 신정뉴타운지구 내 신정1 5 1 6재정비촉진구역에 지상5 22층 규모의 아파트 총 2 297세대가 공급된다. 이번 공급 계획은 서남생활권 주거기능의 증대와 자연지형을 고려해 단지를 조성하고 사람·시설·자연이 조화를 이루는 친환경 주거경관을 창출한다. 서울시는 양천구 신정재정비촉진지구 내 신정6 7존치관리구역을 신정1 5 1 6재정비촉진구역으로 변경하는 재정비촉진계획변경 안 이 지난 4월 26일 서울시 도시재정비위원회 자문을 통과해 6월 16일부터 6월 30일까지 14일간 공람할 예정이라고 밝혔다. 신정1 5 1 6구역에 들어서는 아파트 2 297세대에는 임대주택 전용면적 60㎡ 이하소형주택이 전체 건립세대수의 54.8%인 1 259세대가 들어서며 이 중 500세대는 재개발임대주택으로 건립된다. 또 전용면적 85㎡이하의 중소형주택이 2 091세대로 전체 건립 세대수의 91.0%를 차지해 서민주거 안정과 원주민 재정착에 도움이 될 것으로 보인다. 본 신정1 5 1 6구역에 중소형주택들이 비교적 많이 건립되는 것은 급격히 1 2인 가구가 늘어나는 현상과 부담이 적은 중소형주택을 선호하는 경향때문인 것으로 파악된다. 신정재정비촉진변경계획 안 에 따르면 신정1 5 1 6구역의 각 구역별 건립규모를 살펴보면 신정1 5구역에는 용적률 234.03% 8 22층 아파트 16개동 1 459세대 임대주택 288세대 포함 가 신정1 6구역에는 용적률 219.54% 5 18층 아파트 11개동 838세대 임대주택 212세대 포함 가 2019년까지 건립된다. 신정재정비촉진지구는 영등포 부도심과 가깝고 간선도로인 남부순환로 신월로 등에 접하고 있으며 지하철2·5호선이 인근에 입지하여 매우 양호한 교통 입지여건을 갖춘 지역이다. 수도권 남서부와 도심을 연결하는 교통의 요지로서 신정지구 서측으로 남부순환로 40m 와 북측의 경인고속국도 지하철 2호선 신정네거리역이 통과하고 있어 대중교통 이용이 매우 편리한 지역이다. 그러나 신정6 7 존치관리구역은 지구의 중심부 능선에 위치하여 다른 구역보다 촉진구역 지정이 늦어지면서 문화의 거리나 순환가로 조성에 지장을 주어 왔다. 한편 온수자연공원 계남근린공원과 용왕산근린공원 등과 가까워 주거환경도 쾌적하며 신정재정비촉진지구 내 신정3촉진구역 등의 근린생활시설은 물론 목동 중심축이 가까워 생활이 편리한 지역이다. 연령대별 다양한 문화생활의 기회제공 및 커뮤니티 형성을 위한 문화가로축을 조성하고 휴양·산책·문화·체육활동 공간형성을 위한 순환녹도계획을 통해 자연친화적 주거단지로 건립될 예정이다. 특히 1 5구역에 문화가로축의 핵심적인 해누리문화센터를 배치하여 대형옥외공간을 제공함으로써 주 이용층인 지역내 청소년들에게 다양한 문화 이벤트를 유발할 수 있도록 계획하였다. 신남초등학교와 신남중학교의 안전하고 쾌적한 보행 통학로 확보를 위해 단지 주보행동선과 연계된 공공보행통로를 설치하여 사회복지시설 소공원 등의 커뮤니티시설과 공공시설을 연계한 생활가로를 조성하여 활력 넘치는 주거단지로 거듭나게 된다. 계남근린공원과 연접한 신정1 6구역은 경관녹지 및 공원을 배치하고 공공보행통로를 계획하여 근린공원과의 연계성을 강화하였고 근린공원에 인접한 부분에는 14 16층의 중층 타워형 주동을 배치하여 통경축을 확보하였다. 특히 신정1 6구역의 문화가로변은 커뮤니티 활성화축으로 조성하기 위해 5 12층 높이의 연도형 아파트를 배치하여 가로의 연속성을 유지하고 휴먼스케일의 높이계획을 통해 스카이라인이 아름다운 단지로 조성한 것이다. 참고로 연도형은 길을 따라서 줄지어 있는 아파트를 말하며 주로 보행로를 따라 도로변에 면하여 중·저층형으로 짓는 것이 특징이다. 해누리 문화의 거리는 촉진지구 전체를 가로지르는 상징적 가로로서 연령대별 다양한 문화생활의 기회를 제공하여 주민생활 문화의 중거점 역할을 하는 선형공간으로 신정재정비촉진지구의 정체성을 부여할 것이다. 공공청사 문화시설의 디자인을 특화시켜 랜드마크로서 역할을 부여하고 저층부인 연도형 아파트의 1 2층에는 상가를 조성하고 아케이드공간도 설치하는 한편 도로폭 20M 중 2개차선만 차량통행을 허용하고 나머지 부분을 아파트의 건축후퇴선부분과 합쳐 넓은 보행공간 조성하고 또한 모든 사람들이 편리하고 쾌적한 무장애환경에서 생활할 수 있도록 ‘장애물 없는 생활환경 Barrier Free ’ 개념과 범죄예방 환경설계 CPTED 를 단지계획에 적용하여 여성이 행복한 아파트 단지로 조성된다. 임계호 서울시주거정비기획관은 “이번 신정 1 5 1 6구역의 촉진계획 수립은 신정재정비촉진지구의 중앙부 능선에 위치하여 뉴타운의 큰 골격을 이루는 문화가로와 순환녹도를 완성하는데 의의가 있다”고 밝히고 “구역 내 존치된 대성유니드 일진아이윌 신일해피트리 아파트 등 3개 단지 420세대의 아파트와도 조화를 이루도록 계획되었다”고 밝혔다. 매경닷컴 조은영 기자 ⓒ 매일경제 mk.co.kr 무단전재 및 재배포 금지 MBA도 모바일로 공부한다.,https://news.naver.com/main/read.nhn?mode=LSD&mid=shm&sid1=260&oid=009&aid=0002485667,284
261939,2011.06.16. 오전 10:34,부동산,뉴시스,내달 아파트 분양 1만6000여가구…지방 분양이 70% 차지,서울 뉴시스 김형섭 기자 분양시장의 비수기인 여름이 다가오면서 다음달 아파트 공급물량이 크게 감소할 전망이다. 지역별로는 지방 물량이 70%에 달해 뜨거운 청약열기를 짐작케 한다. 16일 부동산정보업체 닥터아파트에 따르면 7월 분양 예정 아파트 주상복합·도시형생활주택 포함 는 전국 38개 단지 1만6855가구로 조사됐다. 이는 6월 3만1135가구 대비 절반 가량 감소한 물량이다. 수도권은 전년동기 6004가구 대비 17% 감소한 4957가구가 분양예정이다. 2007년 이후 최저 물량이다. 반면 지방은 1만1898가구가 분양 대기중이다. 전국 분양물량의 70%에 달하는 것으로 지난해 같은 기간과 비교하면 4.7배나 늘었다. ◇수도권 보금자리지구 첫 민간 아파트 분양 수도권에서는 보금자리주택지구에 처음으로 들어서는 민간 아파트와 서울 전동 및 답십리 뉴타운 분양 단지가 눈길을 끈다. 울트라건설은 서울서초지구 A1블록에 130 213㎡ 550가구를 분양한다. 보금자리주택지구 내 첫 민간아파트로 관심이 모아질 전망이다. 북쪽에는 우면산 남쪽에 양재천이 있어 주거환경이 쾌적하다. 서울 양재동 경기 과천시와 접해 있어 생활편의시설 공유도 가능하다. 삼성물산은 전농·답십리뉴타운에 위치한 전농7구역을 재개발해 2397가구 중 83 153㎡ 486가구를 일반분양할 계획이다. 서울지하철 1호선·중앙선 청량리역이 걸어서 8 12분 거리며 청량리 민자역사내 편의시설과 롯데백화점 이용이 편리하다. GS건설은 마포구 대흥3구역 558가구 중 191가구를 일반분양한다. 걸어서 2 3분이면 6호선 대흥역을 이용할 수 있고 단지에서 강변북로 진입이 수월하다. 또 GS건설은 영등포구 도림16구역에서도 836가구 중 291가구를 일반분양한다. 1호선 영등포역이 걸어서 10분 거리고 신세계백화점 롯데백화점 이마트 타임스퀘어 등의 상권을 이용할 수 있다. 현대건설은 동작구 동작동 정금마을 재건축으로 680가구 중 304가구를 일반분양한다. 국립현충원이 단지 바로 뒤편에 위치하고 있어 녹지공간이 풍부하다. 4호선과 7호선 환승역인 총신대입구역 이수역 도 가깝다. 삼성물산은 부천 중동에 조합아파트 113㎡ 548가구를 건설한다. 이중 518가구가 일반분양 물량이다. 2012년 개통 예정인 7호선 연장선 계남역이 인근에 위치하고 있다. 남광토건은 안양 석수동 동삼아파트를 재건축해 281가구 중 79 105㎡ 127가구를 일반분양한다. 안양천과 석수체육공원이 가깝고 차량으로 2 3분이면 석수IC를 이용할 수 있다. 서해종합건설은 용인 중동에 817가구를 분양할 계획이다. 동백지구와 도로 하나를 사이에 두고 있어 학교 및 편의시설 공유가 가능하다. ◇지방 택지지구 물량 풍성 지방에서는 경남 김해 율하지구 양산 물금지구 광주 수완지구 등 택지지구 물량이 쏟아진다. 대방건설은 광주 광산구 수완지구 C13 1·2블록에 112 139㎡ 659가구를 분양할 예정이다. C13 1·2블록은 지구에서도 가장 북쪽에 위치한 단지로 호남고속도로와 광주제2순환도로가 만나는 신월IC가 차량으로 5분 거리다. 수완지구 C4 3블록에서는 세영종합건설이 108 140㎡ 536가구를 분양한다. 2006년에 분양한 단지였지만 가구수 조정 등의 사업계획 변경을 통해 다시 분양에 나선다. 동원개발은 부산 북구 구포동에 97 130㎡ 1071가구를 분양할 예정이다. 낙동강 조망이 가능하고 부산지하철 2·3호선 환승역인 덕천역이 도보로 8분 거리다. 동원개발은 울산 중구 우정혁신도시 내 B 3블록에서도 분양을 준비하고 있다. 110㎡ 단일 타입으로 305가구가 공급된다. 삼호는 경남 김해시 율하지구 9블록에 110㎡ 999가구를 분양한다. 김해수남초교와 중학교 부지가 바로 접해 있다. 동문건설과 반도건설은 각각 물금지구 19블록과 47블록에 분양을 준비하고 있다. 19블록 85 114㎡ 526가구 47블록 85㎡ 648가구로 두 단지 모두 전용 85㎡ 이하 중소형으로 구성됐다. 현대엠코는 충남 당진군 송산면 유곡리에 855가구 중 530가구를 일반분양한다. 현대제철 직장조합아파트로 113㎡ 단일 타입을 공급한다.,https://news.naver.com/main/read.nhn?mode=LSD&mid=shm&sid1=260&oid=003&aid=0003912871,284
261940,2011.06.16. 오전 10:33,부동산,경향신문,교육도시 일산 ‘덕이 아이파크’ 명문 학군 아파트로 주목,경기도 일산 마지막 랜드마크 일산덕이 아이파크 1 5단지의 입주가 1월 중순부터 시작하여 지금 막바지에 이르고 있다. 분양 당시부터 화제를 모았던 덕이지구 아이파크는 부동산 침체 속에서 매머드급 단지가 입주하면서 일시적으로 가격약세를 보였지만 입주시작과 함께 분위기가 다소 회복되고 있다. 현재는 일부 급매물이 소진되면서 동호수가 좋은 세대는 자취를 감추었고 가격 하락은 서서히 멈추고 있는 상태이다. ‘일산덕이 아이파크’는 브랜드 규모 단지시설 세대 인테리어등 어느 하나 빠질 것 없는 조건으로 일산의 랜드마크로 자리매김이 기대되는 단지이다. 덕이지구는 지역주민의 주거선호도가 높아서 아파트가 10년 이상 된 일산권 지역 주민들이나 파주권에서 이전수요가 높으며 지금도 입주하려는 입주자들과 전세를 구하려는 수요로 분주하다고 한다. 자유로 1 2 강변북로 외곽순환도로를 이용하여 서울로의 접근 편의성 1 556가구 규모의 대단지 덕이지구 총 4 872가구 현대산업개발의 ‘아이파크’ 브랜드까지 더해지면서 일산권 뿐 만 아니라 수도권에서 이만한 단지가 없을 것으로 보여진다. 일산덕이 아이파크는 주변 주거환경과 비교할 때 당연 뛰어나다고 할 수 있다. 이미 일산 신시가지 내 단지들은입주연차가 10년 이상 된 경우가 많기 때문에 대규모 새 아파트의 등장은 매우 반가운 일이 아닐 수 없다. 일산덕이 아이파크 1단지는 693가구 주택형 111 207m2으로 구성되어 있으며 5단지는 863가구 주택형 111 210m2으로 구성되어 있어 대형외에도 중소형을을 찾는 수요자들도 관심을 가질 수 있다. 일산덕이 아이파크가 자리한 일산 서구지역은 국내 최대 규모의 국제전시장 킨텍스 롯데 현대백화점 기존 신세계백화점 2012년 예정 한류월드 예정 레이킨스 몰 농수산물 종합유통센터 이마트등이 위치하여 대한민국 쇼핑과 문화 콘텐츠의 천국으로 우뚝 설 것으로 보이며 이에 따라 향후 일산덕이 아이파크가 일산 서구 지역 개발의 최대 수혜 단지가 될 것은 명확한 사실이다. 또한 단지 인근의 중앙공원은 물론 호수공원과 고양종합운동장 등에서 여가를 즐길 수 있는 쾌적한 환경과 탄현역 역세권 기존 자유로 1 2 및 외곽순환도로를 이용한 서울로의 뛰어난 접근성과 경의선 확충 서울 문산 고속도로 2014년 예정 일산 GTX 2017년 예정 일산 제2의 강남으로 급부상 등으로 수도권 교통의 중심지로 우뚝 설 것으로 기대되며 덕이지구내 백송 한산초교 덕이중교 덕이고교 공사중 가 개교하였거나 예정이며 교육도시 일산의 교육시설과 명문학원 파주 영어마을을 편리하게 이용할 수 있는 교육환경의 중심지를 자랑한다. 전망 채광과 통풍을 고려한 타워형 설계와 녹지율을 높이고 100% 지하주차장 설계 1 5단지 로 안전한 보행 환경과 쾌적한 생활환경을 제공하였으며 넓은 중앙공원과 생태공원을 바라보며 생활할 수 있는 탁월한 조망권을 확보하였으며 전세대를 남향 위주로 배치한 것도 주요 특징이다. 또한 다양한 운동과 휴식을 즐길 수 있는 주민운동시설 및 휘트니스센터 실내 골프연습장 동호회실등 꼭 필요한 시설만을 갖춘 커뮤니티센터가 가장 큰 자랑거리이다. 인근 식사지구 및 덕이지구내 신동아 파밀리에등 한꺼번에 많은 물량이 입주를 시작하면서 전세가격은 주변보다 저렴한 편이다. 일산덕이 아이파크는 신규 아파트임에도 불구하고 기존 아파트와 전세가격 차이가 많이 나지 않자 봄철 수요가 몰리면서 전세거래가 활발하여 현재는 남은 물량이 마무리로 진행 중에 있다. 매매가격은 약보합세를 유지하고 있지만 4월말 기점으로 분양가보다 약 10% 가량 저렴한 매물들이 눈에 띄게 소진되었으며 이전에는 단지 전체의 30% 가량이 급매물로 나왔지만 임대가 활발하여 매매가 임대로 전환되면서 급매물양이 크게 감소하였으며 이로 인해 매매가도 분양가 수준으로 회복되는 모습을 보이고 있다. 지금은 가격이 빠지면서 40평형이상을 중심으로 분양가보다 낮은 가격에 매물이 나오지만 입주가 마무리 되면서 가격이 바닥이라고 인식한 수요자들이 급매물을 매수하고 있는 분위기이다. 일산덕이아이파크 임대 및 매매 문의 031 902 3807 902 3813 903 1645 본 자료는 해당 업체에서 제공한 보도 자료입니다. 경향신문 ‘오늘의 핫뉴스’ 병무청장 “MC몽 입대발언 쏙 들어가”…왜 대학생 ‘신용카드 강간’…결국 ‘마루타 알바’ “과 수석이 학비 없어 자퇴…” 교수 1인시위 서러운 알바 여대생… 내가 사람이긴 한 건가 서울대생 절대 대통령 안돼야할 인물 1위 “B급 대학에 왜 비싼 돈주고 다니냐고요 ” 공식 SNS 계정 경향 트위터 미투데이 페이스북 세상과 경향의 소통 Khross ⓒ 경향신문 경향닷컴 www.khan.co.kr 무단전재 및 재배포 금지 〈경향닷컴은 한국온라인신문협회 www.kona.or.kr 의 디지털뉴스이용규칙에 따른 저작권을 행사합니다.,https://news.naver.com/main/read.nhn?mode=LSD&mid=shm&sid1=260&oid=032&aid=0002142432,284
261941,2011.06.16. 오전 10:32,부동산,이데일리,삼성건설 헬스케어산업에도 눈독,이데일리 이진철 기자 삼성물산 000830 건설부문 삼성건설 이 신사업으로 헬스케어 분야에 눈독을 들이고 있다. 삼성그룹 차원에서 병원 등 의료·바이오제약 분야를 신수종 사업으로 선정 적극적인 투자 움직임을 보이면서 삼성건설의 사업참여 행보도 활발해지고 있다. 16일 업계에 따르면 삼성건설은 최근 제주헬스케어타운 사업시행사인 제주국제자유도시센터 JDC 와 의료서비스와 휴양시설이 결합된 복합단지인 가칭 제주헬스케어타운 사업에 대한 양해각서 MOU 를 체결했다. 삼성건설은 사업 타당성 검토를 완료한 후 투자가 확정되면 서울삼성병원 등과 함께 본격적인 헬스케어단지 건립에 나설 것으로 알려졌다. 삼성건설 관계자는 제주헬스케어타운은 현재 MOU를 맺고 사업타당성을 검토중인 단계 라며 실제 투자여부를 결정하기 위해선 시간이 좀더 필요하다 고 말했다. 삼성건설은 인천경제청이 추진하는 송도국제병원 투자자로도 참여해 우선협상대상자로 선정됐다. 인천송도국제병원 ISIH 컨소시엄은 삼성물산을 비롯해 삼성증권 KT G 등 국내기업이 40%를 보유하고 있고 나머지는 일본의 다이와 증권 캐피탈 마켓 이 지분의 60%를 참여하고 있다. 앞서 삼성물산은 지난 3월 주주총회에서 의료용품·의료기기 제조와 판매업 상사부문 을 사업목적 정관에 추가하며 사업진출 가능성을 열어놨다. 삼성건설 관계자는 건설경기 침체가 장기화되는 상황에서 앞으로 적극적인 신사업 개발을 통해 부가가치를 창출해나갈 방침 이라고 말했다.,https://news.naver.com/main/read.nhn?mode=LSD&mid=shm&sid1=260&oid=018&aid=0002453341,284
261942,2011.06.16. 오전 10:30,부동산,매일경제,매경 수익형부동산 개발실무교육 “내 땅으로 무엇을 할까요”,최근 1 2인 가구는 급증하고 있지만 소형주택의 공급은 이에 미치지 못하고 있다. 이에 정부에서는 각종 제도 규제완화 국민주택기금 금리인하 등 다 방면으로 지원하고 있다. 매경닷컴에서는 구옥 또는 토지를 소유한 개인 및 법인 재개발 뉴타운지역 해제지역의 조합원 절세를 고민중인 지주 등을 대상으로 보유 토지의 환경분석 기획설계도면 수익률 분석을 토대로 도시형 생활주택 오피스텔 근린상가 등 최적 아이템 용역보고서 작성까지 15명의 전문 건축사 세무사 변호사 감정평가사 시장분석가 등이 직접 참여하는 수익형부동산 개발실무교육을 실시한다. 교육기간은 6월23일부터 7월27일까지 매주 2회 각 4시간씩 진행된다. 모집정원 15명 비용은 150만원이며 장소는 매경 별관 11층이다. 문의 02 2000 5463 ‘수익형부동산 개발실무교육 신청’ 바로가기 매경닷컴 조은영 기자 ⓒ 매일경제 mk.co.kr 무단전재 및 재배포 금지 MBA도 모바일로 공부한다.,https://news.naver.com/main/read.nhn?mode=LSD&mid=shm&sid1=260&oid=009&aid=0002485663,284
261943,2011.06.16. 오전 10:30,부동산,파이낸셜뉴스,진천 계룡 리슈몰 수익형 부동산 시장서 돌풍,2011년 상반기 부동산 업계에 따르면 대표적인 수익형 부동산 상품인 상가시장이 호재이다. 그 중 부산 경상 권을 넘나 들 수 있는 진천 계룡 리슈몰이 특급상권으로 돌풍을 일으키고 있다. 부동산 전문가들이 이야기하는 상가 분양의 가ㄴ 장 중요한 3가지는 다음과 같다. 첫 번째는 접근 성이 뛰어난 초역세권 이어야 하며 두 번째로 임대 수요가 풍부해야 하고 세 번째로 지가 상승을 누릴 수 있는 입지 여건을 갖추어야 한다는 것이다. 이런 점에서 3대 투자요소를 모두 충족을 시키고 있는 상가가 있다. 계룡 리슈몰 상가는 상권의 모든 조건을 완벽하게 갖춘 고수익을 부르는 프리미엄 상가이다. 우선적으로는 진천 역에서 도보로 약 3분 거리에 위치해 상가 접근성이 뛰어나다. 810세대의 계룡 리슈빌 대규모 아파트는 상가의 기본적인 임대수익을 기대할 수 있다. 마지막으로 4층 전층에 아동 전문병원인 아이꿈터 병원 약 1 340평 70여 배드 이 입점이 확정된 상태이고 월배 E 마트 맞은편에 위치해 있어 폭발적인 잠재수요를 기대할 수 있다. . 1. 중심상업지역의 초 역세권 상가 주변에는 구마 고속도로 달구벌 대로 중부 내륙 고속도로 이용이 용이하며 지하철 1호선 진천 역이 도보로 약 3분 거리에 있어 교통지역 특구라 할 수 있다. 2. 임대수요 풍부 계룡 리슈몰 상가는 1만 5천여 세대 아파트 대단지 중심에 위치해 있으며 경북 최대의 산업단지인 성서공단 업체 수 2 532개 종사자 수 53 000여명 의 유동인구를 보유 하고 있어 풍부한 임대 수요층과 고급 상권으로 높은 투자가치를 보여주고 있다. 3. 저렴한 분양가 진천 계룡 리슈몰 상가의 가격은 매우 저렴하다. 인근 주변 상가의 3.3m²당 1층 평균 매 매가가 2 000 만원 대에 형성되는 것에 반해 진천 계룡 리슈몰의 1층 평균 공급가는 1 100만 원대 2층 평균 500만 원대 3층 평균 400만 원대 4층 평균 300만 원대다. . 부동산 상권 전문가들은 진천 역 월배지구에 위치한 계룡 리슈몰 특급상권은 교통의 편리함과 배후주거인구 각종 편의시설 등 풍부한 상권파괴력을 갖춘 새로운 상권의 중심축으로 변모할 것으로 예상된다고 말했다. 이처럼 진천 계룡 리슈몰 상가는 풍부한 유동인구 초역세권 지가 상승의 입지여건을 확보하고 있어 성공할 수 밖에 없는 초특급 상가로 태어날 것이다. 분양문의 053 644 3907 hp blog.naver.com liprince70 본 자료는 해당 업체에서 제공한 보도 자료입니다. ☞ First Class경제신문 파이낸셜뉴스 구독신청하기 오늘의 핫뉴스 이벤트 “축하 메세지 남기고 대박선물 받자” 밤에 음식 먹으면 정말로 살이 찔까 직장인 83.3% “회사에 ‘월급도둑’ 있다” “휴대폰 바꾸면 현금 40만원”..도넘은 ‘돈 살포’ 오토바이에 女 매단채 질주 네티즌‘경악’ 본 자료는 해당 업체에서 제공한 보도 자료입니다.,https://news.naver.com/main/read.nhn?mode=LSD&mid=shm&sid1=260&oid=014&aid=0002457880,284
261944,2011.06.16. 오전 10:29,부동산,아시아경제,대우건설 가산디지털단지에 오피스텔 공급,아시아경제 이은정 기자 대우건설 은 서울 금천구 가산디지털단지역 인근에서 램킨 푸르지오 시티 오피스텔을 분양한다. 이 오피스텔은 40.29㎡ 계약면적 208실 43.15㎡ 52실 65.14㎡ 6실 69.19㎡ 4실 등 총 270실로 구성됐다. 가산디지털 단지는 과거 구로공단이라는 이름의 제조업 단지로 개발됐으나 2000년대 들어서 디지털단지로 바뀌었다. 현재 디지털 단지 근무인구는 13만여명이다. 램킨 푸르지오 시티는 가산디지털 단지에서도 1호선 7호선 환승역인 가산디지털단지역에서 500m 이내에 위치한 더블역세권에 자리 잡아 교통 편리성이 뛰어나다. 회사관계자는 최근 5년간 신규 오피스텔 공급이 전무한 상황으로 주거 및 업무 목적의 임대수요가 풍부한 상황으로 투자자의 관심이 매우 높은 지역 이라고 말했다.,https://news.naver.com/main/read.nhn?mode=LSD&mid=shm&sid1=260&oid=277&aid=0002623998,284
261945,2011.06.16. 오전 10:24,부동산,SBS CNBC,김포한강신도시 내일 아파트 첫 입주,김포 한강신도시에서 신도시 조성을 시작한 지 7년만에 내일 처음으로 아파트 입주가 시작된다. 국토해양부는 김포 한강신도시에서 우남퍼스트빌 아파트 천202가구가 내일부터 입주한다고 밝혔습니다. 김포 한강신도시는 수도권 주택난 해소를 위해 지난 2004년 8월 택지개발예정지구로 지정됐으며 아파트 5만800가구를 짓고 있습니다. 김포 한강신도시는 이달 우남건설을 시작으로 올해 말까지 7천934가구의 입주가 시작되고 내년에 8천921가구가 준공될 예정입니다.,https://news.naver.com/main/read.nhn?mode=LSD&mid=shm&sid1=260&oid=375&aid=0000007522,284
261946,2011.06.16. 오전 10:17,부동산,머니투데이,도공 15대 사장에 장석효 前 서울부시장 취임,머니투데이 이군호 기자 ↑장석효 도로공사 신임사장 한국도로공사 15대 신임 사장에 장석효 64 전 서울시 행정2부시장이 임명 16일 취임식을 갖고 공식 업무에 들어갔다. 신임 장 사장은 경기 고양 출생으로 1974년 서울대를 졸업하고 기술고시를 통해 공직에 입문 2006년 행정2부시장으로 퇴임할 때까지 약 31년간 서울시에서 공직 생활을 했다. 특히 서울시 재직 중 도로국장과 지하철건설본부장 건설안전관리본부장 등 건설 관련된 요직을 두루 거쳤고 청계천 복원공사를 진두지휘했다. 이를 통해 이명박 대통령의 신임을 얻었으며 현 정부 인수위원회 당시 4대강 살리기사업에도 관여했다. 장 사장은 취임식에서 국민들과 눈높이를 맞춰야 한다 며 빠르고 쾌적하고 안전한 교통서비스를 위해 고속도로를 튼튼하게 건설하고 관리해 국가경제를 발전시키고 국민의 편익을 향상시키는 것이 우리에게 주어진 책무 라고 강조했다. 이어 변화에 능동적으로 대처해 감동을 주는 기업으로 거듭나지 않고는 생존 자체가 불가능한 시대 라며 수입을 늘리고 지출을 줄이는 방향으로 재무구조를 개선해 지속적으로 부채를 줄여나가는 등 경영내실화에 만전을 기해야 한다 고 덧붙였다.,https://news.naver.com/main/read.nhn?mode=LSD&mid=shm&sid1=260&oid=008&aid=0002556409,284
261947,2011.06.16. 오전 10:15,부동산,연합뉴스,분양소식 대우건설 램킨 푸르지오시티,서울 연합뉴스 강건택 기자 대우건설은 서울 금천구 가산동에서 램킨 푸르지오 시티 오피스텔을 18일부터 선착순 분양한다고 16일 밝혔다. 지하 4층 지상 16층에 계약면적 기준 40 69㎡의 소형 평형대 270실로 구성된다. 이 오피스텔은 13만여명의 상주 인력이 근무하는 가산디지털단지와 가깝고 지하철 1·7호선 환승역인 가산디지털단지역에서 500ｍ 거리에 있어 임대 수요가 풍부할 것으로 회사 측은 전망했다. 3.3㎡당 평균 분양가는 1천171만원이다.,https://news.naver.com/main/read.nhn?mode=LSD&mid=shm&sid1=260&oid=001&aid=0005115590,284
261948,2011.06.16. 오전 10:13,부동산,한국경제TV,한국CM협회 전국순회 설명회 개최,한국CM협회 회장 배영휘 가 오는 23일부터 전국 순회 CM설명회를 엽니다. 이 설명회는 건설관련 공무원과 산하기관 임직원들의 CM에 대한 확실한 이해를 높여 건설관리 역량을 강화하고 국가건설사업을 성공적으로 수행할 수 있도록 하기 위해 협회가 매년 개최하고 있습니다. 오는 23일 목 14시부터 충청남도 종합건설사업소 충청남도 예산군 소재 에서 충청남도를 비롯해 충청남도 산하기관 임직원을 대상으로 실시합니다. 또 24일 금 14시부터는 광주광역시 지방공무원교육원 광주광역시 광산구 소재 에서 광주광역시와 공동으로 설명회를 개최하며 하반기에는 충청북도 강원도 경상북도 인천광역시 등에서 설명회를 개최합니다. 이번 설명회에서는 발주기관의 실무담당자들의 이해를 돕기 위해 건설사업의 성공적 수행을 위한 효율적 관리방안과 주요 시설물에 대한 CM수행사례 등의 주제발표가 있을 예정입니다. CM설명회를 필요로 하는 기관 등에서는 우리 협회 교육훈련본부 02 585 4712 3로 문의하면 됩니다.,https://news.naver.com/main/read.nhn?mode=LSD&mid=shm&sid1=260&oid=004&aid=0002082453,284
261949,2011.06.16. 오전 10:11,부동산,이데일리,장석효 전 서울시 부시장 도로공사 사장 취임,경영내실화에 만전 기해야 이데일리 이태호 기자 한국도로공사 사장에 장석효 64· 사진 전 서울시 행정2부시장이 취임했다. 도로공사는 장 사장이 16일 취임식을 갖고 업무에 들어갔다고 밝혔다. 장 사장은 경기 출신으로 1974년 서울대를 졸업하고 기술고시를 통해 공직에 입문했다. 지난 2006년 서울시 제2행정부시장으로 퇴임할 때까지 31년 간 서울시 공무원으로 일했다. 서울시 재직 중 도로국장과 지하철건설본부장 건설안전관리본부장 등 건설 관련 요직을 두루 거쳤고 청계천 복원사업을 진두지휘했다. 지난 2007∼2008년에는 제17대 대통령직인수위원회 국가경쟁력강화특별위원회 한반도대운하TF팀장을 맡았다. 장 사장은 취임식에서 변화에 능동적으로 대처해 감동을 주는 기업으로 거듭나지 않고는 생존 자체가 불가능한 시대 라며 수입을 늘리고 지출을 줄이는 방향으로 재무구조를 개선해 지속적으로 부채를 줄여나가는 등 경영내실화에 만전을 기해야 한다 고 강조했다. 또 관료적 업무행태를 타파하고 깨끗한 조직문화를 확립해 신뢰받는 기업문화를 정착시키고 글로벌 인재 양성에 노력하겠다 고 말했다.,https://news.naver.com/main/read.nhn?mode=LSD&mid=shm&sid1=260&oid=018&aid=0002453327,284
261950,2011.06.16. 오전 10:08,부동산,매일경제,‘풍수지리’ 명당에 내집마련 해볼까,풍수지리학적으로 배산임수 背山臨水 와 출왕비 出王妃 지형이라 평가 받은 ‘더샵 센텀포레’ 조감도 스마트폰 사용자가 1 000만 명에 달하는 첨단 정보기술 시대인 요즘 대기업 사옥 건축이나 행정관청 등 최첨단 빌딩에도 풍수지리가 고려된다. 일반인들도 주택을 구입할 때 단지 디자인이나 평면설계 품질뿐 아니라 풍수지리를 고려하기도 한다. 이왕이면 풍수지리상 기운이 좋은 곳을 선택하고자 하는 것이 인지상정일 것이다. 명당의 기본 조건으로 불리는 배산임수 지형은 산을 등지고 물을 바라보는 지세로 자연과 가까이 있어 정서적인 안정은 물론 건강에도 이로워 만사형통할 수 있는 기반이 갖춰진 구조로 본다. 풍수지리적으로 이로운 집터는 주로 산과 강 하천 등 자연여건이 풍부해 친환경 주거지의 다른 표현이 될 수 있다. 편의시설 교통 등 생활여건이 잘 갖춰진 도심의 편리함과 친환경 생활여건을 동시에 누릴 수 있다. 포스코건설의 ‘더샵 센텀포레’는 아파트 단지 뒤로 백산이 위치하고 단지 앞으로 수영강이 흘러 풍수지리에서 가장 이상적으로 여기는 배산임수 지형에 속한다. ‘더샵 센텀포레’가 조성될 부산시 수영구 민락동 353 9번지를 방문한 대한풍수지리학회 강환웅 이사장은 민락동 일원이 서고동저 西高東低 에 의한 배산임수 背山臨水 지형이라 설명했다. 예부터 백성들이 모여 즐겁게 사는 동네라 하여 민락 民樂 이란 이름이 붙여진 민락동 일원을 살펴본 강환웅 이사장은 “수영천과 바다가 어울리는 자리에 위치한 백산이 배산 背山 에 해당하며 동래지방의 명당수로 불린 수영강이 임수 臨水 에 해당해 풍수지리학상 전형적인 배산임수에 해당한다”고 전했다. 배산에 해당하는 백산이 C자형으로 자리잡고 있는데 풍수지리 고전에서 이를 반월형으로 정의하며 이곳 출신에서 왕비가 나온다 하여 출왕비 出王妃 라 평가한다고 말했다. 풍수지리학에서 출왕비는 현대에서는 영부인이 입신한다는 지형이다. ‘더샵 센텀포레’는 해운대 센텀권역 입지로 문화 건강 교통 교육 등 원스톱 프리미엄 라이프가 가능하다. 센텀시티내 롯데백화점과 신세계센텀시티 홈플러스까지 도보로 10분 거리에 있으며 인근에 BEXCO와 부산시립미술관 APCE나루공원 등 문화 시설도 제공한다. 단지 앞을 흐르는 수영강을 중심으로 자전거 전용도로 강변 테마거리 조성 등 수영강변 문화 공간 개발도 잇따라 자연친화적 웰빙 여가 생활이 가능하다. 아파트 반경 2km이내 초등학교 1개소 중학교 3개소 고등학교 6개소가 인접해 교육환경도 좋다. 단지 바로 앞에 부산지하철 2호선 민락역이 위치해 역세권 입지이며 다양한 버스 노선을 이용할 수 있는 버스정류소도 근접해 있다. 포스코건설의 ‘더샵 센텀포레’는 대지면적 52 179㎡ 위에 지하 4층 지상 최고 27층 12개 동 총 1 006가구 규모의 대단지로 조성되며 오는 23일 모델하우스를 오픈하고 본격적인 분양을 시작할 예정이다. 모델하우스는 해운대구 글로리콘도 뒤편에 조성될 계획이다. 문의전화 051 7474 580 자료제공 더샵 센텀포레 ⓒ 매일경제 mk.co.kr 무단전재 및 재배포 금지 MBA도 모바일로 공부한다.,https://news.naver.com/main/read.nhn?mode=LSD&mid=shm&sid1=260&oid=009&aid=0002485641,284
261951,2011.06.16. 오전 10:08,부동산,한국경제,대우건설 가산디지털단지에서 오피스텔 270실 분양,대우건설의 램킨 푸르지오 시티 조감도. 지하철역에서 500쯤 떨어진 역세권 ‘매력’ 가산디지털단지에서 5년 만에 신규 오피스텔 대우건설은 서울 가산디지털2단지 내 가산동 139 3번지 일대에 지을 오피스텔 ‘램킨 푸르지오 시티’를 분양한다. 지하 4층 지상 16층 1개동에 총 270실로 이뤄진다. 계약면적이 40 69㎡인 중소형으로 구성된다. 면적별로는 △40.29 ㎡ 208실 △43.15 ㎡ 52실 △65.14 ㎡ 6실 △69.19㎡ 4실이다. 가산디지털 단지는 과거 구로공단이라는 이름의 제조업 단지로 조성됐으나 2000년대 들어서 디지털단지로 변모됐다. 현재 입주업체의 81% 이상이 IT 업종이어서 국내 대표적인 디지털단지로 자리 잡은 지역이다. 램킨 푸르지오 시티는 지하철 1호선 7호선 환승역인 가산디지철단지역에서 500m쯤 떨어진 더블역세권인 것도 매력으로 꼽힌다. 분양가는 3.3㎡당 평균 1 171만원 부가세 별도 이며 중도금 60% 가운데 40%는 무이자조건으로 대출지원된다. 가산디지털단지역 4번 출구 근처에 분양홍보관이 마련돼 있다.,https://news.naver.com/main/read.nhn?mode=LSD&mid=shm&sid1=260&oid=015&aid=0002481002,284
261952,2011.06.16. 오전 10:03,부동산,한국경제TV,대우건설 가산동 램킨 푸르지오 시티 분양,대우건설은 서울 금천구 가산동 가산디지털단지역 인근에서 오피스텔 램킨 푸르지오 시티 를 분양한다고 밝혔습니다. 램킨 푸르지오 시티 는 계약면적 40 69㎡ 270실로 이뤄져 있으며 평균 분양가는 3.3 ㎡당 1 171만원입니다. 대우건설 관계자는 가산디지털 단지 상주인구가 약 13만 여명에 이르고 최근 5년간 신규 오피스텔 공급이 전무한 상황이어서 투자자들의 관심이 높다 고 설명했습니다.,https://news.naver.com/main/read.nhn?mode=LSD&mid=shm&sid1=260&oid=004&aid=0002082441,284
261953,2011.06.16. 오전 10:03,부동산,서울경제,서울 갈현동에 아파트 3934가구 건립,서울시 은평구 갈현동 300번지 일대에 최고 21층 규모 아파트 3 934가구가 건립된다. 서울시는 15일 도시계획위원회를 열고 이 같은 내용의 갈현제1주택재개발 정비구역 위치도 지정계획안을 통과시켰다고 16일 발표했다. 23만7 629㎡규모로 은평 뉴타운 근처에 위치한 갈현 1구역엔 전용면적 60㎡ 이하 670가구를 비롯해 85㎡ 이하 중소형 주택이 총 3 544가구로 전체의 90.1%에 달한다. 단지 내에는 1만1 658㎡ 규모의 녹지와 2 653㎡ 규모의 공원 공공문화체육시설 초등학교 등이 조성된다. 주변에 신도고등학교가 위치하며 천일아파트 건영아파트 등 아파트 단지가 들어서 있다. 위원회는 은평구 신사동 19 190번지 일대 재건축 정비구역 1만7 747㎡ 의 법적 상한 용적률을 종전 221%에서 245%로 완화하는 안건도 통과시켰다. 신사동고개삼거리 근처의 이 구역에는 337가구가 건립되며 법적 상한 용적률 적용에 따라 장기전세주택 25가구를 지어야 한다. 위원회는 또 성북구 보문동6가 207번지 일대 보문제3주택재개발 정비구역 5만2 245㎡ 의 용적률을 220%에서 236%로 완화하고 소형 주택 387가구를 짓도록 했다.,https://news.naver.com/main/read.nhn?mode=LSD&mid=shm&sid1=260&oid=011&aid=0002160330,284
261954,2011.06.16. 오전 10:01,부동산,헤럴드POP,분양가상한제 폐지시 조합원 부담금 16% 줄어든다재개발ㆍ재건축 사업 탄력 전망,6월 임시국회에서 ‘분양가 상한제’가 선별 폐지될 경우 재개발ㆍ재건축을 추진하는 사업장의 조합원 부담금이 16% 줄어들어 서울 도심 주택공급이 크게 늘어날 것이란 분석이 나왔다. 16일 본지가 단독입수한 국토해양부의 ‘분양가 상한제 폐지시 재개발ㆍ재건축 사업성 비교’ 자료에 따르면 재개발ㆍ재건축 사업에 대해 분양가 상한제를 적용하지 않을 경우 개별 조합원의 부담금이 8%에서 최대 16% 경감되는 것으로 나타났다. 관련기사 23면. 실제로 조합원당 1억5900만원에 달하는 과도한 부담금 때문에 재개발 사업이 수년째 표류중인 ‘서울 A구역 재개발 사업장’의 경우 상한제가 폐지되면 420여 조합원의 부담금이 2500만원 15.7% 씩 줄어들게 된다. 물론 상한제가 폐지되면 일반 분양가는 당초 1700만원에서 1770만원으로 소폭 상승한다. 하지만 이 경우에도 주변시세 3.3㎡당 1800만원 에 비해서는 여전히 낮아 조합원 부담을 경감시키는 동시에 일반 청약자도 당첨 프리미엄을 누릴 수 있게 된다. ‘서울 B구역’에 대한 시뮬레이션 결과도 상한제 폐지시 일반 분양가를 주변시세 보다 낮게 책정해도 조합원 부담금을 1인당 1825만원 낮출 수 있는 것으로 나타났다. 권도업 국토부 장관도 이날 건설업계 간담회에 앞서 기자와 만나 “도심내 주요 주택공급원인 재개발ㆍ재건축 조합원들이 상한제 적용에 따른 과도한 초기 부담금을 이유로 사업을 미루면서 주택공급이 급감하고 있다”며 “집값 폭등기 도입했던 강력한 가격통제 수단인 상한제를탄력 적용할 경우 주택공급 감소에 따른 전월세대란을 막을 수 있다”고 설명했다. 실제로 지난 2007년 22만 9000여 가구에 달했던 민간 분양 물량은 상한제 도입 이듬해 14만5000여가구로 감소했고 2009년에는 12만6000여가구 2010년 9만1000여가구로 3년만에 60% 이상 급감했다. 지난 2007년 29만7000가구에서 달했던 신규주택 인허가 물량도 2008년 25만5000가구 2009년 23만1000가구 2010년 20만1000가구로 줄고 있어 ‘규제강화→주택공급 감소→전월세 대란→수급불균형에 따른 집값 폭등’의 악순환이 예고되고 있다.,https://news.naver.com/main/read.nhn?mode=LSD&mid=shm&sid1=260&oid=112&aid=0002203534,284
261955,2011.06.16. 오전 10:00,부동산,연합뉴스,과천시 지식정보타운 예정지 불법행위 집중 단속,과천 연합뉴스 강창구 기자 경기도 과천시는 지식정보타운으로 개발될 예정인 갈현동과 문원동 일대 그린벨트 개발제한구역 내 불법행위를 집중 단속한다고 16일 밝혔다. 이들 지역에는 최근 투기를 목적으로 창고를 짓거나 버섯재배 유리온실 종묘배양장 등을 운영하는 불법시설물이 들어서고 있다. 시는 이에 따라 건축과장 등 11명으로 구성된 특별점검반을 편성 오는 24일까지 개발제한구역 내에 있는 동식물관련 시설 136곳을 점검해 적법 사용여부를 조사할 계획이다. 단속 대상 시설물은 창고 48곳 축사 29곳 종묘배양장 27곳 콩나물재배사 18곳 유리온실 7곳 등이다. 시는 불법시설물이 적발되면 자진철거 후 원상복구하도록 하고 이를 이행하지 않을 경우 형사고발 또는 이행강제금을 부과하기로 했다. 갈현동 문현동 일대 135만3천㎡에는 오는 2015년까지 보금자리 주택 9천600가구와 지식기반산업시설이 들어선다.,https://news.naver.com/main/read.nhn?mode=LSD&mid=shm&sid1=260&oid=001&aid=0005115559,284
261956,2011.06.16. 오전 10:00,부동산,한국경제,한경매물마당 인천 검단 신도시 수익용 원룸급매 15억 등 15건,충남 서산시 지곡면 농가주택 월수익 980만원 대방동 보라매역 역세권 신축 원룸 22억원 월수익 700만원 목동역 역세권 대로변 은행 상가 19억9000만원 월수익 640만원 천안시 고속버스터미널 인근 신축 원룸 12억원 서울 역삼동 6차로변 수익형 빌딩 ＝역세권 대로변 코너 대지 360㎡，연면적 718㎡의 5층 건물.주변상권이 활발해 보증금 3억원，월 2800만원에 공실 없이 임대 중.급매.64억원.010 6556 0715 서울 역삼동 투자수익용 빌딩 ＝역삼역 인근 대지 399㎡，연면적 1479㎡의 지상 7층 건물.임차수요가 많아 보증금 4억원，월 4400만원에 공실 없이 임대 중.주인 사정상 급매.57억원. 02 512 7170 서울 서초역 역세권 구조조정 신축 빌딩 ＝서초역 도보 3분 거리 상업지역 대지 325㎡，연면적 1407㎡의 7층 신축 건물.보증금 2억원，월 2100만원에 임대 중.주변 먹자상권이 활발해 사옥 및 임대용으로 적합.급매.56억원. 02 533 9559 서울 역삼역 역세권 신축 빌딩 ＝지하철역 도보 1분 거리 대지 231㎡，연면적 912㎡의 7층 건물.유동인구가 많은 사무실 및 유흥，먹자상권 중심가에 위치.보증금 4억3000만원，월 2850만원에 임대 중.52억원. 02 512 7197 서울 상도동 대로변 신축 부지 ＝지하철역 출구 앞 대로변 대지 412㎡.연면적 460㎡의 4층 건물이 있어 보증금 2억원，월 1270만원에 임대 중.지상 8층 규모로 재건축 시 보증금 3억1000만원，월 3400만원 예상.43억원. 02 525 8255 충남 천안시 신부동 신축 원룸 사진 ＝고속버스터미널，천안나들목 인근에 건축 중인 4층 다가구주택 대지 323㎡，연면적 580㎡ .보증금 3억2000만원，융자 3억원，실투자금 5억8000만원에 월 수익 640만원.연 수익률 11%.시공사 직거래.12억원.010 4002 0489 서울 경희대 역세권 수익용 근생 빌딩 ＝전철역 도보 3분 거리 대지 120㎡，연면적 420㎡의 7층 건물.엘리베이터를 갖췄고 보증금 3억2000만원，월 1440만원에 임대 중.내외관이 고급스럽다. 임대수익용으로 적합.급매.22억원. 02 532 1218 서울 목동역 은행 상가 ＝목동역 도보 2분 거리 대로변 사거리 양쪽 횡단보도 코너에 위치한 8층 주상복합의 4층 점포 442㎡ 전용 207㎡ .보증금 9억원，월 700만원에 은행으로 장기 임대 중.연 수익률 7.7%.19억9000만원. 02 2646 4555 충남 서산시 지곡면 농가주택 사진 ＝서산나들목이 차로 10분 거리인 계획관리지역 대지 542㎡，밭 5941㎡，임야 1388㎡.농가주택 1동과 창고 있음.농장，과수원，동호인 전원주택지로 적합.서산일반산업단지，한화테크노밸리가 가깝다. 3.3㎡당 12만원. 041 666 0006 서울 목동 수익용 상가 ＝은행 병원 밀집지역의 주상복합 지하층 전체 2200㎡.보증금 30억원，월 525만원에 대기업 SSM 직영점으로 10년 장기임대 중.연 수익률 7.8%.만료 시 5년간 재계약，매년 임대료 5% 인상 조건.38억원. 02 588 3777 충남 천안시 신부동 신축 원룸 서울 대방동 보라매역 수익형 신축 원룸 ＝보라매역 도보 2분 거리 대지 208㎡，연면적 526㎡의 5층 건물.원룸 26실을 보증금 4억8000만원，월 980만원에 임대 중.주인이 직접 거주 중.임대 시 2억원 전세 가능.융자 8억5000만원 포함，22억원.010 7309 0815 경기 판교신도시 수익용 병원 상가 ＝대로변 버스정류장 앞 상가건물의 5층 점포 230㎡.보증금 5000만원，월 300만원에 피부과 병원으로 임대 중.연 수익률 7%.융자 시 실투자금 3억원.5억6500만원.가격 절충 가능. 02 2168 4067 인천 검단신도시 수익용 원룸 ＝대지 415㎡，연면적 730㎡，원 · 투룸 27실의 건물.보증금 3억원，월 1200만원에 임대 중.검단신도시 지하철 개통 예정.인근에 중앙대 캠퍼스 부지가 있다.,https://news.naver.com/main/read.nhn?mode=LSD&mid=shm&sid1=260&oid=015&aid=0002480993,284
261957,2011.06.16. 오전 9:58,부동산,머니투데이,불꺼진 도심빌딩 임대료 할인경쟁,머니투데이 전병윤 기자 프라임 급 오피스 잇따라 신축…빈 사무실 늘어 임차인 모시기 경쟁 ↑ 센터원 전경 서울 종로와 을지로 일대 빌딩에 빈 사무실이 늘고 있다. 올 들어 이 일대에 대형빌딩이 속속 준공됨에 따라 오피스 공급 초과현상이 벌어지면서다. 높아진 공실률에 비상이 걸린 빌딩 관리업체들이 빈 사무실을 채우기 위해 할인경쟁에 나서면서 임대료가 지난해에 견줘 절반 수준까지 떨어졌다. 16일 부동산업계에 따르면 종로·을지로·신문로·남대문 인근 도심권역 CBD 의 오피스 공실률이 상승세를 보이고 있다. 특히 최상위 등급인 프라임급 빌딩 연면적 5만㎡ 이상 의 공실률이 눈에 띄게 높아졌다. 지난 1분기 도심권역의 오피스 공실률 신영에셋 조사 기준 은 4.2%였고 이 가운데 프라임급 빌딩의 공실률이 6.6%로 가장 높았다. 2분기 수치는 이달 말 집계되지만 도심권역 프라임급 빌딩의 공실률은 7 8% 수준까지 오를 것으로 업계는 보고 있다. 도심권 오피스 공실률은 최근 초대형 빌딩이 잇따라 준공되면서 공급물량이 일시에 몰리고 있어 추가 상승할 가능성이 높다. 지난해 하반기 을지로에 페럼타워 연면적 5만5694㎡ 가 준공됐고 올 들어 센터원 16만8001㎡ 도 임차인 모집에 나서면서 주변 빌딩의 공실률을 일시에 끌어올렸다. 2분기에는 회현동 스테이트타워 6만6799㎡ 다동 YG타워 4만2541㎡ 등 프라임급 빌딩도 추가로 들어설 예정이고 3분기에는 중구 수표동 시그너처타워 9만9994㎡ 와 을지로2가 101파인애비뉴 6만 5239㎡ 등 초대형 빌딩도 준공을 앞뒀다. 공실률 상승과 맞물려 임대료는 뚝뚝 떨어지고 있다. 도심권 프라임급 빌딩의 임대료는 3.3㎡당 월 12만 13만원 수준이지만 최근엔 절반 수준인 6만 7만원까지 내려갔다. 한 외국계 부동산투자회사 관계자는 A빌딩의 경우 2개월 임대료 무료혜택에다 이사비용뿐 아니라 인테리어비용도 임대인이 대신 내주는 점을 고려하면 실질적인 임대료는 올 들어 50%가량 떨어졌다 며 최근 7 8년 동안 도심권에 신규 오피스빌딩 건축이 끊겨 임대료가 꾸준히 오른 상황에서 일시에 대형빌딩이 신축되면서 발생한 현상 이라고 말했다.,https://news.naver.com/main/read.nhn?mode=LSD&mid=shm&sid1=260&oid=008&aid=0002556387,284
261958,2011.06.16. 오전 9:58,부동산,파이낸셜뉴스,대우건설 가산디지털단지 인근에 램킨 푸르지오 시티 오피스텔 분양,대우건설은 13만 여명의 상주 근무인력이 근무하는 가산디지털단지역 인근에서 ‘램킨 푸르지오 시티’ 오피스텔 조감도 을 분양한다. 서울시 금천구 가산동 139 3번지에 위치한 이 오피스텔은 총 270실로 전체 모두 공급면적이 40 ∼ 69㎡ 로 구성됐다. 공급호실은 40.29 ㎡ 208실 43.15 ㎡ 52실 65.14 ㎡ 6실 69.19㎡ 4실이다. 가산디지털 단지가 들어서는 가산동 일대는 최근 5년간 신규 오피스텔 공급이 없어 주거 및 업무 목적의 임대수요가 풍부하다는 게 회사 측의 설명이다. ‘램킨 푸르지오 시티’는 지하철 1호선 7호선 환승역인 가산디지털단지역에서 500 m 이내에 위치한 더블역세권으로 교통이 편리하다.,https://news.naver.com/main/read.nhn?mode=LSD&mid=shm&sid1=260&oid=014&aid=0002457843,284
261959,2011.06.16. 오전 9:55,부동산,아시아경제,LH 녹색기자재 공모전 개최,아시아경제 박충훈 기자 LH 한국토지주택공사 는 녹색도시 및 친환경주택 건설 활성화를 위한 제3회 녹색기자재 공모전 을 개최한다고 밝혔다. 이 공모전은 녹색도시 및 친환경주택에 적용 가능한 기자재 가운데 에너지 효율이 높고 경제성이 뛰어난 기자재를 발굴하고자 개최된다. 토목 건축 기계 전기·통신 조경의 5개 분야로 나눠 접수를 받는다. 참가자격은 현재 사업자 및 공장등록이 되어 있으며 생산과 제조능력을 갖춘 제조업체면 누구나 가능하다. 참가신청 및 제안설명서는 다음달 11일부터 15일까지 LH 본사 기술기준처에 제출하면 된다. 참가신청서 등 관련서식은 LH 홈페이지 hp www.lh.or.kr 에서 내려 받을 수 있다. LH는 올해부터 대상 수상작을 2점으로 최우수상은 3점으로 늘렸다. 대상을 수상한 2개 기자재에 대해서는 상패와 함께 내년에 LH 주택단지에 시범 적용하는 혜택이 부여된다. 최우수상 3점 에 300만원 우수상 5점 에 200만원의 부상과 상패가 각각 수여된다.,https://news.naver.com/main/read.nhn?mode=LSD&mid=shm&sid1=260&oid=277&aid=0002623960,284
261960,2011.06.16. 오전 9:55,부동산,세계일보,김포한강로 7월초 개통 여의도까지 20분대 한강 반도유보라 2차,판교보다 빠른 여의도 생활권에 소비자 관심 높아져 전세탈출 내집마련 절호의 기회 김포한강로 개통으로 여의도 20분대 생활권 계약금 1200만 1300만원 중도금30% 무이자 30% 이자후불제 파격적인 분양 조건 세계닷컴 경기도 김포 한강신도시와 서울 강서구 개화동 올림픽대로를 연결하는 김포한강로가 오는 7월 초 개통된다. 김포시에 따르면 김포 한강신도시 입주민들의 교통 편의를 위해 지난 2003년 3천580여억원을 투입 착공한 길이 16.3㎞ 왕복 6차선의 도로를 6월 말 개통할 예정이며 현재 마무리 작업을 진행 중이다. 당초 오는 8월 개통 예정이던 이 도로는 7월초 조기개통됨에 따라 한강신도시 주민들은 인근의 신도시IC 가칭 을 통하여 서울 또는 여의도까지 자동차로 20분대 진입이 가능해질 것으로 예상돼 교통 상황이 크게 개선될 것으로 기대된다. 이로 인해 최근에 분양을 진행중인 반도건설 등 인근 모델하우스에는 문의전화가 부쩍 늘었다. 특히 소형아파트에 해당되는 59㎡의 경우 실속을 중요시하는 신혼부부뿐만 아니라 노후를 준비하는 실버세대에 이르기까지 수요층이 두터운데다 최근 신평면에 따른 확장형 평면설계로 높은 관심을 받고 있다. 이처럼 소형아파트가 인기가 높은 이유는 강서지역과 경기도 일산지역의 전세값 상승이 이어지고 있고 한강신도시 내 소형아파트 공급부족으로 품귀현상 마저 보이고 있기 때문인 것으로 나타났다. 한강신도시에서 이달 초 계약을 진행한 반도건설의 경우 1 500여세대 달하는 대단지이면서 59㎡ 단일평형으로 구성되어 있다. 청약당시 최고 4.17대 1의 청약률을 보였던 반도유보라 2차 아파트는 소형아파트에서 찾아보기 힘들었던 확장형 신평면으로 소비자들의 높은 관심을 받았다. 이번 선착순 분양 중인 59㎡ B타입과 D타입의 경우 전망과 개방감을 극대화한 설계배치와 반도유보라2차 중에서도 최고의 조망권을 갖춘 세대로 꼽히고 있으며 D타입의 경우 정남향 배치로 사계절 내내 자연채광을 누릴 수 있으며 자녀방에서는 한강 조망 거실과 안방에서는 모담산 조망이 가능한 더블 조망이 장점으로 꼽힌다. 특히 LDK타입의 경우 남향배치 및 한강 및 모담산 조망이 가능하다. 업계 관계자에 따르면‘ 한강신도시의 경우 단계별로 입지의 차이가 분명한데다 전용면적이나 평면에 따라 양극화가 뚜렷하게 나타나고 있다’고 설명하며 한강신도시에 관심을 갖는 고객이라면 꼭 한번쯤은 관심 모델하우스를 방문할 것을 강조하였다. 오는 7월초 김포한강로 개통으로 도로접근성 뿐만 아니라 상업지구 및 한강신도시의 대표적인 개발계획인 생태공원 접근성에 따라 분양성적이 좌우될 전망이다. 반도건설 한강신도시 반도유보라2차는 2억원 초반의 합리적인 분양가로 계약금 1천만원 발코니확장 계약금 1백만원과 중도금 30% 무이자 및 30% 이자후불제를 지원하여 초기부담을 크게 낮추었다. 일부 잔여세대는 모델하우스에서 확인할 수 있으며 선호하는 동호수를 선택할 수 있다. 모델하우스은 김포고촌에 위치하고 있으며 입주는 2013년 12월이다. 분양문의 1599 2900 ※본 콘텐츠는 기업 제공 자료로 세계닷컴의견과 다를수 있습니다. Segye.com Segye.com 인기뉴스 주한미군 훈련 도중 시민들에게 총 겨눠 대학생 두번 울리는 사립대 기숙사비 MB “부패 한계 왔다”… 공직기강 바짝 죈다 파렴치 교장 형편 어려운 여제자 성추행 파문 총기 방치했다 부사관 대검으로 병사 찔러 ⓒ 세계일보 Segye.com 무단 전재 및 재배포 금지 금융전문뉴스 세계파이낸스 모바일로 만나는 세계닷컴 세계닷컴은 한국온라인신문협회 www.kona.or.kr 의 디지털뉴스이용규칙에 따른 저작권을 행사합니다.,https://news.naver.com/main/read.nhn?mode=LSD&mid=shm&sid1=260&oid=022&aid=0002275765,284
261961,2011.06.16. 오전 9:50,부동산,머니투데이,권도엽 국토장관 분양가상한제 폐지 적극 추진,머니투데이 송지유 기자 16일 국토부 건설업계 조찬간담회 참석…건설업계 투명성·청렴성 제고도 강조 ↑권도엽 국토해양부 장관 왼쪽에서 두번째 이 16일 서울 논현동 임피리얼팰리스호텔에서 열린 건설업계와의 조찬 간담회에서 건설사들의 어려움을 극복할 수 있도록 현재 검토중인 법안이나 관련 정책이 조속히 처리될 수 있도록 하겠다 고 강조했다. ⓒ대한건설단체총연합회 제공 건설업계 애로사항을 감안해 분양가상한제 폐지 보금자리주택사업 민간참여 등 정책적으로 수용할 부분을 적극적으로 추진하겠다. 권도엽 국토해양부 장관은 16일 오전 서울 강남구 논현동 임피리얼팰리스호텔에서 열린 국토부 건설업계 최고경영자 CEO 조찬간담회 에 참석해 건설·주택 모두 당분간 시장이 회복되기는 어려울 것으로 본다 며 건설사들이 해외건설과 민자사업 활성화를 통해 빠른 시일내에 활로를 모색할 수 있도록 지원하겠다 고 밝혔다. 이날 간담회는 권 장관 취임 후 건설업계와의 첫 상견례 자리로 정내삼 수자원정책실장 도태호 건설정책관 이원재 주택정책관 등 국토부 공무원을 비롯해 최삼규 대한건설협회장 김종인 한국주택협회장 직무대행 김충재 대한주택건설협회장 등 3개 협회 대표와 현대건설 GS건설 대우건설 포스코건설 롯데건설 등 주요 건설사 사장들이 참석했다. 건설사 CEO들은 권 장관에 △분양가상한제 폐지 △보금자리주택사업 정책 보완 △다주택자 양도세 및 유주택자 청약제도 개선 △금융규제 DTI·LTV 규제 완화 △재건축부담금 완화 △아파트 수직증축 리모델링 허용 등 업계 현안에 대해 건의했다. 최삼규 건설협회장은 건설산업이 사상 유례없는 위기를 맞으면서 100대 건설사 가운데 28개사가 부도 또는 워크아웃 법정관리에 처하는 등 탈출구가 보이지 않고 있다 며 정부가 내수경기 활성화를 추진하는 만큼 침체에 빠진 건설경기 활성화를 위해 노력해 달라 고 당부했다. 권 장관은 이미 국회에 제출했거나 검토 중인 법안들을 조속히 처리할 수 있도록 힘쓰겠다 며 다만 대부분 정책이 국회 관계부처 등 협의가 필요한 만큼 충분히 검토하고 준비하겠다 고 말했다. 한편 권 장관은 이날 간담회 시작 전 모두발언을 통해 건설업계 투명성과 청렴성을 제고할 필요가 있다는 점을 강조해 눈길을 끌었다. 권 장관은 어제 15일 국회에서 국토부 직원들의 금품수수 향응접대 등 행태에 대해 질책을 받았다 며 정책 수립과정에서 업계와 접촉이 많을 수밖에 없는 국토부 직원들이 국민들의 신뢰와 사랑을 받을 수 있도록 업계 관계자들이 배려하고 충고해달라 고 말했다. 권 장관은 이어 건설업계 역시 투명성 청렴성 부문에서 다른 산업을 앞서가는 선진산업으로 발전할 필요가 있다 며 건설산업이 국제시장에서 한국을 대표하는 투명한 산업으로 거듭날 수 있도록 함께 노력하자 고 덧붙였다.,https://news.naver.com/main/read.nhn?mode=LSD&mid=shm&sid1=260&oid=008&aid=0002556379,284
261962,2011.06.16. 오전 9:48,부동산,머니투데이,장석효 전 서울시 부시장 15대 도로공사 사장 취임,머니투데이 조정현 MTN기자 제 15대 한국도로공사 사장에 장석효 전 서울시 행정2부시장이 임명돼 오늘 취임식을 갖고 업무에 들어갔습니다. 장 사장은 취임식에서 빠르고 쾌적하고 안전한 교통서비스를 위해 고속도로를 튼튼하게 건설하고 관리해 국가경제를 발전시키고 국민의 편익을 향상시키는 것이 우리에게 주어진 책무 라고 말했습니다. 또 변화에 능동적으로 대처해야 한다 며 이를 위해 재무구조를 개선해 지속적으로 부채를 줄여나가는 등 경영내실화에 만전을 기해야 한다 고 밝혔습니다. 이어서 관료적 업무행태를 타파하고 깨끗한 조직문화를 확립하겠다 고 강조했습니다. 장 사장은 경기 출신으로 1974년 서울대를 졸업하고 지난 2006년까지 31년 동안 서울시 공무원으로 일했습니다. 특히 서울시 재직 중에 도로국장과 지하철건설본부장 건설안전관리본부장같은 건설 요직을 거쳤고 청계천 복원을 진두지휘했습니다.,https://news.naver.com/main/read.nhn?mode=LSD&mid=shm&sid1=260&oid=008&aid=0002556375,284
261963,2011.06.16. 오전 9:44,부동산,머니투데이,동북아타워 24일 공사재개…송도 사업 정상궤도,머니투데이 김창익 기자 게일 대우건설에 시공비 960억 지급...38 64층 호텔에서 오피스텔로 용도 변경 ↑동북아트레이드타워 조감도. 인천 송도 경제자유구역 조성사업이 다시 정상궤도에 오른다. 밀린 시공비 때문에 중단됐던 동북아트레이드타워 NEATT 공사가 재개되기 때문이다. 시행사인 게일은 빌딩 상층부를 호텔에서 오피스텔로 용도를 바꿔 사업성을 높일 계획이다. 16일 관련업계에 따르면 게일은 오는 24일까지 NEATT의 시공사인 대우건설과 포스코건설에 밀린 공사비 총 1460억원을 갚기로 했다. 미지급 공사비는 대우건설이 960억원이며 포스코건설이 400억원이다. NEATT는 2008년 금융위기 후 자금조달 문제로 3년간의 시공비가 지급되지 않아 지난해 12월부터 공사가 전면 중단됐다. 공사는 현재 골조공사와 외부커튼월 공사까지 마무리된 상황이다. 대우건설은 시공비가 지급되는 대로 유치권 행사를 풀고 공사를 재개할 계획이다. 유치권이란 공사비를 못 받을 경우 시공사가 해당 건축물을 점유할 수 있는 권리로 극단적인 경우 법원에 경매 신청을 해 건축물을 처분할 수 있다. 대우건설은 유치권 행사와 함께 게일의 우리은행 계좌에 가압류를 걸어놨다. 대우건설 관계자는 게일 쪽에서 24일까지 시공비를 지급할테니 가압류를 풀겠다는 확약서를 달라는 요청이 왔다 며 공사비를 받는 대로 절차를 거쳐 남은 공사를 시작할 방침 이라고 말했다. 하지만 완공까지는 넘어야 할 산이 아직 남았다. 게일이 은행권에서 단기 자금을 조달해 당장 밀린 시공비는 갚을 수 있지만 완공될 때까지 추가로 1500억원 가량이 들어가고 단기 자금을 장기로 전환하기 위해선 3000억원 규모의 프로젝트파이낸싱 PF 대출을 받아야 하기 때문이다. 게일은 시행 파트너인 포스코건설의 지급보증을 통해 PF 대출을 받을 계획이다. NEATT의 건설 시행은 송도경제자유구역 시행사인 NSIC와 모건스탠리의 부동산펀드 MSREF 6호 가 50대 50으로 출자해 만든 ㈜NSC링키지제2차가 맡고 있다. NSIC 지분 79%를 가진 게일이 주간사다. 한편 게일은 NEATT의 상층부 용도를 호텔과 콘도에서 오피스텔로 바꾸는 방안을 추진 중이다. 경제상황을 감안할 때 호텔로는 도저히 사업성을 맞출 수 없다는 판단에서다. 인천경제자유구역청 관계자는 당초 목적이 한달 이상 장기 투숙객을 대상으로한 숙박시설이었는데 호텔과 콘도로는 사업 진행이 안돼 38 64층을 오피스텔로 용도변경을 요청해 왔다 며 조만간 승인이 날 것 이라고 말했다.,https://news.naver.com/main/read.nhn?mode=LSD&mid=shm&sid1=260&oid=008&aid=0002556369,284
261964,2011.06.16. 오전 9:42,부동산,아시아경제,극동건설 남양주시와 ‘하·폐수처리 기술개발’  MOU체결,아시아경제 배경환 기자 극동건설을 포함한 웅진컨소시엄이 남양주시와 함께 하·폐수 고도처리 기술개발에 나선다. 이를 위해 웅진컨소시엄 극동건설·웅진코웨이·웅진케미칼·그린엔텍 은 남양주시에 위치한 하수처리장을 테스트베드 Test Bed 실험 공간 로 구축하는 내용의 양해각서를 16일 체결했다. 이번 협약은 환경부가 추진하고 있는 ‘하·폐수 고도처리 기술개발’ 사업단 ‘글로벌탑 환경기술개발사업’ 참여를 위해 이뤄졌다. 웅진컨소시엄은 하루 2만t의 하·폐수 처리가 가능한 하수처리장을 테스트베드로 삼아 기술을 연구하게 된다. 하수처리장 방류수는 인근 산업단지에 재이용수로 전량 공급된다. 이억재 극동건설 상무는 “실제와 동일한 환경에서 동일한 결과 예측이 가능한 테스트베드 구축은 미래형 신기술의 사업화를 이끄는 중요한 요소”라며 “극동건설 웅진코웨이 그린엔텍 웅진케미칼 등 컨소시엄의 연구가 이뤄진다면 세계 시장에서 물산업 경쟁력이 더욱 강화될 것”이라고 밝혔다. 한편 ‘글로벌탑 환경기술개발사업’은 물산업 육성을 위해 환경부가 추진하는 국책 연구 과제다. 웅진컨소시엄이 참여하는 ‘글로벌탑 환경기술개발사업’의 ‘하·폐수 고도처리 기술개발사업’은 정부 출현금 포함 총 800억원의 사업비를 투자해 2016년 6월까지 5년간 연구가 이뤄진다.,https://news.naver.com/main/read.nhn?mode=LSD&mid=shm&sid1=260&oid=277&aid=0002623947,284
261965,2011.06.16. 오전 9:42,부동산,아시아경제,LH 남부 수단과 신수도 건설 협력 MOU 체결,아시아경제 박충훈 기자 LH 한국토지주택공사 사장 이지송 가 아프리카 신생국가의 수도 건설에 힘을 보탠다. LH는 16일 LH 본사에서 아프리카 남부수단 자치정부와 신수도 건설 협력 에 관한 양해각서 MOU 를 체결한다. 이날 협약식에는 남부수단 신수도 입지 선정 및 건설업무를 총괄하고 있는 젬마 누누 쿰바 주택 및 국토계획부 장관을 비롯한 관계자들이 참석한다. LH는 양해각서 체결을 통해 남부수단 신수도 건설에 관한 포괄적 협력관계를 구축할 예정이다. 남부수단 자치정부는 다음달 9일부터 수단공화국 Republic of Sudan 에서 분리돼 독립국가인 ‘남수단공화국 Republic of South Sudan ’ 으로 출발한다. 아프리카 대륙에서 제 54번째 전 세계에서 제 193번째 신생국가로 남부수단 정부는 현재의 수도 주바 에서 새로운 수도로 이전하기로 했다 LH는 지난 4월 수단 경제사절단의 일원으로 남부수단을 방문해 신수도 건설 기본방향에 대해 살바 키르 대통령에게 발표한 바있다. 이에 남부수단 자치정부가 LH와의 협력을 제의해 이번 양해각서를 체결하게 됐다. 이지송 사장은 LH가 지난 50여 년 간 축적한 신도시 건설기술을 제공해 남부수단 국가발전에 도움을 줄 계획 이라고 말했다.,https://news.naver.com/main/read.nhn?mode=LSD&mid=shm&sid1=260&oid=277&aid=0002623946,284
261966,2011.06.16. 오전 9:41,부동산,헤럴드POP,장석효씨 제15대 한국도로공사 신임사장 취임,한국도로공사는 제 15대 한국도로공사 사장에 장석효 64ㆍ사진 前 서울특별시 행정2부시장이 임명돼 16일 취임식을 갖고 본격적인 업무에 들어갔다고 밝혔다. 경기출신인 장 신임사장은 1974년 서울대를 졸업하고 기술고시를 통해 공직에 입문했다. 서울시 재직 중 도로국장과 지하철건설본부장 건설안전관리본부장 등 건설과 관련된 요직을 두루 거쳤고 청계천 복원사업을 진두지휘했다. 31년간의 공직생활을 거쳐 지난 2006년 서울시 제2행정부시장으로 퇴임한 바 있다. 장 사장은 이날 개최된 취임식에서 임직원들에게 “국민들과 눈높이를 맞춰야 한다”고 전제하고 “빠르고 쾌적하고 안전한 교통서비스를 위해 고속도로를 튼튼하게 건설하고 관리해 국가경제를 발전시키고 국민의 편익을 향상시키는 것이 우리에게 주어진 책무”라고 강조했다. 이어 “수입을 늘리고 지출을 줄이는 방향으로 재무구조를 개선해 지속적으로 부채를 줄여나가는 등 경영내실화에 만전을 기해야 한다”며 “이를 위해 관료적 업무행태를 타파하고 깨끗한 조직문화를 확립해 신뢰받는 기업문화를 정착시키고 글로벌 인재 양성에 노력해 도공이 세계적인 도로기업으로서 가장 앞선 기업이 되도록 하겠다”고 말했다.,https://news.naver.com/main/read.nhn?mode=LSD&mid=shm&sid1=260&oid=112&aid=0002203512,284
261967,2011.06.16. 오전 9:36,부동산,매일경제,LH 녹색기자재 공모전,LH는 녹색도시 및 친환경주택 건설 활성화를 위해 ‘LH 녹색기자재 공모전’을 개최한다고 밝혔다. 올해로 3번째로 열리는 이번 공모전은 녹색도시 및 친환경주택에 적용 가능한 기자재 가운데 에너지 효율이 높고 경제성이 뛰어난 기자재를 발굴하고자 개최되며 토목 건축 기계 전기 uf09e통신 조경의 5개 공종으로 나뉘어서 접수를 받는다. 참가자격은 공고일 6월 10일 현재 사업자 및 공장등록이 되어있으며 생산과 제조능력을 갖춘 제조업체면 누구나 가능하고 참가신청 및 제안설명서는 7월 11일 월 부터 15일 금 까지 LH 본사 기술기준처에 제출하면 된다. 참가신청서 등 관련서식은 LH 홈페이지 hp www.lh.or.kr 에서 내려 받을 수 있다. 대상을 수상한 2개 기자재에 대해서는 상패와 함께 내년에 LH 주택단지에 시범 적용하는 혜택이 부여된다. 또한 최우수상 3점 에 300만원 우수상 5점 에 200만원의 부상과 상패가 각각 수여된다. 특히 LH는 당선작의 시범적용을 확대하여 녹색기술을 활성화 할 수 있는 기회를 부여하고 참여업체에게 동기부여를 통한 우수한 기자재를 발굴하기 위해 올해는 대상의 수를 2점으로 확대하고 최우수상도 3점으로 크게 늘릴 계획이다. LH 관계자는 “이번 공모전을 통하여 관련업체의 녹색기술개발의 동기를 부여하고 관련업체의 성장의 기회를 제공함으로서 정부의 녹색성장 정책에 부응하고 공사의 대외이미지를 제고하는데 크게 기여할 것으로 기대된다” 라고 말했다. 031 738 3708 3709 매경닷컴 연기홍기자 r start 화보 속 훤히 보이는 과감한 시스루룩 김정민 가계빚 위험 카드사태때의 2배 삼성직원들은 지금…친구와 만날때도 유흥업소는 NO 북한 미모의 女승무원 화제 서울대 부모 연봉 3800만원 이하 전액장학금 지급 장쯔이 성룡 음주 후 모습 포착 ‘좋아 죽겠다’ 포토 늑대의 유혹 무대 가득채운 멋진 출연진 r end ⓒ 매일경제 mk.co.kr 무단전재 및 재배포 금지 MBA도 모바일로 공부한다.,https://news.naver.com/main/read.nhn?mode=LSD&mid=shm&sid1=260&oid=009&aid=0002485617,284
261968,2011.06.16. 오전 9:36,부동산,머니투데이,아파트 낙찰후 기존 가구 옮겼더니 형사처벌,머니투데이 전예진 기자 알쏭달쏭부동산 명도과정에서 발생한 실수가 형사고발의 빌미로... 경매로 아파트를 낙찰받은 김진태씨 34 는 집주인이 6개월 넘도록 집을 비워주지 않자 TV와 가구를 창고에 옮겨놓았다. 수차례 기존 소유자와 연락을 시도했지만 사업부도로 도피 중인 상태였기 때문이다. 이런 특수상황에도 김씨는 벌금 100만원을 물게 됐다. 경매 낙찰자의 무지와 부주의에서 비롯된 과실이 범죄로 간주될 수 있어 주의가 요구된다. 부동산을 넘겨받는 명도과정에서 반드시 법적절차를 밟아야 하고 부득이한 경우 이유를 설명할 증거를 남겨야 한다는 게 경매전문가의 조언이다. 일단 부동산을 경매로 낙찰받으면 낙찰자는 잔금납부와 동시에 법원에 인도명령을 신청해야 한다. 집주인의 도주 도피 등으로 인도명령 결정문이 송달되지 않으면 특별송달을 신청한 후 강제집행을 해야 한다. 강제집행시에는 보증인 2명이 필요하며 집행관의 허락 아래 점유자를 퇴거시킬 수 있다. 점유자의 물건은 지정된 창고에 보관하는데 이 과정에서 발생하는 운반비 보관료 등은 법원에 신청하면 된다. 낙찰자는 법원의 결정문에 따라 점유자의 물건을 경매해 집행비용에 충당하고 나머지는 기존 소유자의 명의로 공탁한다. 문제는 이 같은 절차를 밟는데 최소 6개월에서 1년이 걸리고 일정요건을 충족하지 못하면 강제집행이 불가하다는 점이다. 때문에 낙찰자가 직접 점유자의 물건을 옮기거나 처분하는 경우가 발생한다. 하지만 이는 형사처벌 대상이 될 수 있어 주의해야 한다. 낙찰자가 강제로 문을 열고 들어가면 주거침입죄와 재물손괴죄가 발생하고 물건을 분실하면 절도죄 가압류된 물건을 훼손하면 공무상 비밀표시무효죄까지 추가될 수 있기 때문이다. 최악의 경우 단순절도죄로 인정되면 6년 이하 징역 또는 1000만원 이하 벌금 주거침입죄는 3년 이하 징역 또는 500만원 벌금에 처할 수 있다. 김부철 지지옥션 경매상담위원은 실제론 벌금 70만원 이하에 그치는 경우가 많지만 집주인과 임차인에게 형사고발의 빌미를 제공할 수 있다 며 벌금과 소송비용 등으로 인한 물질적·정신적 피해를 막기 위해 낙찰자는 자신의 상황을 입증할 서류를 마련해놓아야 한다 고 말했다. 이를테면 기존 소유자의 장기부재를 증명할 단전·단수 고지서 우편물 반송장 등을 보관하고 부득이하게 집에 들어갈 경우 부동산 중개업자나 열쇠업자 인근 주민을 대동하는 방법이 있다.,https://news.naver.com/main/read.nhn?mode=LSD&mid=shm&sid1=260&oid=008&aid=0002556363,284
261969,2011.06.16. 오전 9:33,부동산,연합뉴스,홍콩 낡은 임대아파트 화재..4명 사망,임산부 포함 일가족 3명 희생..19명 부상 홍콩 연합뉴스 정재용 특파원 지은지 54년이나 되는 홍콩의 낡은 임대 아파트 건물에서 불이나 주민 4명이 숨지고 19명이 부상했다. 15일 오전 3시께 홍콩 신계 훙함지역 마타우와이로드 馬頭圍道 에 위치한 8층 짜리 낡은 임대 아파트 건물에서 불이나 4명이 숨지고 19명이 화상을 입었으나 사망자가 더 늘어날 수도 있다고 명보 明報 문회보 文匯報 등 현지신문들이 16일 보도했다. 사망자 4명 가운데는 임산부 황 黃.37 씨와 한 살 여섯살 짜리 두 아들이 포함돼 있다. 황 씨의 남편 55 도 중상을 입고 병원에 입원 중이다. 나머지 희생자 1명은 18세 소녀다. 불이 나자 홍콩 소방당국은 17대의 소방차와 100여명의 소방대원을 투입해 화재 진압에 나서 2시간 30분 만에 불길을 잡았다. 건축 54년이 된 이 임대 아파트 건물에는 비상구와 탈출 통로가 제대로 갖춰져 있지 않아 희생자가 늘어났다고 현지 신문들은 전했다. 당초 이 아파트는 안전하게 설계됐으나 작은 방을 추가로 확보하기 위해 개조과정을 거치면서 화재에 취약한 구조로 바뀐 것으로 알려졌다. 8층짜리 작은 임대 아파트에는 무려 저소득층의 40여 가구 주민들이 사는 것으로 알려졌다. 세계에서 주택 임대료가 가장 비싼 홍콩에서는 아파트 한 채를 여러 개로 쪼개 임대하는 경우가 흔하다. 홍콩의 신문들은 낡은 아파트에서 발생한 화재 참사를 일제히 1면 톱으로 보도하면서 홍콩의 열악한 주거환경 문제를 지적했다.,https://news.naver.com/main/read.nhn?mode=LSD&mid=shm&sid1=260&oid=001&aid=0005115477,284
261970,2011.06.16. 오전 9:33,부동산,매일경제,김포 한강신도시 7년만에 집들이…연내 7943가구 입주,김포 한강신도시가 7년여의 사업 끝에 17일부터 입주가 시작된다. 우남퍼스트빌 1202가구로 부터 시작해 연말까지 7934가구가 입주할 예정이다. 국토해양부에 따르면 김포 한강신도시는 전체 아파트 가구수가 총 5만800가구에 달하며 연말까지 7934가구 내년에는 8921가구가 입주할 예정이다. 2013년도 이후에는 3만3945가구 입주예정이다. 지난 2004년 8월 수도권주택난 해소 서북부지역 거점도시 조성을 목적으로 시작된 김포한강신도시 조성사업이 7년여의 사업 끝에 오는 17일부터 본격적인 입주가 진행되는 셈이다. 한국토지주택공사 LH 와 김포시는 올림픽대로 행주대교에서 한강신도시를 잇는 6차선의 김포한강로를 7월초부터 임시개통 할 예정이다. 총 길이 16km로 내년 12월 준공예정인 김포한강로의 임시개통으로 입주민들의 출.퇴근 시간이 대폭 짧아지고 김포지역 발전의 장애로 여겨졌던 교통난 해소에도 기여할 것으로 보인다. 이어서 7월에는 광교신도시 첫입주도 시작되며 판교 파주 등 6개 신도시에서 연말까지 총 2만4000여 가구의 입주가 순차적으로 진행된다. 광교 6349가구 판교 980가구 파주 3640가구 아산 3206가구 등이다. 국토부 관계자는 하반기 입주가 차질 없이 진행돼 주택시장 안정에 도움이 되도록 하는 한편 신도시 입주민에게 불편이 없도록 기반시설의 적기설치 등을 지속 점검해 나갈 계획 이라고 말했다. 이지용 기자 r start 화보 속 훤히 보이는 과감한 시스루룩 김정민 가계빚 위험 카드사태때의 2배 삼성직원들은 지금…친구와 만날때도 유흥업소는 NO 북한 미모의 女승무원 화제 서울대 부모 연봉 3800만원 이하 전액장학금 지급 장쯔이 성룡 음주 후 모습 포착 ‘좋아 죽겠다’ 포토 늑대의 유혹 무대 가득채운 멋진 출연진 r end ⓒ 매일경제 mk.co.kr 무단전재 및 재배포 금지 MBA도 모바일로 공부한다.,https://news.naver.com/main/read.nhn?mode=LSD&mid=shm&sid1=260&oid=009&aid=0002485611,284
261971,2011.06.16. 오전 9:28,부동산,아시아경제,권도엽 장관 “건설경기 연착륙에 힘쓰겠다”,아시아경제 진희정 기자 권도엽 국토해양부 장관은 16일 최근 내수경기 위축 및 부동산 경기 침체 등으로 인한 건설업계의 위기와 관련해 건설경기가 연착륙 될 수 있도록 정부차원에서 노력하겠다고 밝혔다. 권장관은 이날 서울 강남구 논현동 임피리얼팰리스 호텔에서 가진 건설업계와의 조찬간담회에서 정부의 SOC투자에 대한 비중도 줄어들고 주택시장에 회복에 대한 기대도 어려운 상황에 있다 며 빠른 시일 안에 건설업이 건전성을 갖도록 하는데 노력하겠다 고 말했다. 이어 바로 되지 않는 부분도 있기 때문에 업계와의 만남을 지속적으로 갖겠다“고 말했다. 이날 간담회에서 건설사 대표들은 부동산 시장 활성화 등을 위한 다양한 제언을 정부측에 내놓았다. 국토부에 따르면 이날 간담회에서 건설업체들은 보금자리주택 공급계획의 탄력적 운영 도시정비활성화 재건축부담금 폐지 등 도시정비사업 활성화 퇴출업체 최소화 등 건설금융시장 안정화 지원 5년 임대주택용지 공급 확대 등 민간임대주택 공급 활성화 등을 요구했다. 또 SOC 민간투자사업 활성화 정부 차원의 신규사업 추진 최저가낙찰제 확대시행 유보 등을 정부에 건의한 것으로 알려졌다. 이에 대해 권장관은 지금의 상황에서 분양가상한제는 폐지돼야 하기에 조속한 시일안에 처리될 수 있도록 노력하겠다 고 말했다. 이날 간담회에는 최삼규 대한건설협회장 김종인 한국주택협회장 겸 대림산업 부회장 김충재 대한주택건설협회장 등 각 건설 관련 단체장을 비롯해 현대건설 GS건설 대우건설 포스코건설 SK건설 롯데건설 경남기업 계룡건설 풍림산업 삼부토건 모아종합건설 삼일기업공사 정아산업 경림건설 삼계건설 등 17개 건설사 대표와 국토해양부 관계자들이 대거 참석했다.,https://news.naver.com/main/read.nhn?mode=LSD&mid=shm&sid1=260&oid=277&aid=0002623931,284
261972,2011.06.16. 오전 9:27,부동산,아시아경제,한신공영 18억불 규모 베트남 꽝짝화력발전소 EPC공사 참여,정영택 한신공영 부사장 좌측 세 번째 이 지난 15일 서울 잠실 롯데호텔에서 꽝짝화력발전소의 EPC 공사에 참여하기로 하는 계약을 체결한 후 우기훈 코트라사업본부장 좌측 두 번째 응우엔 슈암 송 좌측 네 번째 PVN 부사장 등과 함께 기념촬영하고 있는 모습. 아시아경제 문소정 기자 한신공영은 지난 15일 서울 잠실 롯데호텔에서 페트로베트남 그룹 이하 PVN Petro Vietnam National Oil and Gas Group 이 추진 중인 꽝짝화력발전소에 EPC 설계·구매·시공 일괄 수행 공사에 참여키로 하는 계약을 체결했다고 밝혔다. 이번 프로젝트는 베트남 중부 꽝빈성에 1200메가와트 MW 규모의 꽝짝화력발전소를 건설하는 사업으로 총 투자비 18억불 EPC 계약금액 13억불에 달한다. 한신공영은 PVN의 건설자회사인 페트로베트남 건설 이하 PVC Petro Vietnam Construction Joint Stock Corporation 과 컨소시엄 형태로 참여한다. 현재 한신공영은 PVN PVC과 동남아권의 건설 프로젝트 수주와 개발사업 등을 공동으로 추진하는 협력계약을 체결하고 전력적 협력관계를 유지해 오고 있으며 이를 강화하기 위해 PVN이 보유하고 있는 PVC 주식 10%를 매입할 계획이다. 한신공영 관계자는 베트남 GDP의 약 18%를 점유하는 최대 공기업으로 석유 가스 발전 및 산업시설을 관장하고 있는 PVN과의 전략적 제휴를 통해 PVN에서 발주되는 제반 건설관련 프로젝트 사업 참여 우선권 및 시공권을 확보할 수 있을 것으로 예상한다 고 전했다.,https://news.naver.com/main/read.nhn?mode=LSD&mid=shm&sid1=260&oid=277&aid=0002623928,284
261973,2011.06.16. 오전 9:26,부동산,한국경제TV,장석효 전 서울시 부시장 한국도로공사 사장 취임,한국경제TV가 선 보도한대로 제15대 한국도로공사 사장에 장석효 전 서울시 부시장이 임명됐습니다. 장 신임 사장은 경기출신으로 1974년 서울대 졸업후 기술고시를 통해 공직에 입문했고 지난 2006년 서울시 제2행정부시장으로 퇴임할 때까지 31년간 서울시 공무원으로 일했습니다. 서울시 재직 중 도로국장과 지하철건설본부장을 거치고 청계천 복원을 지휘 하는 등 관련분야에 전문 지식과 다양한 경험을 갖고 있다는 평가를 받고 있습니다.,https://news.naver.com/main/read.nhn?mode=LSD&mid=shm&sid1=260&oid=004&aid=0002082421,284
261974,2011.06.16. 오전 9:26,부동산,이데일리,은평구 갈현동에 아파트 3925가구 건립,이데일리 이지현 기자 서울 은평구 갈현동 일대가 재개발사업을 통해 3925가구의 대단지아파트가 들어선다. 서울시는 지난 15일 도시계획위원회에서 은평구 갈현동 300번지 일대를 3925가구로 재개발하는 내용의 갈현제1주택재개발 정비구역 지정안 을 통과시켰다고 16일 밝혔다. 갈현1구역에는 용적률 225%가 적용돼 지상 4 21층 규모의 아파트단지가 조성된다. 전용면적별로는 85㎡이하가 3544가구 85㎡초과가 390가구 등으로 중소형면적 비중이 90%를 차지하고 있다. 한편 도시계획위원회에선 성북구 보문동6가 207번지 보문제3주택재개발 정비구역 변경지정안 도 통과됐다. 보문3구역은 용적률이 220%에서 236%로 완화됨에 따라 가구수도 기존보다 99가구 늘어난 1028가구가 공급될 예정이다. 전용면적별로는 60㎡이하 387가구 60초과 85㎡이하 515가구 85㎡초과 126가구 등이다.,https://news.naver.com/main/read.nhn?mode=LSD&mid=shm&sid1=260&oid=018&aid=0002453298,284
261975,2011.06.16. 오전 9:22,부동산,연합뉴스,권도엽 장관 분양가 상한제 폐지 노력하겠다,국토부장관 건설사대표 간담회 서울 연합뉴스 한상균 기자 권도엽 국토해양부 장관이 16일 오전 서울 임페리얼팰리스호텔에서 건설사 대표들과 조찬 간담회를 하고 있다. 2011.6.16 xyz yna.co.kr 국토부 건설업계 간담회 개최 서울 연합뉴스 서미숙 기자 국회에 제출돼 있는 분양가 상한제 보금자리주택 민간참여 확대를 위한 법률안이 국회에 제출돼 있다. 법안이 처리되도록 최대한 노력하겠다. 권도엽 국토해양부 장관은 16일 서울 강남구 논현동 임피리얼팰리스 호텔에서 열린 국토부 건설업계 간담회에서 분양가 상한제는 현재 시장에서 각종 부작용이 많아 폐지가 바람직하다고 본다 며 이 같이 밝혔다. 권 장관은 건설 주택 모두 당분간 기대만큼 시장이 회복되기는 어려울 것으로 본다 며 건설사들이 해외 건설과 민자사업 활성화를 통해 활로를 모색할 수 있도록 지원하겠다 고 말했다. 이날 장관과의 첫 상견례 겸 간담회 자리에 모인 건설사 대표들은 주택ㆍ부동산 및 건설경기 활성화를 위해 다양한 의견을 개진했다. 최삼규 대한건설협회 회장은 건설산업이 사상 유례없는 위기를 맞으면서 100대 건설사중 28개사 부도 또는 워크아웃 법정관리에 처하는 등 탈출구가 보이지 않고 있다 며 정부에서도 내수경기 활성화를 추진하는 만큼 침체에 빠진 건설경기 활성화를 위해 노력해달라 고 당부했다. 건설사들은 주택ㆍ부동산 경기 활성화를 위해 분양가 상한제 폐지 재건축 초과이익 환수 부담금 완화 또는 폐지 총부채상환비율 DTI 규제 폐지 등을 건의했다. 다주택자 매입임대사업자 가 거주ㆍ보유하는 1주택에 대해 양도세를 비과세해줄 것과 노후 공동주택의 리모델링시 증축방법을 다양화해주면서 가구수 증가를 허용해줄 것도 제안했다. 업계는 또 보금자리주택 150만가구의 공급계획을 탄력적 운영하고 민간에게 공급하는 택지 현행 25% 를 40%까지 확대하며 보금자리지구내 전용면적 60 85㎡ 이하는 민간이 짓도록 해달라고 요구했다. 건설경기 활성화를 위해서는 추경예산을 편성해 SOC예산을 추가 확보하고 4대강 지류ㆍ지천 정비사업 종합계획을 조속히 확정해 연내 발주해달라고 주문했다. 공모형 프로젝트 파이낸싱 PF 사업협약조건 변경 허용 최저가 낙찰제 확대 시행 철회 중소건설사 시공물량 지원 등도 건의됐다. 권 장관은 건설업계의 건의를 바탕으로 관계부처 협의 등을 거쳐 정책에 반영하도록 할 것 이라며 건설경기가 빠른 시일내 연착륙하고 건전한 궤도로 정착할 수 있도록 지원하겠다 고 말했다. 한편 권 장관은 이날 인사말에서 국토부 공무원들이 지난 3월 하천협회 주최 연찬회에서 술 접대를 받는 등 부적절한 행동을 한 사실을 언급해 눈길을 끌었다. 어제 국회에서 이번 일로 따가운 질책을 받았다 고 운을 뗀 권 장관은 국토부 직원들은 정책적 측면에서 업계 분들과 자주 접할 수밖에 없다. 국토부가 새롭게 거듭나 국민의 사랑을 받을 수 있도록 업계에서도 배려하고 충고해달라 고 당부했다. 그는 또 선진사회로 가려면 투명성 도덕성 윤리ㆍ공정성이 뒷받침돼야 하는데 국제기준과 비교하면 정부보다 민간이 더 뒤쳐진다 며 건설산업이 모든 면에서 앞서가도록 건설업계도 함께 노력해야 한다 고 덧붙였다.,https://news.naver.com/main/read.nhn?mode=LSD&mid=shm&sid1=260&oid=001&aid=0005115443,284
261976,2011.06.16. 오전 9:18,부동산,이데일리,권도엽 장관 건설경기 연착륙 노력하겠다,이데일리 박철응 기자 권도엽 국토해양부 장관은 16일 정부가 최대한 노력해서 건설경기가 연착륙되도록 하겠다 면서 분양가상한제는 부작용이 크므로 폐지돼야 한다 고 말했다. 또 최근 불거진 국토부 직원들의 비리와 관련해서는 국토부 직원들이 새롭게 거듭나서 국민들의 신뢰와 사랑을 받을 수 있도록 많은 충고를 해달라 며 선진사회로 이행하기 위해서는 도덕성과 윤리성 등의 문제를 완전히 극복해야 한다 고 강조했다. 권 장관은 이날 취임 후 처음으로 건설업계 대표들과 만나 이같이 밝혔다. 이 자리에는 최삼규 대한건설협회장 김충재 대한주택건설협회장 김종인 한국주택협회장 직무대행과 주요 건설회사 대표이사 등 25명이 참석했다. 권 장관은 건설경기와 관련 해외건설은 상황이 낫지만 내수 시장은 어렵다 면서 투자와 수주 모두 어렵고 전체적으로 정부의 SOC 투자 비중이 늘어나는 것이 어렵다 고 언급했다. 권 장관은 선진사회로 이행하기 위해서는 도덕성과 윤리성 등의 문제를 완전히 극복해야 한다 면서 건설업계도 빠른 시간 내에 어떤 산업보다 앞서가도록 투명성과 공정성을 확보할 수 있도록 하자 고 말했다. 이날 건설업계는 분양가상한제 폐지 법안의 이달 국회 처리와 보금자리주택 공급 의 탄력적 운용 재건축 부담금 폐지 퇴출업체 최소화 등을 건의했다. 또 지난 3월 총부채상환비율 DTI 자율적용 종료 이후 주택거래가 다시 위축됐다며 DTI 규제 폐지와 주택담보비율 LTV 기준을 금융권이 자율결정할 수 있도록 해달라고 요청했다. 다주택자에 대한 양도소득세 중과제 폐지와 함께 장기보유특별공제 허용도 건의했고 5년 임대주택 용지 공급 확대와 SOC 예산 증액 및 4대강 지류·지천 정비사업의 조속한 추진 등을 강조했다.,https://news.naver.com/main/read.nhn?mode=LSD&mid=shm&sid1=260&oid=018&aid=0002453292,284
261977,2011.06.16. 오전 9:15,부동산,세계일보,“이번에도 놓치시겠습니까 유영수 원장의 경매 도서”,세계닷컴 ◇ 나는 경매로 월세 2천만원 받는다 저자 유영수 아경북스 “요즘 전세가 너무 올라서 걱정이에요” “올해 집을 사는 게 좋을까요 ” 곧 전세기간이 만료되는 L씨 37 는 이번 기회에 집을 사는 게 좋을지 고민이다. 주변 사람들이나 부동산 전문가들에게 조언도 구해보지만 돌아오는 답은 모두 제각각이다. 하지만 분명한 것은 최근의 부동산시장은 과거와는 다른 양상을 보이고 있으며 부동산시장에 접근할 때는 결단력과 실행력이 가장 중요하다는 것이다. 여기 결단력과 실행력을 바탕으로 성공한 부동산 부자가 되도록 도와줄 도서 한 권을 소개한다. 부동산 경매의 달인 유영수 원장이 공개하는 ‘필살기’ 월급쟁이들에게 내집마련은 아직도 큰 과제다. 하지만 월급만으로는 내집마련은커녕 노후 준비조차 힘든 게 요즘의 현실이다. 이 같은 현실을 뛰어넘을 수 있는 투자 대안으로 떠오른 것이 바로 부동산 경매다. 하지만 저자인 서울부동산칼리지 cafe.daum.net seoulauctioncollege 유영수 원장은 “실상 경매 시장은 대박과 쪽박이 공존하는 전쟁터인 만큼 철저한 준비가 필요하다”고 조언한다. 이 책은 실전 경매의 모든 과정을 순차적으로 파노라마처럼 보여준다. 저자는 물건 찾기 현장 조사 인도와 명도 리모델링 매매 및 수익 실현에 이르기까지 자신의 노하우를 고스란히 전해준다. 경매가 대중화된 요즘은 하자 없는 물건을 싼 가격으로 낙찰 받기는 거의 힘든 일이 되어 버렸다. 주거용 부동산은 낙찰 받기가 거의 불가능할 정도로 경쟁도 치열하고 낙찰가도 매우 높은 편이다. 그렇다면 경매 투자로 고수익을 창출할 수 있는 방법은 무엇일까 저자인 유 원장은 △ 경매 물건의 하자를 어떻게 해결하여 수익을 올리는지 △ 허위 유치권은 어떻게 밝혀내는지 △ 어떤 방법으로 부동산을 개조해서 비싼 상품으로 업그레이드시키는지 등을 각종 부동산별로 예를 들어 이야기 형식으로 쉽고 자세히 풀어 설명하고 있다. 또한 소액으로 경매에 도전해 높은 수익률을 올리는 방법까지 소개 각자의 형편에 맞는 물건을 선택해 경매에 도전할 수 있도록 했다. 김현주 기자 egg0love segye.com Segye.com 인기뉴스 주한미군 훈련 도중 시민들에게 총 겨눠 대학생 두번 울리는 사립대 기숙사비 파렴치 교장 형편 어려운 여제자 성추행 파문 K Pop 성공신화 이면엔 노예계약의 그림자가… 총기 방치했다 부사관 대검으로 병사 찔러 ⓒ 세계일보 Segye.com 무단 전재 및 재배포 금지 금융전문뉴스 세계파이낸스 모바일로 만나는 세계닷컴 세계닷컴은 한국온라인신문협회 www.kona.or.kr 의 디지털뉴스이용규칙에 따른 저작권을 행사합니다.,https://news.naver.com/main/read.nhn?mode=LSD&mid=shm&sid1=260&oid=022&aid=0002275739,284
261978,2011.06.16. 오전 9:12,부동산,서울경제,김포 한강신도시 17일 아파트 첫 입주,우남 퍼스트빌 1 202가구..연내 7 900가구 입주 김포 한강신도시에서 처음으로 아파트 입주가 시작된다. 신도시 조성을 시작한 지 7년만이다. 국토해양부는 김포 한강신도시에서 우남 퍼스트빌 아파트 1 202가구가 이달 17일부터 입주를 시작한다고 16일 밝혔다. 김포 한강신도시는 수도권 주택난 해소를 위해 지난 2004년 8월 택지개발예정지구로 지정됐으며 아파트 5만800가구가 조성된다. 국토부에 따르면 이달 우남건설을 시작으로 올해 말까지 7 934가구의 입주가 시작되고 오는 2012년까지 8 921가구가 준공될 예정이다. 나머지 3만3 945가구는 2013년 이후 순차적으로 입주한다. 하지만 한강신도시의 공동주택용지 58개 가운데 20개가 해약된 상태고 땅을 분양 받은 건설사의 일부는 사업성 등을 이유로 분양을 미루고 있어 준공 일정도 늦어질 전망이다. LH와 김포시는 아파트 입주를 계기로 올림픽대로 행주대교에서 한강신도시를 잇는 6차선 김포한강로를 다음달 초부터 임시 개통할 예정이다. 국토부 관계자는“7월에는 광교신도시에서 아파트 입주가 시작되고 판교 파주 등 6개 신도시에서 연말까지 2만4 000여가구의 입주가 진행된다”며 “전월세난 해소에 도움이 될 것으로 전망된다”고 말했다.,https://news.naver.com/main/read.nhn?mode=LSD&mid=shm&sid1=260&oid=011&aid=0002160312,284
261979,2011.06.16. 오전 9:09,부동산,세계일보,포니정재단으로 나눔경영 현대산업개발 정몽규 회장,제5회 ‘포니정 혁신상’ 수상자 장하준 교수 선정 장학사업과 더불어 국내 최초로 사학분야에 대한 학술지원사업 시행하기도 세계닷컴 현대산업개발 정몽규 회장은 제 5회 포니정 혁신상 수상자로 장하준 케임브리지대학 교수를 선정했다. 지난 2006년에 제정한 포니정 혁신상은 현대자동차의 설립자인 故 정세영 현대산업개발 명예회장의 애칭인 ‘포니정’을 따라 제정한 상으로 정치·경제·사회·문화 전반에 걸쳐 혁신적인 사고로 세계적 차원의 긍정적인 변화를 일으키는 데 남다르게 공헌한 개인이나 단체를 대상으로 시행하고 있다. 지난 2007년 반기문 UN사무총장을 시작으로 서남표 카이스트 총장 가나안농군운동 세계본부 차인표 신애라 부부 등이 선정된 바 있으며 특히 포니정혁신상의 수상자들은 상금을 기부하며 포니정혁신상 수상의 의의를 더하고 있다. 지난 2005년 11월 정세영 명예회장의 업적과 공로를 기리기 위해 포니 정 재단을 설립한 바 있는 정몽규 회장은 포니정 혁신상과 더불어 국내 장학사업 및 해외 장학사업 인문학 분야에 대한 학술지원사업 등 나눔경영을 이어가고 있다. 올해로 6년째를 맞이하는 장학사업도 해를 거듭하며 강화되고 있다. 정몽규 회장은 지난해 포니정 장학생을 20% 늘린 바 있으며 기존 장학생들 중에서 우수한 학생에 대해서는 장학금 지급을 연장하고 있다. 아울러 정몽규 회장은 국내와 더불어 해외 장학사업도 함께 진행해 매년 베트남의 대학생들을 지원하고 있다. 정몽규 회장은 지난해 베트남 포니정장학증서 전달식에서 인사말을 통해 “꿈과 열정 그리고 미래에 대한 도전정신을 가지고 더욱 노력하여 베트남을 이끌어 나갈 훌륭한 인재가 되길 바란다”며 “교육에 대한 열정과 헌신을 갖고 있는 베트남이 한국과 같이 발전해나갈 것을 기대한다”고 밝힌 바 있다. 이와 더불어 정몽규 회장은 2008년부터는 국내 최초로 사학분야에 대한 학술지원사업도 실시하고 있다. 포니정재단은 사학분야에서 매년 2개의 연구주제를 선정해 지원하고 있으며 지난해에는 고려대학교 사학과 민경현 조명철 교수의 ‘러일전쟁 시기 한국을 둘러싼 국제관계’와 서울대학교 동양사학과 구범진 교수의 ‘조선과 명·청의 외교문서 독법 讀法 연구’ 등의 연구를 선정해 지원하고 있다. ↑ 제5회 포니정혁신상 수상자 장하준 교수 한편 제 5회 포니정 혁신상 시상식은 오는 7월 8일 서울 강남구 삼성동 현대산업개발 사옥 내의 포니정홀에서 개최될 예정으로 상금 1억원 전액은 장하준 교수의 의견을 반영해 한국이주인권센터 복지국가소사이어티 투기자본감시센터 등에 나누어 기부될 예정이다. 미디어팀 media segye.com Segye.com 인기뉴스 주한미군 훈련 도중 시민들에게 총 겨눠 대학생 두번 울리는 사립대 기숙사비 파렴치 교장 형편 어려운 여제자 성추행 파문 K Pop 성공신화 이면엔 노예계약의 그림자가… 총기 방치했다 부사관 대검으로 병사 찔러 ⓒ 세계일보 Segye.com 무단 전재 및 재배포 금지 금융전문뉴스 세계파이낸스 모바일로 만나는 세계닷컴 세계닷컴은 한국온라인신문협회 www.kona.or.kr 의 디지털뉴스이용규칙에 따른 저작권을 행사합니다.,https://news.naver.com/main/read.nhn?mode=LSD&mid=shm&sid1=260&oid=022&aid=0002275736,284
261980,2011.06.16. 오전 9:07,부동산,아시아경제,세종시 첫마을 상가 분양설명회 연다,세종시 첫마을 아파트 조감도. A 1 A 2블록에 1단계 단지 내 상가가 있다. 아시아경제 이영철 기자 세종시 첫마을 1단계 아파트 내 상가 분양설명회가 16일 오후 2시 행복도시건설청 대강당서 열린다. 공급 대상 상가는 23호. A1블록이 11호 분양면적 91.7 163.7㎡ A2블록이 12호 〃 129.5 290.3㎡ 다. 공급 예정 가격은 호별 분양면적 기준 3.3㎡당 684만원에서 1072만원이며 입찰신청 참가자격 제한은 없다. 설명회에선 세종시 추진현황과 미래비전 정부기관 이주일정 상가 상권 비교 분석 사업여건 분석 블록별 상가 이용특성 분석 내용 등이 자세히 소개된다. 분양되는 상가는 15m 도로를 사이에 두고 중심상업용지와 마주보고 있고 1층으로 연이어 늘어선 로드숍 형태인 만큼 유동인구까지 흡수 가능한 환경이다. 첫마을 1단계 아파트 주민들이 대중교통을 이용하기 위해선 꼭 지나쳐야 하는 곳으로 7000여가구 주민들을 감안하면 미래 수익성과 안정성을 동시에 기대할 수 있다. 이밖에 A1블록 맞은편에는 국세청과 소방방재청 우정사업본부 직원 2000여 명이 오는 2014년까지 입주할 예정으로 또 다른 수요 창출을 기대하게 한다. 한국토지주택공사 LH 는 이날 오전 10시부터 오후 4시까지 첫마을 1단계 내 상가현장을 개방해 수요자들의 의사결정에 도움을 줄 계획이다. 입찰 신청은 오는 21일 오전 10시부터 22일 오후 4시까지 이틀간 LH 홈페이지 www.lh.or.kr 분양임대청약시스템 를 통한 인터넷으로만 가능하며 1인 1호 또는 2호 이상 입찰 및 2인 이상 1호 공동입찰도 가능하다. 이어 22일 오후 5시 개찰 1차에서 유찰시 23일 2차 입찰신청 28 30일까지 사흘간 계약체결 순으로 진행된다.,https://news.naver.com/main/read.nhn?mode=LSD&mid=shm&sid1=260&oid=277&aid=0002623904,284
261981,2011.06.16. 오전 9:03,부동산,아시아경제,장석효 전 서울시 부시장 한국도로공사 사장 임명,한국도로공사 장석효 사장 아시아경제 황준호 기자 한국도로공사 15대 사장으로 전 서울시 부시장이었던 장석효씨가 임명돼 16일 취임식을 갖고 본격적인 업무에 들어갔다. 장 사장은 경기 출신으로 1974년 서울대를 졸업하고 기술고시를 통해 공직에 입문했다. 2006년 서울시 제2행정부시장으로 퇴임할 때까지 약 31년 간 서울시 공무원으로 일했다. 특히 서울시 재직 중 도로국장과 지하철건설본부장 건설안전관리본부장 등 건설과 관련된 요직을 두루 거쳤다. 이어 청계천 복원을 진두지휘 하는 등 관련분야에 전문 지식과 풍부한 경험을 갖고 있다. 장 사장은 취임식에서 임직원들에게 국민들과 눈높이를 맞춰야 한다 며 고속도로를 튼튼하게 건설하고 관리해 국가경제를 발전시키고 국민의 편익을 향상시키는 것이 우리에게 주어진 책무 라고 강조했다. 이어 변화의 바람은 여전히 거세다 며 변화에 능동적으로 대처해 감동을 주는 기업으로 거듭나지 않고는 생존 자체가 불가능한 시대 라고 말했다. 이를 위해 수입을 늘리고 지출을 줄이는 방향으로 재무구조를 개선해 지속적으로 부채를 줄여나가는 등 경영내실화에 만전을 기해야 한다 고 밝혔다. 또한 깨끗한 조직문화를 확립해 신뢰받는 기업문화를 정착시키고 글로벌 인재 양성에 노력해 도공이 세계적인 도로기업으로서 가장 앞선 기업이 되도록 하겠다 고 다짐했다.,https://news.naver.com/main/read.nhn?mode=LSD&mid=shm&sid1=260&oid=277&aid=0002623900,284
261982,2011.06.16. 오전 8:51,부동산,한국경제TV,서울 갈현동 아파트 3천934가구 건립,서울시는 도시계획위원회를 열고 은평구 갈현동 300번지 일대에 최고 21층 높이의 아파트 3천934가구를 짓는 계획안을 의결했습니다. 이 중 전용면적 60㎡ 이하 670가구를 비롯해 85㎡ 이하 중소형 주택이 총 3천544가구로 전체의 90%에 달합니다. 은평뉴타운 입구 근처인 사업지는 주변에 신도초등학교와 천일아파트 건영아파트 등이 있는 주택가입니다. 위원회는 은평구 신사동 19 190번지 일대 재건축 정비구역이 법적 상한 용적률을 245%로 완화하는 안건도 통과시켰습니다. 또 성북구 보문동 6가 207번지 일대 보문제3주택재개발 정비구역의 용적률을 236%로 완화하고 소형주택 387가구를 짓도록 했습니다.,https://news.naver.com/main/read.nhn?mode=LSD&mid=shm&sid1=260&oid=004&aid=0002082401,284
261983,2011.06.16. 오전 8:45,부동산,아시아경제,권 국토장관 건설업 어떤 분야보다 투명하게 만들겠다,권도엽 국토해양부 장관. 아시아경제 진희정 기자 권도엽 장관이 취임 이후 처음으로 가진 건설업계 대표들과의 간담회에서 국토해양부 직원들의 비리와 관련 투명성과 도덕성 윤리성 공정성 을 강조했다. 권도엽 국토해양부 장관은 16일 서울 강남구 논현동 임피리얼팰리스 호텔에서 가진 건설업계와의 조찬간담회의 인사말에서 국회에서 국토해양부 직원들 비리에 대한 질타를 받았다 며 업계와 국토부 직원들의 경우 정책선상에서 접촉이 많기 때문에 국토부 직원들이 새롭게 거듭나 국민들의 신뢰와 사랑을 받을 수 있도록 많은 배려와 충고를 부탁한다 고 말했다. 이어 우리나라가 선진사회로 이행하기 위해서는 여러 가지 표출된 문제를 해결해야 하는데 투명성과 도덕성 윤리성 공정성 등을 통해 이러한 문제점들을 극복해야 한다 며 건설업계 역시 빠른 시간 안에 그 어떤 산업분야보다도 투명성과 공정성을 확보할 수 있도록 해야 한다 고 당부했다. 이같은 발언은 정권 후반기 국토부 수장을 맡게 된 권장관이 흐트러진 조직을 다잡는 동시에 건설업계 역시 부정부패 척결에 앞장설 수 있도록 하자는데 의미가 있다. 한편 권도엽 장관은 국토부 공무원들이 지난 3월 연찬회에서 술판을 벌이는 등 부적절한 행동을 한 사실과 관련해 해당 공무원들의 징계 수위를 재검토하라고 감사관실에 지시한 것으로 전해졌다.,https://news.naver.com/main/read.nhn?mode=LSD&mid=shm&sid1=260&oid=277&aid=0002623880,284
261984,2011.06.16. 오전 8:43,부동산,머니투데이,은평구 갈현동에 아파트 3900여가구 들어선다,머니투데이 김창익 기자 서울시 도시계획위 정비구역 지정 계획안 통과 서울 은평구 갈현동 일대에 3900여가구의 대규모 아파트 단지가 들어선다. 서울시는 지난 15일 도시계획위원회에서 은평구 갈현동 300번지 일대 23만7629㎡에 아파트 3934가구를 짓는 내용의 ‘갈현제1주택재개발 정비구역 지정’ 계획안을 통과시켰다고 16일 밝혔다. 전체 3954가구 가운데 전용면적 85㎡ 이하는 3544가구로 대부분 중소형 아파트로 구성됐다. 임대주택은 670가구로 40㎡ 이하 311가구 40㎡초과∼50㎡ 이하 275가구 50㎡초과 60㎡ 이하 84가구 등이다. 용적률은 224.90%가 적용되며 최고 21층 평균 14층 높이로 건립된다. 단지 내에는 1만1천658㎡ 규모의 녹지와 2천653㎡ 규모의 공원 공공문화체육시설 초등학교 등이 조성된다. 은평뉴타운 입구 근처인 사업지는 주변에 신도고등학교 천일아파트 건영아파트 등이 있는 주택가다. 위원회에서는 은평구 신사동 19 190번지 일대 재건축 정비구역 1만7747㎡ 의 법적 상한 용적률을 기존 221%에서 245%로 완화하는 안건도 통과됐다. 신사동고개삼거리 근처의 이 구역에는 용적률이 완화되는 대신 소형주택 25가구가 늘어난다. 위원회는 또 성북구 보문동6가 207번지 일대 보문제3주택재개발 정비구역 5만2245㎡ 의 용적률을 220%에서 236%로 완화하고 소형주택 387가구를 짓도록 했다.,https://news.naver.com/main/read.nhn?mode=LSD&mid=shm&sid1=260&oid=008&aid=0002556277,284
261985,2011.06.16. 오전 8:40,부동산,헤럴드POP,박인호의 전원별곡 전원명당11 홍천강과 북한강이 만나는 곳  ‘가·춘·홍’...신이 빚은 산수 보고 또한 즐긴다,시원하게 흘러가는 북한강과 홍천강이 하나가 되는 곳 그리고 푸르른 장락산맥 왕터산 을 배경으로 멋진 산수화를 그려내고 있는 곳. 벌써 한여름 무더위가 느껴지던 6월 중순 우리나라 북부권의 대표적인 전원벨트 중 하나인 ‘가·춘·홍’을 찾았다. ‘가·춘·홍’은 필자가 가평 경기 과 춘천·홍천 강원 의 첫 글자를 따서 만든 신조어다. 조금 억지스럽게 신조어를 만든 이유는 북한강과 홍천강 장락산맥이 어우러진 이 전원벨트가 가평·춘천·홍천 등 3개 지자체의 경계지역에 위치하고 있기 때문이다. 정확하게 말하자면 가평군 설악면 미사리와 송산리 춘천시 남면 박암리와 관천리 그리고 홍천군 서면 모곡리와 마곡리이다. 산과 물이 어우러진 이곳은 빼어난 풍광을 갖춰 전원생활 입지로 그만이다. 특히 지난 2009년 경춘고속도로 설악·강촌IC 이용 개통으로 서울 접근성이 크게 개선되면서 더욱 관심을 모으고 있다. 다만 탁월한 입지를 갖추었기에 그만큼 몸값도 꽤나 비싼 편이다. ‘가·춘·홍’ 일대 위치도 이 일대에는 이미 강변유원지와 함께 전원주택 및 주말주택 펜션들이 곳곳에 들어서있다. 봄·여름·가을이면 주말은 물론 평일에도 가족단위 캠핑족이나 등산객 강태공들의 모습을 쉽게 볼 수 있다. 그래서 외롭지 않은 곳 아름다운 산수를 그저 바라만 보는 것이 아니라 직접 즐기는 곳. ‘가·춘·홍’은 그런 곳이다. 가평군 설악면 미사리·송산리 북한강과 홍천강을 끼고 있는 미사리와 송산리는 특히 봄 낚시터로 유명하다. 미사리는 북쪽으로 홍천강이 흐르고 동쪽으로 장락산맥이 병풍처럼 둘러싸고 있다. 남서쪽에는 ‘가평1경 景 ’인 청평호가 아름다운 수변풍광을 뽐낸다. 가평군 문화관광과 담당은 “미사리라는 이름은 이 지역에 미륵불이 있어서 미사 또는 메수내로 부르던 것이 후에 미사리로 되었다고 전해진다”고 들려줬다. 자연마을로는 운담 장성배기 메수내 등이 있다. 장성배기는 마을에 장승이 있어서 붙여진 이름이다. 가평 미사리 인근 송산리는 강변 선착장 농가·밭 등이 자리한 전형적인 농촌마을이다. 송산리라는 이름역시 구전이 전해진다. 청평발전소가 건설되기 전에는 뗏목이나 나룻배를 이용해 서울과 춘천을 오가는 뱃사람들이 중간 숙소로 이곳을 이용하게 되면서 노독을 풀기위해 술을 마시고 노래를 불렀다 해 소리라 칭하다가 나중에 송산리가 되었다고 한다. 가평군은 송산리 굼치 일원에 이 지역의 역사와 문화자원을 활용한 자연생태 레저·스포츠 등을 즐길 수 있는 수변생태공원을 조성중이다. 춘천시 남면 박암리·관천리 박암리는 청평호 상류에 위치한 전형적인 농촌마을로 남쪽으로는 홍천강이 흐른다. 자연마을에는 웃말 본말 함바지 하리 등이 있다. 본말은 박암리의 중앙 벌판에 있는 마을이라 붙여진 이름으로 중리라고도 부른다. 춘천시는 홍천강을 바라보며 트레킹과 산악자전거를 즐길 수 있는 가정리 박암리 구간 임도 개설공사를 오는 9월 완공할 예정이어서 이 지역의 전원환경은 더욱 좋아진다. 박암리에는 열행 烈行 전설도 전해진다. 춘천 박암리 박암리에서 서쪽으로 더 들어가면 관천리가 나온다. 비교적 완만한 구릉성 지대로 북한강이 마을을 감싸며 흐르고 있다. 자연마을로는 관천 서낭댕이 아랫마을 등이 있다. 관천은 두 강이 합하는 어귀에 위치한다 하여 갓내울이라 불리다 변하여 붙여진 지명이다. 박암리에서는 홍천강 건너편으로 아담한 왕터산 410m 이 보인다. 이 산은 장락산에서 깃대봉과 화체봉을 거쳐 산줄기가 5㎞ 정도 뻗어 내려오다가 홍천강에서 끊어지는 끝자락에 있다. 산 이름은 옛날에 왕이 머물렀던 곳이라는 데서 유래하는데 고려 때 공민왕이 홍건적의 난을 피해 가는 도중에 이곳에 머물렀던 것으로 추정하기도 한다. 홍천군 서면 모곡리·마곡리 홍천강 하류인 모곡리에 들어서면 홍적평야로 불리는 비교적 넓은 평지가 펼쳐진다. 그래서 모곡리는 홍천 서면에서도 농업의 중심지 역할을 했다. 자연마을로 도리소 돌댐이 밤벌 보릿골 점터 등이 있다. 마을 이름에 대해 한 주민은 “도리소는 예전에 소가 있었다 하여 생긴 이름이고 돌댐이는 강물이 넘쳐 들어오지 못하게 돌로 쌓은 담이 있어 돌댐이라 부른다”고 알려줬다. 또 도리소 동북쪽에 있는 밤벌은 밤나무가 많아 붙여진 이름이란다. 밤벌유원지는 오토캠핑장으로 찾는 이들이 많다. 이쯤되면 보릿골은 보리가 잘된다 하여 생긴 지명이란 것쯤은 쉽게 감이 잡힌다. 점터 또한 예전에 옹기점이 있다 하여 이름 붙여졌다고 한다. 모곡리에는 정부가 지원하는 홍천1호 전원마을과 전원단지들이 조성되고 있다. 이곳 모곡리 문화재로는 한소 남궁억묘역이 있다. 홍천 모곡리 청평호와 합류하는 홍천강의 끝에 위치한 마곡리는 과거 내수면 어업의 중심지였다고 한다. 서쪽으로 장락산맥이 있고 동북쪽으로 홍천강이 흐른다. 자연마을로는 떼내 등이 있다. 떼내는 서북쪽 홍천강가에 있는 마을로 뗏목을 타고 오다가 이곳에서 쉬기도 하고 뗏목을 더 매기도 했다하여 붙여졌다. 마곡리는 옛날에 이곳에서 말을 먹였던 곳이라 하여 말골 또는 마곡 馬谷 이라 하였다는 유래가 전해진다.,https://news.naver.com/main/read.nhn?mode=LSD&mid=shm&sid1=260&oid=112&aid=0002203481,284
261986,2011.06.16. 오전 8:31,부동산,헤럴드POP,서울 은평구 갈현동에 3900여 가구 대규모 아파트 단지 들어서,서울 은평구 갈현동 300번지 일대에 3934가구 규모의 대규모 아파트 단지가 들어선다. 서울시는 지난 15일 도시계획위원회를 열고 은평구 갈현동 300번지 일대 23만7629㎡에 최고 21층 높이 아파트 3934가구를 짓는 내용의 ‘갈현제1주택재개발 정비구역 지정’ 계획안을 통과시켰다고 16일 밝혔다. 은평뉴타운 입구 근처인 이 사업지는 주변에 신도고등학교 천일아파트 건영아파트 등이 있는 주택가로 이 구역 23만7529㎡는 용적률 225%를 적용받아 평균 14층짜리 아파트로 재건축된다. 계획안에 따르면 전체 3954가구 가운데 전용면적 85㎡ 이하는 3544가구 85㎡ 초과는 390가구로 구성됐다. 또 임대주택은 670가구로 40㎡ 이하 311가구 40㎡초과∼50㎡ 이하 275가구 50㎡초과 60㎡ 이하 84가구 등이다. 용적률은 224.90%이며 건폐율은 26.63%가 적용된다. 단지 내에는 1만1658㎡ 규모의 녹지와 2653㎡ 규모의 공원 공공문화체육시설 초등학교 등이 조성된다. 위원회는 이어 성북구 보문동 6 207 일대 5만2245㎡에 지을 아파트를 929가구에서 1028가구를 늘리는 ‘보문제3주택재개발 정비구역 변경지정안’도 의결했다. 변경안이 통과되면서 용적률이 236%로 상향돼 전용 60㎡이하 소형주택이 88가구 추가확보됐다. 총 1028가구 가운데 면적별로 전용 85㎡이하는 902가구 85㎡초과는 126가구로 대학생 주거안정을 위한 가구분리형 부분임대 아파트도 30가구이상 공급된다. 평균층수는 16층 이하에서 16.9층으로 높아졌다. 위원회는 이밖에도 이날 은평구 신사동 19 190번지 일대 재건축 정비구역 1만7747㎡ 의 법적 상한 용적률을 기존 221%에서 245%로 완화하는 안건도 통과시켰다. 신사동고개삼거리 근처의 이 구역에는 용적률이 완화되는 대신 소형주택 25가구가 늘어난다.,https://news.naver.com/main/read.nhn?mode=LSD&mid=shm&sid1=260&oid=112&aid=0002203478,284
261987,2011.06.16. 오전 8:21,부동산,머니투데이,8백억 달러 해외건설 수주 나선다,머니투데이 조정현 MTN기자 해외건설협회는 해외 건설사업 발주기관들이 800억 달러 규모의 프로젝트 설명회를 갖는 글로벌 프로젝트 플라자 를 열었다고 밝혔습니다. 서울 잠실 롯데호텔에서 열린 이번 행사엔 30개국 67개 발주기관 관계자 100여 명과 국내 건설사와 엔지니어링 플랜트 업계 관계자 400여 명이 참석했습니다. 필리핀 로젤리오 싱슨 공공사업부장관이 직접 필리핀의 도로건설 사업을 소개했고 멕시코와 베트남의 석유공사 관계자가 대규모 석유화학 프로젝트를 발표했습니다. 크로아티아 전력청과 아르헨티나 네오껜주 투자개발진흥청은 코트라와 우리 기업의 진출을 확대하기 위한 상호협력 양해각서를 체결했습니다.,https://news.naver.com/main/read.nhn?mode=LSD&mid=shm&sid1=260&oid=008&aid=0002556266,284
261988,2011.06.16. 오전 8:16,부동산,헤럴드POP,수도권 ‘똘똘한’ 오피스텔 이삭줍기 나서볼까,수익형 임대상품 인기몰이 속 올 상반기 분양된 수도권 알짜 오피스텔은 극심한 물건 품귀현상이 빚어지고 있다. ‘될 만한’ 특정사업장에 수요자가 대거 몰리면서 높은 청약률이 높은 계약률로 이어지기 때문이다. 이에 발빠른 투자자들 사이에서 미계약 등 잔여세대 이삭줍기에 대한 관심이 크게 늘고 있다. 부동산정보업체 부동산써브가 올 상반기 수도권에서 인기리에 청약 마감된 오피스텔 사업장을 조사한 결과 수원 광교신도시와 남양주 가운동 사업장에서 일부 잔여 물량이 남아있는 것으로 확인됐다. 알짜 오피스텔 남 모르는 ‘이삭’을 주워라 경기 수원시 광교신도시 4블록에서는 대우건설이 ‘광교푸르지오시티’ 전용25 31㎡ 총 462세대 가 잔여세대 선착순 분양 중이다. 단지 바로 앞에 신분당선 연장선 역사 SB4 가 신설될 예정 2015년 으로 신도시 내에서도 교통 여건이 우수한 편이다.인근 4 2블록에서는 태영건설이 ‘데시앙루브’ 전용20 39㎡ 총 243세대 를 공급하고 있다. 명품신도시로 손꼽히는 광교는 올들어 공급된 신규분양아파트가 대부분 1순위 마감되는 등 주택시장에서 대기수요 많은 지역이다. 경기 남양주시 가운동에서는 유토파인의 ‘아인스빌’ 전용 22 54㎡ 총 147세대 잔여분이 주인을 기다리고 있다. 중앙선 도농역 인근에 위치한 오피스텔로 구리∼판교 고속화도로 서울외곽순환도로 서울∼춘천 고속도로 등 이용이 수월하다. 부동산써브 관계자는 “수요가 많은 오피스텔은 잔여세대가 많지 않기 때문에 미계약 세대 중에서도 동ㆍ향ㆍ층 등이 좋은 물건을 구하려면 건설업체에 꾸준히 연락하는 등 관심을 갖는 것이 좋다”고 말했다. 인기 오피스텔 잔여세대가 모두 소진 계약 됐다면 대기자 명단에 이름을 올려놓는 것도 투자비법이다. 경기 성남시 삼평동에서 공급된 ‘판교역 KCC웰츠타워’ 전용 33 84㎡ 총 256세대 는 평균 경쟁률 23.8대1로 인기리에 분양마감됐지만 향후 중도금 대출이나 납부 과정 등에서 발생할 수 있는 잔여세대를 우선 계약할 수 있는 대기자 명단 접수가 가능하다. 오피스텔 물건 선정 검증된 곳 위주로 전문가들은 전월세 시장 불안 장기화로 오피스텔 선호도가 크게 높아지고 있더라도 투자 물건 선정에는 신중을 기울여야 한다고 조언한다. 특히 임대수익용 상품이라는 특성을 감안 주변 임차수요와 교통여건을 최우선으로 고려해야 한다고 설명한다. 신규분양 단지의 경우 주변에 조성 또는 개발예정 사항을 꼼꼼히 체크해야 한다. 오피스텔 역시 양극화가 심화될 가능성이 높기 때문에 이왕이면 청약경쟁률이 높고 입지여건 등이 검증된 지역 위주로 발품을 파는 것이 좋다.,https://news.naver.com/main/read.nhn?mode=LSD&mid=shm&sid1=260&oid=112&aid=0002203469,284
261989,2011.06.16. 오전 8:16,부동산,헤럴드POP,한신공영 베트남 꽝짝화력발전소 EPC공사 참여,한신공영은 지난 15일 서울 잠실 롯데호텔에서 페트로베트남 그룹 이하 PVN 과 베트남 꽝짝화력발전소 EPC공사에 참여키로 하는 계약을 체결했다고 밝혔다. 현지 최대 국영석유기업 PVN이 추진 중인 이번 프로젝트는 베트남 중부 꽝빈성에 1200메가와트 MW 규모의 꽝짝화력발전소를 건설하는 사업이다. 총 투자비는 18억불 규모이며 EPC 설계ㆍ구매ㆍ시공 일괄 수행 계약금액만 13억불에 육박한다. 한신공영은 PVN의 건설자회사인 페트로베트남 건설 이하 PVC 과 컨소시엄 형태로 참여하게 된다. 한신공영은 PVN PVC사와 동남아권의 건설 프로젝트 수주 및 개발사업 등에 관한 전력적 협력관계를 유지해 오고 있다. 특히 이 회사는 PVN이 보유하고 있는 PVC 주식 10%를 매입할 계획이다. 한신공영 관계자는 “베트남 GDP의 약 18%를 점유하는 최대 공기업으로서 석유 가스 발전 및 산업시설을 관장하고 있는 PVN과의 전략적 제휴를 통해 PVN에서 발주되는 제반 건설관련 프로젝트의 사업 참여 우선권 및 시공권을 확보할 수 있을 것”이라고 내다봤다.,https://news.naver.com/main/read.nhn?mode=LSD&mid=shm&sid1=260&oid=112&aid=0002203468,284
261990,2011.06.16. 오전 8:02,부동산,매일경제,서울 갈현동에 아파트 3천934가구 건립,서울시는 15일 도시계획위원회를 열고 은평구 갈현동 300번지 일대 23만7629㎡에 최고 21층짜리 아파트 3934가구를 짓는 내용의 갈현제1주택재개발 정비구역 지정 계획안을 의결했다고 16일 밝혔다. 이 중 전용면적 60㎡ 이하 670가구를 비롯해 85㎡ 이하 중소형 주택이 총 3544가구로 전체의 90.1%에 달한다. 단지 내에는 1만1658㎡ 규모의 녹지와 2653㎡ 규모의 공원 공공문화체육시설 초등학교 등이 조성된다. 은평뉴타운 입구 근처인 사업지는 주변에 신도고등학교 천일아파트 건영아파트 등이 있는 주택가다. 위원회에서는 은평구 신사동 19 190번지 일대 재건축 정비구역 1만7747㎡ 의 법적 상한 용적률을 기존 221%에서 245%로 완화하는 안건도 통과됐다. 신사동고개삼거리 근처의 이 구역에는 용적률이 완화되는 대신 소형주택 25가구가 늘어난다. 위원회는 또 성북구 보문동6가 207번지 일대 보문제3주택재개발 정비구역 5만2245㎡ 의 용적률을 220%에서 236%로 완화하고 소형주택 387가구를 짓도록 했다. 뉴스속보부 r start 화보 속 훤히 보이는 과감한 시스루룩 김정민 가계빚 위험 카드사태때의 2배 삼성직원들은 지금…친구와 만날때도 유흥업소는 NO 북한 미모의 女승무원 화제 리뉴얼 추가금 많다 소송 건 회원 90명 특급호텔 피트니스가 출입 방해 장쯔이 성룡 음주 후 모습 포착 ‘좋아 죽겠다’ 포토 늑대의 유혹 무대 가득채운 멋진 출연진 r end ⓒ 매일경제 mk.co.kr 무단전재 및 재배포 금지 MBA도 모바일로 공부한다.,https://news.naver.com/main/read.nhn?mode=LSD&mid=shm&sid1=260&oid=009&aid=0002485530,284
261991,2011.06.16. 오전 8:01,부동산,아시아경제,7월 전국 1만7천여가구 분양..70%는 지방에서,아시아경제 조민서 기자 7월 본격적인 휴가철이 시작되면서 분양시장도 한숨 쉬어가는 분위기다. 부동산정보업체 닥터아파트 조사에 따르면 7월 전국 분양 예정 아파트 주상복합 도시형생활주택 포함 는 총 38곳 1만6855가구로 확인됐다. 이는 전달 61곳 3만1135가구 대비 절반가량 줄어든 양이다. 지난해 8559가구 보다는 96.9% 8296가구 늘었다. 수도권은 지난해 같은 기간 6004가구 대비 17%가 줄어든 4957가구로 2007년 이래 동기간 대비 최저물량을 기록했다. 일부 지역을 제외하고 분양시장 침체가 계속되고 있는데다 비수기가 맞물리며 신규물량이 크게 줄었다. 반면 지방 지방5대광역시 지방중소도시 은 지난해 같은 기간에 비해 4.7배가 늘어난 1만1898가구가 예정돼 있다. 전국 분양계획의 70%를 차지할 만큼 물량이 크게 증가해 지방 분양시장 청약열기를 짐작할 수 있다. 특히 지방5대광역시는 지난해 616가구 대비 10배 정도 늘어난 6157가구가 분양을 준비하고 있다. 지방중소도시는 지난해 같은 기간 1939가구에 비해 3배가량 증가한 5741가구가 분양예정이다. 관심 가질 만한 단지로는 보금자리주택지구 서울서초지구 첫 민간아파트와 전농·답십리뉴타운 내 신규 분양단지를 꼽을 수 있다. 과열된 분위기까지 보이고 있는 지방에서는 경남 김해 율하지구 양산 물금지구 광주 수완지구 등 택지지구 내 물량에 관심이 쏠리고 있다. 서울 울트라건설은 서울서초지구 A1블록에 130 213㎡ 550가구를 분양할 예정이다. 보금자리주택지구 내 첫 민간아파트로 관심을 모으고 있다. 부지 북쪽에 우면산 남쪽에는 양재천이 접해 있어 쾌적한 주거환경이 장점이다. 서울 양재동과 경기 과천시와 접해 있어 생활편의시설 공유가 가능하다. 삼성물산은 전농·답십리뉴타운에 위치한 전농7구역을 재개발해 2397가구 중 83 153㎡ 486가구를 일반분양할 계획이다. 이 중 전용면적 85㎡ 이하인 중소형아파트가 200가구다. 서울지하철 1호선 중앙선 환승 청량리역이 걸어서 8 12분 거리다. 청량리 민자역사 내 편의시설과 롯데백화점 청량리점 등을 편리하게 이용할 수 있다. 전농초등과 동대문중이 뉴타운과 바로 접해 있다. GS건설은 대흥동 60번지 대흥3구역에 558가구 중 191가구를 일반분양할 예정이다. 걸어서 2 3분이면 서울지하철 6호선 대흥역을 이용할 수 있고 단지에서 강변북로 진입이 수월하다. 용강초등 동도중 숭문중 광성고 서울여고 숭문고는 걸어서 5 10분 정도면 통학할 수 있다. 신촌역 주변 편의시설 이용도 편리하다. 영등포구 도림동 162의 94번지 도림16구역에서는 836가구를 건설 이 중 291가구가 일반분양될 예정이다. 서울지하철 1호선 영등포역이 걸어서 10분 거리다. 신세계백화점 롯데백화점 이마트 이하 영등포점 타임스퀘어 등의 대규모 상권을 이용할 수 있다. 현대건설은 동작구 동작동 58의 1번지 정금마을 재건축을 통해 680가구 중 304가구를 일반분양한다. 국립현충원이 단지 바로 뒤편에 위치하고 있다. 녹지공간이 풍부하며 동작초등 동작중 경문고가 도보 통학권이다. 서울지하철 4호선과 7호선 환승역인 총신대입구역 이수역 과 가깝다. 경기 삼성물산은 부천시 중동 3의 241번지에 조합아파트 113㎡ 548가구를 건설한다. 이 중 518가구가 일반분양된다. 신도시와 바로 접하고 있어 편의시설 공유가 가능하다. 홈플러스 롯데백화점 이하 중동점 이 걸어서 10분 거리며 이마트 현대백화점 이하 중동점 CGV 부천점 가 차량으로 3분 거리다. 학교는 중흥초등 부흥중 중흥중 삼원고로 통학하게 된다. 2012년 개통 예정인 7호선 연장선 계남역이 인근에 위치하고 있어 향후 서울 진입이 더욱 수월해질 전망이다. 남광토건은 안양시 석수동 485의 8번지 동삼아파트를 재건축해 281가구 중 79 105㎡ 127가구를 일반분양한다. 안양천과 석수체육공원이 가까워 산책 및 간단한 운동을 즐기기에 부담이 없다. 차량으로 2 3분이면 석수인터체인지를 통해 경수대로 서해안고속도로 제2경인고속도로로 진입할 수 있다. 서해종합건설은 용인시 중동에 817가구를 분양할 계획이다. 동백지구와 도로 하나를 사이에 두고 있어 학교 및 편의시설 공유가 가능하다. 근린호수공원과 이마트 동백점 가 걸어서 5분 거리로 주거여건이 양호한 편이다. 지방 대방건설은 광주 광산구 수완지구 C13 1 2블록에 112 139㎡ 659가구를 분양할 예정이다. C13 1 2블록은 지구에서도 가장 북쪽에 위치한 단지로 호남고속도로와 광주제2순환도로가 만나는 신월인터체인지에서 차량으로 불과 5분 거리다. 또 수완초등 수완고 등의 학교가 단지 내에 이미 개교돼 있다. 수완지구 C4 3블록에서는 세영종합건설이 108 140㎡ 536가구를 분양한다. 2006년에 분양한 단지였으나 가구 수 조정 등의 사업계획 변경을 통해 다시 분양에 나선다. 고실초등 성덕초등 성덕중 등의 학군이 인근에 밀집해 있고 단지 동쪽을 지나는 풍영정천 산책 코스를 통해 수완호수공원도 이용할 수 있다. 호수공원 내에는 롯데마트 수완점 도 위치한다. 동원개발은 부산 북구 구포동에 261번지에 97 130㎡ 1071가구를 분양할 예정이다. 낙동강 조망이 확보되며 부산지하철 2 3호선 환승역인 덕천역이 도보 8분 거리인 역세권 단지다. 또 울산 중구 우정혁신도시 내 B 3블록에서도 분양을 준비하고 있다. 110㎡ 단일 타입으로 305가구가 공급된다. 이마트 학성점 홈플러스 울산점 가 차량으로 5분이면 이용이 가능하고 우정초등 태화초등 유곡중 함월고 등 학군도 밀집해 있다. 삼호는 경남 김해시 율하지구 9블록에 110㎡ 999가구를 분양한다. 김해수남초등과 중학교 부지가 바로 접해 있다. 부지 북쪽에는 유적공원이 위치하고 하천도 흘러 쾌적한 주거환경이 장점이다. 동문건설과 반도건설은 각각 물금지구 19블록과 47블록에 분양을 준비하고 있다. 규모는 19블록 85 114㎡ 526가구 47블록 85㎡ 648가구로 두 단지 모두 전용면적 85㎡ 이하 중소형으로 구성됐다. 물금인터체인지 및 남양인터체인지를 통해 경부고속도로 진입이 용이하고 35번국도 및 중앙고속지선 551번국도 을 이용해 인근 지역으로 이동이 수월하다. 현대엠코는 충남 당진군 송산면 유곡리 415의 1번지에 855가구 중 530가구를 일반분양한다. 현대제철 직장조합아파트로 금회에 113㎡ 단일 타입으로 공급될 예정이다. 송산산업단지 배후주거지로 중심상업지구와 접하고 있어 편의시설 이용이 편리할 것으로 보인다.,https://news.naver.com/main/read.nhn?mode=LSD&mid=shm&sid1=260&oid=277&aid=0002623847,284
261992,2011.06.16. 오전 7:54,부동산,아시아경제,충남 세종시 호재로 5월 아파트 거래량 월 최대치 기록,아시아경제 박충훈 기자 지난달 충남의 아파트 거래량이 세종시 대덕과학벨트 등의 호재로 인해 2006년 이후 월간 최대치를 기록한 것으로 나타났다. 16일 부동산114 리서치센터에 따르면 충남은 5월 한달간 총 4080건의 아파트가 거래돼 4월보다 28.3%나 거래량이 늘었다. 반면 전국적으로 아파트 거래량이 줄었다. 5월 아파트 거래량은 총 4만8077건으로 4월보다 13.5% 감소했다. 특히 서울은 거래량이 크게 감소했다. 서울은 총 3805건으로 4월보다 20.5%나 줄었다. 강남3구 21.7% 강북14 20.8% 모두 4월보다 감소했으며 수도권도 전월보다 15.9% 감소했다. 다른 지방도 거래량 하락세를 면치 못했다. 전남 경북 광주가 4월보다 20% 이상 거래량 감소했으며 6대광역시도 3월 이후 4 5월 거래량 감소하는 추세다. 센터는 5.1대책 발표에도 불구 저가 매물이 없고 매수 관망 지속되면서 아파트 거래량은 계속 줄어들고 있다고 분석했다. 센터는 10일 기준금리 추가 인상으로 아파트 거래에 대한 심리적 부담이 더 커질 것으로 내다봤다. 더불어 계절적 비수기와 맞물려 거래는 당분간 활발하지 않을 것으로 전망했다. 그러나 여름방학 가을 이사철이 오면 전세수요가 늘어나며 전 월세 임대가격은 추가상승 가능성이 있다고 분석했다. 상대적으로 전세비중이 높거나 매매가격이 저렴한 지역을 비롯 전세물건이 부족한 곳의 소형주택 저가매물은 거래가 형성될 가능성이 있다는 것이다. 한편 센터는 재건축초과 이익환수제 및 분양가 상한제 폐지 전월세 상한제 도입 등 주요 부동산 법안이 논의 중으로 시장움직임을 예의 주시해야한다고 조언했다.,https://news.naver.com/main/read.nhn?mode=LSD&mid=shm&sid1=260&oid=277&aid=0002623841,284
261993,2011.06.16. 오전 7:46,부동산,아시아경제,도화구역 제물포스마트타운·제2청사 신축 확정,아시아경제 김봉수 기자 인천시는 인천 남구 옛 인천대학교 부지 내에 제물포스마트타운 JST 과 시 제2청사를 오는 2012년 말까지 신축 개관할 예정이라고 16일 밝혔다. 시는 도화구역 내 9000㎡의 부지에 550억 원을 들여 지상 10층짜리 건물 2개동 연면적 2만2900㎡ 을 내년 4월 중 착공 연말 쯤 완공해 JST와 제2청사로 각각 활용할 계획이다. 건물 1개동에는 JST와 정보산업진흥원이 나머지에는 상수도사업본부와 경제수도추진본부 시 체육회 시 생활체육회가 각각 입주한다. 이 곳에는 2014년까지 JST 500명 제2청사 453명 등 모두 953명이 상주할 예정이다. 공사비는 상수도사업본부 특별회계 90억원과 도시개발공사로부터 선인체육관 부지 매각 전출금 646억 원으로 충당할 계획이다. 시는 당초 인천대 옛 본관과 공학관을 올해 말까지 리모델링해 제2청사와 JST로 활용할 계획을 세웠었다. 하지만 리모델링 비용이 신축 비용보다 더 들 것으로 예상돼 백지화됐다.,https://news.naver.com/main/read.nhn?mode=LSD&mid=shm&sid1=260&oid=277&aid=0002623834,284
261994,2011.06.16. 오전 7:45,부동산,헤럴드POP,시중금리는 오르는데 월세 오피스텔 아파트 투자는 어떻게,한국은행이 지난해 7월부터 기준금리를 2%에서 3.25%까지 5차례에 걸쳐 지속적으로 인상하면서 수익형부동산 투자자들의 투자 전략에도 상당한 변화가 예고되고 있다. 기준금리 인상으로 수익형 부동산 투자의 바로미터가 되는 정기 예금금리가 동반 상승하면서 매달 받는 임대료를 바탕으로한 연간 임대수익률과의 격차가 줄어들고 있기 때문이다. 전문가들은 특히 대표적인 수익형 부동산인 오피스텔의 경우 최근 매매 가격이 상승하면서 임대 수익률이 낮아지는 추세여서 신규로 오피스텔 투자를 고려하는 이들은 신중하게 접근할 것을 조언하고 있다. 인기 고공행진 오피스텔 매매가 상승으로 연간 임대수익률 하락세 지속 최근 분양 시장에서 연일 돌풍을 일으키고 있는 오피스텔은 지난해부터 지속적으로 임대수익률이 하락세를 보이는 추세다. 오피스텔 붐에 편승해 섣불리 투자에 나서서는 안되는 이유가 이 때문이다. 실제 부동산114가 지난해 1월부터 지난달까지의 서울 소재 50실 이상 오피스텔의 임대수익률을 조사한 결과 지난해 1월 연 5.95%이던 임대수익률은 지난달 5.67%까지 하락했다. 경기도의 평균 임대수익률도 지난해 1월 6.56%였지만 지난달에는 6.23%까지 떨어졌다. 기준금리가 1.25% 상승하는 동안 반대로 오피스텔의 임대수익률은 0.3% 가량 떨어진 것이다. 오피스텔 임대 수익률 하락세의 근본 원인은 오피스텔 매매가의 상승이었다. 부동산114에 따르면 서울의 오피스텔 3.3㎡당 매매가는 지난해 1월 919만원이었지만 지난달에는 973만원까지 올랐다. 경기도도 지난해 1월 3.3㎡당 686만원이던 것이 지난달 700만원 대를 훌쩍 넘어서 3.3㎡당 711만원까지 상승했다. 분자에 해당하는 임대료에 비해 분모인 매매가가 가파르게 상승하다 보니 임대수익률이 자연스럽게 하락한 것이다. 김규정 부동산114리서치센터장은 “기존부터 오피스텔을 보유하고 있던 투자자라면 매매가 상승과 매달 고정적인 임대수익을 얻는 일석이조의 효과를 누렸을 것”이라며“하지만 신규로 오피스텔을 매수하려는 이들의 경우에는 매매가가 높아져 이미 수익률이 크게 낮아진 상태라는 점을 사전에 유념해야할 것”이라고 말했다. 특히 신규로 분양되는 오피스텔의 경우 분양가가 주변 시세와 비슷하거나 높게 공급되고 있고 월 임대료 또한 상승에 한계가 있는 만큼 예상 보다 수익률이 낮아질 수 있다는 점에 주의해야 한다. 이에 따라 김 센터장은 교통 여건이 양호하면서 상대적으로 수요에 비해 공급이 부족한 지역에 선별적으로 투자에 나설 것을 조언했다. 실제 서울ㆍ수도권 소재 일부 오피스텔 단지의 경우 연간 수익률이 10%를 넘어서기도 한다. 일례로 광진구 화양동의 글로벌 오피스텔 44㎡는 현재 연 임대수익률이 10.6%에 달한다. 늘어나는 아파트 월세 아직은 수익률은 극히 미약 심각해지는 전ㆍ월세난 여파로 아파트의 전세 물량이 대거 반전세 및 월세로 전환되고 있지만 여전히 오피스텔에 비해선 수익률이 미약한 것으로 나타났다. 이는 오피스텔에 비해 아파트의 매매가가 월등히 높은 데서 비롯된 현상이다. 실제 서울 소재 아파트의 평균 임대 수익률은 지난 4월 기준 2.99%에 불과하다. 지난해 1월 2.69%에 비해서는 1년 여 만에 0.3%P 가량 높아졌지만 여전히 오피스텔 임대수익률에 비해서는 절반 수준에 불과하다. 다만 아파트의 경우 매매 가격의 탄력성이 오피스텔에 비해 높은 점을 감안해 추후 매매차익을 노려볼 수 있다는 분석이 제기됐다. 김규정 센터장은 “쉽사리 매매가가 상승하지 않는 오피스텔이 최근 적잖은 상승폭을 기록하며 추가적인 매매 가격 상승에 대한 부담감이 커졌다”라며 “하지만 아파트의 경우 매매 가격 상승폭이 크지 않았던 만큼 양호한 지역 수급과 가격 요건을 갖춘 단지를 고른다면 아파트를 통해서도 월 임대료와 매매가 상승의 동반 효과를 누려볼 수도 있다”고 전망했다. 이와 더불어 정치권에서 추진 중인 전월세상한제의 통과 여부에 따라서도 임대료의 사전 상승 효과도 노려볼 수 있다.,https://news.naver.com/main/read.nhn?mode=LSD&mid=shm&sid1=260&oid=112&aid=0002203460,284
261995,2011.06.16. 오전 7:30,부동산,헤럴드POP,전국 거래실종속 5월  세종ㆍ과학벨트 충청 아파트 실거래 건수 껑충,u3000세종시와 과학벨트 건설 호재 등에 힘입어 지난 5월 충청 지역 아파트 실거래량이 지난 2006년이후 5년여만에 최대치를 기록했다. 지난 1월 2327건에 불과했던 충남 아파트 실거래 신고 건수는 5월 4080건으로 두배 정도 급증했다. u300016일 국토해양부와 부동산정보업체 부동산114에 따르면 지난 5월 전국 아파트 거래량은 총 4만 8077건으로 4월보다 13.5% 감소했다. 특히 지난 4월 DTI 총부채상환비율 규제 부활 이후 5월들어 서울 아파트 거래량은 3805건으로 전월 4787건 대비 20.5% 감소했고 경기와 인천을 포함한 수도권은 1만5080건으로 전월 1만7940건 대비 15.9% 감소했다. u3000증가세를 보이던 지방 아파트 거래량도 집값이 오르면서 올들어 첫 감소세로 돌아섰다. 5월 지방 아파트 거래건수는 3만2997건을 기록 전달보다 12.3% 감소했다. u3000반면 충남은 16개 시ㆍ도 중 유일하게 5월 아파트 거래량이 늘었다. 5월 충남 거래량은 4080건을 기록하며 전달보다 28%이상 거래량이 증가해 2006년 이후 월간 최대거래량을 기록했다. u3000실제로 지난 2008년 12월 1131건에 불과했던 충남지역 아파트 실거래 신고 건수는 올 1월 2327건 2월 u30002722건 3월 u30003397건 4월 3181건 5월 4080으로 폭증했다. u3000국제과학비즈니스벨트 세종시 등 개발 호재가 거래 활성화에 영향을 미친 것으로 보인다. u3000이혜련 부동산114 리서치센터 연구원은 “기준금리가 추가 인상된데다 계절적 비수기 등과 맞물려 당분간 거래는 활발하지 않을 것으로 예상된다”며 “그러나 여름방학 가을 이사철이 도래하면 전월세 가격의 추가 상승이 예상돼 상대적으로 전세비중이 높거나 매매가격이 저렴한 지역 전세물건이 부족한 지역의 중소형ㆍ저가 매물은 거래가 될 여지가 있다”고 분석했다.,https://news.naver.com/main/read.nhn?mode=LSD&mid=shm&sid1=260&oid=112&aid=0002203458,284
261996,2011.06.16. 오전 7:26,부동산,헤럴드POP,대우건설 1249실 규모의 매머드급 오피스텔 ‘송파 푸르지오 시티’ 분양,대우건설 사장 서종욱 은 오는 17일 모델하우스를 전격 오픈하고 서울 송파구 문정동 가든파이브 활성화 단지 1 2BL에서 소형오피스텔 1249실 규모의 ‘송파 푸르지오 시티’ 조감도 를 분양한다. 구성평형은 24.90 ∼ 52.17㎡이며 건물 내에 사우나 휘트니스 골프연습장 게스트룸 등 대규모 커뮤니티시설도 함께 조성된다. 분양가는 3.3㎡당 1100만원 선이다. 모델하우스는은 종합운동장 사거리 인근 아시아선수촌 아파트 맞은편 서울 송파구 잠실동 196 9번지에 마련될 예정이다. 송파푸르지오시티는 원룸형 오피스텔로는 기존에 볼 수 없었던 1.5베이의 유니트를 과감히 도입해 쾌적성을 확보했다. 천정고도 기본 2.45ｍ 이상이다. 대부분의 가구가 풀퍼니시드 시스템로 제공된다. 입지여건도 뛰어나다. 남측으로는 코엑스몰의 6.2배 규모의 대형유통 단지인 가든파이브가 자리잡고 있으며 북측에는 문정동 법조타운이 조성돼 동부지법 동부지검 등이 이전될 예정이다. 특히 법조타운 내 미래형 업무용지는 신소재 로봇 등의 미래형 업무 단지로의 개발계획이 잡혀 있다. 교통여건도 양호하다. 지하철 8호선 문정ㆍ장지역이 도보권이며 송파대로 서울외곽순환도로 송파나들목 수서∼분당간 고속화도로를 이용 강남 및 수도권 외각 등지로의 접근이 편리하다. 인근에 가락시장 롯데마트가 있으며 가든파이브 블록내에 NC백화점과 킴스클럽 영화관이 있고 이마트도 곧 오픈할 예정이다. 대우건설 관계자는 “문정법조단지를 비롯해 제2롯데월드 건립 가락시장 현대화사업 등 주변에 굵직굵직한 개발호재가 포진해 있어 풍부한 배후 임대수요를 갖추고 있다”고 설명했다.,https://news.naver.com/main/read.nhn?mode=LSD&mid=shm&sid1=260&oid=112&aid=0002203457,284
261997,2011.06.16. 오전 7:16,부동산,헤럴드POP,연말까지 6개 신도시에서 2만4000가구 이삿짐 들어간다,연말까지 김포와 판교 파주 등 6개 신도시에서 총 2만 4000여가구의 입주가 이뤄진다. 16일 국토해양부는 김포 한강신도시에서 처음으로 우남퍼스트빌 아파트 1202가구가 17일 입주를 시작한다고 밝혔다. 김포신도시 조성을 시작한 지 7년만이다. 김포 한강신도시는 수도권 주택난 해소를 위해 지난 2004년 8월 택지개발예정지구로 지정됐으며 아파트 5만800가구를 조성한다. 국토부에 따르면 이달 우남건설을 시작으로 연말까지 7934가구의 입주가 시작되고 2012년에 8921가구가 준공될 예정이다. 나머지 3만3945가구는 2013년 이후 순차적으로 입주한다. 그러나 한강신도시의 공동주택용지 58개 가운데 20개가 해약된 상태고 땅을 분양받은 건설사의 일부는 사업성 등을 이유로 분양을 미루고 있어 준공 일정도 늦어질 전망이다. LH와 김포시는 아파트 입주를 계기로 올림픽대로 행주대교에서 한강신도시를 잇는 6차선 김포한강로를 내달 초부터 임시 개통할 예정이다. 김일환 국토부 신도시개발과장은 “올 계획물량 2만 6620 가구 중 5월까지 2136가 입주를 끝마쳤다”며 “이달 김포에 이어 7월에는 광교신도시에서 아파트 입주가 시작되는 등 연말까지 6개 신도시에서 2만 4484 가구의 입주가 진행돼 전월세난 해소에 도움이 될 것”으로 내다봤다.,https://news.naver.com/main/read.nhn?mode=LSD&mid=shm&sid1=260&oid=112&aid=0002203452,284
261998,2011.06.16. 오전 7:06,부동산,헤럴드POP,5월 충청 아파트 실거래 건수 지난 2006년 이후 5년여만에 최대치,세종시와 과학벨트 호재 등에 힘입어 지난 5월 충청 지역 아파트 실거래량이 지난 2006년이후 5년여만에 최대치를 기록했다. 16일 국토해양부와 부동산정보업체 부동산114에 따르면 지난 5월 전국 아파트 거래량은 총 4만 8077건으로 4월보다 13.5% 감소했다. 저가매물이 소진된 이후 매수 관망세가 지속되면서 3월 이후 2개월 연속 거래량이 줄었다. 전국적으로 5월 거래량이 전달보다 줄어든 가운데 오히려 거래가 더욱 활발한 지역도 있었다. 충남은 4월보다 28%이상 거래량이 증가해 4080건을 기록했다. 이는 2006년 이후 월간 최대거래량이다. 충남은 세종시 대덕과학벨트 호재에 힘입어 실거래가 활발히 진행된 것으로 분석된다. 5월 서울 아파트 실거래량 전달대비 20% 감소 4월에 비해 5월 서울 수도권 거래량이 크게 감소했다. 지난 4월 DTI규제 부활 이후 두달 연속 주택거래량 감소와 가격 하락세가 지속되고 있다. 서울이 3805건으로 전월 4787건 대비 20.5% 감소했고 경기와 인천을 포함한 수도권은 1만5080건으로 전월 1만7940건 대비 15.9% 감소했다. 5.1 주택거래 활성화방안에도 불구하고 불확실한 주택 경기 전망 등으로 매수자들은 선뜻 거래에 나서지 않고 관망하는 분위기로 주택거래가 회복세로 돌아서지 못하고 있다. 단 5개 신도시는 1684건으로 전월 1588건 보다 소폭 거래량이 늘었다. 지방광역도시 거래량 주춤 충남은 나홀로 증가 증가세를 보이던 지방 아파트 거래량도 5월에는 3만2997건을 기록하며 전달보다 12.3% 감소했다. 거래량이 감소한 것은 올해 들어 처음이다. 지방은 상반기 거래량이 늘고 주택가격이 오르면서 거래가 주춤한 모습이다. 반면 16개 시ㆍ도 중에서 충남은 유일하게 5월 거래량이 늘었다. 5월 충남 거래량은 4080건을 기록하며 전달보다 28%이상 거래량이 증가해 2006년 이후 월간 최대거래량을 기록했다. 국제과학비즈니스벨트 세종시 등 개발 호재가 거래 활성화에 영향을 미친 것으로 보인다. 비수기 기준금리 인상 등으로 거래부진 지속될 전망 6월 현재 서울수도권 아파트 매매시장은 약보합세가 지속되고 있는 가운데 지난 10일 기준금리가 추가 인상되면서 심리적 부담이 더욱 커진 상태다. 계절적 비수기 등과 맞물려 당분간 거래는 활발하지 않을 것으로 예상된다. 그러나 여름방학 가을 이사철이 도래하면 전세수요 움직임이 늘어날 전망으로 전월세 가격은 추가적인 상승 가능성이 남아있다. 이혜련 부동산114 리서치센터 연구원은 “상대적으로 전세비중이 높거나 매매가격이 저렴한 지역 전세물건이 부족한 지역의 중소형 주택 혹은 저가매물은 거래가 될 여지가 있다”고 분석했다.,https://news.naver.com/main/read.nhn?mode=LSD&mid=shm&sid1=260&oid=112&aid=0002203442,284
261999,2011.06.16. 오전 7:01,부동산,헤럴드POP,배산임수 명당 터 분양지역 어디,전통적으로 집을 고를 때 배산임수 지형을 선호하고 명당 터로 손꼽는다. 그만큼 사람이 사는 곳 삶터에 대한 자연환경과의 조화를 중요시 했던 옛 선인들의 지혜를 엿볼 수 있다. 사람은 누구나 좋은 환경을 갖춘 집에서 살기를 원하며 죽어서는 땅의 기운을 얻는 곳에서 편히 잠들기 바란다. 예나 지금이나 풍수지리가 중요하게 여겨지는 것은 입지에 따라 사람의 수명이 늘 수도 줄어들 수도 있고 돈이 들어올 수도 나갈 수도 있다고 믿기 때문이다. 이에 따라 최근에는 아파트를 짓더라도 산이나 물길 등 주변 자연환경을 단지 내로 끌어들여 숲을 만들고 실개천을 만들어 자연과 함께 할 수 있는 친환경 주거단지 아파트가 각광을 받고 있다. 굳이 풍수지리를 거론하지 않아도 쾌적한 자연환경을 누릴 수 있어 인기가 높다. 자연과 조화를 이룬 명당 터 아파트 분양도 잇따르고 있다. 서울에서는 울트라건설이 보금자리주택 내 첫 민간 분양 아파트로 서초구 우면동 서초지구 A1블록에서 101 165㎡ 550가구를 이달 중 분양한다. 우면산을 끼고 있는 데다 조망권도 뛰어나다. 서울지하철 4호선 선바위역을 걸어서 이용할 수 있다. 이마트 하나로 마트 서울교육문화회관 예술의 전당 등도 가깝다. 경기도 고양시 삼송지구에서는 우림건설 99 114㎡ 455가구 호반건설 84 109 353가구 현대산업개발 100 116 610가구 등이 아파트를 분양 중이다. 이곳은 서삼릉 서오릉 등 조선시대 왕과 왕비도 탐냈던 자리로 북한산이 병풍처럼 펼쳐지고 창릉천과 오금천이 흐르는 전형적인 명당 터다. 또 주변 한양CC 뉴코리아CC 등도 넓게 자리해 있다. 지하철 3호선 삼송역이 가깝다. 부산에서는 현대산업개발이 동래구 명륜3구역을 재개발해 총 1409가구 중 62 151㎡ 1041가구를 10일 모델하우스를 열고 분양에 나선다. 동래는 원래 좌청룡 우백호의 형국에 둘러싸인 평탄하고 넓은 대지로 ‘대를 이어 부를 이룰 명당’으로 불리는 곳이다. 부산 지하철 1호선 명륜역과 1호선 4호선 환승역인 동래역이 아파트 단지에서 가깝다. 동래역은 멀티플렉스 아이스링크 오피스텔 쇼핑몰 병원 등 상업ㆍ문화ㆍ레저시설을 갖춘 복합환승 센터로 2014년 거듭날 예정이다. 명륜초등학교를 비롯해 동래중 중앙여고 동래고 등과 함께 서전학원 정철어학원 등 유명학원들도 밀집해 있는 것도 장점이다. 한화건설 대전 유성구 지족동 노은지구 내 아파트 84 125㎡ 1885가구를 분양 중이다. 이 아파트는 평균 2.9대1의 청약경쟁률을 보이며 대부분 주택형이 마감되는 등 높은 인기를 끌었다. 단지 주변에 매봉산과 갑하산이 있고 단지 앞에 반석천이 흐른다. 풍수지리에서 명당으로 꼽는 배산임수 지형을 갖추고 있다. 또 국제과학비즈니스벨트가 인접해 있으며 대전지하철 1호선 반석역을 이용할 수 있다. 코오롱건설은 대구 수성구 파동에서 59 114㎡ 832가구 가운데 잔여가구를 분양중이다. 이곳은‘일파이무’로 대구 최고 명당으로 알려져 있다. 신천과 수성못 앞산과 법니산으로 이어져 조망권도 뛰어나다. 강변의 산책로와 운동로를 통한 생활체육시설도 잘 갖춰져 있다.,https://news.naver.com/main/read.nhn?mode=LSD&mid=shm&sid1=260&oid=112&aid=0002203439,284
262000,2011.06.16. 오전 7:00,부동산,이데일리,한강신도시 7년만에 첫 입주..연말까지 8000가구,김포한강로 임시개통..여의도까지 20분 단축 이데일리 박철응 기자 김포 한강신도시가 7년여의 사업 끝에 첫 입주를 시작한다. 국토해양부는 오는 17일 우남퍼스트빌 1202가구를 시작으로 올 연말까지 모두 7934가구가 입주할 예정이라고 16일 밝혔다. 한강신도시는 모두 5만800가구인데 내년에 8921가구 2013년 이후 3만3954가구가 입주할 예정이다. 한국토지주택공사 LH 와 김포시는 첫 입주를 계기로 올림픽대로 행주대교에서 한강신도시를 잇는 6차선 김포한강로 총 길이 16km 내년 12월 준공 예정 를 다음달 초부터 임시 개통하기로 했다. 이에 따라 한강신도시에서 여의도까지 소요시간은 20분 이상 단축돼 30분 이내가 될 것이란 국토부의 설명이다. 한강신도시는 수도권 주택난 해소와 서북부 지역 거점도시 조성을 목표로 2004년 8월 택지개발예정지구로 지정됐다. 한편 한강신도시에 이어 다음달에는 광교신도시가 첫 입주하는 등 판교와 파주 등 6개 신도시에서 연말까지 모두 2만4000가구 가량이 순차적으로 입주할 예정이다.,https://news.naver.com/main/read.nhn?mode=LSD&mid=shm&sid1=260&oid=018&aid=0002453170,284
262001,2011.06.16. 오전 6:00,부동산,뉴시스,김포한강신도시 집들이 시작…올해 8000가구 입주,서울 뉴시스 김형섭 기자 김포한강신도시가 7년간의 사업 끝에 첫 집들이를 시작한다. 국토해양부는 17일 우남건설의 우남퍼스트빌 1202가구가 한강신도시에서는 처음으로 입주를 시작한다고 16일 밝혔다. 한강신도시는 수도권의 주택난 해소와 서북부지역의 거점도시 조성을 목표로 2004년 8월 택지개발예정지구로 지정됐다. 아파트 공급물량은 총 5만800가구로 올해 연말까지 7934가구가 입주를 시작한다. 2012년 8921가구가 집들이에 나서고 2013년 이후에는 3만3945가구가 입주할 예정이다. 특히 LH 한국토지주택공사 와 김포시는 첫 입주를 계기로 올림픽대로 행주대교에서 한강신도시를 잇는 총 길이 16㎞ 6차선의 김포한강로를 7월초부터 임시 개통키로 했다. 이에 따라 한강신도시에서 여의도까지 통행시간이 50분에서 30분 이내로 단축돼 입주민들의 불편도 크게 해소될 전망이다. 한강신도시의 첫 입주에 이어 다음 달에는 광교신도시가 입주를 시작하는 등 6개 신도시에서 연말까지 총 2만4000여 가구가 순차적으로 입주할 예정이다. 국토부 관계자는 한강신도시를 포함해 하반기에 신도시들이 잇달아 입주를 시작함에 따라 수도권 전·월세난이 다소 해소될 것 이라고 기대했다.,https://news.naver.com/main/read.nhn?mode=LSD&mid=shm&sid1=260&oid=003&aid=0003912454,284
262002,2011.06.16. 오전 6:00,부동산,머니투데이,한강신도시 아파트 첫입주…연내 8천가구 집들이,머니투데이 송지유 기자 수도권 서북부 전세난 해소 기대…광교·판교·파주 등 6개 신도시 입주도 잇따라 한강신도시 조성사업이 시작된 지 7년만에 첫 아파트 입주가 시작된다. 국토해양부는 수도권 주택난 해소 서북부지역 거점도시 조성 등을 목표로 지난 2004년 8월 택지지구로 지정한 경기 김포 한강신도시에서 오는 17일부터 아파트 입주가 시작된다고 16일 밝혔다. 한강신도시에 들어설 아파트는 총 5만800가구. 올해는 한강신도시 첫 입주아파트인 우남퍼스트빌 1202가구 을 비롯해 쌍용예가 1474가구 우미린 1058가구 KCC스위첸 1090가구 한국토지주택공사 LH 휴먼시아 임대아파트 2개 단지 3110가구 등 7934가구가 집주인을 맞는다. 내년에는 삼성래미안 579가구 대림e편한세상 955가구 호반베르디움 1584가구 등 8921가구가 입주할 예정이다. 나머지 3만3945가구는 오는 2013년 이후 입주가 이뤄진다. 사업시행자인 LH와 김포시는 한강신도시 아파트 첫 입주에 맞춰 올림픽대로 행주대교와 한강신도시를 잇는 6차선 김포한강로 총 길이 16㎞ 내년 12월 준공예정 를 다음달초 임시개통할 예정이다. 국토부 관계자는 이번 한강신도시 아파트 입주로 수도권 전.월세난 해소 등 주택시장 안정에 실질적인 도움이 될 것 이라며 신도시 생활에 불편이 없도록 기반시설을 적기에 설치.점검할 계획 이라고 말했다. 한편 한강신도시를 비롯해 광교 7월 아파트 첫 입주 판교 파주 등 6개 신도시에서 올 연말까지 총 2만4000여가구가 순차적으로 입주할 예정이다.,https://news.naver.com/main/read.nhn?mode=LSD&mid=shm&sid1=260&oid=008&aid=0002556215,284
262003,2011.06.16. 오전 6:00,부동산,연합뉴스,김포한강신도시 17일 아파트 첫 입주,우남퍼스트빌 1천202가구..연내 7천900가구 입주 서울 연합뉴스 서미숙 기자 김포 한강신도시에서 처음으로 아파트 입주가 시작된다. 신도시 조성을 시작한 지 7년만이다. 국토해양부는 김포 한강신도시에서 우남퍼스트빌 아파트 1천202가구가 이달 17일부터 입주한다고 16일 밝혔다. 김포 한강신도시는 수도권 주택난 해소를 위해 지난 2004년 8월 택지개발예정지구로 지정됐으며 아파트 5만800가구를 조성한다. 국토부에 따르면 이달 우남건설을 시작으로 올해 말까지 7천934가구의 입주가 시작되고 2012년에 8천921가구가 준공될 예정이다. 나머지 3만3천945가구는 2013년 이후 순차적으로 입주한다. 그러나 한강신도시의 공동주택용지 58개 가운데 20개가 해약된 상태고 땅을 분양받은 건설사의 일부는 사업성 등을 이유로 분양을 미루고 있어 준공 일정도 늦어질 전망이다. LH와 김포시는 아파트 입주를 계기로 올림픽대로 행주대교에서 한강신도시를 잇는 6차선 김포한강로를 다음달 초부터 임시 개통할 예정이다. 국토부는 7월에는 광교신도시에서 아파트 입주가 시작되고 판교 파주 등 6개 신도시에서 연말까지 2만4천여가구의 입주가 진행돼 전월세난 해소에 도움이 될 것으로 보고 있다.,https://news.naver.com/main/read.nhn?mode=LSD&mid=shm&sid1=260&oid=001&aid=0005115209,284
262004,2011.06.16. 오전 6:00,부동산,아시아경제,김포 한강신도시 7년만에 집들이..연내 7943가구 입주,아시아경제 조민서 기자 김포 한강신도시가 7년여의 사업 끝에 17일부터 입주가 시작된다. 첫 스타트는 우남퍼스트빌 1202가구로 연말까지 7934가구가 입주할 예정이다. 16일 국토해양부에 따르면 김포 한강신도시는 전체 아파트 가구수가 총 5만800가구에 달하며 연말까지 7934가구 내년에는 8921가구가 입주할 예정이다. 2013년도 이후에는 3만3945가구 입주예정이다. 김포 한강신도시는 수도권 주택난 해소 서북부지역의 거점도시 조성을 위해 2004년 8월 택지개발예정지구로 지정됐다. 이후 7년여의 사업 끝에 오는 17일부터 본격적인 입주가 진행되는 셈이다. 특히 한국토지주택공사 LH 와 김포시는 이번 첫 입주를 계기로 올림픽대로 행주대교에서 한강신도시를 잇는 6차선의 김포한강로를 7월초부터 임시개통 할 예정이다. 총 길이 16km로 내년 12월 준공예정인 김포한강로의 임시개통으로 입주민들의 불편해소는 물론 그동안 김포지역 발전에 큰 장애로 여겨져 온 교통난 해소에도 기여할 것으로 기대된다. 김포 한강신도시 최초입주를 비롯해 7월에 첫 입주하는 광교신도시와 판교 파주 등 6개 신도시에서 연말까지 총 2만4000여 가구의 입주가 순차적으로 진행된다. 광교 6349가구 판교 980가구 파주 3640가구 아산 3206가구 등이다. 국토부 관계자는 하반기 입주가 차질 없이 진행돼 주택시장 안정에 도움이 되도록 하는 한편 신도시 입주민에게 불편이 없도록 기반시설의 적기설치 등을 지속 점검해 나갈 계획 이라고 말했다.,https://news.naver.com/main/read.nhn?mode=LSD&mid=shm&sid1=260&oid=277&aid=0002623799,284
262005,2011.06.16. 오전 6:00,부동산,아시아경제,서울 은평 갈현동 일대 아파트 3934가구 건립,갈현제1주택재개발 위치도 아시아경제 정선은 기자 은평구 갈현동 300 일대 23만7529.91㎡에 아파트 3934가구가 들어선다. 서울시는 15일 도시계획위원회를 열고 갈현제1주택재개발 정비구역 지정 안 을 수정가결했다고 16일 밝혔다. 총 3934가구 가운데 규모별로 전용면적 85㎡ 이하 3544가구 85㎡ 초과 390가구다. 임대주택은 총 670가구로 임대물량은 전용면적 40 60㎡ 이하로 지어진다. 7 12층 높이 주택을 지을 수 있는 제2종 일반주거지역 용도가 전체 구역면적의 98%이상이다. 용적률은 224.90%이며 건폐율은 26.63%다. 층수는 평균 14층 이하다.,https://news.naver.com/main/read.nhn?mode=LSD&mid=shm&sid1=260&oid=277&aid=0002623795,284
262006,2011.06.16. 오전 6:00,부동산,아시아경제,보문 3구역 소형주택 88가구 추가공급,보문3구역 주택재개발 위치도 아시아경제 정선은 기자 성북구 보문동6가 207 일대 5만2245.8㎡에 전용면적 60㎡이하 소형주택 88가구가 추가공급된다. 서울시는 15일 도시계획위원회를 열고 아파트 총 1028가구가 들어서는 보문제3주택재개발 정비구역 변경안 을 조건부가결했다고 16일 밝혔다. 용적률이 236%로 상향되면서 전용 60㎡이하 소형주택이 88가구 추가확보된다. 총 1028가구 가운데 면적별로 전용 85㎡이하는 902가구 85㎡초과는 126가구다. 변경안에 따라 대학생 주거안정을 위한 가구분리형 부분임대 아파트도 30가구이상 공급된다. 평균층수는 16층 이하에서 16.9층으로 높아졌다.,https://news.naver.com/main/read.nhn?mode=LSD&mid=shm&sid1=260&oid=277&aid=0002623794,284
262007,2011.06.16. 오전 6:00,부동산,아시아경제,선관위 재개발 추진위원장 선거 ‘부정행위’ 단속키로,아시아경제 배경환 기자 재개발 추진위원장과 감사를 선출하는 선거에 선거관리위원회가 부정행위 단속에 나선다. 이로써 좀더 공정하고 투명한 추진위원장 선출이 가능해졌다. 16일 서울시는 수색·증산뉴타운 가운데 증산5구역의 첫 집행부 선출을 위해 18일 주민선거를 실시하기로 했다. 이번 선거는 공공관리제도에서 선거부정감시단이 부정행위까지 단속하는 첫 시범사례다. 이에 앞서 서울시는 5월6일 서울시선관위와 협약을 통해 투표·개표 외에 선거부정행위 단속까지 위탁할 수 있도록 했다. 증산동 주민센터에서 오전 9시부터 오후 6시까지 진행되는 선거에는 토지 등 소유자가 참여한다. 선거권이 있는 자는 주민등록증과 같은 사진이 첨부된 본인 확인 증명서를 소지해야한다. 개표는 같은 장소에서 선관위 주관으로 선거종료 후 실시하고 결과가 발표된다. 부정행위 단속을 위해 은평구 선관위는 5명의 선거부정감시단을 구성했다. 이들은 5월30일부터 위반행위 예방 및 단속을 전개하고 있다. 또한 후보자 등의 선거부정행위 단속업무를 선거일까지 실시할 예정이다. 특히 서울시는 3월 공공관리자 구청장 의 추진위원회 구성 지원에 필요한 비용 1억9600만원을 지원했다. 선거에 소요되는 비용은 공공에서 무상으로 지원해 주민 부담은 없다. 김승원 서울시 주택본부 공공관리과장은 “공공관리제도에서 첫 집행부를 깨끗하게 구성하는 것은 매우 중요한 것”이라며 “선거부정행위까지 단속하는 증산5구역 주민선거를 계기로 공공의 지원은 한층 강화되고 뉴타운 개발은 가속도를 낼 수 있게 됐다”고 밝혔다. 한편 서울시와 은평구는 6월2일 증산5구역 추진위원장·감사 후보자 각 2명이 참석한 가운데 공명선거 실천결의대회를 개최했다. 후보자들은 8일부터 증산5구역 토지 등 소유자를 대상으로 선거운동에 돌입했다.,https://news.naver.com/main/read.nhn?mode=LSD&mid=shm&sid1=260&oid=277&aid=0002623793,284
262008,2011.06.16. 오전 3:13,부동산,동아일보,아파트값 빈부격차 줄었다,동아일보 부동산 침체에 따라 주택시장이 실수요자 위주로 재편되면서 고가 아파트와 저가 아파트의 ‘빈부격차’도 줄어든 것으로 나타났다. 15일 국민은행이 발표한 ‘5분위 주택가격’ 자료에 따르면 5월 현재 상위 20% 아파트의 평균 매매가는 5억2269만 원으로 지난해 같은 기간보다 1.3% 711만 원 감소했다. 반면 하위 20% 아파트의 평균 매매가는 지난해보다 25% 1654만 원 오른 8270만 원이었다. 고가 아파트와 저가 아파트 간의 가격 차이를 보여 주는 5분위 배율은 6.3을 기록해 통계가 시작된 2009년 1월 이후 가장 낮은 수치를 보였다. 5분위 배율은 상위 20% 평균가를 하위 20% 평균가로 나눈 값으로 수치가 높을수록 격차가 심하다는 뜻이다.,https://news.naver.com/main/read.nhn?mode=LSD&mid=shm&sid1=260&oid=020&aid=0002251744,284
262009,2011.06.16. 오전 2:09,부동산,연합뉴스,美 가장 비싼 주택시장 캘리포니아 뉴포트비치,침실 4개짜리 주택 평균 250만달러 로스앤젤레스 연합뉴스 최재석 특파원 미국에서 가장 비싼 주택시장 10곳 중 6곳이 캘리포니아 주에 있는 것으로 나타났다. 부동산서비스업체 콜드웰뱅커 가 15일 발표한 연례 매물 주택가격 보고서 에 따르면 캘리포니아 뉴포트비치에서 매물로 나온 주택의 평균가격이 250만달러로 가장 비쌌다. 이 업체는 2010년 9월부터 2011년 3월까지 북미 2천300개 지역의 주택시장에 나온 침실 4개 욕실 2개 규모 주택의 평균가격을 기준으로 이번 순위를 매겼다. 이 기준에 맞는 북미지역의 매물주택 평균가격은 29만3천달러였다. 또 퍼시픽 팰리세이즈 캘리포니아 지역의 매물 주택가격이 두 번째로 비싼 평균 160만달러로 나타났다. 이밖에 캘리포니아 주의 랜초 팔로스 버디스 4위 와 새러토가 5위 로스 게이터스 6위 쿠퍼티노 10위 등이 상위 10위권에 들었다. 반면 이 조사에서 가장 싼 주택시장은 매물주택 평균가격이 6만1천달러인 뉴욕 주의 나이애가라 폴스 지역으로 나타났다.,https://news.naver.com/main/read.nhn?mode=LSD&mid=shm&sid1=260&oid=001&aid=0005115170,284
262010,2011.06.16. 오전 2:08,부동산,파이낸셜뉴스,“나는 뉴코아에서 월세 받는다”,“나는 뉴코아에서 월세 받는다 ” 선임대후분양으로 “치솟는 물가 불안한 연금 한번에 해결했어요” 가정주부 이모씨 49세 는 남편 월급이외에 소형매장 3개를 뉴코아에 임대주고 매달 300만원 가량의 임대수익을 올리고 있다. 내집마련과 함께 소액의 수익상가를 먼저 사둔 것이 남들과 차별화된 재테크 전략이라고 말한다. 월급만으로 물가상승 자녀교육비 급증과 노후대책을 동시에 감당하기는 불가능하다는 것이다 베이비붐 세대의 대규모 은퇴와 보금자리주택 등 정부의 적극적인 임대주택 공급으로 점차 주택가격은 하락할 전망이지만 빨라지는 정년과 평균수명연장 등은 노후생계를 위협하므로 생계유지수입원 확보에 빨간불이 들어왔다. 이런 사회분위기에 맞게 ‘선임대후분양’에 확정수익율 보장까지 되는 임대수익의 2중3중 안정장치가 되어있는 부천터미널 ‘소풍’은 분양특수를 맞고 있다. 등기이전받고 10년동안 뉴코아에서 월세받고 초기 3년간 총 18% 확정수익 또 받고.. ‘소풍’은 신도시의 탁월한 입지와 이랜드 그룹 뉴코아 킴스클럽이 10년 임대의 장기 계약조건으로 입점 임대계약기간 2009.9 2019.9 함으로써 10년동안 공실 및 건물관리 염려 없이 대기업으로부터 안정적으로 월세를 받을 수 있다. 실투자금 7천만원대 매장을 분양받으면 기다릴 필요없이 등기이전 후 바로 보증금과 익월 최저 85만원 120만원의 임대수익이 지급되며 무엇보다 초기 3년간 최저 18%수익보장이 되어 초기 투자리스크가 전혀 없다는 것이 강점이다. 롯데백화점 본점 약 7.8배의 대규모 유통센터로 알려진 이곳은 현재 부천종합터미널과 11개관의 프리머스영화관 컨벤션웨딩홀 스포츠 센터가 단일건물 내 입점하여 집객파워 및 매출 시너지가 무엇인지 보여주고 있다. 이중 1층부터 5층 까지 도심형 최대 프리미엄 아울렛인 뉴코아와 킴스클럽이 입점한 매장을 등기분양 한다. 이랜드가 선점한 이곳은 교통의 요지이며 지하철1호선과 2012년 개통예정인 7호선 상동역의 더블역세권형성으로 상권성장 잠재력과 시세차익이 기대되는 곳이다. 또한 현재 완공 후 영업중인 것을 분양 받으므로 투자 후 바로 수익이 발생하고 소유권 이전 받기 전까지 분양대금을 한국자산신탁에서 안전하게 관리 해준다는 것이 투자자들이 선호하는 큰 이유중에 하나다. 분양문의 1588 4723 신청접수 방법 신청금 100만원 신청계좌 하나은행 100 910026 09904 예금주 한국자산신탁회사 오늘의 핫뉴스 이벤트 “축하 메세지 남기고 대박선물 받자” 밤에 음식 먹으면 정말로 살이 찔까 직장인 83.3% “회사에 ‘월급도둑’ 있다” “휴대폰 바꾸면 현금 40만원”..도넘은 ‘돈 살포’ 오토바이에 女 매단채 질주 네티즌‘경악’ 본 자료는 해당 업체에서 제공한 보도 자료입니다.,https://news.naver.com/main/read.nhn?mode=LSD&mid=shm&sid1=260&oid=014&aid=0002457727,284
262011,2011.06.16. 오전 12:33,부동산,강원일보,주택시장 비수기에도 아파트 인기 여전,5월 실거래 건수 2 256건 전월대비 5.5% 감소 2006 2010년 5년간 평균보다 2배 가량 많아 입주 2 3년차 신규 물량 매매가 상승세 계속 지난 5월 도내 아파트 실거래 신고건수가 전월보다 다소 줄어든 것으로 나타났다. 15일 국토해양부의 아파트 실거래가 자료에 따르면 지난달 도내 아파트 실거래 신고건수는 2 256건으로 전월 2 313건에 비해 57건 5.5% 감소했다. 도내 아파트 거래건수는 올해 들어 지난 4월까지 지속적으로 증가세를 보이다 지난달 주택거래시장 비수기에 접어들며 줄어든 것으로 풀이된다. 하지만 지난해 같은 기간 1 328건과 2006 2010년 5년간 같은 달 평균 1 314건에 비해선 2배가량 높은 것으로 조사돼 여전히 도내 아파트 거래시장이 활기를 띠고 있다. 아파트 매매가는 거래량 감소에도 상승세가 계속됐다. 춘천은 입주시기별로 등락의 변동이 있었다. 입주 2 3년 차의 신규 아파트들은 여전히 매매가 상승세가 이어졌다. 반면 입주 10년 차 아파트는 거래량 감소와 함께 소폭 하락한 것으로 조사됐다. 입주 2년차의 동내면 거두리 호반베르디움 이하 전용면적 85㎡ 의 지난 5월 신고분 매매가는 2억5 000만원으로 전월 평균 2억2 125만원에 비해 2 875만원 뛰었다. 원주는 개운·관설·단계동에 위치한 아파트들이 최소 300만원에서 최고 1 000만원까지 오른 가격에서 거래되는 등 매매가 상승세가 이어졌다. 강릉도 거래량은 감소했지만 매매가는 평균 200만 300만원 오른 것으로 나타났다.,https://news.naver.com/main/read.nhn?mode=LSD&mid=shm&sid1=260&oid=087&aid=0000324397,284
262012,2011.06.16. 오전 12:33,부동산,강원일보,전세대란···주택시장 요동친다,긴급진단 전세대란 3·완 하반기 시장 요동 평창동계 유치·교통망 개선으로 거래가격 변동 예상 경기 구리·남양주 주택공급 추진 등 수도권 시장 영향 정모 32·원주시 개운동 씨는 오는 10월 전세계약 만료를 앞두고 계약연장과 매수를 놓고 고민 중이다. 원주지역은 현재 수요에 비해 공급물량이 부족하지만 앞으로 혁신도시 및 기업도시 추진 평창동계올림픽 유치여부 등에 따라 주택가격의 변동이 클 것으로 예상되기 때문이다. 최근에는 기준금리 인상으로 매매가는 하락하고 전셋값만 오를 것이라는 소식도 있어 머리만 더 복잡해졌다. 정씨는 “최근 지역 주택시장에서 매매가가 상한가를 치고 있어 전세에서 매수로 돌아서려 했지만 각종 외부 요인으로 주택시장에 대한 전망이 수시로 바뀌며 쉽게 결정하지 못하고 있다”고 말했다. 하반기 주택시장 요동 향후 도내 전세시장은 하반기에도 공급물량이 크게 부족해 거주난이 확산되고 지역 곳곳에서 SOC 확충 및 교통망 개선사업이 추진됨에 따라 당분간 오름세가 지속될 것이라는 전망이 우세하다. 또 지난주 한국은행이 기준금리를 0.25% 인상한데 이어 하반기에도 금리 인상요인이 남아 있고 평창동계올림픽 유치 여부에 따라 주택시장이 요동칠 것으로 보인다. 전문가들은 지역별로 전세시장에 미치는 요인이 다를 것으로 내다봤다. 원주와 강릉은 평창동계올림픽 유치여부 제2영동고속도로 원주 강릉복선전철사업 혁신도시 추진상황 등에 따라 주택시장의 거래가격 변동이 예상되고 있다. 한국공인중개사협회 임창남 원주시지회장은 “향후 원주권 주택시장은 교통망 개선의 기대효과가 이어지고 있기 때문에 당분간 매매가는 물론 전셋값 상승세가 지속될 것으로 보인다”고 예상했다. 춘천 조기 안정도 예상 반면 이미 춘천 서울고속도로와 경춘선 복선전철 등이 개통되며 매매 및 전세가가 큰 폭으로 오른 춘천은 수도권의 부동산시장 경기 동북부지역의 대규모 보금자리주택 추진상황 등의 영향을 받을 것으로 내다봤다. 수도권 시장이 활성화되면 상대적으로 인근 지방의 거래량이 줄어드는데다 춘천보다 서울과 인접한 구리 남양주 등의 지역에 주택공급이 이뤄질 경우 춘천의 주택가격이 조기에 안정될 수 있다는 것이다. 리얼투데이 양지영 팀장은 “현재 수도권 부동산시장 경기침체에 따라 상대적으로 지방 부동산시장의 거래가격이 큰 폭으로 상승하고 있다”며 “앞으로 서울 인접지역 주택공급 시점도 춘천의 주택시장에 영향을 미칠 것으로 보인다”고 말했다.,https://news.naver.com/main/read.nhn?mode=LSD&mid=shm&sid1=260&oid=087&aid=0000324355,284
262013,2011.06.17. 오후 10:45,부동산,MBC,새집 건설 급감에 수급불균형‥집값 전셋값 불안,뉴스데스크 ＡＮＣ 이렇게 새로 짓는 집이 계속 줄면 머지않아 집이 부족해져 집값이 불안해질 수 있습니다. 특히 수도권에선 가뜩이나 심한 전세난을 더 부추길 우려도 적지 않습니다. 이어서 고현승 기자입니다. ＶＣＲ 오늘 부산 해운대에 문을 연 견본주택 평일인데도 관람객들이 몰렸고 상담창구도 북적입니다. ＳＹＮ 백현숙 낮아지지는 않을 것 같아요. 그래서 오르기 전에 해 봐야죠. 지방의 이 같은 청약 열풍의 원인은 무엇보다 공급 부족 때문입니다. 부산의 경우 4 5년 전부터 최근까지 신규 공급이 거의 없었습니다. 같은 이유로 최근 3년간 공급이 크게 줄어든 수도권에도 올 하반기부터 2013년까지는 집값 불안이 우려된다는 분석이 있습니다. 특히 전세 수요가 많은 수도권에선 전세난도 더욱 심해질 걸로 예상됩니다. ＳＹＮ 이홍일 연구위원 한국건설산업연구원 수급요인상으로는 분명히 가격이 불안하고 전세 같은 경우도 가격이 불안할 가능성이 있다고 보입니다. 또 지난해와 올해 건설사들은 10가구 가운데 7가구를 중소형 아파트로 짓고 있어 지역에 따라 중대형 아파트의 수급 불균형이 우려됩니다. ＳＹＮ 박원갑 소장 부동산1번지 제고조정 과정을 겪고 있는 중대형 역시 내후년쯤에는 공급 과잉 문제가 상당 부분 해소될 것으로 예상됩니다. 주택공급 부족이 집값 불안과 전월세시장 불안으로 이어지지 않도록 수요에 맞춰 공급을 조절하는 선제적인 방안이 필요해보입니다. MBC뉴스 고현승입니다.,https://news.naver.com/main/read.nhn?mode=LSD&mid=shm&sid1=260&oid=214&aid=0000181404,284
262014,2011.06.17. 오후 10:04,부동산,이데일리,기준금리 추가인상…주택대출 전략은TV,이데일리TV 김정훈 PD 앵 커 기준금리가 0.25%포인트 전격 인상됨에 따라 은행권의 주택담보대출 금리도 상승하고 있습니다. 은행에서 큰돈을 대출받아 집을 산 분들의 경우 마음이 편치 않으실 텐데요. 이처럼 금리인상 시기에는 이자부담을 줄이기 위해서라도 효율적인 부채관리 방안이 필요합니다. ＶＣＲ 한국은행이 지난 10일 물가 불안을 이유로 6월 기준금리를 0.25%포인트 올린 연 3.25%로 결정 했습니다. 이에 따라 주택담보대출금리도 반년 전과 비교하면 1% 포인트 가까이 올라 최고 수준을 기록했습니다. 집을 담보로 1억 원을 빌릴 경우 연간 이자부담이 백만 원 가까이 늘어난 셈입니다. 하지만 올 연말까지 3.5%에서 3.75% 정도까지 더 오를 것이라는 전망이 지배적인 만큼 주택대출금리 상승은 불가피할 전망입니다. 효율적인 부채관리를 위해서라도 금리인상 시대에 맞는 주택대출 전략이 절실한 시점입니다. 변동금리 대출을 사용하고 있는 경우에는 금리상승에 영향을 받지 않는 고정금리대출이나 같은 변동금리라도 금리변동 속도나 폭이 낮은 대출로 갈아타는 방안 등을 고려할 필요가 있습니다. 원금상환이 어려운 경우에는 대출기간을 연장해 원금상환을 유예하거나 새로 다른 대출을 얻어 갈아타는 방법을 생각해 볼 수 있습니다. ＩＮＴ 박합수 국민은행 부동산팀장 이런 금리 상승기에는 대출에 대한 상품을 꼼꼼히 분석하는 지혜가 필요합니다. 우선 정부에서 지원하는 국민주택기금을 활용한 대출 상품을 먼저 눈여겨 봐야 되고요. 또한 한국주택금융공사에서 취급하는 U 보금자리론 이 시중은행까지 확대됐기 때문에 이런 대출에 대한 일차적인 대상이 되는가를 먼저 판단하고 그 이후에 시중은행에서 나와 있는 주택대출상품을 판단하면 좋을 것으로 생각합니다. 더군다나 지금 금리에 변동성이 커지고 있기 때문에 고정금리대출과 혼합형 금융대출상품을 우선적으로 검토해보고 변동금리에 대한 비교까지 하는 것이 적절한 대안이라 판단됩니다. 이외에도 새로 집 장만을 위해 대출을 받을 때는 대출금액이 본인의 상황에 비춰 버거운 수준은 아닌지 충분히 고려할 필요가 있습니다. 적정한 대출규모는 소득이나 처한 상황에 따라 다르지만 일반적으로 부채는 총 자산대비 40% 이내로 그리고 소득대비 주거 관련 비용은 28% 이내가 적정하다고 전문가들은 조언합니다. 위 내용은 이데일리TV www.edailytv.co.kr 부동산 플러스 에서 6월 17일 방영된 내용입니다. 부동산 플러스 는 월 금요일 오후 6시부터 6시 30분까지 30분 동안 생방송 됩니다. 많은 시청바랍니다.,https://news.naver.com/main/read.nhn?mode=LSD&mid=shm&sid1=260&oid=018&aid=0002454191,284
262015,2011.06.17. 오후 10:02,부동산,이데일리,분양가 상한제 폐지 놓고 뜨거운 논란TV,이데일리TV 김정훈 PD 분양가상한제 폐지 문제가 부동산 시장에 ‘뜨거운 감자’로 떠올랐습니다. 주택업계와 정부 여야 간에 치열한 공방이 계속되고 있습니다. ＶＣＲ 지난해 시공능력 58위 성원 건설 올 들어 월드건설과 LIG건설 등 아파트를 주로 지어온 중견 건설사들이 최근 잇따라 무너졌습니다. 주택건설업체들이 추락한 원인으로 건설업계는 분양가상한제를 지목하고 있습니다. 실제로 2008년 분양가상한제 도입 이후 민간의 주택공급량은 크게 위축돼 지난해엔 10만 가구 아래로 떨어졌습니다. ＩＮＴ 김덕례 주택산업연구원 도시계획학박사 분양가 상한제는 2007년 이후에 도입된 다음에 가격 규제가 가져오는 부작용들 굉장히 많이 시장에 내포하고 있습니다. 그렇기 때문에 폐지하는 것이 바람직해 보이고 이런 가격 규제가 가지고 왔던 미분양의 상승이라던가 그로 인한 수도권지역에서의 정체문제들 이런 것들을 고려했을 경우 분양가상한제는 빠른 시일 내에 폐지되는 것이 바람직해 보입니다. 반론도 만만치 않습니다. 상한제가 없어져 비싼 아파트가 분양되면 주변 집값도 급등하고 전·월세시장까지 불안해질 거라는 우려입니다. 정부가 지난 3월 상한제 폐지를 발표했지만 논란이 계속되자 국회 국토 해양위는 분양가 상한제 폐지 법안을 다시 심의할 예정인데 여전히 통과 여부는 불투명한 상황입니다. 이런 가운데 한나라당이 분양가 상한제 폐지와 전·월세 상한제 도입을 놓고 여당과 빅딜 을 추진하기로 해 결과에 관심이 쏠리고 있습니다. 위 내용은 이데일리TV www.edailytv.co.kr 부동산 플러스 에서 6월 17일 방영된 내용입니다. 부동산 플러스 는 월 금요일 오후 6시부터 6시 30분까지 30분 동안 생방송 됩니다. 많은 시청바랍니다.,https://news.naver.com/main/read.nhn?mode=LSD&mid=shm&sid1=260&oid=018&aid=0002454190,284
262016,2011.06.17. 오후 10:01,부동산,이데일리,하반기 주택 전세금 45%가량 오를 것TV,이데일리TV 김정훈 PD 올해 하반기 전국의 전세가격이 4 5% 상승해 전세난이 심화될 것이란 전망이 나왔습니다. 여기에 집값도 평균 3∼4% 상승해 전세난이 매수세로 전환될 가능성이 큰 것으로 나타났습니다. ＶＣＲ 주택산업연구원은 올해 하반기 전국의 전세가격이 4에서5% 상승해 전세난이 심화될 것으로 전망했습니다. 2011년 하반기 주택시장전망 자료를 통해 수도권은 매매가 하락에 대한 불안감으로 전세 수요가 늘고 지방은 매매가 상승에 따른 전세가 동반 상승으로 전국에서 전세가격이 상승세를 보일 것이라고 밝혔습니다. ＩＮＴ 김덕례 도시계획학 박사 올 하반기에도 작년과 그 다음에 올봄에 이어서 지속적인 전세가 상승은 불가피해 보입니다. 그렇지만 2009년 하반기에 이미 전세가가 오른 상황에서 재계약들이 이루어지기 때문에 상반기보다는 조금 상승폭은 둔화될 것으로 보여집니다. 이러한 상황에서 이사를 준비하고 있는 수요자들이라고 하면 수요들이 많이 모이는 인기지역 보다는 그 인근 지역으로 전세가가 조금 저렴한 지역으로 이주를 고려해보는 게 바람직하고 주택을 구입할 의사가 있는 실수요자라면 주택구입 또한 적극적으로 고려해볼 시점이라고 보입니다. 아파트 전세가는 5% 주택 전체는 4% 오를 전망으로 입주 물량 감소도 전세난을 부추기는 요인이라고 지적했습니다. 주택공급의 경우 2008년 이후 3년간 분기별로 평균 15만가구가 신규 공급됐으나 올해 상반기 들어 9만6천가구로 감소했고 하반기 입주 물량도 평균에 미치지 못할 것이라는 예상이 나왔습니다. 한편 매매가격의 경우 지역별로 편차를 보일 것으로 전망됐습니다. 수도권은 집값 하락에 대한 불안감이 팽배한 가운데 매매가격 하락에 대한 불안 심리와 보금자리주택과 금리 인상의 악재가 겹치며 1% 내외의 강보합세를 보일 것으로 내다 봤습니다. 지방의 경우 당분간 상승세가 지속돼 집값이 3 4% 올라갈 것으로 예상했습니다. 위 내용은 이데일리TV www.edailytv.co.kr 부동산 플러스 에서 6월 16일 방영된 내용입니다. 부동산 플러스 는 월 금요일 오후 6시부터 6시 30분까지 30분 동안 생방송 됩니다. 많은 시청바랍니다.,https://news.naver.com/main/read.nhn?mode=LSD&mid=shm&sid1=260&oid=018&aid=0002454189,284
262017,2011.06.17. 오후 9:58,부동산,이데일리,광교 푸르지오 시티 462세대 분양TV,이데일리TV 김정훈 PD 대우건설이 경기 수원시 광교신도시 4블록에서 ‘광교푸르지오시티’ 를 분양 중이다. 광교 푸르지오 시티 는 지하 4층 지상 10층 3개 단지로 전용 16 21㎡형 총 8개 타입 총 462실로 이뤄졌다. 광교 푸르지오 시티 는 신도시 중 가장 인기가 좋은 광교신도시에 위치해 오피스텔 임차수요가 많고 배후지 개발 호재 때문에 임대수익과 시세차익을 노릴 수 있다. 또한 기존 대학 상권에 경기도청과 법조타운 이전이 확정된 데다 신도시 내 역세권 신대역 과 영동고속도로 용인 서울 고속도로 북수원 상현IC 도로 상현IC 하동 도로와 신분당 연장선으로 교통여건이 좋다. 서울 강남역까지 자동차로 30분 거리여서 서울 접근성도 좋은 편이다. 광교 푸르지오 시티 분양가는 3.3㎡당 790만원 선이며 중도금 50%는 무이자로 지원한다.,https://news.naver.com/main/read.nhn?mode=LSD&mid=shm&sid1=260&oid=018&aid=0002454188,284
262018,2011.06.17. 오후 8:15,부동산,파이낸셜뉴스,제9회 동아시아교통학회EASTS 국제학술대회 개최,오는 20부터 23일까지 제주국제컨벤션센터 ICC JEJU 에서 ‘제9회 동아시아교통학회 국제학술대회’가 열린다. 동아시아교통학회 EASTS 는 1994년 11월 설립돼 현재 한국을 비롯한 아시아 17개국의 회원을 가진 교통연구 지원 및 발전을 도모하기 위한 국제교통학회다. 2년 주기로 개최하는 동아시아교통학회 국제학술대회는 올해로 9회째를 맞고 있으며 과거 성공적인 개최경험을 토대로 사단법인 대한교통학회와 한국교통연구원이 주최하고 제주특별자치도가 후원한다. 이번 EASTS 국제학술대회에서는 ‘녹색성장과 교통’을 주제로 환경영향을 최소화하고 친환경기술개발을 지원해 교통시스템의 녹색혁신을 이루기 위한 다양한 연구결과들이 발표될 예정이다. 세계 석학들이 참여하는 본 국제학술대회에서는 동아시아 국가 및 이란 터키 등의 중동국가들을 포함한 28개국 500여 편의 논문이 발표될 예정이며 녹색교통의 실현을 위한 대중교통 자전거 그린카 재생가능 에너지 등에 대한 다양한 논의가 이루질 전망이다. 20일 개회식 및 기조강연을 시작으로 3일에 걸쳐 동시세션 및 전시 포스터 발표가 진행되며 대회의 마지막 날인 23일에는 시찰단의 제주 ITS센터 제주 BIS 센터 스마트 그리드 실증단지 현장시찰이 이뤄진다.,https://news.naver.com/main/read.nhn?mode=LSD&mid=shm&sid1=260&oid=014&aid=0002459167,284
262019,2011.06.17. 오후 7:46,부동산,헤럴드POP,전원생활도 재테크다…귀농ㆍ귀촌 시골생활 10계명,1 귀농 즉시 농지원부에 등록하고 농업인이 되라 직장 은퇴 후 귀농·귀촌시 곧바로 농지원부에 등록해 농업인의 신분을 확보하는 것이 좋다. 농업인은 농민을 법으로 정의한 용어다. 농업인은 1000㎡ 이상의 농지를 확보해 연간 90일 이상 농업에 종사해야 한다. 농업인의 지위는 매우 중요하다. 이를 인정받느냐 그렇지 못하느냐에 따라 세금 등 각종 지원혜택에서 큰 차이가 난다. 그래서 농지원부에 등록해야 한다. 농지원부가 작성되어 있으면 농업인의 지위가 추정된다. 2 농지원부의 혜택을 놓치지 마라 농지원부에 등록한 뒤 8년 이상 재촌·자경하면 연 2억원 범위 내에서 양도세가 100% 감면된다. 또한 3년 이상 재촌·자경하고 양도할 경우에도 대체농지 면적 2분의 1 이상 가액 3분의 1 이상 를 확보하면 양도세 100% 감면혜택이 주어진다. 이밖에도 취득·등록세 50%감면 대출시 등록세·채권 면제 농지 전용시 부담금 면제 농촌 자녀 대학 장학금 우선 지원 등의 혜택을 받을 수 있다. 3 국민연금과 의료보험료 절약방법도 있다 직장에 다니다 퇴사해서 귀농·귀촌을 하면 지역의료보험에 가입하게 된다. 이때 지역의보료가 직장의보료보다 많으면 처음 1년간은 직장의보료로 납부하고 2년차부터 지역의보료로 자동 전환된다. 지역의보료는 농촌에 거주하면 22%가 감면되고 농어업인 확인서를 받아 보내주면 추가로 28%를 감면받을 수 있다. 국민연금은 기준 소득금액이 월 79만 원 이하인 경우 국가에서 보험료 절반을 지원하고 79만 원 이상은 3만5500원 가량을 지원해준다. 4 음식물쓰레기와 개똥으로 거름을 만들어라 전원생활을 하면서 번거로운 일 중 하나가 바로 음식물 쓰레기와 개똥 처리다. 하지만 이를 잘만 활용하면 텃밭을 일구는데 요긴한 거름이 된다. 음식물 쓰레기와 개통을 거름으로 만들려면 먼저 마른풀을 바닥에 두툼하게 깔고 그 위에 음식물 쓰레기와 개통을 쌓고 다시 마른 풀로 덮어준다. 이렇게 함으로써 물기 조절도 하고 발효도 촉진된다. 마지막 맨 위에는 마른 풀로 마감하고 비닐과 카파로 덮어준다. 5 자연인 백수 실업급여는 악착같이 챙겨라 직장을 다니다가 희망퇴직 명예퇴직 정리해고 등 본인의 자발적 퇴직이 아닌 경우 최장 8개월간 실업급여 구직급여 가 나온다. 지급액은 이직 전 사업장에서 받던 평균 임금의 50%이지만 상한선이 하루 4만원으로 정해져있다. 버젓이 월급이 나오는 직장에 있다가 퇴직하고 시골로 내려오게 되면 실업급여도 가계에 큰 보탬이 된다는 사실을 절감하게 된다. 따라서 실업급여는 꼭 챙겨야 한다. 실업급여는 적극적인 구직활동을 증명하면 받을 수 있다. 6 대박 예금상품 ‘농어가목돈마련저축’에 가입하라 농어가목돈마련저축은 농어가 양축가라면 누구나 가입할 수 있는 ‘왕대박 저축 상품’이다. 연 이자가 최고 15.1%나 된다. 정부는 농어가 양축가의 생활안정과 재산형성을 지원하기 위해 이 상품에 최고 9.6%의 장려 금리를 얹어주고 있다. 농·수·축협 등에서 취급하며 3년 5년짜리가 있는데 일반농어민과 저소득 농어민으로 나눠 혜택을 차등 부여한다. 저소득 농민은 보유 농경지가 9986㎡ 3026평 이하 일반농어민은 1만9975㎡ 6053평 이하이다. 7 초기 전원생활은 극기훈련이란 자세로 임하라 편리한 인스턴트식 도시생활에 익숙해져 있다가 시골생활을 시작하게 되면 많은 불편이 따른다. 단지 낭만적이고 목가적인 전원생활에 대한 환상은 여지없이 깨진다. 특히 농사를 지어 소득을 올려야 하는 생업형 전원생활 귀농 은 어찌보면 도시생활보다 더 치열한 삶의 현장이자 현실이다. 따라서 전원생활 초기의 적응기는 낭만과 여유보다는 차라리 군대식 극기훈련의 한 과정으로 받아들이는 마음가짐이 필요하다. 8 겨울철 전원생활 혹한과 폭설에 늘 대비하라 귀농·귀촌은 대개 산골에서의 생활이다. 산골의 겨울은 유난히 길며 춥고 눈이 많이 내린다. 낭만의 흰눈은 ‘눈폭탄’으로 돌변해 비닐하우스를 폭격하고 도로를 빙판으로 만들어 오도 가도 못하게 한다. 또 영하 20도를 밑도는 살인적 추위는 각종 배관 동파를 야기해 생활에 엄청난 불편을 초래하기도 한다. 따라서 전원생활은 겨울철 준비를 철저하게 해야 한다. 자동차는 4륜 구동에 스노우타이어 장착은 필수다. 9 겨울철 저온수면법 ‘건강 에너지 절감’ 일석이조 잠이 보약이란 말처럼 인간의 몸은 수면을 통해 회복이 되도록 설계되어 있다. 하지만 잠을 자되 잘 자야 한다. 아침에 일어나면 머리가 맑고 개운해야 한다. 저온 수면법이 바로 해답이다. 저온 수면법은 창을 열어 낮은 실내온도를 유지한다. 이유는 찬 공기가 폐를 활짝 열리게 해 보다 많은 양의 산소를 공급받아 좋은 피가 만들어지기 때문이다. 겨울에도 이를 실천하면 건강과 난방비 절감이라는 일석이조의 효과를 거둘 수 있다. 10 정부의 지원책을 최대한 활용하라 정부는 갈수록 공동화 현상을 빚고 있는 농어촌을 살리기 위해 농어민에게 다양한 혜택을 부여하고 있다. 영농자금도 그중 하나다. 매년 농가당 1000만원까지 연리 3%로 빌려준다. 최근 금리 인상이 지속되는 상황에서 요긴하게 쓸 수 있다. 특히 귀농 귀촌 지원 차원에서 주택 신축 및 구입시 세대당 최대 4000만원 농지 및 임야구입시 최대 2억원 농어업 창업 시 최대 2억원까지 연리 3%로 지원해준다.,https://news.naver.com/main/read.nhn?mode=LSD&mid=shm&sid1=260&oid=112&aid=0002204034,284
262020,2011.06.17. 오후 7:08,부동산,세계일보,서민용 ‘반값 아파트’ 물건너가… 집값 안정 흔들리나,수술대 오른 MB 주택정책 세계일보 한나라당의 보금자리주택 분양가 인상 카드는 이명박 정부가 대표적인 친서민대책으로 내세워 온 보금자리주택 정책의 근본을 뒤흔들 수 있다는 점에서 논란이 예상된다. 보금자리주택은 무주택 서민들에게 내집 마련 기회를 넓혀주자는 취지에서 도입된 공공주택이다. 하지만 보금자리주택을 분양 받으려는 대기 수요로 인해 전·월세 가격이 상승하는 등 뜻하지 않은 부작용을 겪고 있다. 한나라당은 전세난을 해소하고 민간주택 공급을 늘리기 위해서는 ‘로또’가 되어버린 보금자리주택 정책의 뼈대를 바꿔야 한다고 주장한다. 또 민간건설 경기를 되살리기 위해 건설업계가 요구하는 분양가 상한제 폐지 요구를 수용해야 한다는 입장이다. 한나라당은 분양가 상한제 폐지는 민주당이 관심을 갖고 있는 전·월세 상한제 도입과 동시에 추진하는 방안을 검토하고 있다. 하지만 정치권의 이 같은 논의는 정부 정책에 대한 불확실성을 키워 주택시장을 혼란에 빠트릴 수 있다는 지적이다. 보금자리 ‘무주택 서민용’ 간판 내리나 17일 국토해양부 등에 따르면 한나라당은 보금자리주택의 분양가를 주변 시세의 85% 이상이 되도록 하는 내용의 법안을 발의했다. 보금자리주택은 주변 아파트 분양가보다 15% 이상 저렴한 가격에 공급되는 공공주택으로 분양가를 기준으로 주변 시세의 최고 절반 수준에 공급되는 집이 등장할 것으로 보여 도입 당시 ‘반값 아파트’ ‘로또 아파트’로 불렸다. 하지만 이 법안이 통과돼 분양가를 주변 시세의 85% 이상으로 끌어올린다면 ‘무주택 서민주택’이라는 간판은 내릴 수밖에 없다. 수도권에서 공급되는 보금자리주택은 현재도 3.3㎡당 분양가가 1000만원을 웃돌 것으로 예상돼 이미 고분양가 논란에 휩싸인 상태다. 특히 서울 강남 등 수도권 그린벨트까지 파헤쳐 보금자리주택을 공급하려 한 정부의 정책 목표는 존립 근거를 잃게 돼 부동산 정책은 근본이 흔들릴 수밖에 없을 전망이다. 공공주택 공급 차질 불가피 법안 통과로 보금자리주택의 분양가가 올라가면 공공주택 공급도 영향을 받을 것으로 보인다. 고분양가로 분양 실패가 예상되는 만큼 자금난에 시달리는 사업주체인 한국토지주택공사가 무턱대고 공급을 늘리지는 않을 것으로 보이기 때문이다. 이미 공공주택은 공급 차질이 빚어지고 있다. 국토부는 애초 대통령 임기 마지막 해인 내년까지 32만가구의 공공주택을 공급할 계획이었다. 하지만 한국토지주택공사 LH 의 자금난과 주택경기 침체 등이 맞물려 보상 작업이 순조롭게 진행되지 않으면서 사업이 지연되고 있다. 정치권에서 분양가 상한제 폐지 논의가 나오는 것은 이런 이유에서다. 분양가 상한제가 폐지되면 사업 수익성이 높아져 민간건설사의 공급이 늘어나기 때문에 공공부문에서 발생한 공급 차질을 보충할 수 있을 것이란 관측이다. 하지만 분양가 상승이 불가피해 서민들의 내집 마련 꿈은 더욱 멀어질 수밖에 없다. 전·월세 시장 어떻게 되나 최근 수도권의 전·월세 가격 상승은 보금자리주택 청약 대기자들이 주택 매매를 미루면서 발생한 측면이 강하다. 하지만 이들이 높은 분양가 때문에 보금자리주택을 포기하고 매매로 돌아선다면 전·월세 시장은 오히려 급락할 가능성이 크다. 이렇게 되면 분양가 상한제 폐지와 ‘빅딜 동시 도입 ’이 추진되는 전·월세 상한제가 의미 없는 제도로 전락할 수 있다는 관측이다. 문제는 보금자리주택 분양가 인상 분양가 상한제 폐지 등이 상당한 역풍을 가져 올 수 있다는 점이다. 민간 주택건설업체들은 크게 환영하겠지만 당장 보금자리주택 청약을 기다리는 대기자들의 집단 반발이 예상된다. 정책 불신에 따른 후유증도 상당할 것으로 보인다. 부동산업계 관계자는 “보금자리주택 분양가가 올라간다면 사전예약을 통해 보금자리주택 청약을 한 수요자들의 경우 위례신도시 등 일부 지역을 빼고는 대규모 청약 포기를 하게 될 것”이라며 “정치권의 요구로 시작된 논의이고 당장 벌어지는 상황은 아니지만 현실이 된다면 주택시장의 대혼란이 불가피하다”고 말했다. 부동산업계는 분양가 상한제가 폐지되면 민간 건설사 공급이 늘어날 것이란 관측에 대해 반신반의한다. 최근 부동산 침체를 감안하면 업체들이 미분양 리스크를 감수하고 아파트 공급에 나서기는 힘들다는 것이다. 오히려 공급 활성화보다는 분양가 상한제 폐지로 사업 수익성이 좋아지는 서울 강남권 재건축 아파트 사업이 속도를 낼 가능성이 커 보인다. 이 경우 재건축 아파트의 분양가 상승은 불 보듯 뻔하고 주변 아파트 가격까지 끌어올리면서 부동산시장 전반의 불안을 야기할 것으로 예상된다. 김준모 기자 jmkim segye.com Segye.com 인기뉴스 학교 9일째 결석 집에 찾아가보니 온가족이… 아이폰으로 콘서트 촬영하면 전원 꺼진다 北 여학생 대상 성폭행 급증 이유 알고보니… 90대 할머니 성추행 당해…경찰 보고도 쉬쉬 평양에 탄환비 쏟을 미사일 전진 배치…왜 ⓒ 세계일보 Segye.com 무단 전재 및 재배포 금지 금융전문뉴스 세계파이낸스 모바일로 만나는 세계닷컴 세계닷컴은 한국온라인신문협회 www.kona.or.kr 의 디지털뉴스이용규칙에 따른 저작권을 행사합니다.,https://news.naver.com/main/read.nhn?mode=LSD&mid=shm&sid1=260&oid=022&aid=0002276574,284
262021,2011.06.17. 오후 7:02,부동산,이데일리,금리인상 여파 전세난 우려 고조TV,이데일리 이윤정 기자 지난주 기준금리 인상 이후 전세가 상승폭이 커지고 있습니다. 재건축 이주 수요와 학군 수요 또한 여기에 한몫 했습니다. 이번주 부동산 시장 움직임 이윤정 기자와 함께 알아보겠습니다. 앵커 전세시장부터 살펴보죠. 이번주 전세시장 움직임 어땠습니까 기자 이번주 서울지역의 전세가격은 0.12% 올랐습니다. 전주 0.06% 상승과 비교하면 상승폭이 두 배 가량 커진 건데요. 구별로 보면 강남구가 가장 많이 올랐고 양천구와 노원구도 평균 이상의 상승세를 나타냈습니다. 강남구는 꾸준한 학군수요로 인해 전세물량이 부족한 상황입니다. 양천구는 여름방학 이사철 수요가 몰리면서 크게 올랐습니다. 수도권의 경우 신도시는 0.05% 올랐고 경기는 0.08% 인천은 0.01% 상승했습니다. 광명시가 가장 많이 올랐는데요. 특히 소하동에 위치한 초등학교가 혁신학교로 지정되면서 학군수요가 몰렸고 아파트형 공장이 들어서면서 직장인수요가 더해진 영향으로 보입니다. 김포시의 경우는 관망세가 짙어진 매수자들이 전세로 머무르려는 경우가 많아 전세물량이 부족한 상황입니다. 녹취 이영호 닥터아파트 팀장 전세시장은 전주에 비해 상승폭이 더 커졌습니다. 노원구도 금주 들어서 상승세가 포착이 됐는데요. 중계동을 중심으로 가격이 올랐습니다. 이른감이 있지만 이곳 역시 학군수요에 따른 이동이 많은 곳이기 때문에 여름방학을 앞두고 전세가격이 상승할 것으로 전망이 됩니다. 앵커 이번엔 매매시장 살펴보죠 지난주에는 여전히 거래를 찾아보기 어려운 상황이었는데 이번 주에는 어땠습니까 기자 이번 주 서울지역 매매가는 0.06% 하락했습니다. 전주보다 0.02%포인트 낙폭이 확대되면서 하락세가 이어졌습니다. 특히 송파구는 지난주에 이어 여전히 거래가 힘든 분위깁니다. 금리가 인상되면서 매수세가 약해진 것으로 보입니다. 노원구 역시 중계동을 중심으로 중대형 아파트가 하락세를 이끌었습니다. 수도권을 살펴보면 인천이 0.06%를 기록하며 비교적 많이 떨어졌고 신도시와 경기는 각각 0.03%와 0.01%를 기록했습니다. 과천시는 지식정보화타운이 보금자리지구로 지정된 여파에 금리 인상까지 겹치면서 매수세는 전혀 없이 매물만 쌓이고 있는 상황입니다. 반면 평택시는 나오는 매물량이 턱없이 부족하다보니 매수자 문의는 다소 줄었지만 매매가는 0.05%의 상승세를 나타냈습니다. 녹취 이영호 닥터아파트 팀장 수도권 매매 시장은 금주도 약세를 면치 못했습니다. 서울은 물론 인천 신도시 경기 모든 지역에서 아파트 값이 떨어졌습니다. 공통적으로 수요자들이 시장에서 이탈하고 있는 것으로 봐서는 여름 비수기 장사가 시작된 듯 합니다. 다음주도 역시 아파트 시장은 약세가 불가피해 보입니다.,https://news.naver.com/main/read.nhn?mode=LSD&mid=shm&sid1=260&oid=018&aid=0002454176,284
262022,2011.06.17. 오후 6:57,부동산,이데일리,금리인상에 세입자 어깨짐TV,이데일리 이지현 기자 금리 인상이 전세 대란의 원인이 되고 있습니다. 대출 부담을 덜기 위해 집을 팔고 전세로 이동하는 수요가 많아지고 집주인들이 금리 인상분을 임대료에 전가하기 때문으로 보입니다. 이지현 기자가 보도합니다. 17일 국민은행 105560 에 조사에 따르면 2%로 동결된 금리가 0.25%포인트씩 오르기 시작한 작년 7월 이후 서울 매매가는 보합세를 유지하고 있는 반면 전셋값은 8.8% 상승한 것으로 나타났습니다. 대출이자 부담을 줄이기 위해 전월세가격을 올리거나 전세를 월세로 전환하려는 이들이 늘고 있기 때문입니다. 허윤경 건설산업연구원 연구위원은 기준금리가 3.25%로 오르면서 시중은행의 부동산담보대출 금리도 5%이상으로 뛰었다 라며 반면 전세 수익률은 4% 수준이어서 대출금리 대비 낮은 수익률을 개선하기 위해 전세가격을 올릴 개연성이 크다 고 말했습니다. 지난 4월 부동산담보대출 금리는 4.8%였습니다. 이번 기준금리 인상으로 5.2%까지 0.4%포인트 상승했다고 가정한다면 은행에서 4억원을 융자받아 10억원 상당의 아파트를 보유한 사람은 년간 160만원의 이자를 추가로 내야합니다. 이를 전세로 환산하면 2000만원 정도 되는 데 그만큼 인상요인이 생긴 겁니다. 이호연 부동산114팀장은 기준금리 인상이 집 없는 서민한테는 직격탄 이라며 집주인이 전세금을 올리거나 월세로 바꾸면 세입자가 부담을 고스란히 져야 한다 고 우려했습니다. 이데일리 이지현입니다.,https://news.naver.com/main/read.nhn?mode=LSD&mid=shm&sid1=260&oid=018&aid=0002454166,284
262023,2011.06.17. 오후 6:32,부동산,한국경제,인천시 영종도 개발 특별법 추진,투자 인센티브 등 지원 인천시가 인천국제공항이 있는 영종도 개발 촉진을 위해 특별법 제정을 추진한다. 17일 인천경제자유구역청에 따르면 영종도가 높은 땅값과 제도적 지원 부족 등으로 개발에 어려움을 겪고 있어 영종지구개발 특별법 제정을 통해 지원 강화를 유도할 방침이다. 인천국제공항이 있는 영종도는 대부분 지역이 경제자유구역법 신공항건설촉진법의 적용을 받는 특구로 지정돼 있다. 그러나 바다 매립지인 송도국제도시와 달리 기존 땅들을 매입해 사업을 시행해야 하는 탓에 많은 재원이 들어간다. LH 한국토지주택공사 와 인천도시개발공사가 영종지구에 건설 중인 인구 12만명 규모의 영종하늘도시는 중심상업지역에 복합문화단지인 영종브로드웨이 와 전시복합단지인 밀라노 디자인시티 개발을 추진했다가 잇따라 무산됐다. 인천경제청은 제주특별자치도법을 모델로 개발 사업 추진 절차와 투자 인센티브 외국인 정주 여건 운영 특례 등을 획기적으로 개선한다는 구상이다. 이를 위해 영종지구개발 특별법 제정안을 하반기 인천발전연구원의 정책 과제로 선정하고 연말까지 정부 · 정치권에 입법을 정식 건의할 방침이다. 국제자유도시 조성을 목적으로 하는 제주특별자치도법은 도지사가 개발종합계획을 세워 일괄 추진하게 돼 있다. 하지만 경제자유구역은 기본계획 지식경제부 장관 개발계획 시 · 도지사 실시계획 개발사업자 의 3단계를 거쳐야 한다. 특히 제주도는 군사계획만이 국제자유도시 개발종합계획에 우선하지만 영종지구를 포함한 경제자유구역은 국토종합계획 수도권정비계획 등이 우선적인 효력을 가져 개발이 크게 제한된다는 게 인천시 측 설명이다. 또 개발사업 추진을 용이하게 하는 관계 법령에 대한 특례규정 역시 제주도가 24개로 경제자유구역 3개 보다 8배 많다.,https://news.naver.com/main/read.nhn?mode=LSD&mid=shm&sid1=260&oid=015&aid=0002482490,284
262024,2011.06.17. 오후 6:32,부동산,한국경제,보금자리 분양가 시세의 85%로 반값 아파트 기대만 부풀려…민영 청약 가뭄에 공급도 급감,● 보금자리주택 뭐가 문제기에… 강남권 빼면 분양가 이미 주변시세 90% 웃돌아 주민 반발ㆍ보상 갈등에 사업추진도 지지부진 위례신도시 본청약이 이달 실시된다고 해서 내달 이후로 분양 일정을 늦췄습니다. 국토해양부와 국방부 간 보상가 이견으로 본청약 일정이 불확실해져 분양 계획을 잡기가 난감하네요. 대형 건설사 주택담당 임원 서민 주거 안정을 위해 무주택자에게 값싼 주택을 공급하는 보금자리주택 정책이 부작용을 낳고 있다. 보금자리주택 대기자가 늘면서 주택 거래가 줄어들고 전세난은 심화됐다는 비판이 나온다. 주택시장 약세로 경기지역 보금자리주택 추정 분양가는 주변 시세의 90%에 근접해 반값 아파트 란 취지도 무색해졌다. 가시지 않는 보금자리 충격파 건설사들은 수도권에서 연간 두 차례 이뤄지는 보금자리주택 분양을 피하느라 고통을 받고 있다. D건설 수도권 현장분양소장은 값싼 보금자리주택이 공급되면서 상대적으로 분양가가 비싼 건설사들은 사기꾼으로 낙인 찍힌 상황 이라고 허탈해했다. 건설단체 관계자는 2기 신도시와 택지지구를 지정해 놓고 입지 여건이 훨씬 좋은 곳에 보금자리주택을 분양하니 경쟁이 안 된다 고 하소연했다. 국토부 관계자도 교과서에만 나오는 줄 알았던 구축효과를 보금자리주택 정책에서 여실히 볼 수 있다 고 말할 정도다. 실제 그린벨트 해제를 통한 반값 아파트 조기 공급 구상이 나온 2008년부터 민간 주택 공급은 크게 위축됐다. 2007년 39만8000여가구였던 민간 주택건설 사업 승인 건수는 2008년 23만여가구로 줄었다. 보금자리주택 사전 예약이 본격 실시된 2009년에는 21만3000여가구로 감소했다. 한국건설산업연구원은 민간주택 공급이 감소함에 따라 2013년까지 주택가격 상승과 집값 불안이 심화될 것이라고 전망한 바 있다. 시장 약세에 가격메리트 뚝 반값 아파트 는 서울 강남권 보금자리지구에서만 지켜졌을 뿐이다. 경기지역에선 주변 집값에 거의 근접한 상황이다. 기존 집값 하락으로 보금자리주택의 가격 메리트가 사라지고 있는 것이다. 부동산 정보업체인 부동산1번지에 따르면 주변 시세 대비 보금자리 분양가 비율은 90%대인 곳이 적지 않다. 이런 까닭에 사전 예약 당첨자 인터넷 카페에선 본청약 때 계약하지 않겠다는 사례가 적지 않다. 앞으로 공급될 보금자리주택의 추정 분양가도 오를 전망이다. 시범지구인 강남 · 서초에선 3.3㎡당 1000만원 선이었으나 위례신도시 1280만원 5차 보금자리 1500만 1600만원 등으로 계속 높아지고 있다. 한나라당이 보금자리주택 분양가를 주변 시세의 85%까지 높이는 방안을 추진키로 하면서 보금자리주택 정책 변화에 관심이 몰리고 있다. 지식정보타운지구가 들어서는 과천시 문원동 갈현동 일대. 한경DB 위례신도시 사전 예약 당첨자들은 강남 · 서초에선 추정 분양가보다 13% 낮은 3.3㎡당 1000만원 선까지 맞췄는데 위례는 혜택이 왜 없느냐 며 항의하고 있다. 이 같은 상황에서 한나라당은 로또 보금자리 를 없애겠다며 분양가를 주변 시세의 85%까지 높이는 대책을 추진 중이어서 시장 분위기와 엇가고 있다는 비판을 받고 있다. 보상가 갈등 주민 반대 속출 서울 고덕동 경기 하남시와 과천시 등에선 주민들이 지구 지정 취소를 요구하고 있다. 4차 지구인 하남 감북 주민들은 지난 3월 서울행정법원에 보금자리 지구 지정 취하 소송 을 제기 지난 10일 첫 공판이 열렸다. 2009년 10월 지구 지정된 하남 미사 등에선 LH 한국토지주택공사 와 땅주인들의 보상가 협상 갈등으로 아직 본청약 일정을 잡지 못하고 있다. 미사지구의 한 지주는 다른 택지지구 보상 수준의 60%밖에 보상금을 못 주겠다고 해 협상이 계속 늦어지고 있다 고 전했다. 보금자리주택 정부가 서민 주거 안정을 위해 공급하는 전용면적 85㎡ 이하 분양 · 임대주택으로 2018년까지 공급 목표는 150만가구다. 땅값이 싼 개발제한구역 등에 지어 주변 시세보다 낮게 분양 인기를 끌고 있지만 청약 대기자를 양산해 주택시장 수요 기반을 위축시키고 있다는 지적을 받고 있다.,https://news.naver.com/main/read.nhn?mode=LSD&mid=shm&sid1=260&oid=015&aid=0002482489,284
262025,2011.06.17. 오후 6:31,부동산,한국경제,보금자리 분양가 시세의 85%로 주변시세 85%로 올려도 민간 분양시장 안 살아날 것,● 업계·전문가 반응 추가 지정 최대한 억제하고 민간 건설사 참여 허용해야 보금자리주택을 기다리던 실수요자들이 민간 분양 아파트로 돌아서기는 어려울 겁니다. D건설 개발담당 임원은 보금자리주택 분양가를 주변 시세의 85% 수준으로 높이더라도 일단 당첨되면 15% 차익을 보장받는 것 아니냐 며 이같이 말했다. 건설업계는 보금자리주택 분양가를 상향 조정해도 민간 분양시장 위축은 계속될 것으로 예상했다. 보금자리주택의 가격 경쟁력이 여전하다는 점이 근거다. 서울 강동 경기 과천 · 하남 등의 아파트 시세는 3.3㎡당 2000만원을 넘는다. 주변 시세의 85%로 보금자리주택 분양가를 책정하면 3.3㎡당 1700만원대다. 총액으로 계산하면 보금자리주택 85㎡ 기준 분양가가 주변 시세보다 1억원 가까이 싸다. 분양대행업체 내외주건의 김신조 사장은 가격이 비싼 지역에선 15% 차이도 큰 금액 이라고 지적했다. 민간 건설업체가 보유 중인 아파트 용지의 입지 여건이 보금자리주택보다 크게 떨어진다는 점도 문제다. 건설업체들의 수도권 2기 신도시 택지는 서울 중심부에서 40 50㎞ 떨어져 있다. 보금자리주택 지구는 대부분 20㎞ 이내다. 세곡2，내곡，강일3 · 4，고덕 등 SH공사가 개발하는 지구는 서울시내에 있다. K건설 개발담당 상무는 가깝고 교통이 편리한 곳에서 보금자리주택 공급이 줄줄이 대기하고 있는 한 김포 양주 등 2기 신도시 분양은 정상적으로 이뤄지기 어렵다 고 지적했다. 건설업계는 분양가 인상만으론 보금자리 대기 수요 증가로 인한 전세난 심화，건설경기 침체에 따른 서민경기 위축 등 보금자리주택의 다른 부작용도 해결하기 어려울 것으로 예상했다. 건설업계는 하남시 감북 · 감일，서울 강일3 · 4 고덕 등 주민 반대가 심한 곳은 무리하게 보금자리주택지구로 개발할 필요가 없다는 입장이다. 보금자리주택지구의 추가 지정도 억제하고 기존 지구의 개발 속도도 늦추는 조치가 필요하다고 강조했다. S건설 마케팅담당 임원은 LH 한국토지주택공사 부채 문제가 악화되는 것을 막기 위해서라도 보금자리주택을 지금처럼 밀어붙이는 것은 바람직하지 않다 고 강조했다. 건설업계는 보금자리주택 공급에 민간 참여를 촉구했다. 보금자리주택지구 내에서 LH는 임대주택 공급만 담당하고 민간이 일반분양 아파트 공급을 맡는 구도로 바꾸라는 지적이다. 부동산 개발업체 관계자는 60 85㎡ 공급은 원래 민간의 영역이었다 며 정부가 이 영역까지 무리하게 들어오다 보니 LH 재무 구조 악화 등의 부작용이 생겼다 고 지적했다. D건설 S사장은 현재의 민간 건설경기 위축은 지엽적인 대책으로 해결하기 힘들다 며 보금자리주택의 큰 틀을 바꾸는 획기적인 조치가 필요한 시점 이라고 강조했다.,https://news.naver.com/main/read.nhn?mode=LSD&mid=shm&sid1=260&oid=015&aid=0002482433,284
262026,2011.06.17. 오후 6:31,부동산,한국경제,보금자리 분양가 시세의 85%로,與 6월 국회서 처리 주변 시세의 50%에 그쳤던 서울 강남권과 성남 등 수도권 인기 지역 보금자리주택 분양가가 주변 시세의 85%까지 높아질 전망이다. 정진섭 한나라당 정책위 부의장은 17일 기자와 만나 보금자리주택의 분양가가 너무 낮아 투기 열풍을 불러일으키고 주변 민간주택 분양을 어렵게 하는 등 부작용이 많았다 며 분양가를 최소 주변 시세의 85%까지 높이는 방안을 당론으로 추진하기로 했다 고 밝혔다. 정 부의장은 한나라당에서 국토해양 부문을 총괄하고 있으며 정책위 산하 주택정책 태스크포스 TF 팀장을 맡고 있다. 보금자리주택은 서울 등 수도권에서는 땅값이 싼 그린벨트 등에 들어서는 경우가 많다. 따라서 이 지역에서 공급하는 보금자리주택은 분양가가 민간 주택보다 크게 낮았다. 서울 세곡지구 등 일부 보금자리주택은 주변 시세의 절반에 분양하면서 보금자리주택 로또 라는 지적을 받아왔다. 한나라당은 땅값을 비싸게 공급해 분양가를 높이는 대신 높은 분양가로 확보한 재원은 다음 보금자리주택 건설에 투자한다는 계획이다. 민주당도 이 같은 방안에 긍정적이어서 관련 법의 6월 임시국회 통과 가능성이 높다. 국토해양부 관계자는 땅값이 주변보다 크게 낮았던 서울 강남권과 성남 등의 보금자리주택 분양가가 높아질 것으로 보인다 고 말했다.,https://news.naver.com/main/read.nhn?mode=LSD&mid=shm&sid1=260&oid=015&aid=0002482432,284
262027,2011.06.17. 오후 6:31,부동산,한국경제,보금자리 분양가 시세의 85%로 소형 절반 이상으로…100% 임대는 어렵다,국토부 분양가 인상엔 찬성 국토해양부는 보금자리주택 분양가를 주변 시세의 85%까지 높이겠다는 한나라당의 입장에 대해 이견을 내놓지 않고 있다. 국토부는 보금자리주택 당첨자의 과도한 시세차익을 막는 방안을 강구 중이다. 국토부 관계자는 분양가가 주변 시세보다 크게 낮은 곳은 용지비를 올리거나 분양가심사위원회 심의를 거쳐 조정하는 내용의 보금자리주택 특별법 개정안이 이미 국회에 제출돼 있는 상태 라며 과천지식정보타운이나 고덕지구 등에서도 시범지구처럼 주변 시세의 절반 수준에 공급되는 일은 더 이상 없을 것 이라고 강조했다. 정치권 일각에서 나오는 보금자리주택지구 내 분양주택 공급 폐지 주장에 대해서는 현실성이 없다고 국토부는 설명했다. 보금자리주택 사업 대부분을 맡고 있는 LH 한국토지주택공사 가 자금난을 겪고 있는 터에 적자가 불가피한 임대주택 사업을 감당할 여력이 없다는 지적이다. 국토부 관계자는 보금자리주택을 임대주택으로만 지어야 한다는 주장은 정부가 재정을 투입하지 않고는 불가능하다 며 보금자리주택 개발에 대한 주민 반발이 심한 마당에 현재 공급 물량의 40 50%인 임대주택을 더 늘리면 사업을 추진하기 힘들 것 으로 우려했다. 국토부는 대신 보금자리주택을 소형 위주로 공급할 계획이다. 전용 60㎡ 이하 주택을 현행 20%에서 50% 이상으로 높이고 저소득층이 우선 입주할 수 있는 소득 기준을 도입할 예정이다. 2018년까지 보금자리주택 150만가구를 공급하되 연도별 공급 물량은 탄력적으로 조정하기로 했다.,https://news.naver.com/main/read.nhn?mode=LSD&mid=shm&sid1=260&oid=015&aid=0002482425,284
262028,2011.06.17. 오후 6:31,부동산,한국경제,한국소비자원 분양 카탈로그와 다르게 지으면 배상해야,분양 카탈로그와 다르게 시공된 아파트는 시공사 등이 배상할 책임이 있다는 결정이 나왔다. 17일 한국소비자원에 따르면 소비자분쟁조정위원회는 최근 대구 각산동 소재 각산 태영데시앙 아파트 주민 279명이 분양 카탈로그와 다른 가변형 벽체 등으로 시공돼 손해를 입었다 며 제기한 집단분쟁조정사건에 대해 시공사 등이 배상할 책임이 있다고 결정했다. 신청인들은 아파트를 분양받아 2009년 10월께 입주했으나 침실 간 벽체가 분양 카탈로그와 달리 가변형 벽체로 시공돼 생활상 불편과 손해가 발생했다며 시공사，시행위탁사，시행수탁사 등을 상대로 손해배상과 재시공을 요구했다. 분쟁조정위는 가변형 벽체 여부는 일반적으로 아파트 청약 여부를 결정하는 중요한 사항에 해당한다 며 그런데도 이를 수요자들에게 제대로 알리지 않았으므로 가변형 벽체 철거에 따른 불편과 비용 등을 고려해 신청인에게 가구별 위자료로 50만원씩 합계 1억1700만원을 피신청인들이 연대해 지급하라 고 결정했다.,https://news.naver.com/main/read.nhn?mode=LSD&mid=shm&sid1=260&oid=015&aid=0002482416,284
262029,2011.06.17. 오후 6:31,부동산,한국경제,주택금융公 주택특성 가격지수 개발,강남3구 우선 적용 주택금융공사가 부동산 실거래가를 이용한 주택특성 가격지수인 주택금융공사 주택특성 가격지수 HF HPI 를 개발했다고 17일 밝혔다. 주택금융공사 관계자는 HF HPI는 중개업소들이 제공하는 호가를 이용한 가격지수보다 부동산시장 가격과 담보 가치 변동을 빠르게 반영할 수 있다 면서 가격에 영향을 미치는 주택특성 변화를 설명할 수 있어 반복매매 사례가 많지 않은 지역에서도 지수 산출이 가능하다 고 설명했다. 이 지수는 강남 서초 송파 등 강남 3구부터 우선 적용된다.,https://news.naver.com/main/read.nhn?mode=LSD&mid=shm&sid1=260&oid=015&aid=0002482415,284
262030,2011.06.17. 오후 6:31,부동산,한국경제,토·일요일은 농촌서 충주·홍천 주말주택 뜬다,내년부터 주5일 수업 이 실시돼 전원주택에 대한 관심이 높아지고 있다. 사진은 강원도 영월군 주천면에 26가구 규모로 지어진 산이실전원마을. 한경DB 내년 주5일 수업 앞두고 주말농장ㆍ주택 수요 팽창 양평·춘천도 거래 꾸준 서울 대치동에 사는 직장인 이영봉 씨 51 는 10년째 주말을 강원도 횡성군 공근면 초원리에서 보낸다. 마을이 내려다 보이는 산중턱에 마련한 집 70㎡ 과 텃밭에서다. 마흔을 갓 넘었을 때 주말에 머리를 식힐 요량으로 장만했다. 시냇물에서 물장구치던 아이들은 대학생이 됐다. 내년부터 초 · 중 · 고 주5일 수업 을 전면 실시하면 주2일 여가 시대가 열린다. 전원주택 전문가들은 주말주택 주말농장 유사 전원주택 시장이 커질 것으로 내다봤다. 멀티해비테이션 인구 늘 듯 주5일 수업으로 주중엔 도시 주말엔 농촌에서 생활하는 멀티해비테이션 다거주지 인구가 늘어날 전망이다. 아이들 교육 문제로 도시생활을 접고 시골로 내려오긴 어려운 까닭이다. 전원생활 정보 업체 OK시골의 김경래 사장은 설문조사를 해보면 30 50대의 주말주택 수요가 가장 많다 며 내년부터 여가 시간이 늘어나면 농촌과 도시를 오가며 살려는 이들이 증가할 것 이라고 말했다. 주말농장 수요도 늘어날 것으로 예상된다. 전원주택 전문 카페 전원별곡 을 운영하는 박인호 씨는 농지는 도시민도 1000㎡ 이하를 자유롭게 취득할 수 있는 데다 토지거래 허가구역 해제 등의 호재가 있다 며 수도권 땅을 사들여 작은 집을 짓고 텃밭을 가꾸려는 이들이 증가할 것 이라고 말했다. 전원생활을 느낄 수 있는 단독주택 수요도 늘어날 것이란 전망도 있다. 최근 수도권 택지지구에 마당 딸린 단독주택이나 땅콩주택 듀플렉스 홈 을 마련하려는 실수요자들이 늘어나는 추세다. 홍천 · 춘천 · 충주 주말주택지 관심 주말주택 수요는 소형 위주로 형성되고 있다. 땅 495㎡ 약 150평 안팎 건물 66㎡ 20평 총 구입비 1억5000만원 전후의 수요가 가장 많다는 전언이다. 토지 시장 거품이 많이 빠져 매입 부담도 크지 않다. 경기 양평읍 김병문 드림공인 사장은 시장 침체로 급매물 위주 거래가 많다 며 양평에선 661㎡ 200평 에 2억원대 안팎이 가장 인기 라고 전했다. 경기 광주시 김종언 LBA베르빌공인 사장은 가격도 내렸고 매물도 많다 며 실수요자에겐 지금이 기회 라고 말했다. 홍천 춘천 충주 등이 주말주택지로 새로 부상하고 있다. 김경래 사장은 고속도로가 많이 개통되면서 서울에서 1시간30분 거리인 곳들이 늘었다 며 값비싼 서울 근교를 고집할 필요가 없다 고 조언했다. 강원 홍천읍 김원석 플러스공인 사장은 토지 시장은 침체지만 홍천 양양 간 고속도로 IC 신설 예정지역 주변에서 3.3㎡당 20만 30만원대 땅을 찾는 문의가 부쩍 늘었다 고 전했다. 수도권 이외 읍면 단위의 △대지 660㎡ 이하 △주택면적 150㎡ 이하 △기준시가 2억원 이하인 집은 농촌주택에 해당돼 1가구 1주택 비과세 혜택이 유지된다는 장점도 있다.,https://news.naver.com/main/read.nhn?mode=LSD&mid=shm&sid1=260&oid=015&aid=0002482414,284
262031,2011.06.17. 오후 6:31,부동산,한국경제,서울시 주택정책 방향 세미나,건설주택포럼 회장 신완철 은 21일 서울 역삼동 한신인터벨리 4층 메모리스에서 서울시 주택정책 방향 이라는 주제로 정기세미나를 개최한다. 김효수 서울시 주택본부장이 서울시 주택정책 방향 에 대해 주제 발표자로 나선다.,https://news.naver.com/main/read.nhn?mode=LSD&mid=shm&sid1=260&oid=015&aid=0002482413,284
262032,2011.06.17. 오후 5:48,부동산,이데일리,동부엔지니어링 인도네시아 발전사업 진출,이데일리 김동욱 기자 동부엔지니어링은 한국남동발전과 인도네시아 수력발전사업 공동개발을 위한 양해각서 MOU 를 체결했다고 17일 밝혔다. 두 회사는 인도네시아 수력발전 시장에서 공동으로 사업을 수행키로 하고 북수마트라주 아사한강 유역 90MW급 수력발전소와 인근 10MW급의 소수력발전소를 함께 개발하기로 했다. 이에 따라 한국남동발전은 발전소 투자와 운영관리를 수행하고 동부엔지니어링은 사업개발 타당성 조사와 설계 및 감리 용역을 수행할 예정이다. 동부엔지니어링 정해문 부사장 왼쪽 과 한국남동발전 주 엄창준 건설처장이 인도네시아 수력발전 공동개발을 위한 MOU 체결후 기념사진 촬영을 하고 있다.,https://news.naver.com/main/read.nhn?mode=LSD&mid=shm&sid1=260&oid=018&aid=0002454137,284
262033,2011.06.17. 오후 5:47,부동산,파이낸셜뉴스,김황식 국무총리 건설의 날 기념식박창규 롯데건설 대표이사 금탑산업훈장,대한건설단체총연합회는 17일 서울 논현동 건설회관 2층 대강당에서 건설업계 관계자 등 1000여명이 참석한 가운데 ‘국민과 함께하는 건설 세계로 미래로 ’를 주제로 ‘건설의 날 기념식’을 개최했다. 김황식 국무총리 왼쪽 가 건설산업 발전에 기여한 공로로 박창규 롯데건설㈜ 대표이사 오른쪽 첫번째 에게 금탑산업훈장을 수여하고 있다.,https://news.naver.com/main/read.nhn?mode=LSD&mid=shm&sid1=260&oid=014&aid=0002459054,284
262034,2011.06.17. 오후 5:38,부동산,세계일보,1억이면 임대수요 풍부한 수익형부동산 3채…비즈트위트 잡아볼까,세계닷컴 서울시 구로구 구로동 신도림역 1·2호선 환승역 과 대림역 2호선 더블 역세권에 위치한 문영비즈트위트 오피스텔 및 도시형생활주택을 선착순 분양중이다. 비즈트위트 는 1인 2인 세대를 겨냥한 초소형 오피스텔과 도시형 생활주택으로 지하3층 지상19층 분양 면적 기준 32.55㎡ 46.37㎡ 총 436세대로 구성됐으며 여타 도시형 생활주택과 차별되는 주민공동시설을 별도로 마련해 입주민 편의시설을 최대한 제공했다. 고급 마감재 사용과 시스템 에어컨 빌트인 시스템 TV 비데를 무상으로 제공하고 세대별 구분등기 각종 세제혜택이 주어진다. 계약금은 10% 중도금 60% 무이자대출 잔금 30%로 입주 시 까지 추가부담 없이 투자가 가능하다. 주택임대사업을 계획하는 투자자는 수도권 3주택만 구입하면 임대사업을 할 수 있어 적은 투자금액으로도 안정적인 수익을 얻을 수 있다. 신도림역과 대림역 구로역 주변은 홈플러스 테크노마트 이마트 애경백화점 등 대형 편의시설이 입점 영업 중이다. 신도림역과 연결되는 약 40만㎡ 규모의 디큐브시티 내 디큐브백화점 쉐라톤호텔 뮤지컬 전용극장 콘서트홀 오피스사무 동 주상복합아파트 등 올해 8월 27일 오픈 예정으로 신도림역을 기준으로 일대 변혁이 예상된다. 또한 목동 이대병원 고대 구로병원 등 대형의료 시설도 인접해 있어 투자에 좋은 조건을 충족하고 있다. 디지털 단지 등 IT 밸리 종사자 약 23만 명과 강남지역 출·퇴근자 사업지 인근 직장인 등 상주인구와 유동인구를 동시에 아우르고 풍부한 임대수요를 바탕으로 공실이 없다는 것이 큰 장점이다. 실투자금은 3000만원대로 전매가 자유롭다. 2012년 12월 입주 예정이다. 신청방법은 선착순 호수지정 신청금 100만원 이며 신청금은 미계약시 전액환불된다. 입급계좌는 우리은행 1005 601 836687이며 예금주는 주 문영종합개발이다. 분양문의 02 2111 6620 ※본 콘텐츠는 기업 제공 자료로 세계닷컴의견과 다를수 있습니다. Segye.com Segye.com 인기뉴스 학교 9일째 결석 집에 찾아가보니 온가족이… 아이폰으로 콘서트 촬영하면 전원 꺼진다 北 여학생 대상 성폭행 급증 이유 알고보니… 90대 할머니 성추행 당해…경찰 보고도 쉬쉬 평양에 탄환비 쏟을 미사일 전진 배치…왜 ⓒ 세계일보 Segye.com 무단 전재 및 재배포 금지 금융전문뉴스 세계파이낸스 모바일로 만나는 세계닷컴 세계닷컴은 한국온라인신문협회 www.kona.or.kr 의 디지털뉴스이용규칙에 따른 저작권을 행사합니다.,https://news.naver.com/main/read.nhn?mode=LSD&mid=shm&sid1=260&oid=022&aid=0002276497,284
262035,2011.06.17. 오후 5:16,부동산,매일경제,과천엔 비수기에도 전세고객 급증,비수기인 데도 갑자기 전세 문의가 많아지고 있습니다. 과천시 별양동 A공인중개업소 관계자 요즘 과천시 별양동 주변 공인중개업소에는 평일 오전에도 전세매물을 찾는 고객들의 상담 요청이 줄을 잇고 있다. 전세시세를 묻는 전화가 끊이지 않고 걸려온다. 이 일대 중개업소에 따르면 지난달 중순 보금자리 5차 지구로 과천 원문동 일대가 지정된 이후 문의전화는 예전보다 두 배 정도 늘었다. 중개업자 김 모씨는 전반적인 수도권 전세난 영향도 있지만 5차 보금자리지구 지정 이후 청약 기대심리 영향도 있는 것 같다 고 말했다. 전세금도 덩달아 뛰고 있다. 85㎡ 기준으로 1000만 1500만원씩 올랐다. 닥터아파트에 따르면 과천지역 3.3㎡당 평균 전세금은 5월 초 1002만원에서 현재 1010만원까지 올랐다. 올해 들어 월간 최대 상승폭이다. 보금자리지구 지정이 전세 수요에 영향을 미치고 있는 것은 지역우선청약제도와 관련 있는 것으로 분석되고 있다. 국토해양부가 66만㎡ 이상 수도권 대규모 택지개발지구 내 아파트에 적용하는 지역우선공급제도에 따르면 과천지구에서 분양하는 특별ㆍ일반공급분 30%는 과천시 거주자에게 우선 공급된다. 17일 현재 금융결제원 아파트 청약 사이트 아파트투유에 따르면 5월 말 기준 과천시의 청약저축 1순위자는 2977명으로 과천지구 전체 주택공급 규모인 9600가구의 3분의 1 수준에도 못 미친다. 또 거주자 우선공급에서 탈락해도 경기도 거주자와 수도권 거주자에 대해 차례로 배정되는 우선공급에 또다시 지원 가능해 당첨 확률은 상당히 높아진다. 과천 외 지역 청약자에 비해 절대적으로 유리한 고지에 서게 되는 셈이다. 함영진 부동산써브 실장은 5차 보금자리지구 사전예약은 일러야 내년 중반 이후 본청약은 그 이듬해 정도 돼야 실시될 것으로 보이는데 해당 지역 거주 1년이면 청약 자격이 생긴다 며 청약 자격만 갖추면 공공보금자리가 아니더라도 민간 중대형 보금자리도 높은 당첨 확률을 기대할 수 있어 지역에 거주하면 유리한 게 사실 이라고 말했다. 이지용 기자 r start 포토 박민영 고양이 발톱에 상의가 그만‥ 아찔한 순간 선박왕 역외탈세 추징 제동 빵값 최대 17% 올라…뚜레쥬르 가격인상 나체로 돌고래와 함께 바다 수영 女 화제 김길태가 탈옥했다 …인터넷에 괴소문 한재석 측 ‘박솔미 열애설’ 진위 확인 중 ‘긍정 부정 추측은 아직’ 포토 미쓰에이 수지 백팩으로 공항패션 종결자 r end ⓒ 매일경제 mk.co.kr 무단전재 및 재배포 금지 MBA도 모바일로 공부한다.,https://news.naver.com/main/read.nhn?mode=LSD&mid=shm&sid1=260&oid=009&aid=0002487008,284
262036,2011.06.17. 오후 5:16,부동산,매일경제,서울 강북 재개발 이주로 전세수요 늘어,재건축 이주가 시작돼 전세 수요가 늘고 있는 서울 서대문구 북아현뉴타운 일대 모습. ＜매경DB 재건축으로 이주를 앞둔 서울 강남구 대치동 청실아파트 여파로 강남권 전세금이 오르고 있는 가운데 강북 지역에서도 재개발에 따른 이주가 속속 진행 중이어서 전세시장이 들썩이고 있다. 현재 이주가 진행 중인 곳은 서대문구 북아현1 1구역과 동대문 답십리16구역 마포구 상수 제2구역 양천구 신정4구역 영등포구 신길7ㆍ11구역 은평구 녹번1 3지구 등이다. 마포구 용강2구역과 염리2구역 성북구 석관2구역 등도 이주를 앞두고 있다. 이 밖에도 올 하반기 이주 예정인 재개발ㆍ재건축 사업장은 20여 곳으로 이주민은 약 2만가구가 될 전망이다. 대규모 이주가 몰린 지역에서는 전세금이 이미 오른 상태다. 북아현뉴타운 인근 단독주택 전세금은 연초 1억 1억3000만원 수준에서 최근 1억5000만 1억8000만원으로 30% 이상 올랐지만 매물 구하기가 하늘의 별 따기 다. 북아현동 경남아파트 112㎡도 연초 2억2000만 2억4000만원 수준이던 전세금이 최근에는 2억8000만원까지 상승했다. 인근 B공인 관계자는 북아현뉴타운 전체 이주 수요가 4000가구가량 되는데 이 가운데 절반 정도가 이주했다 며 전세금이 오른 것뿐 아니라 전세 물건이 거의 없어 개점휴업 상태 라고 전했다. 신길7ㆍ11구역 거주민들이 이주 중인 신길동 일대도 사정은 비슷하다. 신길동 우성3차 105㎡는 연초 1억7000만 2억원 수준이던 전세금이 최근 2억2000만 2억3000만원까지 올랐다. 신길7구역 조합 관계자는 이주 예정자들이 전세물건 부족을 호소한다 며 주변에서 전세를 구하지 못해 다른 지역으로 이사 가는 사례도 많다 고 전했다. 녹번1 3지구 이주가 시작된 은평구 녹번동 일대도 방 2개짜리 빌라 전세금이 6500만원에서 8000만 9000만원 수준까지 상승했다. 강남구 대치동 청실아파트와 서초구 반포동 한신1차 송파구 가락동 가락시영 1 2차 등 대단지 아파트 이주가 예정된 강남권에서는 전세물건 부족으로 전세금 상승이 이미 두드러지게 진행되고 있다. 조민이 부동산1번지 팀장은 재개발ㆍ재건축 이주가 특정 시기에 몰린 것은 2008년 금융위기 이후 경기 침체와 용적률 상향 추진 등의 이유로 사업이 지연된 곳이 많았기 때문 이라며 이주 수요가 일시에 몰리면 전세시장이 불안해질 수밖에 없다 고 말했다. 정부는 재개발ㆍ재건축 사업이 지역 또는 시기적으로 집중돼 전ㆍ월세 시장을 자극하는 사태를 막기 위해 시도지사가 사업시행 인가나 관리처분 인가 시점을 조정할 수 있도록 하는 내용을 담은 도시 및 주거환경정비법 개정안을 내놓았지만 아직 국회에서 처리되지 못한 채 계류 중이다. 이은아 기자 r start 포토 박민영 고양이 발톱에 상의가 그만‥ 아찔한 순간 선박왕 역외탈세 추징 제동 빵값 최대 17% 올라…뚜레쥬르 가격인상 나체로 돌고래와 함께 바다 수영 女 화제 김길태가 탈옥했다 …인터넷에 괴소문 한재석 측 ‘박솔미 열애설’ 진위 확인 중 ‘긍정 부정 추측은 아직’ 포토 미쓰에이 수지 백팩으로 공항패션 종결자 r end ⓒ 매일경제 mk.co.kr 무단전재 및 재배포 금지 MBA도 모바일로 공부한다.,https://news.naver.com/main/read.nhn?mode=LSD&mid=shm&sid1=260&oid=009&aid=0002487007,284
262037,2011.06.17. 오후 5:16,부동산,매일경제,시공사 재개발공사비 추가로 못올린다,재개발ㆍ재건축 사업시 건설사가 임의로 공사비를 올리는 묻지마식 공사비 인상 이 원천봉쇄된다. 서울시는 정비사업 추진시 건설사가 추가 공사 자재 고급화 등 사유로 공사비를 올리는 사례가 빈번해 조합원 부담이 커지는 현상을 막기 위해 새 기준을 정했다. 건설사들은 재개발ㆍ재건축사업 시공사 입찰시 일단 낮은 금액을 써내 시공사로 선정된 뒤 발코니 확장 조경 고급화 등을 이유로 설계변경 혹은 특화공사를 추가하며 공사비를 올리는 것이 관행처럼 돼 있다. 서울시는 앞으로는 추가 공사를 하더라도 건설사가 최초로 제안한 금액 이상으로 공사비를 올리지 못하도록 방침을 정했다. 이에 따라 정비사업 조합원들의 비용 부담이 낮아지고 건설업계 전반에 걸쳐 투명성이 강화될 것으로 관측된다. 정비업계와 조합 등에 따르면 새 기준이 시행될 때 공사비가 10 20%가량 낮아질 것으로 추산된다. 서울시는 또 종전 경쟁입찰이 아닌 대안입찰 방식으로 시공사를 선정한다는 계획이다. 대안입찰이란 조합 등 발주처가 입찰가격 상한선을 정해놓은 상태에서 각종 자재ㆍ품질에 대한 기준을 제시해 이와 동등하거나 나은 효과를 지닌 공법ㆍ신자재 등을 활용하도록 해 건설 품질을 높이고 가격 인하도 유도하는 방식이다. 건설사 입장에서 무턱대고 낮은 가격을 입찰가로 써낼 수도 없다. 시공사로 선정되면 설계ㆍ자재 변경 등을 하더라도 공사비를 올릴 수 없게 되기 때문이다. 결국 공사를 낙찰받기 위해서는 기술개발과 더불어 건설사 마진폭을 줄일 수밖에 없다. 서울시는 이 같은 기준을 공공관리제도를 적용하는 사업장에 적용할 계획이다. 올해 하반기 사업시행인가를 얻어 시공사를 선정할 예정인 고덕주공2단지부터 적용될 것으로 보인다. 서울시 관계자는 건설사들이 공사비용을 마구잡이로 올리던 관행이 사라져 정비사업 투명성이 높아지고 조합원 부담도 줄어들 것 이라고 내다봤다. 이명진 기자 r start 포토 박민영 고양이 발톱에 상의가 그만‥ 아찔한 순간 선박왕 역외탈세 추징 제동 빵값 최대 17% 올라…뚜레쥬르 가격인상 나체로 돌고래와 함께 바다 수영 女 화제 김길태가 탈옥했다 …인터넷에 괴소문 한재석 측 ‘박솔미 열애설’ 진위 확인 중 ‘긍정 부정 추측은 아직’ 포토 미쓰에이 수지 백팩으로 공항패션 종결자 r end ⓒ 매일경제 mk.co.kr 무단전재 및 재배포 금지 MBA도 모바일로 공부한다.,https://news.naver.com/main/read.nhn?mode=LSD&mid=shm&sid1=260&oid=009&aid=0002487002,284
262038,2011.06.17. 오후 5:15,부동산,매일경제,정비예정구역에 부분임대주택 늘려,서울시가 정비예정구역에 부분임대주택을 대폭 늘려 공급하기로 했다. 대상 지역은 광진구 군자ㆍ중곡2동과 강동구 천호동 등 정비예정구역 72곳이다. 급증하는 1 2인 가구 주택 수급에 일조할 뿐 아니라 해당 사업구역 원주민 재정착률을 높이는 효과도 거둘 것으로 보인다. 부분임대주택이란 1개 주택에 2가구가 함께 거주할 수 있도록 거실 부엌 화장실 등 주거 공간을 분리한 주택형을 말한다. 집주인은 구분된 공간을 임대해 임대수익을 거둘 수 있기 때문에 정비구역 주민들이 떠나지 않고 다시 살 수 있는 유인책이 된다. 서울시에 따르면 재개발 사업지는 정비사업 후 가구 수가 약 80% 선으로 줄어드는 것으로 나타났다. 진희선 서울시 주거정비과장은 재개발 후 가구 수가 줄어드는 지역에 부분임대주택을 도입해 가구 수 증가 효과를 거둘 수 있을 것 이라고 말했다. 서울시는 이와 함께 재건축 정비예정구역 내 지하철 역세권과 대학가 주변에도 부분임대주택을 공급한다는 방침이다. 거주 수요가 많은 이들 지역에 부분임대주택을 대거 보급함으로써 주택 수급상 균형을 맞춘다는 취지다. 오는 9월까지 주민공람을 거쳐 특별한 반대가 없으면 72곳 모두 정비예정구역으로 지정된다. 구역별로 부분임대주택이 얼마나 공급될지 등은 추후 정비구역 지정ㆍ정비계획 수립시 확정된다. 서울시는 정비예정구역 72곳을 범죄예방 환경설계 방식을 적용해 조성할 방침이다. 사업지 곳곳에 CCTV를 설치하고 골목길이나 지하주차장 등지에서 보안 사각지대를 없애는 방향으로 설계해 범죄 발생을 원천봉쇄하는 기법이다. 이명진 기자 r start 포토 박민영 고양이 발톱에 상의가 그만‥ 아찔한 순간 선박왕 역외탈세 추징 제동 빵값 최대 17% 올라…뚜레쥬르 가격인상 나체로 돌고래와 함께 바다 수영 女 화제 김길태가 탈옥했다 …인터넷에 괴소문 한재석 측 ‘박솔미 열애설’ 진위 확인 중 ‘긍정 부정 추측은 아직’ 포토 미쓰에이 수지 백팩으로 공항패션 종결자 r end ⓒ 매일경제 mk.co.kr 무단전재 및 재배포 금지 MBA도 모바일로 공부한다.,https://news.naver.com/main/read.nhn?mode=LSD&mid=shm&sid1=260&oid=009&aid=0002487000,284
262039,2011.06.17. 오후 5:15,부동산,매일경제,부산 명륜 아이파크 28대 1…84㎡는 74대 1까지,현대산업개발이 부산시 동래구 명륜동에서 분양한 명륜 아이파크가 높은 경쟁률로 1순위 마감해 부산 청약 시장의 열기를 보여줬다. 17일 금융결제원에 따르면 지난 16일 1순위 청약을 접수한 명륜 아이파크는 858가구 모집에 총 2만4290명이 청약해 평균 경쟁률 28.3대1을 보였다. 특히 1단지 전용면적 84A㎡는 169가구 모집에 1만2508명이 몰려 74대1의 경쟁률을 나타냈다. 1단지 전용 126A㎡ 11가구 도 8.9대1의 경쟁률을 보일 정도로 중대형 아파트까지 인기를 얻었다. 현대산업개발 관계자는 교통 학군 편의시설이 잘 갖춰진 명륜동에서 오랜만에 분양하는 1409가구 대단지라 많은 인기를 끌 수 있었다 며 분양가도 3.3㎡당 800만 900만원으로 주변 시세에 비해 높지 않아 실수요자가 많이 몰렸다 고 분석했다. 명륜 아이파크에 이어 다음달까지 부산에서는 브랜드파워를 갖춘 대단지 분양이 예정돼 청약시장 훈풍을 이어갈지 주목된다. 이달 말 부산 수영구에서는 포스코건설이 민락1구역을 재개발해 더샵 센텀포레 를 분양한다. 전용 59 154㎡ 다양한 평형으로 구성된 1006가구 단지며 이 중 일반분양으로 705가구가 공급된다. 쌍용건설도 다음달 수영구 광안동에서 전용 59 161㎡로 구성된 광안리 쌍용예가 928가구를 분양한다. 더샵 센텀포레 와 광안리 쌍용예가 가 들어서는 수영구 일대는 센텀시티의 후광 효과 때문에 최근 부산에서 인기 주거지로 떠오르고 있는 곳이다. 센텀시티 내 다양한 생활편의시설과 인프라스트럭처를 함께 누릴 수 있고 부산지하철 2호선 이용도 편리하다. 북구 구포동에서는 동원개발이 공급면적 97 130㎡ 1071가구를 공급한다. 김제림 기자 r start 포토 박민영 고양이 발톱에 상의가 그만‥ 아찔한 순간 선박왕 역외탈세 추징 제동 빵값 최대 17% 올라…뚜레쥬르 가격인상 나체로 돌고래와 함께 바다 수영 女 화제 김길태가 탈옥했다 …인터넷에 괴소문 한재석 측 ‘박솔미 열애설’ 진위 확인 중 ‘긍정 부정 추측은 아직’ 포토 미쓰에이 수지 백팩으로 공항패션 종결자 r end ⓒ 매일경제 mk.co.kr 무단전재 및 재배포 금지 MBA도 모바일로 공부한다.,https://news.naver.com/main/read.nhn?mode=LSD&mid=shm&sid1=260&oid=009&aid=0002486998,284
262040,2011.06.17. 오후 5:14,부동산,파이낸셜뉴스,국토부 ‘청렴 강조’ 행동강령 만든다,국토해양부가 직원들의 청렴을 강조한 행동강령을 만들어 분위기 쇄신에 나선다. 국토부는 지난 16일 권도엽 장관과 기획조정실장 감사담당관 운영지원과장 노조위원장 등이 참석한 가운데 회의를 열어 직원 행동강령을 만들어 발표하기로 했다. 행동강령에는 국회 산하 공공기관 협회 등 산하단체 언론 등 대외기관과의 바람직한 식사 및 술자리 문화와 최소한의 행동지침 등이 담길 것으로 알려졌다. 국토부는 이번에 만드는 행동강령을 산하 공공기관에도 적용할 방침이다. 국토부는 이번 주말까지 구체적인 방안을 마련한 뒤 20일 열리는 확대간부회의에서 최종안을 확정해 발표할 예정이다. 확대간부회의에는 권 장관을 비롯한 국토부 간부와 전국 지방청 관리국장 한국토지주택공사 LH 한국수자원공사. 한국도로공사 등 대표 산하기관의 감사담당자 등이 참석하게 된다. 국토부 관계자는 개인적인 술자리에서 2차를 금지하거나 음식값을 3만원 이하로 제한하는 방안 각자 음식값을 내는 방안 등 다각적인 내용을 검토하고 있다 고 말했다.,https://news.naver.com/main/read.nhn?mode=LSD&mid=shm&sid1=260&oid=014&aid=0002459021,284
262041,2011.06.17. 오후 5:13,부동산,파이낸셜뉴스,전세 전환 미분양 아파트 세입자 입주와 동시에 전세권 설정해야,주택경기 장기침체와 고분양가 등으로 준공 후 미분양이 꾸준히 늘고 있다. 이런 가운데 준공 후 미분양 주택을 전세로 전환해 공급하는 곳도 늘어나고 있다. 하지만 전세 전환 미분양아파트 입주 때는 전세권을 설정해야 나중에 회사가 부도날 경우 전세금을 보전받을 수 있다. 전세전환 미분양 계약만료로 자금 묶여 17일 건설·부동산업계 등에 따르면 2009년 미분양 아파트를 전세로 전환해 세입자를 모집한 사업자가 해당 아파트 임대도중에 부도나면서 이 아파트 세입자들이 전세금을 돌려받지 못해 발을 동동거리고 있다. 부산지역 시행사인 낙민건설은 미분양된 부산 낙민동의 한일유앤아이 아파트 302가구를 전세로 전환해 공급했다. 그러나 도중에 시행사가 부도나자 대전저축은행이 채권회수를 위해 이 아파트 302가구에 근저당을 설정했다. 대전저축은행은 부산저축은행의 계열사로 지난 2월 영업정지됐다. 그런데 이 아파트는 5월 말부터 302가구의 세입자들에 대한 전세계약기간이 만료되고 있지만 시행사의 부도로 가구당 1억1000만원∼1억5000만원에 달하는 전세금을 돌려줄 수 없는 상황이다. 이에 전세금이 묶인 세입자들은 이사도 못가고 발이 꽁꽁 묶인 상태다. 낙민건설의 분양사무소 관계자는 7·8월에는 계약 만료되는 가구가 더 많아지는데 세입자들의 항의가 거세질 것 같아 걱정 이라며 그래도 대부분 전세권 설정이나 확정일자를 받아놓아 전세금을 떼일 염려는 크지 않을 것 이라고 했다. 하지만 전세권 설정을 하지 않거나 전세금을 돌려받지 않은 상황에서 다른 데로 집을 옮길 경우 어떻게 될지 모르겠다 며 지금 계약기간이 만료된 가구는 전세계약이 자동갱신된 셈이지만 경매에 넘어갈 경우에는 상황이 달라질 것 이라고 말했다. 이 아파트 세입자인 이모씨는 전세난 때문에 일찍부터 전셋집을 알아본 후 계약금을 지불했는데 전세금을 돌려주지 않아 난감한 상황 이라며 해결책이 빨리 나와야 할 것 이라고 호소했다. 또 다른 세입자 전모씨는 회사에서 전세 모집 당시 계약기간 만료 후 분양 우선순위를 주겠다 며 분양가 할인도 언급해 입주했다 면서 그 말을 믿고 분양 전환받을 계획을 세웠는데 분양도 계속 미뤄지고 있어 어찌할 바를 모르겠다 고 전했다. 주민등록 이전·전세권 설정 필수 미분양을 전세로 전환한 아파트의 경우 입주하기 전에 각별한 주의가 필요하다는 것이 전문가들의 조언이다. 미분양 아파트의 전세입주자에 대한 특별한 보호장치가 없기 때문이다. 분양아파트는 건설사가 부도났을 때 계약자가 대한주택보증의 분양보증제도를 활용할 수 있고 분양전환되는 공공 임대 아파트도 토지에 대한 근저당 설정을 금지하지만 미분양 아파트의 전세입주자는 특별한 보호장치가 없다. 부동산써브 함영진 실장은 전세금을 지키기 위해서는 전세권 등기를 하는 게 가장 확실하고 전세권 설정이 쉽지 않다면 잔금지급 즉시 주민등록을 옮기는 동시에 임대차 계약서상에 확정일자를 받아야 한다 고 말했다. 함 실장은 주민등록은 계약자 본인 외에 배우자 가족의 주민등록도 유효하므로 가족전원이 아니고 일부만 해도 상관없다 고 덧붙였다.,https://news.naver.com/main/read.nhn?mode=LSD&mid=shm&sid1=260&oid=014&aid=0002459020,284
262042,2011.06.17. 오후 5:13,부동산,파이낸셜뉴스,서울 오피스빌딩 임대수익률 강남권→여의도권→도심권,서울 도심권과 강남권 여의도권 등 시내 3대 오피스 권역의 오피스빌딩 임대수익률은 강남권→여의도권→도심권순으로 높은 것으로 나타났다. 17일 상가투자컨설팅에 따르면 서울시내 3개 권역의 5∼15층 규모 오피스 빌딩 각 200동씩을 권역별로 분석한 결과에 따르면 오피스 빌딩의 환원이율은 4월 말 현재 강남권이 5.8% 여의도권 5.7% 도심권 4.9%로 나타났다. 환원이율은 오피스 매매가격에 대한 임대수익의 비율을 나타내는 것으로 임차인에게는 임대료 수준이 적정한지 판단하는 지표로 오피스 투자자에게는 매입가격이 적정한지를 판단하는 지표로 작용한다. 환원이율이 높으면 매매시세와 비교할 때 임대료 수준이 다소 높은 것이며 환원이율이 낮은 것은 임대료 수준에 비해 매매시세가 높게 형성된 것으로 볼 수 있다는 게 상가투자컨설팅 측의 설명이다. 서울 도심권의 평균 환원이율이 낮은 것은 최근 이 권역의 신규 오피스 과잉공급에 따른 공실률의 증가와 관련이 있다. 신규 오피스 물량 증가로 기존 오피스 소유주들이 임대료를 깎아 주는 형식으로 계약을 연장 매매시세에 대한 임대료 비율이 최근 크게 낮아졌다. 이에 비해 환원이율이 높은 강남권의 경우 중소형 오피스를 중심으로 리모델링 중인 곳이 늘어 그에 따른 대체 오피스의 임대료가 상승으로 이어지고 이는 환원이율의 상승으로 번졌다는 분석이다. 한편 최근 수익형부동산에 대한 관심이 급증하고 있는 가운데 특히 오피스와 같은 고가 물건의 임차와 투자에 있어 더욱 더 신중한 접근이 필요하다는 지적이다. 상가투자컨설팅 경국현 대표는 해당 지역의 평균적이고 일반적인 환원이율을 활용해 오피스에 대한 자신의 지출 규모가 타당성이 있는지 평가할 수 있으므로 시장의 추이를 꾸준히 관찰하는 것이 중요하다 고 말했다.,https://news.naver.com/main/read.nhn?mode=LSD&mid=shm&sid1=260&oid=014&aid=0002459019,284
262043,2011.06.17. 오후 5:12,부동산,머니투데이,다주택자 물딱지 구제 길 열린다,머니투데이 박동희 MTN기자 앵커멘트 재개발 재건축 구역에서 다주택자의 지분을 매입했다가 분양권을 인정받지 못했던 이른바 물딱지 매입자들이 일괄 구제될 것으로 보입니다. 관련법 규정 적용을 내년 말까지 유예하는 개정안이 국토해양위원회 소위를 무난히 통과해 이번달 본회의에서도 처리될 것으로 전망됩니다. 박동희 기잡니다. 리포트 지난해 6월 집을 팔려고 부동산중개업소에 들렸던 최순자 씨 재개발 구역에 주택 두 채를 갖고 있는 최 씨의 경우 나머지 한 채는 분양권이 없는 이른바 물딱지라는 사실을 알았습니다. 인터뷰 최순자 북아현뉴타운 3구역 조합원 하나를 팔라하니까 못 팔아 먹는다고...분양권이 안나와서 물딱지 된다 해가지고. 청천벽력같이...그래서 제가 홧병을 다 얻었고... 이전엔 관리처분 전까지만 지분을 매입하면 분양권을 받을 수 있었지만 지난 2009년 8월 도정법 개정으로 조합설립 이전에 매입한 경우로 분양권 인정 기간이 대폭 축소됐습니다. 하지만 도정법 개정이후에도 지자체들은 법제처의 유권해석을 기다리며 7개월간 적용을 미루는 바람에 개정 사실은 제대로 알려지지 않았습니다. 북아현뉴타운 3구역에만 200가구 전국적으로 수천 가구가 이같은 사실을 알지 못한 채 분양권이 없는 물딱지로 전락했습니다. 이러다보니 조합원 아파트를 분양받기 위해 거금을 들여 집을 샀던 사람들은 죄다 현금 청산할 처지에 놓이게 됐습니다. 이들을 구제하기 위해 마련된 도정법 재개정안이 16일 국토해양위원회 법안심사 소위를 통과하면서 구제의 길이 열렸습니다. 개정안에는 조합설립 이후 다주택자의 주택을 매입할 경우 분양권을 부여하지 않도록 한 도정법 19조 1항 3호 적용을 2012년 12월 31일까지 유예하는 내용의 부칙 이 포함됐습니다. 스탠딩 개정안이 최종 통과되면 내년 12월 31일까지는 다주택자의 지분을 매입해도 분양권을 인정받을 수 있게 됩니다. 인터뷰 윤석용 국회의원 한나라당 선의의 피해를 봤던 조합원과 주택 매입자들에게도 구제방안이 열리게 됐습니다. 이제 서민의 고통을 많이 해소하게 되었습니다. 도정법 개정안은 이번 달 말 국회 본회의를 통과하면 다음 달부터 적용될 예정입니다. 머니투데이방송 박동희입니다.,https://news.naver.com/main/read.nhn?mode=LSD&mid=shm&sid1=260&oid=008&aid=0002557602,284
262044,2011.06.17. 오후 5:12,부동산,파이낸셜뉴스,부산 명륜아이파크 1순위 청약 최고 74대 1,부산 동래구 명륜동 명륜 아이파크 아파트가 1순위 청약접수에서 최고 74.01대 1의 경쟁률을 기록하며 대부분 마감됐다. 17일 금융결제원에 따르면 지난 16일 실시한 현대산업개발은 명륜 아이파크 1순위 청약접수에서 특별 공급분을 제외한 858가구 모집에 2만4290명이 청약해 평균 28.31대 1의 경쟁률을 기록한 가운데 1·2단지 14개 주택형 중 13개 주택형이 마감됐다. 1단지 전용면적 84A㎡는 169가구 모집에 1만2508명이 몰려 최고 경쟁률을 보였고 1단지 62㎡ 75가구 는 45.57대 1 84B㎡ 72가구 는 37.78대 1 84C㎡ 100가구 는 21.37대 1의 경쟁률을 보였다. 중대형 아파트도 인기가 높았다. 1단지 126A㎡ 11가구 는 8.91대 1의 경쟁률을 보였고 가장 큰 주택형인 151㎡도 1.15대 1로 청약을 마감했다. 다만 2단지 109㎡는 22가구 모집에 20명이 청약해 유일하게 2가구가 미달됐다. 현대산업개발 관계자는 명륜동은 오래전부터 부산의 역사와 문화의 중심지 역할을 해왔던 곳이라 교통·학군·생활편의시설 등이 잘 갖춰져 있다 며 분양가도 3.3㎡당 800만∼900만원대로 주변 시세보다 저렴하게 책정한 것이 분양성공으로 이어진 것 같다 고 말했다. 명륜동 명륜3구역을 재개발한 명륜 아이파크는 지하 3층∼지상 28층 20개동에 총 1409가구의 대단지로 부산지하철1호선 명륜역과 1·4호선 환승역인 동래역이 가깝고 주변에 명문학군과 각종 기반 및 편의시설이 잘 갖춰져 있다.,https://news.naver.com/main/read.nhn?mode=LSD&mid=shm&sid1=260&oid=014&aid=0002459018,284
262045,2011.06.17. 오후 5:11,부동산,머니투데이,김포 한강신도시 칫 입주 아파트 가봤더니…,머니투데이 홍혜영 MTN기자 앵커멘트 제 모습을 갖춰가고 있는 김포 한강신도시에 처음으로 입주를 시작한 아파트가 나왔습니다. 올해 모두 8천여 가구를 비롯해 2013년까지 5만여 가구가 입주하면 신도시다운 면모를 보일 것으로 보입니다. 현장을 홍혜영 기자가 다녀왔습니다. 리포트 오늘 17일 부터 입주가 시작된 김포 한강신도시의 우남퍼스트빌입니다. 1200가구가 들어서는 대단지로 전용면적 131제곱미터 ㎡ 에서 250㎡에 이르는 중대형 위주입니다. 지난 2008년 8월에 분양을 시작한 뒤 3년 5개월 만에 결실을 보게 된 셈입니다. 인터뷰 최청경 입주자예정자 대표 단지 조경이나 아니면 엘리베이터나 그리고 저희가 또 특히 LED 주차장의 등 같은 게 설치돼서 관리비도 절약이 될 것 같고 일단은 크고 넓어서 좋은 것 같아요. 입주민들의 의견을 반영해 커뮤니티 시설에는 헬스장 스크린 골프장 노래방 등을 갖춰 6개월 간 무료로 이용할 수 있도록 했습니다. 덕분에 입주 의사를 보인 비율도 올초 30%에서 70%까지 올랐습니다. 또 한 그루 당 1억 원이 넘는 느티나무를 비롯해 소나무 4 000 그루를 심어 단지내 조경의 격을 높였습니다. 인터뷰 김갑수 우남건설 김포현장 소장 산책공원 같은 느낌을 갖게끔 했고요. 그리고 호텔 같은 분위기를 연출하고자 각종 편의시설이 지하나 지상에 설치가 돼 있습니다. 아파트 인근 상권과 대중 교통 등 주변 환경은 아직 미흡한 편이지만 다음달 중 단지내 상가가 문을 열고 다음달 초 김포 한강로가 개통되면 생활 편의가 보다 나아질 것으로 보입니다. 한강 신도시에는 연말까지 모두 7900여 가구가 내후년인 2013년까지 총 5만800가구가 들어설 예정입니다. 머니투데이방송 홍혜영입니다.,https://news.naver.com/main/read.nhn?mode=LSD&mid=shm&sid1=260&oid=008&aid=0002557601,284
262046,2011.06.17. 오후 5:11,부동산,파이낸셜뉴스,서울 아파트 매매가 11주 연속 하락,비수기에다 기준금리 인상 등의 여파로 주택시장에 관망세가 더욱 짙어지면서 서울지역의 아파트 매매가격이 11주 연속 하락했다. 경기 과천지역은 5차 보금자리주택 지구 개발 추진에 따른 후폭풍으로 재건축 아파트값이 급락하면서 집값이 4주 연속 떨어졌다. 이에 비해 서울지역 전세시장은 때 이른 방학수요와 재개발·재건축에 따른 이주수요가 겹치면서 3주 연속 가격이 올랐다. 17일 부동산정보업체 부동산114에 따르면 이번 주 10일 대비 16일 서울지역 아파트 매매가격은 전주 대비 0.02% 하락했다. 지역별로는 송파 0.05% 와 강남 0.04% 강동 0.03% 노원 0.02% 양천 0.02% 강서 0.02% 등이 떨어졌다. 수도권도 지난주에 이어 하락세가 이어졌다. 과천은 0.15%나 내렸고 남양주 0.04% 와 김포 0.02% 등도 하락했다. 신도시도 관망세가 지속되면서 분당 0.01% 과 일산 0.01% 평촌 0.01% 이 소폭 내렸다. 전세가격은 서울이 0.04% 상승하면서 전주 0.03% 에 비해 상승폭을 더 키웠다. 신도시와 수도권도 각각 0.02% 0.01% 올랐다. 부동산114 이호연 팀장은 지난주 기준금리 인상 이후 시장이 더욱 냉각되고 있다 면서 이달 들어 아파트 매매시장은 관망세가 짙어지면서 가격 약세가 확산되는 양상이며 재건축 단지가 하락을 주도하고 있다 고 말했다.,https://news.naver.com/main/read.nhn?mode=LSD&mid=shm&sid1=260&oid=014&aid=0002459016,284
262047,2011.06.17. 오후 4:31,부동산,아시아경제,사학연금 공공기관 경영평가 A등급,아시아경제 박민규 기자 사립학교교직원연금공단 사학연금 은 기획재정부가 주관하는 지난해 공공기관 경영평가에서 준정부기관 중 가장 높은 A등급을 받았다고 17일 밝혔다. 공공기관 경영평가는 준정부기관 34개 공기업 21개 중소형기관 45개 등 총 100개 기관을 대상으로 한다. 등급은 S·A·B·C·D·E 등 6개로 나뉜다. 최고등급인 S를 받은 곳은 없었고 A 25개 B 43개 C 24개 D 8개 등을 각각 받았다. 사학연금 관계자는 준정부기관 중 최고등급을 달성할 수 있었던 것은 주성도 이사장의 강력한 리더십 아래 조직 혁신을 통해 2년 연속 순이익 1조원 이상 달성 등의 성과를 거뒀기 때문 이라고 말했다. 사학연금은 지난 5월 재정부가 발표한 지난해 기금운용평가에서도 전체 1위에 오른 바 있다.,https://news.naver.com/main/read.nhn?mode=LSD&mid=shm&sid1=260&oid=277&aid=0002624855,284
262048,2011.06.17. 오후 4:23,부동산,매일경제,건설주택포럼 21일 세미나 개최,건설주택포럼 회장 신완철 한화건설 상무이사 은 6월 21일 화 오후 6시 30분 서울시 역삼동 한신인터벨리 4층 메모리스에서 “서울시 주택정책 방향”이라는 주제를 가지고 정기세미나를 개최한다고 밝혔다. 발표자로는 김효수 서울시 주택본부장이 나와 “서울시 주택정책 방향”에 대하여 발표할 예정이며 발표 후 지명토론도 같이 진행된다. 토론자로는 김호철 단국대 도시계획 및 부동산학부교수 박재룡 삼성경제연구소 수석연구원 윤주선 한호건설 대표이사 장용동 헤럴드경제 대기자 장홍균 현대산업개발 상무이사 등이 토론할 예정이다. 매경닷컴 연기홍기자 r start 포토 박민영 고양이 발톱에 상의가 그만‥ 아찔한 순간 선박왕 역외탈세 추징 제동 달라진 쇼호스트 말보다 마음으로 판다 나체로 돌고래와 함께 바다 수영 女 화제 김길태가 탈옥했다 …인터넷에 괴소문 한재석 측 ‘박솔미 열애설’ 진위 확인 중 ‘긍정 부정 추측은 아직’ 포토 공항에 뜬 카라 상큼한 공항패션 r end ⓒ 매일경제 mk.co.kr 무단전재 및 재배포 금지 MBA도 모바일로 공부한다.,https://news.naver.com/main/read.nhn?mode=LSD&mid=shm&sid1=260&oid=009&aid=0002486903,284
262049,2011.06.17. 오후 4:07,부동산,MBN,현장취재②전·월셋값 더 오른다,앵커멘트 이달 들어 전셋값이 다시 꿈틀거리고 있습니다. 하반기가 걱정돼 전셋집을 미리 알아보는 사람들이 늘어나고 있기 때문인데 금리가 인상되자 전셋값 상승 속도는 더 빨라지고 있습니다. 최윤영 기자가 보도합니다. 기자 서울 강남의 한 아파트 단지. 이곳 168제곱미터 전셋값은 한 달 새 무려 6 500만 원이나 올랐습니다. 이렇게 지난 3월 말부터 안정세를 보이던 전셋값은 최근 다시 불안해지고 있습니다. 이번 주 전셋값 상승률은 지난주의 2배로 더 가팔라지는 모습입니다. 하반기 대규모 재건축 이주로 전세수요가 늘어날 것이란 예상에 서둘러 집을 알아보는 사람들이 늘어난데다 최근 금리 인상도 전셋값 상승에 부채질하는 모습입니다. 스탠딩 최윤영 기자 이번 금리 인상 여파로 전세시장은 더 술렁이는 모습입니다. 높은 이자를 부담하면서 집을 사느니 전세로 있겠다는 수요가 증가할 것이란 전망입니다. 인터뷰 박상언 유엔알 대표 금리 인상됨으로써 집값 하락에 대한 기대감이 커져가기 때문에 대기수요가 전세시장으로 몰릴 것으로 예상됩니다. 하반기에도 전세시장 불안할 것으로 예상됩니다. 여기에 집주인들이 금리 인상을 이유로 전월셋값을 더 올릴 가능성이 커 걱정입니다. 인터뷰 정태희 부동산써브 과장 금리 인상된 만큼 임대인들은 대출 이자 부담 때문에 전·월세 가격 올릴 가능성 큽니다. 전·월세시장 불안한 요인으로 작용할 가능성 큽니다. 한편 올 하반기 신규 아파트 입주 물량은 지난해 같은 기간보다 10만 가구 줄어든 12만 가구에 불과합니다. 올가을에는 사상 최악의 전세 대란이 닥칠 것이란 우려가 나오는 상황입니다. MBN뉴스 최윤영입니다.,https://news.naver.com/main/read.nhn?mode=LSD&mid=shm&sid1=260&oid=057&aid=0000167426,284
262050,2011.06.17. 오후 3:48,부동산,매일경제,서울 접근성 탁월 양평 벽산 블루밍 분양,벽산건설은 경기도 양평군 양평읍 벽안리에 ‘양평 벽산 블루밍‘을 분양 중이다. 총 928 세대 대단지로 되어 있다. 중앙선 복선전철로 개통으로 인해 서울을 50분대 출퇴근할 수 있는 서울생활권에 편입된 양평은 여주 마산을 잇는 중부내륙고속도로의 양평연장 구간이 2012년까지 개통 예정이며. 제2서울외곽순환고속도로 양평 남양주 구간이 현재 예비타당성 조사가 진행 중으로 대중교통망 뿐만 아니라 도로망까지 서울 수도권 접근성이 획기적으로 개선될 전망이다. 단지 인근으로 양평길병원 양평동초교 양평중교 양일고교와 골프연습장 백운봉 등산로 등이 위치하여 교육환경과 문화·자연혜택을 누릴 수 있으며 양평 지역에는 경기영어마을 양평캠프가 기존 파주 영어마을에 버금가는 규모로 들어서 다양한 교육 시설과 함께 차별화된 영어교육 서비스를 제공하고 있다. 서울 도심과 불과 1시간 거리에 위치하였고 전원주택의 메카로 불릴 만큼 쾌적한 자연환경을 자랑하며 전원생활 1순위 지역으로 손꼽힌 양평은 2009년말 덕소 용문간 중앙선 복선전철 구간이 완공되면서 서울 출퇴근이 편리한 서울생활권에 편입되면서 주거여건이 크게 개선되었다. 그동안 자연환경 보호와 난개발 방지를 위한 각종 규제책들이 하수처리시설 증설로 풀리게 되어 양평이 수도권 동부 지역을 대표하는 친환경 주거지역으로 부상하고 있다 최근 하루가 다르게 급등하는 서울 지역 전세가격의 영향으로 인근의 하남 남양주 구리 지역의 전세가격도 하루가 다르게 치솟고 있다. 기존 거주지에서 불과 몇 정거정장 차이의 저렴한 아파트를 찾는 수요가 몰리며 30 40대 젊은 직장인에게도 높은 인기를 얻고 있다. 양평 벽산블루밍에 거주하고 있는 한 입주민은 “서울에서 살던 집을 전세놓고 전세금으로 분양받아 이사 왔는데 차액으로 임대상품에 투자하여 생활비로 쓰고 있다.”며 “쾌적한 환경에서 여유있게 생활할 수 있는 점이 장점“이라고 밝혔다. 031 775 7001 매경닷컴 뉴스센터 ⓒ 매일경제 mk.co.kr 무단전재 및 재배포 금지 MBA도 모바일로 공부한다.,https://news.naver.com/main/read.nhn?mode=LSD&mid=shm&sid1=260&oid=009&aid=0002486876,284
262051,2011.06.17. 오후 3:37,부동산,머니투데이,금리인상 여파…아파트 값 11주째 하락,머니투데이 전병윤 기자 시황 매매 관망세 지속 …송파·강남·강동 등 약세 주도 아파트 매매시장이 기준금리 인상에 따른 여파로 더욱 위축되는 가운데 가격이 떨어진 지역도 점차 늘어나고 있다. 17일 부동산114에 따르면 이번 주 13 17일 서울 아파트 매매가격은 지난주보다 0.02% 하락했다. 11주 연속 내림세다. 강남권의 주요 재건축 아파트 단지가 하락세를 주도했다. 송파 0.05% 강남 0.04% 강동 0.03% 노원 0.02% 양천 0.02% 동작 0.02% 강서 0.02% 순으로 하락세를 보였다. 매매가격이 떨어진 곳은 총 14개 구로 지난주보다 2배 가까이 늘어 하락세가 확산되는 양상이다. 송파는 잠실주공5단지에서 조합 총회를 앞두고 기대감을 형성했지만 일부 저가 매물만 거래됐다. 112㎡와 115㎡ 모두 1000만원 하락했다. 가락시영2차는 거래부진으로 1000만원 정도 내렸다. 강남 역시 관망세가 이어져 개포주공1 4단지 청실1 2차 등 주요 재건축 단지들이 500 1500만원 정도 하락했다. 신도시도 관망세가 이어져 분당 0.01% 일산 0.01% 평촌 0.01% 이 소폭 내렸고 산본과 중동은 변동이 없었다. 분당 아파트 가격은 거래부진이 이어진 가운데 중대형 면적을 중심으로 소폭 내렸다. 이매동 이매코오롱 금곡동 청솔성원 등이 250 500만원 정도 하락했다. 일산 역시 관망세로 일산동 후곡태영13단지 주엽동 문촌동부 등 중소형 면적이 250만원 정도 내렸다. 경기 역시 지난주와 마찬가지로 하락세를 지속했다. 과천의 아파트 매매가는 주변 보금자리 영향과 재건축 단지의 거래부진으로 가격 하락 폭이 컸다. 5월 말 이후 4주 연속 내림세다. 과천 0.15% 남양주 0.04% 김포 0.02% 등이 하락했다. 과천은 주공 1·6·10단지 중소형 면적이 500 1000만원 가량 내렸다. 김포는 한강신도시 입주 영향으로 약세를 보였다. 6월 첫 입주를 시작으로 연내 8000여 가구가 입주한다. 주변인 풍무동 양도마을서해 중대형 아파트 매매가가 250만원 정도 소폭 하락했다.,https://news.naver.com/main/read.nhn?mode=LSD&mid=shm&sid1=260&oid=008&aid=0002557503,284
262052,2011.06.17. 오후 3:35,부동산,머니투데이,청실 재건축 이주 수요…강남 전셋값 들썩,머니투데이 전병윤 기자 시황 전세 서초 0.30% 강남 0.11% …입주 2년차 맞은 재계약도 영향 재건축에 따른 이사 수요로 강남권의 아파트 전세가격이 상승세를 보였다. 17일 부동산114에 따르면 이번 주 13 17일 서울 아파트 전세가는 0.04% 올랐다. 지난주 전세가 상승률보다 0.01%포인트 높아졌다. 특히 강남 재건축으로 인해 인근 지역의 전셋값이 큰 폭으로 올랐다. 서초 0.30% 강남 0.11% 금천 0.05% 광진 0.03% 강서 0.02% 송파 0.01% 등이 상승세를 보였다. 강남 청실1·2차 재건축 이주 수요 영향과 서초의 입주 2년차 아파트에서 재계약에 나선데 따른 영향이다. 서초는 신규 공급물량이 적었던 터라 입주 2년차인 래미안반포퍼스티지에서 재계약 사례가 늘면서 중대형 면적의 전세가격이 2500만원 가량 올랐다. 이 여파로 반포자이의 중대형 아파트 전셋값도 1000 2000만원 정도 상승했다. 강남은 청실 재건축 이주수요 여파로 대치동 국제 삼성래미안 선경1 2 3차 우성1차 등 중대형 면적의 전세가격이 1500 3000만원 뛰었다. 신도시 아파트 전셋값은 중동 0.04% 분당 0.02% 일산 0.02% 이 상승했고 평촌과 산본은 전주와 같았다. 중동은 일부 전세수요가 이어져 중동 보람아주 등 중소형 면적이 200만원 올랐다. 분당 역시 수요가 많지는 않았지만 일부 이사 수요로 분당동 샛별동성과 삼부 등 중소형 아파트 전세가격이 250 500만원 높게 계약됐다. 경기 역시 소폭이지만 전세가 오름세를 이어갔다. 경기 남부권과 서울 인접지역을 중심으로 일부 수요가 몰려 상승세를 탔다. 수원 0.04% 용인 0.02% 하남 0.02% 남양주 0.01% 등이 올랐고 이외 지역은 보합세를 보였다. 수원은 매탄동 매탄주공5단지 정자동 현대벽산 영통동 영통e편한세상 등 중소형을 중심으로 250 500만원 상승했다. 용인 역시 구갈동 강남마을계룡리슈빌 보라동 선비마을삼정 등 중소형의 전셋값이 500만원 가량 올랐다.,https://news.naver.com/main/read.nhn?mode=LSD&mid=shm&sid1=260&oid=008&aid=0002557502,284
262053,2011.06.17. 오후 3:21,부동산,세계일보,현대산업개발 정몽규 회장 사회공헌활동 지속,세계닷컴 현대산업개발 회장 정몽규 아이파크 사회봉사단은 지난 5월 동천요양원을 찾아 개보수 봉사를 실시했다. 지난 2004년 발족한 아이파크 사회봉사단은 정몽규 회장을 비롯한 현대산업개발 전 임직원들이 참여하는 봉사 조직으로 사회복지시설 개보수 사업을 비롯해 매년 다양한 사회봉사활동을 진행하고 있다. 지난 2008년 태안 기름유출 때에는 정몽규 회장이 솔선수범해 충남 태안군 구름포 해수욕장을 찾아 바위에 묻는 기름을 닦아 내는 등 아이파크 사회봉사단은 경영진과 임직원이 함께하는 봉사조직으로 자체적인 자원봉사 관리시스템을 통해 지원자를 모집하고 있으며 봉사활동 시간도 근무시간으로 인정해주는 등 임직원의 참여를 독려하고 있다. 이번에 아이파크 봉사단이 찾은 노원구 하계동에 위치한 동천요양원은 1급 장애인 40명과 임직원 등 총 60여명이 생활하고 있는 중증장애인 요양시설로 그동안 누수로 인해 시설물 사용에 어려움을 겪어왔다. 이에 아이파크 사회봉사단은 서울지역자활센터협회와 함께 지난 5월 19일부터 30일까지 총 140명의 봉사 인력을 투입해 화장실 누수 보수 및 리모델링 도배 및 장판 교체 식당 바닥 교체 대청소 등 다양한 시설물의 개보수 봉사를 실시해 장애인들의 생활환경을 개선했다. 현대산업개발 정몽규 회장은 아이파크 사회봉사단 뿐만 아니라 포니정재단을 통해서도 사회공헌활동을 지속하고 있다. 지난 2005년 설립된 포니정재단은 국내 장학사업 및 해외 장학사업 인문학 분야에 대한 학술지원사업 등 나눔경영을 이어가고 있다. 특히 사학분야에 대한 학술지원은 국내 최초로 지난 2008년부터 이뤄진 것으로 포니정재단은 사학분야에서 매년 2개의 연구주제를 선정해 지원하고 있다. 아울러 지난 5월에는 제 5회 포니정 혁신상 수장자로 영국 케임브리지대학 장하준 교수를 선정하고 발표한 바 있다. 이처럼 아이파크 사회봉사단과 포니정재단을 통해 지속적인 사회공헌활동을 펼치고 있는 현대산업개발 정몽규 회장은 향후에도 꾸준히 활동을 이어가며 지원과 활동의 폭을 늘려갈 계획이다. 미디어팀 media segye.com Segye.com 인기뉴스 학교 9일째 결석 집에 찾아가보니 온가족이… 90대 할머니 성추행 당해…경찰 보고도 쉬쉬 평양에 탄환비 쏟을 미사일 전진 배치…왜 日 한국女 토막살인…정부 머리 찾아내라 김흥국 외압에 고통 받는 대중예술인 없길 ⓒ 세계일보 Segye.com 무단 전재 및 재배포 금지 금융전문뉴스 세계파이낸스 모바일로 만나는 세계닷컴 세계닷컴은 한국온라인신문협회 www.kona.or.kr 의 디지털뉴스이용규칙에 따른 저작권을 행사합니다.,https://news.naver.com/main/read.nhn?mode=LSD&mid=shm&sid1=260&oid=022&aid=0002276431,284
262054,2011.06.17. 오후 3:21,부동산,헤럴드POP,건협 ‘비전VISION 2020’ 선포 국민소득 4만 달러 시대를 선도하는 품격있는 건설산업 리더 지향,최삼규 대한건설협회 회장은 17일 서울 강남구 논현동 건설회관 2층 중회의실에서 개최한 ‘2011 회계년도 제1회 임시총회’에서 협회의 중장기 발전 전략을 담은‘VISION 2020’을 선포했다. 이날 선포한‘VISION 2020’은 글로벌 금융위기 이후 건설시장의 구조적인 변화와 건설경기침체 장기화 등에 대응한 건설 신수요 창출과 건설산업의 지속가능한 발전을 선도하기 위해 국민 친화적 건설환경 조성 고품격 회원서비스 강화 및 미래지향적 경영체제 구축의 3대 목표를 정하고 이를 위한 8개 전략과제 등을 담았다. 최삼규 회장은 “여러 가지로 어려운 지금이야말로 새로운 건설산업 성장의 틀을 만들어야 할 때”라며 “‘VISION 2020’을 통해 대한건설협회가 신수요 창출을 통한 건설산업의 지속가능한 발전을 선도해 나갈 것”이라고 말했다. 한편 이 날 총회에서는 상반기 사업 추진실적 보고와 2010 회계년도 결산안 등을 심의 의결하고 대정부 건의 및 회원사의 건설산업 위기 극복 의지를 담은 결의문도 채택했다.,https://news.naver.com/main/read.nhn?mode=LSD&mid=shm&sid1=260&oid=112&aid=0002203991,284
262055,2011.06.17. 오후 3:19,부동산,아시아경제,영종도 개발 촉진 위한 특별법 제정 추진,영종도 항공사진. 아시아경제 김봉수 기자 인천시는 인천국제공항이 있는 중구 영종도의 개발을 촉진하기 위한 특별법 제정을 추진 중이라고 17일 밝혔다. 높은 지가와 제도적 지원책 미비 등으로 난항을 겪고 있는 영종도 개발에 대한 특단의 대책 마련 차원에서다. 영종도는 인천국제공항이 위치해 있고 영종하늘도시와 용유무의복합레저단지 등 경제자유규역법 신공항건설촉진법의 적용을 받는 특별 구역이다. 그러나 매립지인 송도와 달리 토지 수용 등에 돈이 많이 들어 사업성 확보 및 재원 조달에 어려움이 많다. 특히 최근의 부동산 경기 침체가 심해지면서 LH와 인천도시개발공사가 개발하던 영종하늘도시의 각종 개발 사업이 잇따라 무산됐다. 이에 따라 인천경제청은 제주특별자치도법을 모델로 개발사업 추진 절차와 투자 인센티브 외국인 정주여건 운영 특례 등을 획기적으로 개선한다는 계획이다. 이를 위해 영종지구 개발 특별법 제정안을 마련 중이며 연말까지 제도적 개선책을 마련해 정부와 정치권에 입법을 정식 건의할 예정이다. 인천경제청 관계자는 세계가 부러워하는 공항을 갖춘 영종지구를 국가발전의 원동력으로 삼기 위해선 획기적인 개발 지원책이 시급하다 면서 제주특별자치도법과 경제자유구역법간 비교ㆍ분석을 통해 영종도의 특성을 반영한 제도 개선안을 마련하겠다 라고 말했다.,https://news.naver.com/main/read.nhn?mode=LSD&mid=shm&sid1=260&oid=277&aid=0002624809,284
262056,2011.06.17. 오후 3:18,부동산,아시아경제,대한건설협회 협회의 중장기 발전 전략 담은 비전 2020 선포,아시아경제 조철현 기자 최삼규 대한건설협회 회장은 17일 오전 서울 논현동 건설회관 2층 중회의실에서 열린 2011 회계년도 제1회 임시총회 에서 협회의 중장기 발전 전략을 담은 비전 2020 을 선포했다. 이날 선포한 비전 2020 은 글로벌 금융위기 이후 건설시장의 구조적인 변화와 건설경기 침체 장기화 등에 대응한 건설 신수요 창출과 건설산업의 지속 가능한 발전을 선도하기 위해 수립됐다. 비전 2020에서는 국민 친화적 건설 환경 조성 고품격 회원서비스 강화 미래 지향적 경영체제 구축 등 3대 목표와 함께 이같은 목표 달성을 위한 8개 전략과제 등이 담겨 있다. 최 회장은 여러 가지로 어려운 지금이야말로 새로운 건설산업 성장의 틀을 만들어야 할 때 라며 비전 2020 을 통해 대한건설협회가 신수요 창출을 통한 건설산업의 지속 가능한 발전을 선도해 나갈 것 이라고 말했다. 한편 이날 총회에서는 상반기 사업 추진실적 보고와 2010 회계년도 결산안 등을 심의 의결하고 대정부 건의 및 회원사의 건설산업 위기 극복 의지를 담은 결의문도 채택했다.,https://news.naver.com/main/read.nhn?mode=LSD&mid=shm&sid1=260&oid=277&aid=0002624806,284
262057,2011.06.17. 오후 3:03,부동산,매일경제,수익형 호텔 분양 인기 몰이 이용가치 투자가치 극대화,탁트인 서해바다가 펼쳐지고 멀리 강화도가 보이는 그 곳에 당당하게 위용을 자랑하며 에이세븐 인천에어포트 호텔이 분양을 시작한다. 특급호텔 급의 서비스와 부대시설을 갖춘 에이세븐 인천에어포트는 생활에 필요한 모든 가전이 실내에 빌트인 돼 있어 마치 내 집처럼 편안하면서도 럭셔리한 휴식공간을 제공한다. 에이세븐 인천에어포트는 인천공항과 불과 10분 거리로 일 년 내내 항공사 승무원 및 국내외 여행객관광객이 몰리는 탄탄한 상권이 형성돼 있어 객실점유율이 타 지역 숙소보다 월등히 높아 수익형호텔 분양으로 높은 수익률을 기대할 수 있다. 또한 최근에 한류열풍으로 인천공항을 통해 한국을 방문하는 중국 일본 동남아 등 외국인 관광객들이 폭발적으로 늘어나고 있으며 숙박업소의 경우 객실이 부족해 더 이상 숙박을 할 수 없는 상황까지 발생하는 등 현재 서울과 수도권에는 숙박업에 대한 수요가 상상이상으로 증가세를 기록하고 있어 수익형 호텔 분양 투자자들의 구미를 당기고 있다. 항공사 여행사 186개 MOU체결 및 업무제휴 에이세븐 인천에어포트는 대한관광경영학회로부터 대한관광경영대상을 수상한 KTMI 주 에서 전체 169실을 10년간 임대차 계약을 체결하여 위탁경영하기에 안정적인 임대수익을 올릴 수 있다. 또한 국내외 항공사 여행사 등 186개 업체와 MOU 및 업무제휴를 체결하였다. 회사보유분 마지막 30개 분양 총 객실 169실중 회사보유분 30실을 제외한 나머지 호실은 100% 분양이 완료되어 있다. 현재 회사보유분인 마지막 30실을 분양중에 있다. 선착순 마감이라 빠른 결정이 요구된다. 8월 9월 전 객실 예약 완료 현재 인천국제공항 근무인력은 만명정도이며 2011년 5월 기준으로 일간 평균 616회의 운항 및 여객수는 87 785명이며 연간 이용객은 3 000만명이다. 최근 중국과 일본 대만 등 관광객들의 수요가 많아지고 세계 공항서비스 평가에서 6연패를 달성한 인천국제공항의 위상에 맞추어 영종도의 호텔 및 비즈니스 숙박시설의 공급이 수요를 따라가지 못하고 있는 상황이다. 이러한 상황에서 에이세븐 인천에어포트는 6월 7일 기준으로 8 9월 달은 모든 객실 예약이 완료된 상태이다. 임대수익 10% 지급 에이세븐 인천에어포트의 경우 객실운영을 통한 수익금을 소유주에게 분배함으로 최소 연 10%의 운영수익을 2년간 확정 책임 보장하며 다양한 사업기획을 통해 향후 수익률이 12% 15%이상 상승도 기대된다. 특히 일반콘도와 리조트의 이용권과 달리 서비스드 레지던스 수익형호텔 시스템을 도입해 전문운영사인 KTMI 주 의 도움으로 안정적인 임대수익을 얻을 수 있고 무엇보다 토지와 건물지분에 대해 개인 및 법인 소유권 이전 등기가 가능해 정확한 재산권 행사가 가능해 수익형호텔 분양 투자자들에게 최고의 안전한 투자방식으로 평가되고 있으며 고정적인 고수익 창출의 소득원이 될 수 있는 일석이조의 효과를 누릴 수 있다. 대출은 하나은행에서 총 분양금액의 40%를 대출해 준다. 에이세븐 인천에어포트는 15평 19평형 등으로 구성되어 있으며 분양가는 1억2천만원에서 1억4천만원선이다. 6월 18일 파셜 오픈 7월 중 그랜드 오픈 에이세븐 인천에어포트는 2011년 6월 18일 파셜오픈 7월 중에 그랜드 오픈으로 호텔영업을 개시한다. www.aseveninchon.co.kr 분양문의 032 746 0028 자료게종 에이세븐 인천에어포트 ⓒ 매일경제 mk.co.kr 무단전재 및 재배포 금지 MBA도 모바일로 공부한다.,https://news.naver.com/main/read.nhn?mode=LSD&mid=shm&sid1=260&oid=009&aid=0002486852,284
262058,2011.06.17. 오후 3:02,부동산,연합뉴스,논산시 저소득층 무료 부동산중개업소 운영,논산 연합뉴스 정윤덕 기자 충남 논산시는 저소득층을 위한 무료 부동산 중개업소를 운영한다고 17일 밝혔다. 이 같은 이웃사랑 부동산중개업소 로는 논산지역 113개 중개업소 중 7개 업소가 지정됐다. 이들 중개업소는 독거노인이나 소년소녀가장 국민기초생활보장 수급자 중 의료급여대상 장애우 등을 대상으로 전세 4천만원 이하 월세 산출식 4천만원 이하 계약에 대해 무료로 중개서비스를 제공하게 된다. 저소득층 시민이 시청 민원실이나 읍면동사무소를 방문해 신청서를 제출하면 관련서류 심사 후 지정 중개업소로 연결돼 서비스를 제공받을 수 있다. 황명선 시장은 저소득층 시민들이 전.월세 계약을 자주하게 되는데 부동산중개 수수료가 큰 부담이 됐다 며 무료 중개서비스를 통해 저소득층 가구의 주거안정에 큰 도움이 될 것으로 기대된다 고 말했다. 자세한 사항은 논산시 토지관리과 토지정책담당 ☎ 041 730 3477 에게 문의하면 된다.,https://news.naver.com/main/read.nhn?mode=LSD&mid=shm&sid1=260&oid=001&aid=0005118272,284
262059,2011.06.17. 오후 2:56,부동산,아시아경제,광주 월세 대비 전세가율...전국 최고,아시아경제 진희정 기자 이 동네 대부분 월세 보증부 월세 다. 집주인들이 다 그렇게 한다. 세입자들 돈 있는 세입자들도 그냥 눌러 앉고 있다. 집을 안 산다는 거다 방금 전에도 월세로 계약 체결했다. 전세는 매물이 없고 있다 하더라도 집주인들이 월세로 전환한다 같은 전라도인데도 전주보다 아파트가 저평가돼 있다. 가격 상승에 대한 기대감이 없는 편이다 광주 지역 주택시장 분위기가 심상치 않다. KB국민은행에 따르면 지난달 광주 지역 아파트의 평균 전세비율은 75%를 기록했다. 매매가 대비 전세가율의 전국 평균은 59%이고 수도권 47%이다. 광주 지역 전세가율은 전국에서도 가장 높다. 어제 오늘처럼 새삼스러운 일이 아니다. 지난 2001년 2월 이후 줄곧 70% 이상의 매매가 대비 전세비율을 기록하고 있다. 재미있는 사실은 전세비율 가운데 순수 전세의 비율이 27.6%로 전국에서 가장 낮고 반전세를 포함 월세가 전체 임대차 시장에서 70%를 차지하고 있다. 일반적으로 매매가 대비 전세비율이 높은 곳은 가격 상승에 대한 압박이 있어야 하는데 기록상 상승 압력이 전혀 없다. 오히려 아파트 매매가는 더 떨어지고 있다. KB국민은행 주간동향에 따르면 6일 현재 매매지수는 0.5를 기록하며 지난 4월 11일 1.0을 기록한 이후 지속적으로 하락하고 있다. 광주 수완지구 A공인중개사는 85㎡기준으로 매매가가 1억8000만 1억9000만원 전세가는 1억3000만원이고 반전세로 돌릴 경우 저렴한 물건이 7000만원에 월 60만원의 임대료를 낸다 며 이웃한 전주보다도 기존 아파트가 저평가 돼 있어서 그런지 월세에 대한 부담도 덜한 편 이라고 설명했다. 전매제한이 풀린 분양권 역시 기존 집값 하락에 영향을 주고 있다. 공공택지로 1년간 전매가 제한됐던 수완지구의 전매제한이 지난 4월 풀려 최근 공급된 아파트의 분양권 전매가 가능해졌다. 분양권을 전문 거래하는 B공인중개사는 분양권에 관심을 둔 투자자나 실수요가 늘면서 평균 500만 1000만원 가량의 프리미엄이 형성돼 있다 며 일부 단지 로열층은 1500만 3000만원 가량 웃돈을 줘야 매매가 가능하다 고 전했다. 전문가들은 광주지역의 특수성을 지적한다. 지난 4년간 신규 공급이 부족한데다 기존 집값 상승에 대한 기대감이 없어 월세로의 전환이 다른 지역보다 빠른 것으로 분석했다. 클리코 21 임대주택연구소 한문도 소장은 기존 집값 상승에 대한 기대감이 없으니 집주인의 입장에서는 전세보다 월세를 선호하는 것이 당연하다 며 저금리 상태에서 전세를 놓는 것보다는 월 임대료를 받으며 유지하는 것이 낫다 고 말했다. 씨티은행 김일수PB는 수요자의 경우 어설프게 기존 오래된 아파트를 사는 것보다 임차로 사는 게 유리하다고 생각하는 것 같다 며 특히 신규 아파트에 대한 청약시 자금에 대한 압박으로 장기간 돈이 묶이는 전세보다는 월세를 선택에 자금 회전을 하려는 수요자들이 늘고 있다 고 전했다.,https://news.naver.com/main/read.nhn?mode=LSD&mid=shm&sid1=260&oid=277&aid=0002624797,284
262060,2011.06.17. 오후 2:49,부동산,뉴시스,기준금리 인상후 집값 하락지역 확대,서울 뉴시스 김형섭 기자 지난주 기준금리 인상 이후 재건축 단지를 중심으로 집값이 하락세를 보인 지역이 늘고 있다. 서울의 경우 6월초 하락지역이 8개구에서 이번주 14개구로 두배 가까이 늘었다. 17일 부동산정보업체 부동산114에 따르면 이번주 아파트 매매가격은 서울 0.02% 수도권 0% 기타 수도권 0.01% 등으로 조사됐다. 서울은 강남권 주요 재건축 단지가 가격 하락을 주도했다. 송파구 0.05% 강남구 0.04% 강동구 0.03% 노원구 0.02% 양천구 0.02% 동작구 0.02% 강서구 0.02% 등이 하락했다. 송파구는 잠실주공5단지 112 115㎡ 가 1000만원 하락했다. 가락시영2차도 거래부진으로 1000만원 가량 내렸다. 강남구는 개포주공1 4단지 청실1·2차 등 주요 재건축 단지들이 500만 1500만원 정도 하락했다. 신도시도 관망세가 이어지면서 분당 0.01% 일산 0.01% 평촌 0.01% 등이 소폭의 하락세를 기록했다. 분당은 거래부진이 이어지는 가운데 중대형 면적이 소폭 내렸다. 이매동 이매코오롱 금곡동 청솔성원 등이 250만 500만원 하락했다. 일산도 일산동 후곡태영13단지 주엽동 문촌동부 중소형이 250만원 정도 떨어졌다. 기타 수도권에서는 과천 0.15% 남양주 0.04% 김포 0.02% 등이 하락했다. 과천은 보금자리주택지구 선정 영향과 재건축 단지 거래부진 등의 영향으로 큰 폭으로 가격이 떨어지며 4주 연속 내림세를 나타냈다. 주공 1·6·10단지 중소형이 500만 1000만원 정도 내렸다. 남양주도 거래부진 탓에 도농동 롯데낙천대 중대형이 500만원 평내동 삼창과 진주1단지 재건축이 250만 500만원 정도 하락했다. 임병철 부동산114 팀장은 기준금리 추가 인상 가능성에다 공공요금 등 물가 불안도 예상돼 주택 매수세가 더욱 위축될 가능성이 높다 며 지역에 따라 전세 물건 부족으로 매매수요 전환이 국지적으로 나타날 수 있겠지만 낮은 전세비중을 감안할 때 수요는 제한적일 것 이라고 내다봤다.,https://news.naver.com/main/read.nhn?mode=LSD&mid=shm&sid1=260&oid=003&aid=0003915551,284
262061,2011.06.17. 오후 2:49,부동산,뉴시스,수도권 전세값 오름폭 확대…3주째 ↑,서울 뉴시스 김형섭 기자 6월초 학군 및 재건축 이주수요로 꿈틀한 수도권 전세값이 3주째 오름세를 이어갔다. 특히 서울은 이주를 앞둔 강남 청실 재건축 아파트 영향으로 오름폭을 키웠다. 17일 부동산정보업체 부동산114에 따르면 이번주 아파트 전세값은 서울 0.04% 신도시 0.02% 기타 수도권 0.01% 등으로 조사됐다. 서울은 지난주보다 오름폭이 0.01%포인트 확대됐다. 강남 청실1·2차 재건축 이주 수요 영향과 서초 입주2년차 아파트의 재계약 영향이 컸다. 서초구 0.30% 강남구 0.11% 금천구 0.05% 광진구 0.03% 강서 0.02% 송파구 0.01% 등이 올랐다. 서초구는 입주2년차 래미안반포퍼스티지의 재계약이 늘면서 중대형 면적이 2500만원 가량 올랐다. 강남구는 대치동 국제 삼성래미안 선경1·2·3차 우성1차 등 중대형이 1500만 3000만원 상승했다. 신도시는 중동 0.04% 분당 0.02% 일산 0.02% 이 올랐고 평촌과 산본은 변동이 없었다. 중동은 중동 보람아주 중소형 면적이 200만원 분당은 샛별동성·삼부 등 중소형이 250만 500만원 가량 상승했다. 기타 수도권은 남부권 및 서울 인접지역에서 수요가 이어져 오름세를 보였다. 수원 0.04% 용인 0.02% 하남 0.02% 남양주 0.01% 등이 올랐다. 수원은 매탄동 매탄주공5단지 정자동 현대벽산 영통동 영통e편한세상 등의 중소형이 250만 500만원 정도 올랐다. 용인도 중소형 면적 중심으로 구갈동 강남마을계룡리슈빌 보라동 선비마을삼정 등이 500만원 상승했다. 임병철 부동산114 팀장은 여름방학이 다가오면서 본격적인 이동 수요가 나타날 수 있고 가을 전세시장까지 오름세가 이어질 수 있는 만큼 이사계획이 있는 수요자라면 서둘러 전세집을 찾는 것이 바람직하다 고 말했다.,https://news.naver.com/main/read.nhn?mode=LSD&mid=shm&sid1=260&oid=003&aid=0003915550,284
262062,2011.06.17. 오후 2:45,부동산,머니투데이,울산 북구에 부는 봄바람 천곡동에서 들리는 희소식 울산 천곡 벽산블루밍,머니투데이 울산 천곡동에 위치한 벽산건설의 울산 천곡 벽산 블루밍은 시원한 조망권을 통한 이국적인 분위기와 자연 친화적인 주거 공간으로 북구민들 사이에 화제가 되고 있다. 울산 천곡 벽산 블루밍은 모든 세대수가 남동향과 남서향의 탑상형 구조로 되어있어 입주민이 원하는 조망권과 부대 편리시설 시청각실 도서실 스터디룸 실버클럽 휘트니스 실내골프연습장 보육시설 등 을 통해 입주민들과의 친목도모와 화합 그리고 체력증진은 물론 수준 높은 삶을 위한 문화 환경을 제공한다. 또한 다양한 실외 조경 및 커뮤니티 공간을 설계하였는데 벽천광장이 있는 선큰가든 바다를 주제로 한 놀이터와 천수공간인 아쿠아 가든을 조성하여 살아있는 교육장소를 제공하고 햇살정원 옥상정원 등의 휘트니스센터와 연계한 주민 커뮤니티의 활성화를 위한 화합 공간 등이 있다. 하지만 이 많은 시설들보다 주목을 받는 건 2미터 이상의 광폭발코니와 포켓발코니 등 서비스면적이다. 다양하고 풍부한 서비스 공간의 제공으로 입주민은 수납공간 및 취미 공간으로 활용할 수 있는 이점을 가진다. 이렇듯 새로운 평면과 다양한 시설을 가지고 있어 많은 사람들이 울산천곡 벽산 블루밍으로 거주이동에 많은 관심을 가지고 있다. 이와 더불어 반세기 건설역사를 써내려간 튼튼한 벽산건설의 브랜드 인지도 또한 한몫을 차지하고 있다. 또한 인근 달천근린공원이 조성될 예정이며 21C병원 시티병원 롯데마트 홈플러스 등 대형편의시설과 북구청 북구문화예술회관 북구종합사회 복지관 북구보건소 등의 풍부한 문화시설이 인접해있다. 그리고 북구의 최대 이슈인 오토밸리도로 북구 양정동 매곡동 농소동 가 2013년 개통예정이어서 사통팔달의 쾌속교통망은 호계역 7번국도 등과 함께 울산시내 경주시로의 이동이 편리하며 울산 공항이 인접해 있어 전국 어디로든 빠르게 연결된다. 벽산건설의 울산 천곡 벽산블루밍은 현재 선착순 분양중에 있으며 일부 미분양세대에 한해 계약금 500만원 입주금 50%이자지원 조건을 적용함으로써 부담을 경감 실수요자에게 큰 호응을 얻고 있다. 분양문의 052 277 0800 ※ 본 자료는 해당 업체에서 제공한 비즈니스정보입니다.,https://news.naver.com/main/read.nhn?mode=LSD&mid=shm&sid1=260&oid=008&aid=0002557459,284
262063,2011.06.17. 오후 2:45,부동산,매일경제,없어서 못파는 역세권 오피스텔 1억에 3채,최근 수도권 전세난 심화와 1 2인 가구의 급격한 증가로 소형 위주의 주거형 상품들이 품귀현상을 보이고 있다. 소형 주택이 투자상품으로 인기를 끌고 있는 이유는 1인 주거문화가 확산되고 있기 때문이다. 통계청에 따르면 지난 10년 사이 400만 가구로 3배 이상 증가한 것으로 나타났다. 이 때문에 싱글족을 겨냥한 상품과 서비스 주거환경 등 싱글산업 규모 역시 올해는 8조 원 이상으로 성장할 것으로 보인다. 소형주택은 1가구 2주택 제외 대상이며 분양가 상한제의 적용을 받지 않기 때문에 소액 투자자들에게 주목 받고 있다. 소형 오피스텔은 불황기에도 비교적 경기 영향을 받지 않으며 매월 고정된 현금수입과 임대기간 중 재산세 종부세 등 각종 세금 비과세 혜택을 받을 수 있다. 수도권의 대표적인 중심지구 중 하나인 송내역 앞 로데오거리에 수익성 안전성 입지 등 부동산 투자의 3박자를 고루 갖춘 풀옵션 원룸형 미니오피스 레전드빌 이 분양중이다. 수도권의 대표적인 중심상권에 위치하며 부천지방검찰청 지방법원 법조타운 등 관공서 밀집지역과 인접해 풍부한 임대수요가 상시 대기하고 있다. 인근대학교의 학생 직장인 1인 창업자 유흥업소 종사자등의 유입은 늘고 있으나 주변 역세권에 오피스텔의 공급은 부족한 상태이므로 임대수요가 많아 안정적인 수익창출이 가능하다. 교통환경도 뛰어나다. ‘레전드빌 은 지하철 1호선 송내역이 도보로 2분 거리이며 경인고속도로 서울 외곽순환도로 중동대로를 이용하면 서울에 10분 대에 진입이 가능해 수도권 출퇴근이 용이하다. 레전드빌 은 기존 오피스텔과 차별화된 호텔형 풀옵션 미니오피스를 표방하며 실수요자가 선호하는 맞춤형 생활공간으로 투자자들의 인기를 한 몸에 받고 있으며 주거와 사무기능을 동시에 누릴 수 있다. 시행사에서 직접운영 관리하고 있어 소유권 이전과 동시에 임대차 계약이 가능하다. 입주민을 위해 삼성제품인 에어컨 냉장고 세탁기 붙박이장 등의 풀옵션에시행사 임대책임 보장제를 실시하며 주변 오피스텔과 달리 관리비가 저렴하다. DTI적용 제외로 계약금은 약 2 000만 원이며 잔금 30%는 신협에서 융자를 받을 수 있으며 2011년 7월부터 임대수익을 볼 수 있다. 청약통장이 필요없고 지금 호수지정 선착순 분양하고 있다. 신청금은 100만 원 입금 후 방문한다면 더 좋은 호수를 배정 받을 수 있다. 신청접수 문의 032 324 7337 자료제공 레전드빌 ⓒ 매일경제 mk.co.kr 무단전재 및 재배포 금지 MBA도 모바일로 공부한다.,https://news.naver.com/main/read.nhn?mode=LSD&mid=shm&sid1=260&oid=009&aid=0002486839,284
262064,2011.06.17. 오후 2:44,부동산,한국경제TV,호반건설 수완 2차 호반베르디움 분양,호반건설이 광주광역시 수완 택지 지구에 수완 2차 호반베르디움 434가구를 공급합니다. 수완 2차 호반베르디움 은 지하 1층 지상 15층으로 총 434가구 전용면적 84㎡로 구성됩니다. 전 가구가 남향 위주의 4베이로 설계됐고 가변형 벽체가 적용돼 있어 방을 3개 또는 4개로 만들 수 있습니다. 단지내 상가에는 1000㎡ 상당의 마트와 병의원 등이 입점하며 성덕초등학교가 단지와 연결돼 있습니다. 견본 주택은 오는 24일 개관할 예정입니다.,https://news.naver.com/main/read.nhn?mode=LSD&mid=shm&sid1=260&oid=004&aid=0002082718,284
262065,2011.06.17. 오후 2:36,부동산,아시아경제,박창규 대표·김경준 전무 건설의 날 금탑산업훈장,아시아경제 조철현 기자 대한건설단체총연합회 회장 최삼규 는 17일 서울 논현동 건설회관에서 ‘국민과 함께하는 건설 세계로 미래로 ’를 주제로 ‘2011년 건설의 날’ 기념식을 가졌다. 이날 행사에는 김황식 국무총리 권도엽 국토해양부장관 등 정부 관계 인사와 장광근 국회 국토해양위원장 ·강기갑·김희철·홍일표·김성태 국회의원 그리고 박덕흠 대한전문건설협회 회장 이재균 해외건설협회 회장 등 1000여명이 참석했다. 참석자들은 국민 생활과 산업의 터전을 만들어 국가의 번영에 기여하는 건설인들의 자긍심을 고취하고 건설산업의 지속 성장을 위한 신성장 동력을 창출해 일등 대한민국을 만드는 데 기여하자고 다짐했다. 최삼규 회장은 기념사에서 “건설산업이 외환위기 이래 최대의 시련기를 맞고 있다”며 “공공공사 의존도와 주택사업 일변도의 사업구조에서 벗어나 새로운 성장 동력을 발굴해 안정적인 영업구조를 만들어 나가야 한다”고 강조했다. 최 회장은 이어 “정부도 건설업계가 지금의 어려움을 극복하고 새로운 도약의 계기를 만들어 갈 수 있는 건설 환경을 구축해야 한다”고 당부했다. 정운찬 총리는 기념식에서 “건설산업은 국내총생산 GDP 의 16%를 차지하는 핵심 기간산업”이라고 취하한 뒤 “건설업은 그러나 기술 수준이 선진국의 70 80%에 머물러 있고 생산성 또한 제조업의 절반 수준에 불과한 만큼 글로벌 스탠더드에 맞춰 건설 산업을 선진화하고 건설엔지니어링 같은 고부가가치 산업의 육성에 힘써달라”고 당부했다. 이날 기념식에서는 박창규 롯데건설㈜ 대표이사와 김경준 삼성물산 주 전무가 금탑산업훈장을 받는 영광을 안았다. 박창규 대표이사는 34년간 리비아·파키스탄 등 해외 현장에서 잔뼈가 굵은 해외 건설 전문가로 철저한 시공관리와 현장 경영으로 우리 건설업의 위상을 한 단계 높인 공로를 인정받았다. 김경준 전무는 30여년간 혁신적인 마인드로 세계 여러 곳의 초대형 프로젝트를 성공적으로 수행한 초고층 분야의 전문가로 대한민국 건설 위상을 세계에 드높인 공로가 큰 평가를 받았다. 김광수 ㈜광남토건 대표이사와 황규철 경림건설㈜ 대표이사는 은탑산업훈장을 주 세방테크 강부인 대표이사는 동탑산업훈장을 각각 수상했다. 또 원영건업 주 노석순 대표이사가 철탑산업훈장을 주 종합건축사사무소 탑 최영집 대표이사가 석탑산업훈장을 각각 받는 등 건설산업 발전에 기여한 공로가 큰 업계 및 유관 단체 임직원 174명에게 정부 포상 및 국토해양부장관 표창이 수여됐다. 특히 건설인의 화합과 현장 기능인의 사기를 고취하기 위해 삼부토건㈜ 천병욱씨가 산업포장을 수여받았고 울트라건설 주 김용윤 현장반장 등 현장 기능인 10명에게 국토해양부 장관 표창이 주어졌다. 산업포장을 수상한 천병욱씨는 네팔 도티 도로 바바이 교량 등 해외 오지의 현장 근무를 통해 국내 건설기능인의 저력을 유감없이 발휘했으며 소흑산도 현장의 발전기에서 발생하는 잉여 전력을 인근 주민이 사용할 수 있도록 하는 등 사회 공헌에도 적극적으로 참여했다. 이날 기념식에서는 ‘국민과 함께하는 건설 세계로 미래로 ’ 라는 행사 주제를 표현한 영상이 방영돼 눈길을 끌었다. 국민의 삶의 질 향상에 기여한 건설이 이제는 수질 개선 사업 등을 통하여 환경 수호자로서 역할을 다하고 연관 산업과의 융·복합화로 미래 건설을 창조하는 메시지를 전달했다.,https://news.naver.com/main/read.nhn?mode=LSD&mid=shm&sid1=260&oid=277&aid=0002624781,284
262066,2011.06.17. 오후 2:34,부동산,SBS CNBC,텅텅빈 수도권 신규단지 서울 전세난민 희망될까,앵커 신규 입주단지를 보면 현재 주택시장의 축소판을 보고 있는 것 같은데요. 관련 내용 취재 기자와 좀 더 얘기 나눠 보겠습니다. 최서우 기자 나왔습니다. 주택시장의 문제 뭐 여러 가지가 있겠지만 근본적인 문제는 주택 거래가 좀처럼 살아나지 않는 거겠죠 기자 그렇습니다. 사람도 피가 잘 돌아아야 병이 안 생기듯이 모든 시장도 마찬가지입니다. 주택시장도 당연히 예외는 아니겠죠. 정부가 올해 내놓은 연이은 부동산 대책 모두 주택거래활성화에 초점이 맞춰져 있었는데 효과는 그다지 없는 상황입니다. 이번 주 국토해양부가 발표한 5월 아파트 실거래가를 보면 거래량과 실거래가 모두 동반 하락했습니다. 특히 강남 재건축 아파트 하락세가 눈에 띕니다. 강남구 대치동 은마아파트의 경우 두 달만에 5천만원 이상 집값이 떨어졌습니다. 가장 최근 나온 정부의 부동산 대책인 5.1 대책 핵심요지는 수도권 신도시의 양도세 면제 요건을 완화해서 거래 늘려보겠다는 거였는데 그렇다고 분당이나 일산 등 수도권 5대 신도시의 주택거래가 엄청 늘었느냐 그렇지도 않습니다. 전달보다 고작 100건 정도 늘었습니다. 별로 약발이 없었다고 볼 수 있습니다. 이렇게 주택시장의 동맥경화 현상이 장기화되다보니 전세난이나 저조한 입주율과 같은 합병증도 별다른 차도를 보이지 못하고 있는 것입니다. 앵커 전반적인 상황은 여전히 좋지 않지만 그럼에도 불구하고 전세난과 낮은 입주율이 나쁜 궁합만은 아니라는 얘기는 무엇인가요 기자 간단합니다. 입주율이 낮은 아파트는 주로 서울이 아닌 수도권의 대규모 단지입니다. 전셋집 구하기 힘든 곳은 주로 서울이죠. 굳이 서울 거주만 고집하지 않는다면 이같은 전세난민들에게 수도권 신규단지는 좋은 대안이 될 수도 있습니다. 가격이 비교적 저렴하고 새집이라는 점 때문입니다. 기존 집이 안 팔려 입주 못하는 분들도 손해보고 매매를 하느니 차라리 기존 주택의 전세가격을 올리거나 전세를 월세를 전환함으로써 입주잔금을 마련하는 경우가 늘고 있습니다. 매매 대신 전세나 월세를 놓았을 경우 잔금을 치루기에 다소 자금이 부족할 수도 있지만 추가 대출을 조금 더 받고 이자 부담은 늘어난 보증금이나 월세 수입 등으로 상쇄한다는 계산이죠. 앵커 전세난과 낮은 입주율 잘만하면 선순화 구조로 갈 수도 있고 어찌보면 악순환이 될 수도 있는 애매한 경계선상에 있는 문제같다는 생각이 드는데요. 어찌됐든 정부도 이같은 수도권 입주단지에 큰 관심을 보이고 있다죠 이유가 무엇인가요 기자 앞서 화면에서 본 김포한강신도시의 경우 이례적으로 국토해양부가 보도자료까지 배포했는데요. LH가 신도시 조성에 관여하고 있지만 개별 단지의 입주 소식을 정부가 보도자료까지 낼 필요가 있나 싶은 생각도 들었지만 바꿔 생각하면 정부가 전월세 해소를 위해 신도시 입주 홍보까지 나서는 구나라는 생각도 듭니다. 김포한강신도시는 연말까지 7천 9백가구. 내년에만 8천 9백가구 2013년 이후에 3만 3천가구가 들어설 예정입니다. 서울 도심에 공급되는 도시형 생활주택 등의 공급이 활발해지고 있지만 주로 1 2인가구를 위한 주택이고 자녀가 있는 3 4인 가구가 찾는 전세아파트값이 계속해서 오를 경우 수도권 신규단지를 찾는 전세난민들의 발걸음은 더욱 잦아들 것 같습니다. www.SBSCNBC.co.kr 보다 자세한 내용은 동영상 시청을 바랍니다.,https://news.naver.com/main/read.nhn?mode=LSD&mid=shm&sid1=260&oid=375&aid=0000007621,284
262067,2011.06.17. 오후 2:33,부동산,SBS Biz,텅텅빈 수도권 신규단지 서울 전세난민 희망될까,앵커 신규 입주단지를 보면 현재 주택시장의 축소판을 보고 있는 것 같은데요. 관련 내용 취재 기자와 좀 더 얘기 나눠 보겠습니다. 최서우 기자 나왔습니다. 주택시장의 문제 뭐 여러 가지가 있겠지만 근본적인 문제는 주택 거래가 좀처럼 살아나지 않는 거겠죠 기자 그렇습니다. 사람도 피가 잘 돌아아야 병이 안 생기듯이 모든 시장도 마찬가지입니다. 주택시장도 당연히 예외는 아니겠죠. 정부가 올해 내놓은 연이은 부동산 대책 모두 주택거래활성화에 초점이 맞춰져 있었는데 효과는 그다지 없는 상황입니다. 이번 주 국토해양부가 발표한 5월 아파트 실거래가를 보면 거래량과 실거래가 모두 동반 하락했습니다. 특히 강남 재건축 아파트 하락세가 눈에 띕니다. 강남구 대치동 은마아파트의 경우 두 달만에 5천만원 이상 집값이 떨어졌습니다. 가장 최근 나온 정부의 부동산 대책인 5.1 대책 핵심요지는 수도권 신도시의 양도세 면제 요건을 완화해서 거래 늘려보겠다는 거였는데 그렇다고 분당이나 일산 등 수도권 5대 신도시의 주택거래가 엄청 늘었느냐 그렇지도 않습니다. 전달보다 고작 100건 정도 늘었습니다. 별로 약발이 없었다고 볼 수 있습니다. 이렇게 주택시장의 동맥경화 현상이 장기화되다보니 전세난이나 저조한 입주율과 같은 합병증도 별다른 차도를 보이지 못하고 있는 것입니다. 앵커 전반적인 상황은 여전히 좋지 않지만 그럼에도 불구하고 전세난과 낮은 입주율이 나쁜 궁합만은 아니라는 얘기는 무엇인가요 기자 간단합니다. 입주율이 낮은 아파트는 주로 서울이 아닌 수도권의 대규모 단지입니다. 전셋집 구하기 힘든 곳은 주로 서울이죠. 굳이 서울 거주만 고집하지 않는다면 이같은 전세난민들에게 수도권 신규단지는 좋은 대안이 될 수도 있습니다. 가격이 비교적 저렴하고 새집이라는 점 때문입니다. 기존 집이 안 팔려 입주 못하는 분들도 손해보고 매매를 하느니 차라리 기존 주택의 전세가격을 올리거나 전세를 월세를 전환함으로써 입주잔금을 마련하는 경우가 늘고 있습니다. 매매 대신 전세나 월세를 놓았을 경우 잔금을 치루기에 다소 자금이 부족할 수도 있지만 추가 대출을 조금 더 받고 이자 부담은 늘어난 보증금이나 월세 수입 등으로 상쇄한다는 계산이죠. 앵커 전세난과 낮은 입주율 잘만하면 선순화 구조로 갈 수도 있고 어찌보면 악순환이 될 수도 있는 애매한 경계선상에 있는 문제같다는 생각이 드는데요. 어찌됐든 정부도 이같은 수도권 입주단지에 큰 관심을 보이고 있다죠 이유가 무엇인가요 기자 앞서 화면에서 본 김포한강신도시의 경우 이례적으로 국토해양부가 보도자료까지 배포했는데요. LH가 신도시 조성에 관여하고 있지만 개별 단지의 입주 소식을 정부가 보도자료까지 낼 필요가 있나 싶은 생각도 들었지만 바꿔 생각하면 정부가 전월세 해소를 위해 신도시 입주 홍보까지 나서는 구나라는 생각도 듭니다. 김포한강신도시는 연말까지 7천 9백가구. 내년에만 8천 9백가구 2013년 이후에 3만 3천가구가 들어설 예정입니다. 서울 도심에 공급되는 도시형 생활주택 등의 공급이 활발해지고 있지만 주로 1 2인가구를 위한 주택이고 자녀가 있는 3 4인 가구가 찾는 전세아파트값이 계속해서 오를 경우 수도권 신규단지를 찾는 전세난민들의 발걸음은 더욱 잦아들 것 같습니다. www.SBSCNBC.co.kr 보다 자세한 내용은 동영상 시청을 바랍니다.,https://news.naver.com/main/read.nhn?mode=LSD&mid=shm&sid1=260&oid=374&aid=0000006361,284
262068,2011.06.17. 오후 2:33,부동산,이데일리,한신공영 울산 한신휴플러스 527가구 분양,이데일리 김동욱 기자 한신공영 004960 은 울산 북구 천곡동에서 새천곡 한신휴플러스 를 분양한다고 17일 밝혔다. 새천곡 한신휴플러스 는 지하 4층 지상 25층 8개동 규모로 전용면적 69㎡ 125㎡ 총 527가구로 수요자 선호도가 높은 중소형 비율이 94%에 달한다. 새천곡 한신휴플러스 가 들어설 북구 천곡동은 지역 내 천곡초등학교를 비롯해 달천고 울산외고 등 뛰어난 학군을 갖추고 있다. 단지 인근에 약 26만㎡의 달천공원이 조성될 예정이며 인근에 천마산과 동천강이 있어 주거환경이 쾌적하다. 단지내에는 휘트니스센터와 북카페 및 독서실이 들어설 예정이다. 분양가는 3.3㎡당 600만 후반 대이며 입주는 2013년 1월 예정이다. 모델하우스는 오는 17일부터 오픈하며 울산 롯데백화점 근처에 있다.,https://news.naver.com/main/read.nhn?mode=LSD&mid=shm&sid1=260&oid=018&aid=0002454018,284
262069,2011.06.17. 오후 2:25,부동산,SBS Biz,전세난이 입주율 해결사··서울절반값 수도권 빈APT 불켜진다,앵커 요즘 건설사들의 가장 큰 고민 중 하나는 아파트 입주율이 저조하다는 겁니다. 기존 주택이 안 팔리다보니 입주를 하고 싶어도 하지 못하는 사람들이 많기 때문인데요. 한편 전셋집 구하는 분들은 벌써부터 가을 전세난을 걱정하고 있습니다. 저조한 입주율과 전세난 주택시장의 두 가지 난제가 어쩌면 서로의 해결책이 될 수도 있을 것 같습니다. 최서우 기자가 취재했습니다. 기자 오늘 17일 부터 입주가 시작된 김포한강신도시의 한 아파트 단지입니다. 1천 2백세대로 이뤄진 해당 단지를 시작으로 연말까지 7천 9백여 가구가 순차적으로 입주를 시작합니다. 대부분의 입주 예정자들은 기존 주택 처분을 두고 애를 먹은 경우가 많습니다. 이성재 41 김포한강신도시 입주예정자 기존 보유 아파트가 매매가 안되다보니 월세나 전세 세입자를 구했죠. 저희 같은 경우 기존주택을 월세 주고 새로 분양받은 아파트로 입주할 예정입니다. 상황이 이렇다보니 단지 인근에 위치한 공인중개사들도 매매보단 전월세 계약에 발벗고 나선 상황입니다. 사무실 입구 곳곳엔 전월세 상담을 알리는 현수막들이 즐비합니다. 얼마전까진 인근 지역 주민을 상대로한 전세상담이 주를 이뤘지만 전세난 탓에 그것도 이젠 옛말입니다. 최유정 김포한강신도시 공인중개사 광범위하게 와요. 광명시에서도 오고 강남에서도 와요. 지금 오시는 분들은 대부분 외지 사람들이에요. 해당 단지의 경우 40평형대 아파트의 전셋값은 1억 5천만원선입니다. 비슷한 면적의 서울 아파트 평균 전셋값과 비교하면 절반 이하 수준입니다. 전세난을 입주율 제고로 연결시키려는 건설사들의 입주 마케팅 전략도 달라졌습니다. 단지 한 가운데 자리잡은 미니 석산. 당초 계획에 없었지만 입주를 앞두고 8억원을 들여 건설사가 추가로 조성했습니다. 입주 대신 매매를 고려하는 계약자는 물론 전세 계약자을 염두한 조치입니다. 윤지용 우남건설 공무팀장 입주시점에 입주 마케팅 비용을 직접적으로 투자하기보다는 입주민의 만족도를 높여서 입주율을 높이는데 기여할 수 있다고 생각합니다. 정부의 연이은 대책에도 불구하고 좀처럼 해답을 찾지 못하고 있는 전세난과 낮은 입주율. 이 두가지 난제의 선순환 효과를 기대하는 건설사의 바램이 과연 어느 정도까지 현실화될 지는 향후 주택 시장의 전망을 가늠하는 중요변수가 될 것으로 보입니다. SBS CNBC 최서우입니다.,https://news.naver.com/main/read.nhn?mode=LSD&mid=shm&sid1=260&oid=374&aid=0000006360,284
262070,2011.06.17. 오후 2:25,부동산,SBS CNBC,전세난이 입주율 해결사··서울절반값 수도권 빈APT 불켜진다,앵커 요즘 건설사들의 가장 큰 고민 중 하나는 아파트 입주율이 저조하다는 겁니다. 기존 주택이 안 팔리다보니 입주를 하고 싶어도 하지 못하는 사람들이 많기 때문인데요. 한편 전셋집 구하는 분들은 벌써부터 가을 전세난을 걱정하고 있습니다. 저조한 입주율과 전세난 주택시장의 두 가지 난제가 어쩌면 서로의 해결책이 될 수도 있을 것 같습니다. 최서우 기자가 취재했습니다. 기자 오늘 17일 부터 입주가 시작된 김포한강신도시의 한 아파트 단지입니다. 1천 2백세대로 이뤄진 해당 단지를 시작으로 연말까지 7천 9백여 가구가 순차적으로 입주를 시작합니다. 대부분의 입주 예정자들은 기존 주택 처분을 두고 애를 먹은 경우가 많습니다. 이성재 41 김포한강신도시 입주예정자 기존 보유 아파트가 매매가 안되다보니 월세나 전세 세입자를 구했죠. 저희 같은 경우 기존주택을 월세 주고 새로 분양받은 아파트로 입주할 예정입니다. 상황이 이렇다보니 단지 인근에 위치한 공인중개사들도 매매보단 전월세 계약에 발벗고 나선 상황입니다. 사무실 입구 곳곳엔 전월세 상담을 알리는 현수막들이 즐비합니다. 얼마전까진 인근 지역 주민을 상대로한 전세상담이 주를 이뤘지만 전세난 탓에 그것도 이젠 옛말입니다. 최유정 김포한강신도시 공인중개사 광범위하게 와요. 광명시에서도 오고 강남에서도 와요. 지금 오시는 분들은 대부분 외지 사람들이에요. 해당 단지의 경우 40평형대 아파트의 전셋값은 1억 5천만원선입니다. 비슷한 면적의 서울 아파트 평균 전셋값과 비교하면 절반 이하 수준입니다. 전세난을 입주율 제고로 연결시키려는 건설사들의 입주 마케팅 전략도 달라졌습니다. 단지 한 가운데 자리잡은 미니 석산. 당초 계획에 없었지만 입주를 앞두고 8억원을 들여 건설사가 추가로 조성했습니다. 입주 대신 매매를 고려하는 계약자는 물론 전세 계약자을 염두한 조치입니다. 윤지용 우남건설 공무팀장 입주시점에 입주 마케팅 비용을 직접적으로 투자하기보다는 입주민의 만족도를 높여서 입주율을 높이는데 기여할 수 있다고 생각합니다. 정부의 연이은 대책에도 불구하고 좀처럼 해답을 찾지 못하고 있는 전세난과 낮은 입주율. 이 두가지 난제의 선순환 효과를 기대하는 건설사의 바램이 과연 어느 정도까지 현실화될 지는 향후 주택 시장의 전망을 가늠하는 중요변수가 될 것으로 보입니다. SBS CNBC 최서우입니다.,https://news.naver.com/main/read.nhn?mode=LSD&mid=shm&sid1=260&oid=375&aid=0000007620,284
262071,2011.06.17. 오후 2:25,부동산,헤럴드POP,건설주택포럼 2분기 정기세미나 개최,건설주택포럼 회장 신완철. 한화건설 상무이사 은 21일 오후 6시 30분 서울시 역삼동 한신인터벨리 4층 메모리스에서 ‘서울시 주택정책 방향’이라는 주제를 가지고 정기세미나를 개최한다. 발표자로는 김효수 서울시 주택본부장이 나와 ‘서울시 주택정책 방향’에 대하여 발표할 예정이며 발표 후 지명토론도 같이 진행된다. 토론자로는 장용동 헤럴드경제 대기자 김호철 단국대 도시계획 및 부동산학부교수 박재룡 삼성경제연구소 수석연구원 윤주선 한호건설 대표이사 장홍균 현대산업개발 상무이사 등이 토론할 예정이다. 건설주택포럼 연구이사를 맡고 있는 이상호 박사 GS건설 경제연구소 소장 은 “이번 세미나는 서울시의 향후 주택정책방향과 이에 따른 주택시장의 효과와 반응을 미리 예측하고 전망 할 수 있는 좋은 기회가 될 것”이라고 말했다.,https://news.naver.com/main/read.nhn?mode=LSD&mid=shm&sid1=260&oid=112&aid=0002203983,284
262072,2011.06.17. 오후 2:24,부동산,이데일리,박창규 롯데건설 대표·김경준 삼성물산 전무 금탑산업훈장,이데일리 박철응 기자 박창규 롯데건설 대표이사와 김경준 삼성물산 전무가 금탑산업훈장을 받았다. 국토해양부는 17일 김황식 국무총리와 권도엽 국토해양부장관을 비롯해 1000여명의 건설인들이 참석한 가운데 건설의날 행사를 개최했다고 밝혔다.,https://news.naver.com/main/read.nhn?mode=LSD&mid=shm&sid1=260&oid=018&aid=0002454010,284
262073,2011.06.17. 오후 2:20,부동산,세계일보,송도 하숙대란 마지막 최고의 투자처 싱글하우스 포레스트,세계닷컴 □ 5000만원대 수익형 풀옵션 싱글하우스 □ 호실별 개별 등기분양 □ 연 10%이상 임대수익 인천대 연세대 삼성 바이오기지 등 □ 편리한 교통 접근성 지하철 역세권 광역버스 서울 강남까지 40분대 □ 시행회사 임대 및 월 수익 책임관리 □ 상담신청접수 032 832 0071 아파트 분양시장이 위축돼 있는 요즘에도 원룸텔 소형오피스텔에 대한 청약 열풍은 지속되고 있다. 부동산 투자수익과 월 고정수익을 동시에 거머쥐는 재테크 수단으로 여겨지고 있기 때문이다. 도시형생활주택 즉 싱글하우스는 타 수익형 부동산에 비해 임대 수요가 많아 수익률이 보장되며 주로 퇴직자나 전업주부 등 투자의 경험이 많지 않은 사람도 운영이 가능하고 투자 후 3개월 후면 사업 안정권에 접어들기 때문에 개인 시간이 많아진다는 장점을 갖고 있다. 송도 국제도시 내 경제자유구역은 소형 원룸이 많이 부족하다. 게다가 주위 고시텔도 부족하다 보니 월세를 45만원에서 47만원까지 받는 곳도 있다. 실 거주자에겐 안타까운 소식이지만 투자자에겐 기쁜 소식이 아닐 수 없다. 송도 국제도시는 학생 직장인 상권 종사자 등 풍부하고 탄탄한 배후 임대 수요층이 확보돼 있는 지역이기 때문에 소형 원룸의 수요는 지속적으로 늘어날 전망이다. 이러한 송도 국제도시에 싱글하우스 ‘포레스트’가 분양 중이다. 송도 ‘포레스트’의 분양은 투자자들의 관심을 끌기에 충분하다. 5천만원대 분양가에 50 60만원이상의 월세수익을 노릴 수 있고 게다가 호실 별 개별등기까지 가능하기 때문이다. 송도 ‘포레스트’가 위치한 송도 국제 자유구역에는 바로 옆 해양경찰청과 인근 인천대 연세대 신축공사 중 등의 대학과 트레이드타워 국제 비즈니스센터 등의 경제 업무지구와 함께 미추홀 공원 해돋이공원 센트럴파크 등의 휴식공간까지 아우르는 최고의 입지조건으로 손꼽힌다. 탄탄한 배후 임대 수요층이 확보돼 있는 지역이며 이미 인천 지하철 1호선 동막역부터 캠퍼스타운역 테크노파크역 등 국제업무지구까지 아우르는 역세권에 위치하여 대중교통편까지 완벽한 지역이라 하겠다. 싱글하우스의 주요고객인 젊은층의 1인 가구는 대중교통이 편리하면서 많은 사람들이 쉽게 접근할 수 있는 곳을 선호하기 때문에 송도 ‘포레스트’는 주목을 받을 수 밖에 없다. 특히 주변의 센트럴파크와 미추홀공원 해돋이공원 아트센터 등 휴식공간과 취미생활을 마음껏 향유할 수 있는 최적의 입지조건으로 싱글족들의 관심이 높아질 전망이다. 풀옵션 싱글하우스 송도 ‘포레스트’는 현재 선착순 자리배정하기 때문에 향후 위치에 따라 프리미엄 및 월세가 달라질 수 있다. 최고를 누리기 위해선 서두르는 것이 유리하다. 자리배정은 선착순 호수 지정이며 신청접수를 통해 배정을 받을 수 있다. 신청금 100만원 미 계약시 환불 입금계좌 우리은행 1005 801 841070 예금주 주 씨 유 신청접수 032 832 0071 ※본 콘텐츠는 기업 제공 자료로 세계닷컴의견과 다를수 있습니다. Segye.com Segye.com 인기뉴스 학교 9일째 결석 집에 찾아가보니 온가족이… 90대 할머니 성추행 당해…경찰 보고도 쉬쉬 평양에 탄환비 쏟을 미사일 전진 배치…왜 日 한국女 토막살인…정부 머리 찾아내라 김흥국 외압에 고통 받는 대중예술인 없길 ⓒ 세계일보 Segye.com 무단 전재 및 재배포 금지 금융전문뉴스 세계파이낸스 모바일로 만나는 세계닷컴 세계닷컴은 한국온라인신문협회 www.kona.or.kr 의 디지털뉴스이용규칙에 따른 저작권을 행사합니다.,https://news.naver.com/main/read.nhn?mode=LSD&mid=shm&sid1=260&oid=022&aid=0002276402,284
262074,2011.06.17. 오후 2:19,부동산,머니투데이,新주거 트렌드 세대를 위한 아파트 양평 벽산 블루밍,머니투데이 획기적으로 개선된 서울 접근성 급등하는 서울 전세가. ‘新 주거지역 부상’ 쾌적한 자연 환경 만족스러운 생활 편의성. 서울 인근 주거 벨트 형성 1950년 이후 태어난 소위 뉴실버라고 불리우는 베이비부머 세대의 은퇴가 주거트렌드의 화를 주도하며 수도권 주택 시장에 변화의 바람을 불어오고 있다. 삼성생명 FP센터의 조사에 의하면 2009년 서울에서 전출한 60세 이상의 86.5%가 경기도로 이전을 한 것으로 조사되었다. 경기도 양평을 중심으로 인근의 가평 여주 용인 지역등 서울 근교 지역을 중심으로 이른바 ‘친환경 주거 벨트’라 불리우는 새로운 주거 트렌드를 보이고 있다. 이들이 주목하는 새로운 주거 지역의 공통점은 한결같이 쾌적한 자연 환경과 함께 최근 교통 여건이 개선되면서 서울과의 접근성이 획기적으로 향상된 지역이라는 것이다. 서울 도심과 불과 1시간 거리에 위치하였고 전원주택의 메카로 불릴 만큼 쾌적한 자연환경을 자랑하며 전원생활 1순위 지역으로 손꼽힌 양평은 2009년말 덕소 용문간 중앙선 복선전철 구간이 완공되면서 서울 출퇴근이 편리한 서울생활권에 편입되면서 주거여건이 크게 개선되었다. 그동안 자연환경 보호와 난개발 방지를 위한 각종 규제책들이 하수처리시설 증설로 풀리게 되어 양평이 수도권 동부 지역을 대표하는 친환경 주거지역으로 부상하고 있다 벽산건설이 경기도 양평군 양평읍 벽안리에 공급한 양평 벽산 블루밍은 총 928세대로 양평에서 가장 큰 랜드마크단지로서 청정 양평을 대표하는 블루칩 아파트라고 할 수 있다. 중앙선 복선전철로 개통으로 인해 서울을 50분대 출퇴근할 수 있는 서울생활권에 편입된 양평은 여주 마산을 잇는 중부내륙고속도로의 양평연장 구간이 2012년까지 개통 예정이며 제2서울외곽순환고속도로 양평 남양주 구간이 현재 예비타당성 조사가 진행 중으로 대중교통망 뿐만 아니라 도로망까지 서울 수도권 접근성이 획기적으로 개선될 전망이다. 최근 하루가 다르게 급등하는 서울 지역 전세가격의 영향으로 인근의 하남 남양주 구리 지역의 전세가격도 하루가 다르게 치솟고 있다. 기존 거주지에서 불과 몇정거장 차이의 저렴한 아파트를 찾는 수요가 몰리며 30 40대 젊은 직장인에게도 높은 인기를 얻고 있다. 양평 벽산블루밍에 거주하고 있는 한 입주민은 “서울에서 살던 집을 전세놓고 전세금으로 분양받아 이사 왔는데 차액으로 임대상품에 투자하여 생활비로 쓰고 있다.”며 “쾌적한 환경에서 여유있게 생활할 수 있는 점이 장점“이라고 밝혔다. 벽산건설의 양평벽산블루밍은 단지 인근으로 양평길병원 양평동초교 양평중교 양일고교가 주변에 조성되어있고 인근에 골프연습장 백운봉 등산로 등이 위치하는 등 ‘양평 벽산블루밍’ 입주자들은 수준높은 교육환경과 문화·자연혜택을 누릴 수 있다. 특히 양평 지역에는 경기영어마을 양평캠프가 기존 파주 영어마을에 버금가는 규모로 들어서 다양한 교육 시설과 함께 차별화된 영어교육 서비스를 제공하고 있다. 분양문의 031 775 7001 ※ 본 자료는 해당 업체에서 제공한 비즈니스정보입니다.,https://news.naver.com/main/read.nhn?mode=LSD&mid=shm&sid1=260&oid=008&aid=0002557442,284
262075,2011.06.17. 오후 2:15,부동산,한국경제TV,한라건설 교하신도시 한라비발디 823가구 분양,한라건설이 오는 23일 일산동구 마두역 인근에 교하신도시 한라비발디 모델하우스를 오픈하고 분양에 나섭니다. 교하신도시 A22블록에 들어서는 이 아파트는 전용면적 59∼130㎡ 823가구로 이뤄졌습니다. 교하신도시 중심상업지구와 자유로 문발IC와 가깝고 단지인근에는 공원이 들어설 예정이어서 편의시설과 교통여건 주거쾌적성 등을 두루 갖추고 있습니다. 단지 내에는 약 1500㎡의 잔디광장과 약 1000㎡의 전나무 삼림욕장이 조성되고 4가지 테마가 있는 약2km의 산책로와 약 230m 길이의 생태수공간 옥상 녹화 스카이라운지 등이 조성돼 그린 프리미엄을 기대할 수 있습니다. 지하 주차장은 자연채광 광덕트를 도입해 자연채광을 극대화했고 우수 재활용 시스템으로 비가 올 때 저장된 빗물을 조경수 및 기타 공용수로 활용합니다.,https://news.naver.com/main/read.nhn?mode=LSD&mid=shm&sid1=260&oid=004&aid=0002082712,284
262076,2011.06.17. 오후 2:14,부동산,머니투데이,허기진 배를 온정이 채웠다,머니투데이 전병윤 기자 금요일의 점심 경남기업 17일 행사 참여 ↑김호영 경남기업 대표이사 가운데 와 직원들이 점심값을 아껴 금요일의 점심 모금함에 넣고 있다. 경남기업 임직원들의 17일 점심은 어느 때보다 배불렀다. 혈액암 환자를 돕기 위해 금요일의 점심 모금 행사에 참여하면서 한 끼를 거른 허기를 온정이 채우고도 남아서다. 점심을 거르고 모은 성금을 혈액암 환자의 치료비로 쓴다는 소식을 들은 임직원들은 이날 본사 모금함 앞에 길 줄을 늘어뜨릴 정도로 따뜻한 손길이 이어졌다. 김호영 경남기업 대표이사는 점심 한 끼를 굶고 밥값을 푼푼이 모아 어려운 이웃을 돕는다는 것 자체가 의미 있는 일 이라며 더구나 자신이 작은 고통을 느끼기 때문에 기부의 소중함을 더욱 깊게 느낄 수 있다 고 말했다. 지난달 말 경남기업은 기업개선작업 워크아웃 을 조기 졸업했다. 2년 동안 임금의 15%를 자진 삭감하며 회사 정상화를 위해 고통을 감내한 결과다. 어려움을 겪어본 사람이 이웃의 고통을 받아들이는 감정이입도 쉬운 법이다. 그래서일까. 이날 보여준 임직원들의 참여는 독려가 아닌 마음이 이은 결과였다. 사실 경남기업의 사회공헌 활동은 어제 오늘일이 아니다. 성완종 경남기업 회장은 20년 넘게 매년 수억원의 사재를 털어 서산장학재단 에 기부해 어려운 학생들의 학비 지원을 해오고 있다. 부의 사회 환원 이란 경영철학을 늘 강조해왔고 누구보다 솔선수범하고 있다. 연말에는 임직원들이 주머니와 서랍에 묵혀둔 동전을 모아 구세군에 전달해 왔다. 임직원 단체헌혈 아름다운 가게 자선활동 등 봉사활동도 꾸준히 펼치고 있다. 따뜻한 마음은 국경을 넘는다. 지난 2007년부터 에티오피아 후원회를 통해 직원들이 모은 동전을 성금하고 있다. 1993년 에티오피아에 첫 진출을 한 후 현지의 어려운 사정을 보고 결정한 것이다. 오는 7월에도 140명의 장학생들을 대상으로 생활비와 학자금을 지원하는 행사를 열 예정이다. ↑경남기업 임직원들이 금요일의 점심 모금함에 점심값을 아껴 모금을 하고 있다. 박풍순 경영전략실 대리는 누군가에게 작지만 도움을 준다는 것 자체가 기분 좋은 일 이라며 평소에 무심코 지나간 점심시간이 이젠 주위에 어려운 이웃을 생각해 볼 수 있는 계기가 돼 소중한 경험이었다 고 말했다. 김호영 대표는 그동안 워크아웃 기업이란 딱지 때문에 재개발이나 재건축처럼 민간 수주사업을 단 1건도 하지 못했던 불리함을 벗어났고 최근 워크아웃 졸업 후 베트남에서 첫 해외수주에 성공하면서 올해부터 본격적인 성장을 보일 것 이라며 회사가 정상화된 만큼 빠른 시일 내에 직원들의 복지향상도 추진해 나가겠다 고 밝혔다. 금요일의 점심 은 매월 금요일 점심 한끼를 굶고 그 식사값을 어려운 이웃에게 기부하는 머니투데이가 마련한 사회공헌 프로그램이다. 2006년 6월부터 시작된 행사로 5년째 허기지지만 가장 배부른 점심은 매달 꾸준히 이어지고 있다. 이날 모금된 성금은 한국혈액암협회를 통해 혈액암 환자의 치료비 및 복지지원에 쓰일 예정이다.,https://news.naver.com/main/read.nhn?mode=LSD&mid=shm&sid1=260&oid=008&aid=0002557433,284
262077,2011.06.17. 오후 2:08,부동산,매일경제,주택금융公 주택특성 가격지수 개발,주택금융공사는 17일 부동산 실거래가를 이용한 주택 특성가격지수인 주택금융공사 주택특성 가격지수 HF HPI 를 개발했다고 밝혔다. 호가에 기초한 기존 주택가격지수는 시장 변화를 반영하기가 쉽지 않아 실거래가를 이용한 주택특성 가격지수를 만들었다고 주택금융공사는 설명했다. 이 지수는 강남 서초 송파 등 강남 3구부터 우선 적용된다. 주택금융공사 관계자는 HF HPI는 호가를 이용한 가격지수에 비해 부동산시장 가격과 담보가치 변동을 빠르게 반영할 수 있다 며 가격에 영향을 미치는 주택특성의 변화를 설명할 수 있어 반복매매 사례가 많지 않은 지역에서도 지수산출이 가능하다 고 설명했다. 김대기 기자 r start 포토 박민영 고양이 발톱에 상의가 그만‥ 아찔한 순간 선박왕 역외탈세 추징 제동 달라진 쇼호스트 말보다 마음으로 판다 나체로 돌고래와 함께 바다 수영 女 화제 김길태가 탈옥했다 …인터넷에 괴소문 한재석 측 ‘박솔미 열애설’ 진위 확인 중 ‘긍정 부정 추측은 아직’ 포토 공항에 뜬 카라 상큼한 공항패션 r end ⓒ 매일경제 mk.co.kr 무단전재 및 재배포 금지 MBA도 모바일로 공부한다.,https://news.naver.com/main/read.nhn?mode=LSD&mid=shm&sid1=260&oid=009&aid=0002486799,284
262078,2011.06.17. 오후 2:06,부동산,디지털타임스,HF공사 주택특성 가격지수HFHPI개발,한국주택금융공사 HF 사장 임주재 는 주택관련 의사 결정 시 참고 정보로 사용할 수 있는 한국주택금융공사 주택특성 가격지수 HF HPI 를 개발했다고 17일 밝혔다. HF HPI는 부동산 실거래가를 이용한 주택 특성 가격 지수로 실거래가가 공표된 2006년 1월을 기준시점 지수 100 으로 해 상대 값을 표시한다. HF공사에 따르면 호가에 기초한 주택가격지수는 시장의 변화를 반영하기 쉽지 않아 실거래가를 이용한 주택특성 가격지수를 만들게 됐다는 설명이다. 이 지수는 강남 서초 송파 등 강남 3구부터 우선 적용될 예정이다. HF공사 관계자는 HF HPI는 가격에 영향을 미치는 주택특성의 변화를 설명할 수 있어 반복매매 사례가 많지 않은 지역에서도 지수산출이 가능하다 고 말했다.,https://news.naver.com/main/read.nhn?mode=LSD&mid=shm&sid1=260&oid=029&aid=0002069413,284
262079,2011.06.17. 오후 2:01,부동산,머니투데이,부동산 WIDE 누구를 위한 도시형생활주택인가,머니투데이 MTN 부동산부 13회 부동산 WIDE 스페셜리포트 1인 가구 증가와 정부의 규제 완화 조치에 힘입어 최근 도시형생활주택 건설이 붐을 이루고 있다. 사실 중대형 건설사들은 그동안 이익을 많이 내는 중대형주택 건설을 선호해서 소형주택 공급을 꺼려 왔던 것이 사실 하지만 각종 규제가 완화되는 도시형생활주택이 선보이면서 건설사들의 도심 소형주택 공급이 붐을 이루고 있다. 특히 도시형생활주택과 오피스텔을 같은 건물에 함께 지어서 분양하는 게 건설사들의 전략으로 자리잡아가고 있다. 건설사들이 도시형생활주택과 오피스텔을 한데 섞어서 짓는 이유는 규제를 피하기 위한 것. 도시형생활주택의 경우 주차장 조성 기준 등이 오피스텔에 비해서 덜 까다롭기 때문이다. 문제는 건설사들이 내놓은 도시형 생활주택이 주변 시세보다 높은 월세에 기존의 오피스텔이나 전혀 다를 것 없다는 데 있다. 특히 건설사들이 천편일률적으로 원룸형만 지어서 공급하면서 정작 서민들에게 가장 필요한 투룸 전셋집 은 사라지는 실정. 과연 누구를 위한 도시형생활주택인가 스페셜리포트에서 우후죽순 쏟아지고 있는 도시형생활주택의 문제점을 짚어본다.,https://news.naver.com/main/read.nhn?mode=LSD&mid=shm&sid1=260&oid=008&aid=0002557420,284
262080,2011.06.17. 오후 2:01,부동산,머니투데이,부동산 WIDE 부동산 시장 침체기 경매로 ‘안전투자’,머니투데이 MTN 부동산부 13회 부동산 WIDE 부동산매거진 가뜩이나 어려운 부동산 경기 여기에 금리인상까지 더해 잔뜩 인상을 찌푸리고 있는 부동산 시장 그렇다고 투자할 곳이 없는 것은 아니다. 이럴 때 오히려 투자적기인 상품이 있다고 하는데 바로 경매시장이다. 올해 들어 부동산 경매 시장은 수도권과 비수도권으로 크게 양분되는 양상을 보이고 있다. 차분한 수도권 뜨거운 비수도권으로 나눌 수 가 있는데 비수도권의 경우 평균 낙찰률이 50%를 넘고 있다. 지지옥션의 남승표 선임연구원은 낙찰률이 50%를 넘는다는 것은 평균적으로 경매에 나온 물건들이 어지간한 하자가 없다면 거의 다 소화되고 있는 것으로 볼 수 있다며 지방 아파트 경매시장이 뜨거운 열기 속에 움직이고 있다고 말했다. 금리인상 경매에는 호재 남 연구원은 부동산 경매 역시 부동산 시장의 자장을 넘어서기 어려운 것이 사실이지만 부동산 순환 주기가 단기가 아니라 장기라는 점을 고려할 때 금리 인상은 부동산 경매 시장에 몇가지 호재를 안겨 준다고 말했다. 물건이 늘어나고 원하는 물건을 낙찰 받는 것이 상대적으로 용이해 진다는 것이다. 이럴 때 내집 마련을 경매를 통해 마련해 보는 것은 어떨까 전체 경매 물량의 40%정도가 주택인데다 아파트는 시세 파악도 어렵지 않고 거의 유가증권화되어 있어 초보자도 거래하기 쉽다는 게 남 연구원의 설명 하지만 그렇기 때문에 경쟁이 치열하고 잘못하면 손해를 볼 수 도 있기 때문에 주의가 요구되는데 남 연구원은 감정가의 감정 시점이 언제인지 반드시 살필 것과 낙찰 후 소요되는 비용을 감안해서 입찰가격을 산정하라고 당부했다. 좀 더 안전하면서도 소액으로도 투자가 가능한 공동입찰방식도 경매의 틈새 투자방법이 되고 있다. 장점은 투자 금액의 제한을 벗어날 수 있다는 점이고 단점은 거래의 제약이나 객관적인 거래 중재자가 없다는 점인데 남연구원은 공동투자의 장점은 흡수하면서 단점을 극복할 수 있는 방법으로 경매펀드를 추천했다. 경매는 옥석구별이 투자 성공의 관건 그렇다면 어떤 물건이 좋은 투자 대상일까 남연구원은 먼저 투자 대상을 명확하게 정하고 자료를 검토해야 하며 그 다음 시세차익을 노리고 들어갈 것인지 임대 수익을 노리고 들어갈 것인지 기준을 정하는 것이 중요하다고 했다. 그 외에 해당 물건의 입지 브랜드 파워 등을 살펴보고 응찰하시면 좋은 성과를 얻을 수 있다는 게 남승표 선임연구원의 설명이다. 경매는 머리로 투자하는 것이 아니라 무엇보다 발품을 많이 팔아야 성공 할 수 있는 분야 부동산매거진 에서 경매투자의 성공비결과 시장동향을 지지옥션의 남승표 선임연구원과 함께 살펴본다.,https://news.naver.com/main/read.nhn?mode=LSD&mid=shm&sid1=260&oid=008&aid=0002557419,284
262081,2011.06.17. 오후 2:01,부동산,머니투데이,부동산 WIDE 분양가전월세 상한제 향방은,머니투데이 MTN 부동산부 13회 부동산 WIDE 위클리포커스 정치권의 분양가 상한제 폐지 논의가 활발한 가운데 권도엽 국토해양부 장관도 분양가 상한제 폐지에 대해 입장을 밝혔다. 권도엽 국토부 장관은 분양가 상한제 폐지는 여러가지 부작용이 많아 폐지되는 게 맞다 고 언급하며 6월 국회에서 법안이 통과되도록 노력하겠다고 밝혔다. 이렇게 장관이 공식적인 자리에서 입장을 표명한 건 처음 있는 일 일각에선 분양가 상한제 폐지되면 다시 집값이 오르지 않을까 우려의 목소리도 나오고 있다. 이번 6월 국회에선 전월세 상한제 도입도 추진된다. 반복되는 전세난 때문에 정치권에선 전월세 상한제 도입을 두고 논의가 한창인데 한나라당은 전셋값 급등 지역을 지정해 일정 비율까지만 전셋값을 올릴 수 있도록 하는 방안을 내놨고 민주당도 재계약시 인상률을 5% 내로 묶는 방안을 내놨다. 하지만 정부는 인위적인 가격을 통제하면 부작용이 우려된다며 반대하고 있는 입장이다. 국회는 다음주 초 21일 쯤 전월세 상한제를 포함한 임대차보호법 처리를 논의하게 된다. 가계부채가 눈덩이처럼 쌓이고 있다. 지난 1분기 말 기준으로 가계의 주택담보대출은 365조 원에 육박하고 있는데 상황의 심각성을 고려해 금융감독 당국이 곧 가계대출 규제 대책을 발표할 것으로 보인다. 주택담보 대출의 거치 기간을 제한하는 내용을 포함한 가계부채 종합대책을 이르면 다음 주 중 발표할 것으로 알려지고 있다. 부동산 시장을 살리기 위한 대책들과 상충하는 가계 대출 규제 대책 이런 와중에 정부가 보금자리 주택 물량을 재조정 하고 있다는 소식도 들리고 있다. 이번 주에도 부동산 시장은 다양한 이슈들이 쏟아졌다. 위클리포커스 에서 한 주간 부동산 소식을 총 정리한다.,https://news.naver.com/main/read.nhn?mode=LSD&mid=shm&sid1=260&oid=008&aid=0002557418,284
262082,2011.06.17. 오후 1:57,부동산,경향신문,강남구 청담동 청담자이 16가구 20일 인터넷 청약 개시,청약통장 없이 계약금 500만원으로 서울 강남의 신규 아파트를 잡을 수 있는 기회가 생겼다. GS건설은 이달 20일부터 22일까지 사흘간 서울시 강남구 청담동에 위치한 청담 자이에 대한 청약접수를 받는다고 12일 밝혔다. 청담자이는 GS건설이 지난 2004년 이후 7년만에 강남구에서 선보이는 단지이다. 강남구 청담동 134 20번지에 위치한 청담한양아파트 재건축 아파트로 지난 2009년 1대1 재건축으로 전 가구가 조합원들에게 분양되어 올해 10월 입주를 앞두고 있다. 이번 분양 물량은 2009년 ‘임대주택 건설 의무제’ 폐지에 따라 임대에서 분양 물량으로 전환된 전용면적 49㎡ 4가구 89㎡ 12가구 등 총 16가구다. 주택법 적용을 받지 않아 청약금 500만원만 있으면 청약통장없이 누구나 청약이 가능하다. 청담자이 홈페이지 www.cd xi.co.kr 에서 청약접수를 받으며 추첨을 통해 당첨자가 결정된다. 당첨자는 24일 오후 2시 이후 홈페이지에서 직접 확인 가능하고 계약시 분양금의 10%를 내고 중도금 분양금의 10% 납입 후 10월 입주 때 잔금을 내면 된다. 청담자이는 지하2층 지상35층 5개동 총 708가구로 대부분이 조합원 물량이어서 입주율이 90%를 넘을 것으로 보인다. 특히 한강변에 위치해 올림픽대로와 인접해 있고7호선 청담역을 걸어서 이용 가능해 편리한 교통 프리미엄을 누릴 수 있다. 또한 경기고 휘문고 등 ‘강남 최고의 명문학군’을 갖춰 강남진입을 계획하는 실수요층에게 많은 관심을 받고 있으며 소형평형은 임대상품으로도 높은 인기를 모을 것으로 기대된다. 발코니 확장과 시스템 에어컨를 무료로 제공하는 혜택도 준다. GS건설 관계자는 “분양물량은 실수요자들에게 인기가 높은 중소형인데다가 분양가도 조합원 물량 거래 가격 수준보다 조금 낮게 결정했다”며 “전세시세만도 분양가의 50%를 넘고 인근에 임대 수요도 풍부해 임대 투자용으로도 고려해 볼 만하다”고 설명했다. 분양문의 02 545 1301 홈페이지 www.cd xi.co.kr 본 자료는 해당 업체에서 제공한 보도 자료입니다. 경향신문 ‘오늘의 핫뉴스’ 대형교회 헌금봉투에 구멍 왜 뚫었을까 카이스트 학생 또 사망… 이번엔 대학생 ‘신용카드 강간’…결국 ‘마루타 알바’ “과 수석이 학비 없어 자퇴…” 교수 1인시위 서러운 알바 여대생… 내가 사람이긴 한 건가 서울대생 절대 대통령 안돼야할 인물 1위 공식 SNS 계정 경향 트위터 미투데이 페이스북 세상과 경향의 소통 Khross ⓒ 경향신문 경향닷컴 www.khan.co.kr 무단전재 및 재배포 금지 〈경향닷컴은 한국온라인신문협회 www.kona.or.kr 의 디지털뉴스이용규칙에 따른 저작권을 행사합니다.,https://news.naver.com/main/read.nhn?mode=LSD&mid=shm&sid1=260&oid=032&aid=0002142739,284
262083,2011.06.17. 오후 1:45,부동산,헤럴드경제,10억 그 이상의 가치를 지닌 한라비발디,☞중도금 무이자 ☞계약금 5% ☞생태공원 18만 바로 앞 위치 ☞한강 조망권 ☞여의도 19분 쾌속 교통망 김포 한강로 직접 연결 ☞녹지율 53% 지방 분양시장의 분양열기가 수도권 시장에도 전해지고 있다. 4월 중순 문을 연 ‘한강신도시 한라비발디’ 견본주택에는 많은 인파가 다녀가면서 수도권 분양시장에도 훈풍이 불고 있다. 한라건설에 따르면 김포한강신도시에 분양하는 ‘한강신도시 한라비발디’는 견본주택 개관 첫날 7500명 주말에 약 2만여 명이 다녀가 3일 동안 약 2만 8천 여명이 견본주택을 다녀갔다. 견본주택 앞에는 개관 전부터 방문객들로 인해 줄이 길게 늘어서는 진풍경이 펼쳐졌고 견본주택 안에도 분양상담을 받으려는 방문객들로 내내 인산인해를 이뤘다. 한라건설 관계자는 “김포한강신도시는 8월에 김포한강로가 개통되면 서울 접근성이 좋아지며 특히 운양용화사IC가 택지내에서 가장 근거리에 위치해 서울로 이동이 수월하다”고 말했다. 또 “한강신도시 한라비발디 분양가는 3.3㎡ 당 1060만원으로 타 지역보다 저렴한 분양가로 한강과 조류생태공원 등을 조망할 수 있다는 것이 가장 큰 장점”이라고 덧붙였다. ‘한강신도시 한라비발디’는 지하2층 지상19층 12개 동 총857가구의 대단지로 전용면적 기준 105㎡형 513가구 106㎡형 284가구 126㎡형 60가구로 구성됐다. 분양가는 3.3㎡ 당 1060만원으로 계약금 5%씩 2회 분납 중도금 60% 전액 무이자가 적용된다. 전매는 계약 1년 후부터 가능하다. ‘한강신도시 한라비발디’ 견본주택은 김포시 고촌읍 신곡리에 위치해 있다. 선착순 특별 분양이므로 신청금 입금 후 방문하는 것이 유리하다.,https://news.naver.com/main/read.nhn?mode=LSD&mid=shm&sid1=260&oid=016&aid=0000387126,284
262084,2011.06.17. 오후 1:45,부동산,노컷뉴스,2011 건설의 날 기념식 개최,박창규 롯데건설 대표 김경준 삼성물산 전무 금탑산업훈장 영예 CBS산업부 정재훈 기자 대한건설단체총연합회는 17일 오후 서울 강남구 논현동 건설회관 2층 대강당에서 국민과 함께하는 건설 세계로 미래로 를 주제로 2011 건설의 날 기념식을 개최했다. 이날 행사에는 김황식 국무총리 권도엽 국토해양부장관 등 정부 관계자와 장광근 국회 국토해양위원장 강기갑 김희철 홍일표 김성태 국회의원 박덕흠 대한전문건설협회 회장 이재균 해외건설협회 회장 등 1천여 명이 참석했다. 이날 기념식에서는 박창규 롯데건설 대표이사와 김경준 삼성물산 전무가 금탑산업훈장을 받는 영광을 안았다. 박창규 대표는 철저한 시공 관리와 현장 경영 김경준 전무는 초대형 해외 프로젝트 성공을 통해 우리 건설업의 위상을 한 단계 높인 공로를 인정받았다. 또 김광수 광남토건 대표이사 황규철 경림건설 대표이사가 은탑산업훈장을 강부인 세방테크 대표이사는 동탑산업훈장을 각각 수상했다. 아울러 노석순 원영건업 대표이사가 철탑산업훈장 최영집 종합건축사사무소 탑 대표이사가 석탑산업훈장을 각각 받는 등 업계 및 유관단체 임직원 174명에게 정부 포상 및 국토해양부장관 표창이 수여됐다. 최삼규 대한건설단체총연합회 회장은 이날 기념사에서 건설인들은 우리나라가 세계적인 건설강국으로 우뚝서는 데 헌신적으로 기여했음에도 불구하고 오늘의 건설산업은 외환위기 이래 최대의 시련기를 맞고 있다 며 이제까지의 공공공사 의존도와 주택사업 일변도의 사업구조에서 벗어나 새로운 성장동력을 발굴해 안정적인 영업구조를 만들어 나가야 한다 고 강조했다. 또 건설산업의 건전한 발전은 일자리 창출과 내수 확대를 통해 서민이 살기좋은 사회를 만들기 위해서도 반드시 필요한 것 이라며 정부도 건설업계가 지금의 어려움을 극복하고 새로운 도약의 계기를 만들어 갈 수 있는 건설환경을 구축해야 한다 고 당부했다.,https://news.naver.com/main/read.nhn?mode=LSD&mid=shm&sid1=260&oid=079&aid=0002260669,284
262085,2011.06.17. 오후 1:44,부동산,매일경제,6월 교하신도시 ‘한라비발디’ 823가구 분양,한라건설은 경기 파주 교하신도시 22블록에서 한라비발디 아파트 823가구를 6월 23일 일산동구 지하철 3호선 마두역 인근에 모델하우스를 오픈하고 본격 분양에 나선다. 지하 2층∼지상 25층 10개동으로 전용면적 59㎡ 72가구 84㎡ 385가구 101㎡ 220가구 130㎡ 146가구 등으로 이뤄진다. 이 아파트는 올 초 개통된 제2자유로의 혜택을 톡톡히 누릴 수 있다. 자가용을 이용한 서울 진입이 20분 이내로 단축된 데다 일산신도시를 거치지 않고 서울 도심을 직접 연결하는 간선급행 버스도 운행돼 서울을 한걸음에 내달릴 수 있게 됐다. 또 여의도 양재 김포공항 노선 등 올해 말까지 광역·직행 버스 등 8개 노선이 추가 신설된다. 한라비발디 단지 주변이 간선급행 버스의 시발점이 되며 신도시 내 다른 아파트보다 도심 접근이 편리하다. 또 지난 2009년 복선 전철화 된 경의선 이용은 물론 문발IC도 인접해 있어 자유로 이용도 쉽다. 단지 내에는 약 1500㎡의 잔디광장과 약 1000㎡의 전나무 삼림욕장이 조성된다. 이밖에 4가지 테마가 있는 약2km의 산책로와 약 230m 길이의 생태수공간 옥상 녹화 스카이라운지 등이 조성돼 그린 프리미엄을 기대할 수 있다. 신생에너지를 이용해 에너지 절약형 친환경 녹색단지로 설계되어 있다. 지하 주차장에 자연채광 광덕트를 도입해 자연채광을 극대화 했다. 우수 재활용 시스템으로 비가 올 때 저장된 빗물을 조경수 및 기타 공용수로 활용한다. 1661 0606 매경닷컴 뉴스센터 ⓒ 매일경제 mk.co.kr 무단전재 및 재배포 금지 MBA도 모바일로 공부한다.,https://news.naver.com/main/read.nhn?mode=LSD&mid=shm&sid1=260&oid=009&aid=0002486761,284
262086,2011.06.17. 오후 1:43,부동산,머니투데이,기자수첩건설사 합병의 미학을 살리자,머니투데이 전병윤 기자 살아남으려면 끼리끼리 모여 합병이라도 해야죠. 버틴다고 될 일이 아닙니다. 한 건설사 임원은 사석에서 만나 건설사 구조조정에 대해 이처럼 얘기했다. 부동산경기는 좀처럼 회복될 조짐을 보이지 않고 보금자리주택 공급으로 민간 분양시장도 위축되고 있는 최악의 상황을 타개하지 위한 해법 중 하나라는 게 그의 주장이다. 건설업계가 처한 현실을 생각하면 고민해 볼 문제다. 중소형 건설사들은 대형사들처럼 해외에서 수주를 따낼 여력이 못 돼 경영난이 갈수록 악화될 수밖에 없는 구조다. 미분양은 쌓이고 자금이 돌지 않아 유동성 위기가 늘 상존한다. 특히 부동산 개발 사업을 위해 금융권으로부터 빌린 프로젝트파이낸싱 PF 을 상환하기 어렵게 되면서 진퇴양난에 빠졌다. 만기를 연장하려면 추가 담보를 내놓아야 하는데 여의치 않아 상환 압박에 시달리는 동시에 PF 자금줄이 막혀 신규 사업을 벌이기도 어렵다. 건설업계는 페달을 밟아야 자전거가 굴러가듯 끊임없이 수주를 하지 못하면 살아남을 방도가 없다. 특히 이달 말이면 건설업계에 4차 구조조정이 시작된다. 은행들의 정기 신용위험평가 작업이 마무리되는데 기업개선작업 워크아웃 에 들어가거나 기업회생절차 법정관리 를 밟게 될 수도 있다. 이처럼 선택의 폭이 넓지 않다면 주력 사업이 다른 회사들끼리 대대적인 합병 카드를 적극적으로 고려해봐야 한다. 합병의 장점은 충분하다. 막대한 자금력을 동원해야 하는 인수보다 대등한 조직간 합병은 승자의 저주 에 빠질 위험도 낮고 자금 부담도 덜하다. 소형 회사들로선 규모의 경제를 키워 경쟁력을 확보하기엔 적합한 방법이다. 그런데 우리나라의 인수·합병 M A 시장은 인수만 있고 합병이 없다는 말이 있다. 합병은 조직간 화합에 적지 않은 노력이 필요하다. 배타적인 기업문화 뿐 아니라 중소형 건설사의 대부분은 오너 체제라는 것도 화학적 합병의 걸림돌로 작용한다. 하지만 중소형 건설사들이 주기적으로 부실의 늪에 빠져드는 취약한 구조를 안고 있는 상황에서 지속 가능한 기업으로 환골탈태하려면 기득권을 버리는 과감한 선택이 필요하다.,https://news.naver.com/main/read.nhn?mode=LSD&mid=shm&sid1=260&oid=008&aid=0002557407,284
262087,2011.06.17. 오후 1:41,부동산,아시아경제,광교신도시도 입주 시작...전세난 숨통,아시아경제 조민서 기자 경기도 수원 광교신도시 의 첫 입주가 코앞으로 다가왔다. 총 1130만㎡ 7만7000명을 수용하는 신도시로 개발중인 광교신도시는 공동주택만 3만1000여가구가 들어선다. 이중 A5블록의 광교한양수자인 214가구가 첫 주자로 다음 달 집들이에 나선다. 16일 건설업체들에 따르면 올 연말까지 광교신도시의 입주물량은 총 2568가구다. 7월말 한양수자인 입주를 시작으로 9월에는 울트라참누리 1188가구 10월 광교휴먼시아 A4블록 466가구 12월 광교이던하우스 700가구 등이 입주를 시작한다. 이중 첫 입주인 광교한양수자인은 4개동 15층 규모 총 214가구로 구성됐다. 가구수는 많지 않지만 실수요자들에게 인기있는 전용면적 85㎡이하의 중소형 단일면적으로 구성돼 있다. 본격적인 입주가 시작되는 내년에는 대형 브랜드 아파트들의 입주도 속속들이 진행된다. 2월에는 광교래미안 629가구 광교오드카운티 668가구 광교호반베르디움 555가구 등이 준비돼있고 6월에는 A1블록에 대광로제비앙 145가구가 입주를 기다리고 있다. 수도권 남부에 명품신도시를 만들겠다는 구상하에 조성된 광교신도시는 올 연말 준공을 목표로 기반시설 조성공사가 한창이다. 현재 공정률은 약 78% 정도다. 경기도시공사 관계자는 공사 준공은 연말로 잡혀있으며 순차적으로 입주가 진행될 것 이며 조기입주자들을 위해서 생활에 필요한 기반시설 수도 전기 등 불편이 없도록 하겠다 라고 말했다. 광교신도시는 신분당선 연장선의 최대 수혜지역으로 꼽힌다. 2016년이면 신분당선 연장선 경기대역이 개통예정이고 2단계 광교 호매실 구간은 경부철도축 화서역 과도 연계돼 전국적인 교통망 접근이 쉽다. 분당 및 판교도 15분 거리다. 조민이 부동산1번지 팀장은 교통여건이 체계적으로 갖춰지고 편의시설이 조성된다면 입지는 괜찮은 편이다. 강남권으로 출퇴근이 가능하다 라며 내년 상반기까지 차례로 입주가 진행되기 때문에 전셋값이 저렴하게 나올 수도 있을 것으로 본다 라고 내다봤다. 광교 인근 K부동산 관계자는 중소형 아파트는 분양 당시보다 현재 프리미엄이 2000만원 가량 붙었다고 들었다 라며 신도시로써 자리를 잡으면 보다 많은 주목을 받게 될 것 이라 말했다.,https://news.naver.com/main/read.nhn?mode=LSD&mid=shm&sid1=260&oid=277&aid=0002624735,284
262088,2011.06.17. 오후 1:29,부동산,한국경제TV,대한건설협회 비전 2020 선포,최삼규 대한건설협회 회장이 2011 회계년도 제1회 임시총회에서 협회의 중장기 발전 전략을 담은‘비전 2020’을 선포했습니다. 이번 비전 2020은 글로벌 금융위기 이후 건설시장의 구조적인 변화와 건설경기 침체 장기화 등에 대응한 건설 신수요 창출과 건설산업의 지속가능한 발전을 선도하기 위해 국민 친화적 건설환경 조성 고품격 회원서비스 강화 및 미래지향적 경영체제 구축의 3대 목표를 정하고 이를 위한 8개 전략과제 등을 담고 있습니다. 최삼규 회장은 “여러 가지로 어려운 지금이야말로 새로운 건설산업 성장의 틀을 만들어야 할 때”라며 “비전 2020을 통해 대한건설협회가 신수요 창출을 통한 건설산업의 지속가능한 발전을 선도해 나갈 것”이라고 말했습니다. 오늘 총회에서는 상반기 사업 추진실적 보고와 2010 회계년도 결산안 등을 심의 의결하고 대정부 건의 및 회원사의 건설산업 위기 극복 의지를 담은 결의문도 채택했습니다.,https://news.naver.com/main/read.nhn?mode=LSD&mid=shm&sid1=260&oid=004&aid=0002082696,284
262089,2011.06.17. 오후 1:26,부동산,경향신문,1억원대 소형 고급타운하우스 수요급증,경기도 남양주시 화도읍 차산리 일대에 1억원대 타운하우스형 고급소형빌라가 있어 투자자와 실거주자들에게 주목을 받고 있다. 고급소형빌라 ‘포레스트 빌’은 쾌적한 주거환경과 안정적인 임대 수익을 볼 수 있는 천혜환경을 가지고 있을 뿐만 아니라 단지 형태로의 조성에 따른 품격을 느낄 수 있으며 또한 수도권과 근거리에 위치하여 교통환경도 편리하다. ‘포레스트 빌’은 해비치 골프장 등 마을전체가 아름다운 조망권을 가지고 있고 서울 삼성동 코엑스몰까지 25분대로 접근할 수 있어 강남까지의 접근성이 용이하며 서울 춘천간 고속도로 화도 IC가 2Km 거리내에 위치하였다. 남양주 화도 지역은 지속적인 교통망 구축으로 지가 상승이 기대되는 지역이다. 양평 화도간 고속도로는 경남 마산에서 여주 양평 경기도 남양주시를 잇는 중부내륙고속도로 전 구간이 개통되고 서울 양평 서종 춘천간 경춘고속도로 동서고속도로 와 화도 JCT에서 만나게 된다. 덕분에 남양주 일대로 유입이 많아져 추후 개발로 인한 지가상승효과를 톡톡히 누릴 것으로 보인다. 또한 동 서간 남 북간 고속도로 시설 확충 및 경춘선 중앙선 복선전철사업완료 마석역 로 인하여 도시교통체계뿐만 아니라 대중교통을 이용하여 상봉역 25분 서울까지도 출퇴근이 편리해졌다. 특히 ‘포레스트 빌’은 중앙선 마석역과 5분 거리에 위치해 있다. ‘포레스트 빌’은 서울 강남 강북 잠실 용인을 연결하는 수도권 남동 개발축 중심으로 완벽한 도로망 확충되어 어느 지역으로도 이동이 편리하기 때문에 투자자에게도 인기가 많지만 쾌적한 환경으로 인하여 퇴직후 편안한 노후생활을 꿈꾸는 실거주자들에게도 특히 인기가 많다. ‘포레스트 빌’ 인근 2Km 내외에는 대규모 아파트 단지가 형성되어 있으며 롯데마트와 이마트 대형병원 은행 북한강 야외공연장 서호미술관 모란미술관 등 생활편의시설이 인근에 위치하여 편리하고 풍부한 생활 인프라를 구축한 곳이다. 전원주택의 경우 인적이 드문 곳에 소규모로 위치해 있어 관리 및 유사시에 대처가 미흡할 수 있는데 반해 ‘포레스트 빌’은 타운하우스와 같이 관리회사가 철저한 관리 체계로 관리하여 보안 및 유지보수 등의 양질의 서비스를 제공받을 수 있다. ‘포레스트 빌’은 우리산업개발이 책임 준공 시공을 하며 코리아신탁이 직접 자금 관리하여 안전하게 분양받을 수 있다. 성공적인 투자를 꿈꾸는 투자자나 평온한 노후를 꿈꾸시는 실거주자라면 완벽 조건을 갖춘 ‘포레스트 빌’을 눈여겨보는 것이 좋겠다. 신청금 농협 301 0084 5251 11 코리아신탁㈜ 문의 031 511 5359 본 자료는 해당 업체에서 제공한 보도 자료입니다. 경향신문 ‘오늘의 핫뉴스’ 대형교회 헌금봉투에 구멍 왜 뚫었을까 병무청장 “MC몽 입대발언 쏙 들어가”…왜 대학생 ‘신용카드 강간’…결국 ‘마루타 알바’ “과 수석이 학비 없어 자퇴…” 교수 1인시위 서러운 알바 여대생… 내가 사람이긴 한 건가 서울대생 절대 대통령 안돼야할 인물 1위 공식 SNS 계정 경향 트위터 미투데이 페이스북 세상과 경향의 소통 Khross ⓒ 경향신문 경향닷컴 www.khan.co.kr 무단전재 및 재배포 금지 〈경향닷컴은 한국온라인신문협회 www.kona.or.kr 의 디지털뉴스이용규칙에 따른 저작권을 행사합니다.,https://news.naver.com/main/read.nhn?mode=LSD&mid=shm&sid1=260&oid=032&aid=0002142731,284
262090,2011.06.17. 오후 1:21,부동산,헤럴드POP,높은 매매가 수익률 ‘발목’…지역 엄선을,오피스텔 서울 평균 5.67%로 ‘뚝’…공급부족지 압축을 아파트 4월 기준 2.99% 불과…시세차익 동시 노려야 한국은행이 지난해 7월부터 기준금리를 2%에서 3.25%까지 5차례에 걸쳐 지속적으로 인상하면서 수익형부동산 투자자들의 투자 전략에도 상당한 변화가 예고되고 있다. 기준금리 인상으로 수익형 부동산 투자의 바로미터가 되는 정기 예금금리가 동반 상승하면서 매달 받는 임대료를 바탕으로 한 연간 임대수익률과의 격차가 줄어들고 있기 때문이다. 오피스텔 연간 임대수익률은 하락세 최근 분양 시장에서 연일 돌풍을 일으키고 있는 오피스텔은 지난해부터 지속적으로 임대수익률이 하락세를 보이고 있다.오피스텔 붐에 편승해 섣불리 투자에 나서서는 안되는 이유가 이 때문이다. 부동산114가 지난해 1월부터 지난달까지의 서울 소재 50실 이상 오피스텔의 임대수익률을 조사한 결과 지난해 1월 연 5.95%이던 임대수익률은 지난달 5.67%까지 하락했다. 경기도의 평균 임대수익률도 지난해 1월 6.56%였지만 지난달에는 6.23%까지 떨어졌다. 기준금리가 1.25% 상승하는 동안 반대로 오피스텔의 임대수익률은 0.3% 가량 떨어진 것이다. 한국은행이 기준금리를 인상하자 주택 구매 대기 심리가 더욱 강화되며 전세 시장이 재차 불안해지고 있다. 송파구의 한 중개업소에는 일주일새 수천만원 떨어진 재건축 급매물과 수백만원씩 오른 전세 물건이 동시에 나오고 있다. 오피스텔 임대 수익률 하락세의 근본 원인은 오피스텔 매매가 상승이다. 서울의 오피스텔 3.3㎡당 매매가는 지난해 1월 919만원이었지만 지난달에는 973만원까지 올랐다. 경기도도 지난해 1월 3.3㎡당 686만원이던 것이 지난달 711만원까지 상승했다. 분자에 해당하는 임대료에 비해 분모인 매매가가 가파르게 상승하다 보니 임대 수익률은 자연스럽게 하락한 것이다. 김규정 부동산114리서치센터장은 “기존부터 오피스텔을 보유하고 있던 투자자라면 매매가 상승과 매달 고정적인 임대수익을 얻는 일석이조의 효과를 누렸을 것”이라며“하지만 신규로 오피스텔을 매수하려는 이들의 경우에는 매매가가 높아져 이미 수익률이 크게 낮아진 상태라는 점을 유념해야 할 것”이라고 말했다. 이에 따라 김 센터장은 교통 여건이 양호하면서 상대적으로 수요에 비해 공급이 부족한 지역에 선별적으로 투자에 나설 것을 조언했다. 실제로 광진구 화양동의 글로벌 오피스텔 44㎡의 경우 현재 연 임대수익률이 10.6%에 달한다. 늘어나는 아파트 월세 수익률은 부진 심각해지는 전ㆍ월세난 여파로 아파트의 전세 물량이 대거 반전세 및 월세로 전환되고 있지만 오피스텔에 비해선 수익률이 미약한 것으로 나타났다. 이는 오피스텔에 비해 아파트의 매매가가 월등히 높은 데서 비롯된 현상이다. 실제 서울 소재 아파트의 평균 임대 수익률은 지난 4월 기준 2.99%에 불과하다. 지난해 1월 2.69%에 비해서는 1년 여 만에 0.3%P 가량 높아졌지만 여전히 오피스텔 임대수익률에 비해서는 절반 수준에 불과하다. 다만 아파트의 경우 매매 가격의 탄력성이 오피스텔에 비해 높은 점을 감안해 추후 매매차익을 노려볼 수 있다는 분석이 제기됐다. 전월세상한제가 도입되면 임대료의 사전 상승 효과도 기대해볼 수 있다. 김 센터장은 “쉽사리 매매가가 상승하지 않는 오피스텔이 최근 적잖은 상승폭을 기록하며 추가적인 매매 가격 상승에 대한 부담감이 커졌다”라며 “하지만 아파트의 경우 매매 가격 상승폭이 크지 않았던 만큼 양호한 지역 수급과 가격 요건을 갖춘 단지를 고른다면 아파트를 통해서도 월 임대료와 매매가 상승의 동반 효과를 누려볼 수도 있다”고 전망했다.,https://news.naver.com/main/read.nhn?mode=LSD&mid=shm&sid1=260&oid=112&aid=0002203978,284
262091,2011.06.17. 오후 1:20,부동산,헤럴드경제,부평 역세권 소형 오피스텔 신일 유스테이션 특별 분양,☞ 계약금 5% 약 500만원 만 내시면 입주때 까지 들어가는 돈이 없다. ☞ 중도금 전액 무이자 ☞ 풀옵션 특별 제공 ☞ 1가구 2주택 무관 ☞ 서울 7호선 부평구청역과 인천 지하철 1호선 환승역세권·서울 1호선 부평역 신일건업이 인천 부평구 부평역과 부평 구청역 2분거리에 오피스텔 ‘신일 유스테이션’을 분양 중이다. 지난번 문을 연 신일 유스테이션 견본주택은 개관 3일 동안 1만 명이 넘는 관람객이 찾아 청약돌풍을 예고했다. 최근 3년 동안 주변지역에 신규오피스텔이 없었다는 측면에서 수익률에 대한 투자자들의 기대가 컸던 것으로 보인다고 회사측은 밝혔다. 신일 유스테이션은 지하 7층∼지상 20층 규모의 주상복합 오피스텔로 64.46㎡ 19형 108실 마감 70.61㎡ 21형 224실 82.85㎡ 25형 18실 103.31㎡ 31형 32실 등으로 총 382실로 구성됐다. 분양가와 계약조건도 우수하다. 분양가는 3.3㎡당 400만원 대로 저렴하며 중도금 무이자 혜택 무제한 전매제한 풀옵션 무상제공 등 혜택이 소액투자자들의 관심을 끌 것으로 보인다. 소형오피스텔이지만 20층 규모의 랜드마크적 외관 고급커뮤니티와 풀옵션 및 세련된 마감자재를 활용한 점도 눈에 띈다. 인천지하철 1호선과 환승될 예정인 7호선 부평구청역이 2012년 개통 예정으로 오피스텔 완공과 함께 도보 5분에 바로 이용가능한 더블 역세권 으로 강남까지 50분대면 이동할 수 있게 된다. 근처에 공단이 있어 공실이 거의 없는 안정적인 임대수요를 제공한다오후 4 30 2011 06 08. 북측에 GM대우 자동차공단 1만2000여명 부평공단 2만356명 이 있고 남측으로는 부평시장 상권이 자리한다. 또한 바로옆에는 부평구청이 위치해 있어 공실 걱정은 없을 듯 하다. 신일 유스테이션 관계자는 “싼 분양가와 최근 주변지역에 신규오피스텔이 없었다는 점에 수요자들이 매력을 느낄 것으로 판단된다”고 말했다. 견본주택은 롯데마트 삼산점과 삼산체육관 인근에 위치해 있다. ◈ 신청금 100만원을 입금하시고 방문하시면 호수 지정에 유리하다. ◈ 신청계좌 국민은행 392001 04 162963 ◈ 예금주 u3000신일건업 정 계약시에는 자금관리 신탁사로 입금합니다.,https://news.naver.com/main/read.nhn?mode=LSD&mid=shm&sid1=260&oid=016&aid=0000387125,284
262092,2011.06.17. 오후 1:20,부동산,세계일보,임대 완료 주안역 1분거리 선시공 후분양하는 도시형 생활주택,세계닷컴 침체에 빠져 있는 주택시장에서 눈길을 돌린 수요자들이 수익형 부동산으로 몰리고 있다. 주택처럼 시세차익도 노릴 수 있는 동시에 매달 꾸준한 월세로 고정 임대수익을 얻을 수 있는 오피스텔이나 도시형생활주택이 인기를 끌고 있는 것이다. 인천 주안역앞에 미진 주택건설이 시공한 미진 도시형생활주택은 공급면적이 20㎡이하이며 지상 1층 지상10층건물로 원룸형으로 준공완료된 도시형생활주택이다. 미진 도시형 생활주택은 국제 비즈니스 도시인 송도국제도시 청라국제도시와 인접하며 인천 지하철2호선 환승역이 개통하게 되면서 주안의 대표적 상업지구인 대규모 지하상가 및 주안 수 출공업5 6공단지 기업체 105개 종사자 1만8000여명 상업지구 내 금융시설등이 인근에 위치해 탄탄한 임대수요층를 갖추고있는 지역이다. 또한 주안 역세권 개발 사업으로 역전광장 조성이 될 예정이라 남구의 새로운 랜드마크로 부상하고 있고 주안역 유동인구만 40여만명에 달한다. 주안역 12번출구에서 도보 1분거리내에 위치해 있고 인천 2호선 환승역이 개통되면 현재공사중 더블 역세권이 형성되고 서울 영등포역까지 30분이면 출퇴근이 가능하다. 시내 버스노선의 80%가 경유하는 인천의 교통 요충지로서 편리한 교통환경을 갖추고 있으며 경인고속도로 서울 외곽순환도로 경인국도와 인접해 서울 인천 안양 과천 등 광역으로 통하는 교통인프라도 자랑한다. 또한 기존 오피스텔보다 관리비를 낮추었을 뿐만 아니라 차별화된 미래형 초소형 아파트라는 신개념을 도입하여 고품격 인테리어와 전세대 발코니확장 드럼세탁기 에어컨 냉장고 가스렌지 붙박이장 신발장 침대 커텐등 모든 시설물을 무상 제공한다. 분양가는 5.900만원 6.600만원이며 임대가 500 40 45만원 수도권에서 가장저렴한 분양가로 실투자금 3 000만원이하로도 바로 입주가 가능하며 잔금과 동시에 구분등기가 이루어지고 예상수익률이 아닌 현실적인 수익률 11%이상 로 임대차 계약이 체결된다. 미진 도시형 생활주택은 선시공 후분양으로 투자자의 안정성을 확보했고 계약 잔금과동시에 구분등기를 완료하고 곧바로 임대수익을 창출할수있는 확실한 수익상품이라고 할수있다. 분양문의 1577 8936 ※본 콘텐츠는 기업 제공 자료로 세계닷컴의견과 다를수 있습니다. Segye.com Segye.com 인기뉴스 학교 나오지 않아 신고 집에 가보니 온가족이… 평양에 탄환비 쏟을 미사일 전진 배치…왜 200원만… 구걸하던 노숙자 죽을뻔했다 日 한국女 토막살인…정부 머리 찾아내라 재산 29만원 전두환 600만원짜리 항소장 ⓒ 세계일보 Segye.com 무단 전재 및 재배포 금지 금융전문뉴스 세계파이낸스 모바일로 만나는 세계닷컴 세계닷컴은 한국온라인신문협회 www.kona.or.kr 의 디지털뉴스이용규칙에 따른 저작권을 행사합니다.,https://news.naver.com/main/read.nhn?mode=LSD&mid=shm&sid1=260&oid=022&aid=0002276374,284
262093,2011.06.17. 오후 1:17,부동산,뉴시스,서울 강남 20분대 수원 장안 STX 칸 아파트 분양,서울 뉴시스 온라인뉴스팀 STX건설은 수원 장안브랜드타운 7500여 세대의 맨 앞자리에 위치한 STX칸 아파트 947가구를 분양하고 있다고 17일 밝혔다. 수원시 장안구 이목동에 위치한 이 아파트는 과천 의왕간 고속화도로를 이용 시 서울 양재까지의 거리가 18km에 불과해 서울 접근성이 우수하다. 또한 국철 1호선 성균관대역 신분당선 환승 예정인 화서역이 가깝고 영동고속도로 북수원IC와 경수산업도로도 인접해 있다. 생활환경도 빼놓을 수 없는 장점이다. 홈플러스 롯데마트 CGV 등 정자 천천지구의 생활인프라 이용이 편리하며 경기과학고 수성고 등 교육환경도 우수하다. 단지 내에는 다목적 실내 체육관 고품격 휘트니스 센터 GX룸 최신식 실내 골프연습장 등을 비롯해 북카페 키즈카페 실버클럽 등 입주민을 커뮤니티 시설로 가득 채워질 예정이다. STX건설 관계자는 인근 시세보다 저렴한 분양가에 중도금의 50%를 무이자로 지원해 주며 계약금은 5% 라며 견본주택은 수원종합운동장 사거리에 위치해 있으며 현재 성황리에 동호수 지정계약 중 이라고 밝혔다.,https://news.naver.com/main/read.nhn?mode=LSD&mid=shm&sid1=260&oid=003&aid=0003915436,284
262094,2011.06.17. 오후 1:05,부동산,헤럴드경제,수원 신도시 소형오피스텔 무조건 잡아라,☞ 경기대 도보 3분 경기대역 도보2분 거리의 초역세권 ☞ 전매 무제한 1가구 2주택 미적용 ☞ 광교 신도시 최저 분양가 ☞ 오피스텔 600만원대 상가 2 000만원대 ☞ 선착순 호수 지정 계약 ☞ 고품격 풀옵션 미래 가치 상승과 프리미엄 기대 ☞ 소액투자 가능 투자 대비 임대수익 안정적 ☞ 전세가 높아 환금성 유리 ☞ 부동산 투자 전문가들이 말하는 최고의 상업지역 ☞ 광교 테크노밸리 바로옆에 위치 ☞ 동수원 IC 최단거리 약 100m ☞ 주 풍산건설 책임준공 국제신탁 자금관리 2011년 새해 부동산 시장에서 사람들에게 가장 뜨거운 관심을 받고 있는 지역은 어디일까 모든 부동산 전문가들은 한목소리로 광교 신도시를 1순위로 지목하고 있다. 그 동안 논란을 거듭해온 경기도청 수원지방법원 수원지방검찰청 이전이 확정되면서 118 218㎡ 약35 760평 규모의 행정타운과 65 858㎡ 약19 922평 법조타운이 조성되고 신분당선 연장선의 실시계획승인으로 1월에 착공이 들어가면서 지하철 개통으로 인한 역세권 호재까지 반영되며 상업시설이 살아나고 임대 수요 또한 폭발적으로 늘어날 것이라는 것이 전문가들의 공통된 의견이다. 광교신도시는 경기도 수원시 영통구 이의동 원천동 하동과 팔달구 우만동 장안구 하광교동 상광교동 및 용인시 수지구 상현동 일원 등 2개의 시에 걸쳐서 산업단지와 상업 주거 행정이 어우러져 개발되는 자족 신도시이다. 도시 중심성을 확보할 수 있는 도시공간구조 형성 및 친환경적 도시환경 조성으로 수원시와 용인시 서북부 지역의 발전 도모를 목적으로 하고 있으며 총 면적은 1130만 1699㎥ 약341만8000평 이며 강남 분당 판교를 잇는 경부축 연결 선상에 위치하고 있다. 광교신도시는 영동고속도로 경부고속도로 용인서울고속도로 북수원 상현IC간 도로 흥덕 하동간 도로 동수원 성북IC간 도로 교차지점에 입지하고 있으며 지구내의 동수원 나들목 광교 나들목 신대 나들목의 이용으로 사통팔달 동서남북 어디든지 신속하게 갈 수 있다. 현재 용인서울간고속도로 이용하면 강남까지 30분정도 소요되며 2015년에는 정자역에서 광교신도시에 이르는 신분당선이 개통돼 강남까지 30분이면 도달이 가능하게 되며 지하철 버스를 통해 외부 대중교통을 최대 60%까지 분담하게 된다. 또한 광교신도시의 교육기관은 신설될 학교를 포함해 초등학교 9곳 중학교 6곳. 고등학교 8곳이며 특히 서울대학교 융합과학기술대학원 아주대학교 경기대학교 경희대학교 합동신학대학원대학교등 대학교 5곳도 입지하게 된다. 더불어 경기과학고 서울국제학교 성남 성균관대학교 경희대학교 국제캠퍼스 등 의 학교들도 인근지역에 위치하고 있으며 광교신도시 주변에 아주대병원 빈센트 병원 등 800병상 이상의 대형병원이 입지하고 있으며 추후 동백연세대 의료원과 을지병원 등이 추가로 입지할 예정이다. 녹지율은 국내 신도시 최고 수치인 41 7% 주택용지비율은 18.8% 자족용지비율은 27%이며 20만평 2 043 858㎥ 넓이의 원천 신대호수를 포함하고 있다. TOD Transit Oriented Developement 압축도시 지향으로 인구밀도는 69 ha로 국내 신도시 중 최저이며 주택은 아파트 23 227세대 연립주택 2 149세대 주상복합 5 624세대로 총 31 000세대가 공급된다. 특히 광교테크노밸리는 26만 9404㎡ 약81 495평 의 대규모 부지로 경기도에서 1990년대 후반부터 추진한 사업단지로 총 사업비만 5728억원이상 투입됐다. 2001년부터 운영중인 경기중소기업지원센터를 필두로 2006년에 개원한 나노소자특화팹센터 2007년에 완공된 경기바이오센터와 경기R D센터를 비롯해 차세대융합기술연구원 중소기업지원센터 등 5개 기관과 기업 224개 업체가 입주해 있고 주변으로는 첨단바이오특화단지 경기도청을 포함한 광교행정타운 법조타운과 같은 대형 산업 및 업무시설이 조성되고 있다. 이곳에 풍산건설이 책임준공하고 국제신탁이 자금관리 하는 이스턴타워 오피스텔과 상가를 지하4층 지상10층 규모로 공사진행중이며 분양을 시작했다. 이스턴타워 오피스텔.상가는 경기대와 경기대역 광교테크노 밸리를 연결하는 트라이앵글 삼각축 의 중심축에 위치하고 있으며 광교테크노밸리에 입주한 224개 기업체의 약 4천여명의 상주인원과 제약 첨단바이오 특화단지 조성으로 향후 상주인원은 1만2천여명 일이용객 1만여명 교육연구연인원 7만여명의 이상의 대규모 상권이 유입되면서 2만여 가구에 달하는 배후세대와 경기대학교 약2만여명 아주대학교 약1만2천여명 경희대학교 서울대학교 융합 기술대학원 아주대병원 합동신학대학원대학교 등의 교육시설이 밀집돼 있고 비즈니스파크 및 R D단지등이 가까워 소형 오피스텔을 찾는 직장인 연구원 신혼부부 대학생 등의 풍부한 임대수요가 기대된다. 부동산 전문가들은 광교는 명품신도시 이미지로 현재 중대형 아파트가 주류를 이루고 있고 소형평형 아파트의 공급률이 낮고 오피스텔 용지 광교 6% 분당 9% 판교 8% 일산 8% 부족으로 오피스텔 공급이 턱 없이 부족해 위의 상주인원들의 수용이 한정될 수밖에 없으므로 광교신도시의 완공 후 중소형 오피스텔은 물론 산가도 품귀현상이 바로 나타날 것으로 예상되다 보니 광교신도시의 이스턴타워 오피스텔 상가를 최고의 투자처로 손꼽을수 있다고 말하고 있다. 이스턴타워 오피스텔 상가는 현재 지하 토목공사가 완료 단계로 공정률 20%이상 진행중이고 분양가에서도 거품을 모두 빼고 광교신도시에서 사상 최초의 최저 분양가를 책정하였다. 많은 투자자들이 앞다퉈 이스턴타워 오피스텔 상가 신축 현장을 찾고 있으므로 수익형 부동산에 관심을 갖는분들이나 안정된 투자처를 찾는분 미래가치를 생각하는분 첫투자 하시는 분들은 하루 빨리 방문하는 것이 좋으며 방문전 신청금 입금하시고 호수지정을 받고 방문 상담하시는 것이 유리하다.,https://news.naver.com/main/read.nhn?mode=LSD&mid=shm&sid1=260&oid=016&aid=0000387123,284
262095,2011.06.17. 오후 1:04,부동산,머니투데이,오피스텔도시형생활주택의 부적절한 동거,머니투데이 조정현 MTN기자 앵커멘트 최근 새 수익형 상품으로 각광받고 있는 도시형생활주택을 오피스텔과 한 건물에 같이 짓는 사례가 늘고 있습니다. 건설사들은 세제혜택 등 공급조건이 다른 두 상품을 함께 선보여 선택의 폭을 넓혔다고 하지만 속내는 다릅니다. 조정현 기자가 보도합니다. 리포트 오는 20일부터 선착순 계약에 들어가는 용산의 한 도시형생활주택입니다. 오피스텔 165가구까지 모두 264가구가 청약자를 맞이합니다. 인터뷰 김현철 분양소장 저희가 이번에 선보이는 큐브 같은 경우에는 층고를 3.2미터로 높였고요 그래서 개방감을 드높였다고 할 수 있겠습니다. 그런데 이 견본주택엔 샘플하우스가 하나밖에 없습니다. 오피스텔이나 도시형생활주택이나 다른 점이 없기 때문입니다. 구조도 전용면적도 똑같고 분양가도 1억 5천만 원 선으로 동일합니다. 앞서 다른 건설사가 인근에서 분양을 마친 도시형생활주택도 마찬가집니다. 세제 혜택도 거의 같습니다. 도시형생활주택의 취ㆍ등록세가 오피스텔보다 훨씬 저렴하지만 오피스텔의 경우 부가가치세를 환급받아 결국 별 차이가 없습니다. 인기는 오피스텔 쪽이 더 높습니다. 도시형생활주택은 주택으로 분류돼 다주택 보유에 따른 양도세 중과 부담이 있기 때문입니다. 그렇다면 전혀 차별화되지 않고 인기는 더 떨어지는 도시형생활주택을 굳이 포함시키는 이유는 뭘까. 기자 스탠딩 도시형생활주택과 오피스텔을 한데 섞어서 짓는 이유는 규제를 피하기 위해섭니다. 도시형생활주택의 경우 주차장 조성 기준 등이 오피스텔에 비해서 덜 까다롭습니다. 도시형생활주택의 주차장 기준은 전용면적 최대 200㎡당 1대로 0.8가구 당 1대인 오피스텔보다 부담이 훨씬 덜합니다. 건설사들은 기계식 주차타워를 추가로 설치해 주차난을 해소하겠다는 대안을 제시하고 있지만 여전히 0.4가구 당 1대 꼴로 오피스텔보다 주차 공간이 부족합니다. 또 주거시설인 도시형생활주택만 짓는 것보다 오피스텔을 함께 짓는 게 용적률도 더 높게 받을 수 있습니다. 건설사 수익은 늘지만 주거환경은 빡빡해지고 주차장 같은 기반시설은 부족해지는 셈입니다. 결국 대기업 건설사의 새 수익형 상품이라며 7 8%의 높은 수익률이 보장된다는 말만 믿고 투자했다간 낭패를 볼 수 있습니다. 녹취 중개업자 음성변조 광고 때리고 전국에서 막 시세 잘 모르고 그러면 하는 거죠. 수익률도 월세 75 만 원 받아준다고 그랬다며. 보증금 천에 70 75를 어떻게 받아요. 지네들도 솔직하게 말하면 60인 거 알아. 도시형생활주택이 정부의 규제 완화에 편승해 천편일률적인 원룸만 쏟아내고 있는 건 아닌지 정책적인 점검이 필요해 보입니다. 머니투데이방송 조정현 we friends mtn.co.kr 입니다.,https://news.naver.com/main/read.nhn?mode=LSD&mid=shm&sid1=260&oid=008&aid=0002557388,284
262096,2011.06.17. 오후 1:03,부동산,매일경제,강남 송파권 전세가 상승으로 강남권의 새로운 투자처로 부상,대우건설이 송파구 잠실역 인근에 분양하고 있는 잠실 푸르지오 월드마크 아파트와 오피스텔 잔여물량을 분양한다. 아파트는 최대 1억8 000만 원을 기존 분양가에서 할인해 인근 시세 대비 500만 원 가량 저렴한 3.3㎡당 2 100만 2 200만 원 선이며 분양가에 발코니 확장과 시스템에어컨 비용이 모두 포함돼있어 실제 할인효과는 상당하다. 한강 석촌호수 조망권의 잠실 랜드마크 39층 주거명작 역세권이면서 한강시민공원 석촌호수 올림픽공원등의 초자연 웰빙환경이 도보로 가능하며 지역난방과 태양광 발전으로 인한 관리비 절감 39층 초고층 조망권 프리미엄이 강점이다. 오피스텔은 3.3㎡당 1 200만 원 선으로 아파트보다 저렴하면서 DTI 총부채상환비율 등 대출규제에 자유롭고 계약 후 곧바로 전매가 가능한 수익형 부동산으로 주목받고 있다. 제2롯데월드 건축허가승인 후광효과 제2롯데월드가 들어서면 잠실역 일대가 무역센타를 중심으로한 삼성동 일대와 어깨를 견줄 수 있는 금싸라기가 될 것이라는 관측으로 잠실 푸르지오 월드마크가 후광효과를 볼 것으로 예상된다. 장미 미성 진주아파트 등의 재개발이 완료되면 잠실의 신흥 주거지역으로 떠오를 것으로 기대된다. 때마침 결정된 제2롯데월드 건축허가 승인으로 분위기는 고조된 상태며 실제 제2롯데월드인 롯데슈퍼타워가 허가를 받으면서 빠른 속도로 미분양이 해소되고 있다. 분양가 인하 잠실 일대 전세값 강세 등과 시기가 맞물리면서 구청허가발표직후 롯데슈퍼타워와 약 400m 거리로 직접적인 수혜가 예상돼 대기수요가 구매확정으로 돌아선 것으로 판단된다. 잠실 푸르지오 월드마크 는 주변 단지보다 높은 39층으로 조망권을 갖추고 있다. 일부 가구에서는 한강조망이 가능하며 일부 가구에서는 석촌호수 조망권을 갖추고 있어 넉넉한 주거환경이 제공될 예정이다. 더블 역세권으로 지하철 2호선 성내역과 잠실역 사이에 위치해 두 역을 도보로 이용이 가능하다. 2012년 완공 예정인 향군회관 부지가 테헤란로의 스타타워 규모로 개발 중이다. 제2롯데월드가 2015년에 완공되면 이 일대 부동산시장의 지각변동도 예상된다. 입주는 2013년 6월 예정이다. 분양문의 02 565 9990 자료제공 잠실 푸르지오 ⓒ 매일경제 mk.co.kr 무단전재 및 재배포 금지 MBA도 모바일로 공부한다.,https://news.naver.com/main/read.nhn?mode=LSD&mid=shm&sid1=260&oid=009&aid=0002486696,284
262097,2011.06.17. 오후 1:02,부동산,파이낸셜뉴스,동탄 소형 오피스텔 최대 3000만원 할인분양화제,올 3월 100%분양이 완료된 메타포스빌 오피스텔이 회사보유분으로 가지고 있던 5개 호실을 특별할인 분양에 들어간다. 최저 500만원에서 최대 3000만원까지 할인분양을 하기에 시세차익까지 노려볼만하다. 분양가는 1억1700만원 1억6000만원대로 동탄 신도시에서 가장저렴한 수준인데 할인을 받게되면 9800만원 1억3000만원대로 최저분양가에 분양을 받을수가있다. “동탄 메타포스빌 오피스텔”은 삼성전자가 올해 8조 3000억원 내년에는 11조원 가량의 설비투자를 하기로 결정이 된 곳이다. 2011년 올해에는 화성 사업장 16라인 300mm 에 장비반입을 마무리를 하고 2012년 17라인을 추가로 건설할 계획이라고 한다. 삼성전자는 서울 본사 인력 중에 상당수 인력을 동탄 등 지방 사업장으로 분산 시킬 계획이어서 동탄신도시 자족성이 더욱 더 높아질 전망이다. 또한 1 300여개 협력업체와 삼성중공업 일동제약 3M등이 입주할 예정이어서 풍부한 배후 임대 수요지로 떠오르고 있다. 동탄 메타포스빌 주변은 종합쇼핑몰 대형마트 다양한 문화시설 영화관 아이스링크 테마공원 등의 상업지구부터 공원 서점 등 주변 편의시설들이 잘 갖춰져 있는 편리한 환경을 갖추고 있을 뿐만 아니라 최근 화성 동탄신도시에 코엑스 1.3배 규모의 초대형 복합쇼핑몰인 메타폴리스몰이 개장 후 1주일 만에 50만 명의 고객을 끌어들이며 경기 남부권의 쇼핑명소로 급부 할 것으로 예상된다. 주변 교통여건을 살펴보면 서울에서 강남까지 20분이면 진입이 가능하고 용인에서 서울간 고속도로 개통 경부고속도로 및 영동고속도로 인접 동탄IC 서울 양재에서 용인영덕간 고속화 도로 신분당선 방죽역 2012년 개통예정 봉담에서 동탄간 고속도로 제2외곽순환도로와 연결 예정 등 사통팔달의 교통환경을 자랑하고 있다. 이 외에 대중 교통수단으로는 지하철보다 2배 이상 빠른 고속전철망 GTX 일산 킨텍스 동탄 확정 전국 어디에서나 빠르고 안전하게 이동하는 KTX 수서 동탄 예정 등 수도권광역급행철도의 혁신적인 교통수단이 발달할 전망이다. 동탄 메타포스빌 오피스텔은 37 60㎡로 구성되며 동탄에서 가장 필요한 임대가 잘 되는 소형 평형으로 이루어져 있다. 호텔식 인테리어에 시스템에어컨 건조기능드럼세탁기 냉장고 32인치 LCD TV 등 풀옵션이 무상 제공되면서 기본 복층 시공 한다. 동탄신도시에 흔하지 않은 풀옵션에 복층시공까지 해주고도 추가비용은 없다. 메타포스빌 오피스텔은 오는 7월 완공한다. 홈페이지 hp www.metaposvill.co.kr 분양문의 031 8003 2884 오늘의 핫뉴스 이벤트 “축하 메세지 남기고 대박선물 받자” 양치질 할 때 치약에 ‘물’ 묻히면 안된다 폭스바겐 페라리 정면충돌 ’처참한 모습’ 벌레 물린데 가려우면 ‘침’ 발라도 될까 시승기 BMW X3 ‘이 차가 내 것이라면’ 본 자료는 해당 업체에서 제공한 보도 자료입니다.,https://news.naver.com/main/read.nhn?mode=LSD&mid=shm&sid1=260&oid=014&aid=0002458832,284
262098,2011.06.17. 오후 1:01,부동산,머니투데이,1억원대 소형 고급타운하우스 수요급증,머니투데이 경기도 남양주시 화도읍 차산리 일대에 1억 원대 타운하우스형 고급소형빌라가 있어 투자자와 실거주자들에게 주목을 받고 있다. 고급소형빌라 ‘포레스트 빌’은 쾌적한 주거환경과 안정적인 임대 수익을 볼 수 있는 천혜환경을 가지고 있을 뿐만 아니라 단지 형태로의 조성에 따른 품격을 느낄 수 있으며 또한 수도권과 근거리에 위치하여 교통환경도 편리하다. ‘포레스트 빌’은 해비치 골프장 등 마을전체가 아름다운 조망권을 가지고 있고 서울 삼성동 코엑스몰까지 25분대로 접근할 수 있어 강남까지의 접근성이 용이하며 서울 춘천간 고속도로 화도 IC가 2Km 거리내에 위치하였다. 남양주 화도 지역은 지속적인 교통망 구축으로 지가 상승이 기대되는 지역이다. 양평 화도간 고속도로는 경남 마산에서 여주 양평 경기도 남양주시를 잇는 중부내륙고속도로 전 구간이 개통되고 서울 양평 서종 춘천간 경춘고속도로 동서고속도로 와 화도 JCT에서 만나게 된다. 덕분에 남양주 일대로 유입이 많아져 추후 개발로 인한 지가상승효과를 톡톡히 누릴 것으로 보인다. 또한 동 서간 남 북간 고속도로 시설 확충 및 경춘선 중앙선 복선전철사업완료 마석역 로 인하여 도시교통체계뿐만 아니라 대중교통을 이용하여 상봉역 25분 서울까지도 출퇴근이 편리해졌다. 특히 ‘포레스트 빌’은 중앙선 마석역과 5분 거리에 위치해 있다. ‘포레스트 빌’은 서울 강남 강북 잠실 용인을 연결하는 수도권 남동 개발축 중심으로 완벽한 도로망 확충되어 어느 지역으로도 이동이 편리하기 때문에 투자자에게도 인기가 많지만 쾌적한 환경으로 인하여 퇴직 후 편안한 노후생활을 꿈꾸는 실거주자들에게도 특히 인기가 많다. ‘포레스트 빌’ 인근 2Km 내외에는 대규모 아파트 단지가 형성되어 있으며 롯데마트와 이마트 대형병원 은행 북한강 야외공연장 서호미술관 모란미술관 등 생활편의시설이 인근에 위치하여 편리하고 풍부한 생활 인프라를 구축한 곳이다. 전원주택의 경우 인적이 드문 곳에 소규모로 위치해 있어 관리 및 유사시에 대처가 미흡할 수 있는데 반해 ‘포레스트 빌’은 타운하우스와 같이 관리회사가 철저한 관리 체계로 관리하여 보안 및 유지보수 등의 양질의 서비스를 제공받을 수 있다. ‘포레스트 빌’은 우리산업개발이 책임 준공 시공을 하며 코리아신탁이 직접 자금 관리하여 안전하게 분양받을 수 있다. 성공적인 투자를 꿈꾸는 투자자나 평온한 노후를 꿈꾸시는 실거주자라면 완벽 조건을 갖춘 ‘포레스트 빌’을 눈여겨보는 것이 좋겠다. ※ 신청금계좌 농협 301 0084 5251 11 예금주 코리아신탁㈜ 신청금 100만 원 문의 031 511 5359 ※ 본 자료는 해당 업체에서 제공한 비즈니스정보입니다.,https://news.naver.com/main/read.nhn?mode=LSD&mid=shm&sid1=260&oid=008&aid=0002557387,284
262099,2011.06.17. 오후 12:59,부동산,아시아경제,입주2년 단지도 녹록찮은 소형전세,아시아경제 정선은 기자 20평대부터 80평대까지 있는데 입주 2년차도 50평대까지는 전세매물 자체가 귀하다. 반대로 60평대부터는 세입자가 귀하다. 서초구 반포동 래미안퍼스티지 인근 H 중개업소 사장 입주물량이 한꺼번에 몰려 상대적으로 전셋집을 찾기 수월하다는 입주 2년차 아파트에서도 소형전세 품귀현상이 벌어지는 모양새다. 입주 2년차 아파트는 보통 전셋집으로는 적격으로 꼽힌다. 새 집과 다름없는데다 신규 아파트에 비해 교통 편의시설 등 기반시설도 어느 정도 갖춰져서다. 특히 입주물량이 일시에 몰리는 만큼 전셋집을 찾기가 비교적 수월하다고 알려져 있다. 17일 부동산정보업체 부동산1번지에 따르면 올 7월부터 연말까지 수도권 입주 2년차 단지는 서울 7614가구 경기 1만1443가구 인천 8782가구로 총 2만7800여가구에 이른다. 평형은 공급면적 기준 65 320㎡로 구성돼 있어 다양한 수요층에서 관심을 가져볼 만하다. 입주 2년차 단지에서 가장 인기를 끄는 평형은 소형이다. 2009년 7월 입주한 위 아파트 사례처럼 전세물량은 소형에 집중된다. 세입자들이 관리비 보증금이 버거운 대형평형을 꺼리는 이유에서다. 전문가들은 입주 2년을 맞는 대단지 아파트는 물량이 많고 생활여건이 잘 갖춰져 있다는 장점이 있지만 재계약 수요가 많은만큼 미리 준비하는 것이 좋다고 조언한다. 집값하락 우려 주택공급 부족 등 이유는 다르지만 전세난이 일부 지역에만 해당되는 얘기가 아니어서다. 조민이 부동산1번지 팀장은 입주 2년 차 아파트는 통상 전세 계약이 2년임을 감안할 때 전세계약이 만료되는 물건이 한꺼번에 나올 가능성이 크다 며 하지만 소형평형을 선호하고 최근 재계약이 많이 이뤄지다보니 이 역시 녹록지는 않은 상황 이라고 설명했다.,https://news.naver.com/main/read.nhn?mode=LSD&mid=shm&sid1=260&oid=277&aid=0002624722,284
262100,2011.06.17. 오후 12:59,부동산,매일경제,하숙대란 겪는 송도 투자자에게 인기,아파트 분양시장이 위축돼 있는 요즘 원룸텔 소형 오피스텔에 대한 청약 열풍은 지속되고 있다. 부동산 투자수익과 월 고정수익을 동시에 거머쥐는 재테크 수단으로 여겨지고 있기 때문이다. 도시형 생활주택 즉 싱글하우스는 타 수익형 부동산에 비해 임대 수요가 많아 수익률이 보장되며 주로 퇴직자나 전업주부 등 투자의 경험이 많지 않은 사람도 운영이 가능하고 투자 후 3개월 후면 사업 안정권에 접어들기 때문에 개인 시간이 많아진다. 송도 국제도시 내 경제자유구역은 소형 원룸이 많이 부족하다. 주위 고시텔도 부족하다 보니 월세를 45만 원에서 47만 원까지 받는 곳도 있다. 송도 국제도시는 학생 직장인 상권 종사자 등 배후 임대 수요층이 확보돼 있는 지역이기 때문에 소형 원룸의 수요는 지속적으로 늘어날 전망이다. 이러한 송도 국제도시에 싱글하우스 ‘포레스트’가 분양 중이다. 5천만 원대 분양가에 50 60만 원이상의 월세수익을 노릴 수 있고 호실별 개별등기까지 가능하다. 송도 국제 자유구역에는 바로 옆 해양경찰청과 인근 인천대 연세대 신축공사중 등의 대학과 트레이드타워 국제 비즈니스센터 등의 경제 업무지구와 함께 미추홀 공원 해돋이 공원 센트럴파크 등의 휴식공간이 있다. 탄탄한 배후 임대 수요층이 확보돼 있는 지역이며 이미 인천 지하철 1호선 동막역부터 캠퍼스타운역 테크노파크역등 국제업무지구까지 아우르는 역세권에 위치해 대중교통편까지 완벽한 지역이라 하겠다. 싱글하우스의 주요 고객인 젊은 층의 1인 가구는 대중교통이 편리하면서 많은 사람들이 쉽게 접근할 수 있는 곳을 선호하기 때문에 송도 ‘포레스트’는 주목을 받을 수 밖에 없다. 풀옵션 싱글하우스 송도 ‘포레스트’는 현재 선착순 자리배정하기 때문에 향후 위치에 따라 프리미엄 및 월세가 달라질 수 있다. 자리배정은 선착순 호수 지정이며 신청접수를 통해 배정을 받을 수 있다. 문의 032 832 0071 자료제공 송도 포레스트 ⓒ 매일경제 mk.co.kr 무단전재 및 재배포 금지 MBA도 모바일로 공부한다.,https://news.naver.com/main/read.nhn?mode=LSD&mid=shm&sid1=260&oid=009&aid=0002486689,284
262101,2011.06.17. 오후 12:57,부동산,매일경제,종잣돈 3천만 원 있다면 동대문 밀리오레 잡아라,“가난하게 살 사람은 돈이 생겼을 경우 어디에 돈을 쓸까 생각하지만 부자로 살 사람은 어디에 투자를 할 것인가를 생각한다” 종자돈이 모이기까지는 많은 시간이 걸린다. 단순 무식하게 열심히 투자만 한다고 돈을 벌던 시대는 지났으며 이제는 흐름과 방향을 잘 파악해야만 한다. 저금리 시대에 수익형 부동산의 비중이 높아지고 있다. 상황이 이렇게 되자 최근 경기 회복에 대한 기대감으로 고정적인 수익을 얻을 수 있는 상가가 투자 상품으로 부상 하고 있다. 그중에서 주목받는 곳이 서울시가 1조 원의 사업비를 들여 동대문 운동장의 공원화 2012년 말 등 동대문 시장을 세계적인 패션 관광명소로 개발한다고 발표함 서울시 홈페이지 참조 에 따라 동대문 시장의 붐을 예측하는 창업자들과 투자자들의 관심이 몰리고 있다. 얼마전 동대문 패션의 신화를 창조한 동대문 밀리오레 가 13년 만에 개별호수를 등기분양 하고 있어 화제다. 동대문 밀리오레는 지하철 동대문역사문화공원역 2 4 5호선 동대문역 1 4호선 역세상권과 40여 개의 버스노선이 지나며 동대문과 청계천을 하나로 잇는 동선의 중심에 위치한다. 동대문 시장상권은 세계 최대 규모의 의류 패션 상권이자 서울 패션사업의 중심지로 현재 밀리오레 두타 APM 등 37개의 대규모 패션 도소매 상가 3만5천 개의 점포에 하루 유동인구가 60만 명에 이르고 연간 280만 명의 해외관광객이 방문하고 있으며 하루 평균 매출만 무려 400억 원에 이르고 있다. 서울시는 1조 원 규모 개발계획 발표로 도심 재창조 프로젝트 의 핵심 사업 동대문운동장 공원화 사업이 2012년 완공 예정인 동대문 디자인 플라자 파크를 서울의 랜드마크로 만들어 동대문 시장의 현재 연 매출 10조 원에서 15조 원으로 높이고 일일 유동인구 60만 명에서 75만 명으로 외국인 관광객은 현재 연 280만 명에서 300만 명의 경제 효과를 바라보고 있고 추가로 국립의료원 기동대 한양공고 등의 부지에 호텔 컨벤션센터의 조성 계획도 수립했다. 동대문 개발 프로젝트의 수혜 지역으로 떠오르는 곳이 바로 동대문 상권 중심에 위치한 밀리오레 이다. 동대문은 청계천 복원 성공이후 동대문 상권 매출이 2 3배 이상 올라간 것으로 비춰 봤을 때 동대문 운동장 사업이 완료 되면 상권일대 시세 월세 권리금이 상승 할 것으로 예상된다. 회사 관계자는 “밀리오레는 현재 공실 없이 임대가 맞춰져 있으며 실투자금 3 4천만 원대 투자로 등기 이전이 가능하며 은행 이자의 3 4배의 임대 수익이 보장되기에 조기 마감이 예상 된다” 며 안정된 임대 수익을 원한다면 서두르는 것이 좋다고 밝혔다. 신청접수 순서에 따라 개별호수가 지정되는 등기분양 방식이다. 접수문의 02 2118 8611 자료제공 동대문 밀리오레 ⓒ 매일경제 mk.co.kr 무단전재 및 재배포 금지 MBA도 모바일로 공부한다.,https://news.naver.com/main/read.nhn?mode=LSD&mid=shm&sid1=260&oid=009&aid=0002486687,284
262102,2011.06.17. 오후 12:53,부동산,매일경제,한강신도시 분양가 평당 819만 원부터 계룡리슈빌,김포도시공사가 시행하는 계룡리슈빌 이 한강신도시 내 저렴한 분양가인 평균 840만 원대 최저 819만 원부터 로 분양 중이다. 지하2층 지상22층 총 6개 동 규모로 전용면적 74㎡ 176세대 84㎡396세대 등 총572세대로 구성돼 있고 신도시의 풍부한 생활인프라를 누릴 수 있는 한강신도시 복합업무지구내 중심상업지구에 위치한다. 주변에 초중고교가 인접해 뛰어난 교육환경으로 갖췄다. 단지 내 자연수로와 연결된 넓은 중앙광장을 비롯해 녹지율 43.05%의 쾌적한 환경과 남향위주의 주동배치 자연환기가 뛰어난 맞통풍 구조로 세대별 채광과 조망이 고려됐다. 아이들을 기다리는 엄마들을 위한 특화된 공간인 맘스페이스와 중앙광장 조망이 가능한 휘트니스센터 골프연습장 경로당 주민문고 어린이놀이터 등 전세대를 아우르는 다양한 커뮤니티 시설도 제공한다. 그동안 김포 한강신도시의 단점으로 지적됐던 교통문제가 오는 7월 올림픽대로와 한강신도시를 연결하는 김포한강로의 개통으로 상당부분 개선될 것이라 기대한다. 김포시에서 추진중인 지하철 9호선 연장에 대한 부분도 지난해 12월 김포시청에서 김포전철을 경전철에서 중전철 방식으로 건설하기위한 공청회가 개최됐고 2012년 하반기까지 사업실시 계획승인을 얻고 2017년까지 개통을 추진한다고 발표하는 등 사업이 순차적으로 진행되고 있어 향후 김포한강신도시 교통여건이 더욱 개선될 것으로 예상되고 있다. 중심상업지 인근에 위치한 계룡리슈빌의 경우 개선되는 교통여건의 혜택을 바로 누릴 수 있는 입지적 혜택을 갖고 있다. 계룡리슈빌 은 10년 공공임대아파트로 일반임대와 분양전환 가격을 미리 확정해서 받는 확정분양가 방식을 병행해 확정분양가 방식으로 계약시 입주 5년 후 분양전환시 확정분양가 그대로 분양 받을 수 있다. 중도금전액 무이자융자 입주 최초 지정일까지 와 전세대 발코니 확장이 분양가에 포함돼 있다. 현재 선착순 동·호수 지정계약을 진행 중이며 입주는 2012년 12월 예정이다. 분양문의 070 8014 0109 자료제공 계룡리슈빌 ⓒ 매일경제 mk.co.kr 무단전재 및 재배포 금지 MBA도 모바일로 공부한다.,https://news.naver.com/main/read.nhn?mode=LSD&mid=shm&sid1=260&oid=009&aid=0002486683,284
262103,2011.06.17. 오후 12:52,부동산,파이낸셜뉴스,최고의 입지에 600만원대 최저가 오피스텔 분양 화제,최근 수도권 오피스텔에서 강남보다 나은 수익률을 얻을 수 있다는 전망이 속속 나오면서 동탄 신도시의 관심이 높아지고 있다. 특히 동탄 신도시의 에스원스마트빌 오피스텔이 최적의 위치조건으로 주목을 받고 있다. 강남이나 분당신도시에 투자를권하던 D업채 투자전문가도 지금은 동탄에 투자하는 것이 입지나 투자시기도 정확히 맞다고 조언을 했다. 동탄 에스원스마트빌은 3.3㎡당 600만원대로 저렴한 분양가로 1억초반에 분양 받을수 있는 반면에 강남이나 분당은 3.3㎡당 1300 2200만원대로 고분양가로 2억이상 3억정도까지 분양을 받으나 월세는 70만원에서 100만원정도로 비슷하기 때문에 수익률면에서는 확연하게 차이가난다. 그러기에 오피스텔 투자를 준비중인 많은 이들이 강남이나 분당보다는 동탄신도시로 많은 관심과 투자를 하고 있는 추세다. 동탄은 삼성반도체의 생산라인 기공과 한림대학병원의 완공을 코 앞에 두고 최적의 입지를 자랑하는 동탄 에스원스마트빌은 동탄에서 가장 수요가 높은 소형 오피스텔로만 전 세대 분양을 하고 있어 그 가치는 앞으로도 더욱 상승 예정이다. 이 곳은 이러한 엄청난 임대수요 뿐만 아니라 교통여건도 좋아 미래가치도 뛰어나다. 바로 서울과의 교통여건이 좋아는 점인데 경부고속도로 동탄 IC와 기흥IC가 10분 이내에 접근가능하고 용인 서울간 고속도로로 현장에서 서울 강남까지 30분대로 갈 수 있다. 또한 동탄 신도시는 GTX고속전철 건설계획 분당선 연장인 동탄역 신설예정 등의 교통수혜지이다. 동탄 에스원스마트빌은 이러한 1인 가구를 위해 오피스텔 내부 뿐만 아니라 원격지원을 통한 개인 보안 시스템과 홈네트워크 시스템 등을 지원하고 내부는 풀옵션의 주방가전과 풀퍼니시드 시스템을 공급한다.부동산 전문가들은 이렇게 임대수요가 풍부하고 교통이 편리한 곳에 오피스텔을 선택하는 것은 매우 안정적이며 투자매리트도 충분하다고 설명한다. 동탄 에스원스마트빌은 미래가치까지 따진다면 시세차익까지 노릴 수 있어 그야말로 노른자 입지가 아닐 수 없다. 업체관계자는 오피스텔 아파트 포함하여 154세대로 많지 않은 세대로 조기마감 될 것을 예상하고 있다. 홈페이지 hp sonesmartvill.com 대표번호 1661 8903 오늘의 핫뉴스 이벤트 “축하 메세지 남기고 대박선물 받자” 양치질 할 때 치약에 ‘물’ 묻히면 안된다 폭스바겐 페라리 정면충돌 ’처참한 모습’ 벌레 물린데 가려우면 ‘침’ 발라도 될까 시승기 BMW X3 ‘이 차가 내 것이라면’ 본 자료는 해당 업체에서 제공한 보도 자료입니다.,https://news.naver.com/main/read.nhn?mode=LSD&mid=shm&sid1=260&oid=014&aid=0002458818,284
262104,2011.06.17. 오후 12:51,부동산,머니투데이,전세가 상승폭 쭉쭉· 한강신도시 최초 10%할인분양 현대성우오스타,머니투데이 중도금전액무이자 발코니무료확장 전매무제한 파격적 분양 조건 분양가 4 600만원 6 200만원 할인 계약금 5% 입주시까지 추가비용 없음 9호선연장 초역세권예정 김포도시철도과 김포시청공청회안 올림픽대로 연장 김포한강로 2011년 7월 개통. 강남역 50분 여의도 20분 지난해 전국 전셋값 상승률이 8년 만에 최고치를 기록한 데 이어 올 들어 1분기에만 이미 작년 상승률의 절반 수준을 훌쩍 뛰어넘는 등 사상 최악의 ‘전세대란’을 겪은 2002년 10.1%기록을 넘어설 것이란 우려가 현실화되고 있다. 이 같은 추세라면 올 가을 이사철 이전에 전세대란을 치렀던 2002년 기록을 뛰어넘을 것으로 예상된다. 특히 올 하반기 서울에서 사상 최대 규모의 재개발ㆍ재건축 이주 수요가 대기하고 있어 전세시장을 압박하고 있다. 신규주택 입주물량이 줄어들며 올해부터 2013년까지 집값이 오를 가능성이 크다는 전망이 나왔다. 6월2일 한국건설산업연구원이 펴낸 ‘중장기 국내 주택시장 전망’ 보고서에 따르면 2008년부터 지난해말까지 주택공급 인 허가 실적이 주택 수요보다 연간 4만 7만가구씩 총 18만5000가구가 부족한 것으로 집계됐다. 아파트 분양 실적도 2008년 이후 3년 연속 줄면서 수급불안이 예상된다. 보고서는 수도권의 경우 올 연말부터 2년간 주택공급 부족 문제가 심각해질 것으로 내다봤다. 지난해 말 이후 지방에서 나타난 집값 회복 현상이 올 연말이나 내년 수도권에서 나타나고 2013년까지는 집값 상승이 예상된다는 것이다. 한강신도시에서 파격적인 조건을 내세운 현대성우오스타는 실속형 중대형 아파트 의 선두 주자 역할을 톡톡히 해내고 있다. 현대성우오스타는 한강신도시 최초 분양가 10%할인 중도금 60% 무이자 발코니무료 확장 2012년 5월 입주 시까지 계약금 5% 외에 추가 비용이 전혀 없고 계약후 전매 가능 하다는 점 주변 아파트에 비해 5000만원 7000만원 정도 저렴해서 시세차액 또한 기대된다. 대한민국 최초 수로도시로 개발되는 친환경 한강신도시는 한강 큰 물길이 이어지는 16㎞ 김포대수로를 따라 소형유람선과 요트를 즐길 수 있다. 한강신도시에 현재 분양하고 있는 단지 중에서 실제로 김포대수로에 인접하고 있는 현대성우오스타는 김포대수로 조망권이 탁월하다. 현대성우오스타는 전용면적 101㎡ 구39평 122㎡ 구46평 131㎡ 구49평 465세대로 구성되며 단지 내 보행자통로가 김포대수로와 연결돼 휴식공간으로 이용 가능하며 단지 내 녹지율이 50% 이상이고 지상에 주차장이 없는 공원 같은 아파트로 수로가 내려다보이는 조망권이 장점이다. 131㎡ 구49평 은 조기 마감됐다. 현대성우오스타의 입지여건도 뛰어나다. 9호선연장선이 5분거리에 위치할 예정이며 올림픽대로 확장공사가 마무리되고 김포한강로가 올림픽대로와 금년 7월 바로 연결되면 서울 여의도 까지 20분대 강남까지 40분대 진입이 가능 하고 청송마을 현대타운 2400세대 장기지구와 도보 거리에 있어 이미 조성된 롯데마트등 기반시설을 쉽게 이용할 수 있고 장기 초 중 고등학교 및 고창 초 중학교 등 교육시설이 단지와 가까워 교육인프라가 훌륭하다. 국민은행에서 매월 발표하는 주택가격지수를 기준으로 MB 정부 출범 이후 연도별 주택가격 상승률을 보면 전국 평균 주택가격 상승률은 과거 3년간 연간 2% 내외의 가격 상승률을 보이다가 2011년에 들어서는 4개월 동안 4.3%의 높은 상승률을 보이고 있는 것으로 나타났다. 전셋값 상승에 부담을 느낀 전세 수요자들이 매매로 선회하면서 2기 신도시 중 서울에서 가장 가까우면서 파격적인 혜택을 누릴 수 있는 현대성우오스타 모델하우스에 분양 문의가 끊이질 않고 있다. 선착순 동 호수 지정계약 진행으로 조기 마감이 예상되며 분양권 확보를 위해서는 미리 신청 접수 하고 방문 하는 것이 유리 하다. . 모델 하우스 상담 및 예약 전화 031 996 0878 〔 자료출처 현대성우오스타 〕 ※ 본 자료는 해당 업체에서 제공한 비즈니스정보입니다.,https://news.naver.com/main/read.nhn?mode=LSD&mid=shm&sid1=260&oid=008&aid=0002557384,284
262105,2011.06.17. 오후 12:51,부동산,머니투데이,강남권의 프리이엄 최대 1억 아파트 투자처로 급부상,머니투데이 대우건설이 송파구 잠실역 인근에 분양하고 있는 잠실 푸르지오 월드마크 아파트와 오피스텔 잔여물량을 분양한다. 아파트는 최대 1억8 000만 원을 기존 분양가에서 할인해 인근 시세 대비 500만 원 가량 저렴한 3.3㎡당 2 100만 2 200만 원 선이며 분양가에 발코니 확장과 시스템에어컨 비용이 모두 포함돼있어 실제 할인효과는 상당하다. 한강 석촌호수 조망권의 잠실 랜드마크 39층 주거명작 역세권이면서 한강시민공원 석촌호수 올림픽공원등의 초자연 웰빙환경이 도보로 가능하며 지역난방과 태양광 발전으로 인한 관리비 절감 39층 초고층 조망권 프리미엄이 강점이다. 오피스텔은 3.3㎡당 1 200만 원 선으로 아파트보다 저렴하면서 DTI 총부채상환비율 등 대출규제에 자유롭고 계약 후 곧바로 전매가 가능한 수익형 부동산으로 주목받고 있다. 제2롯데월드 건축허가승인 후광효과 제2롯데월드가 들어서면 잠실역 일대가 무역센타를 중심으로한 삼성동 일대와 어깨를 견줄 수 있는 금싸라기가 될 것이라는 관측으로 잠실 푸르지오 월드마크가 후광효과를 볼 것으로 예상된다. 장미 미성 진주아파트 등의 재개발이 완료되면 잠실의 신흥 고급주거지역으로 떠오를 것으로 기대된다. 때마침 결정된 제2롯데월드 건축허가 승인으로 분위기는 고조된 상태며 실제 제2롯데월드인 롯데슈퍼타워가 허가를 받으면서 빠른 속도로 미분양이 해소되고 있다. 분양가 인하 잠실 일대 전세값 강세 등과 시기가 맞물리면서 구청허가발표직후 롯데슈퍼타워와 약 400m 거리로 직접적인 수혜가 예상돼 대기수요가 구매확정으로 돌아선 것으로 판단된다. 잠실 푸르지오월드마크는 주변 단지보다 높은 39층으로 프리미엄의 상징인 조망권을 갖추고 있다. 일부 가구에서는 한강조망이 가능하며 일부 가구에서는 석촌호수 조망권을 갖추고 있어 넉넉한 주거환경이 제공될 예정이다. 또한 더블 역세권으로 지하철 2호선 성내역과 잠실역 사이에 위치해 두 역을 도보로 이용이 가능하다. 2012년 완공 예정인 향군회관 부지가 테헤란로의 스타타워 규모로 개발 중이다. 제2롯데월드가 2015년에 완공되면 이 일대 부동산시장의 지각변동도 예상된다. 입주는 2013년 6월 예정이다. 분양문의 02 565 9990 ※ 본 자료는 해당 업체에서 제공한 비즈니스정보입니다.,https://news.naver.com/main/read.nhn?mode=LSD&mid=shm&sid1=260&oid=008&aid=0002557383,284
262106,2011.06.17. 오후 12:50,부동산,매일경제,투자의 기본원칙 역세권 대학가의 오피스텔을 잡아라,부동산 전문가들은 2011년 부동산 시장에서 가장 뜨거운 관심을 받는 지역으로 광교 신도시를 지목했다. 논란을 거듭해온 경기도청 수원지방법원 수원지방검찰청 이전이 확정되면서 118 218㎡ 약35 760평 규모의 행정타운과 65 858㎡ 약19 922평 법조타운이 조성되고 신분당선 연장선의 실시계획승인으로 1월에 착공이 들어가면서 지하철 개통으로 인한 역세권 호재까지 반영되면 상업시설이 살아나고 임대 수요 또한 폭발적으로 늘어날 것이라는 것이 전문가들의 공통된 의견이다. 이곳에 풍산건설이 책임준공하고 국제신탁이 자금 관리하는 ‘이스턴타워’ 오피스텔이 지하4층 지상10층 규모로 분양 중이다. 이스턴타워 오피스텔은 경기대와 경기대역 광교테크노밸리를 연결하는 트라이앵글 삼각축 의 중심축에 위치하고 있으며 현재 광교 테크노밸리에 224개 기업체의 약 4천여 명의 상주인원이 있고 향후 제약 첨단바이오 특화단지 조성으로 상주인원은 1만2천여 명 일 이용객 1만여 명 교육연구원 인원 7만여 의 이상의 대규모 상권이 유입될 것으로 보인다. 2만여 가구에 달하는 배후세대와 경기대 약2만여 명 아주대 약1만2천여 명 경희대 서울대융합기술대학원 아주대병원 합동신학대학원대학교 등의 교육시설이 밀집돼 있고 비즈니스파크 및 R D단지 등이 가까워 소형오피스텔을 찾는 직장인 연구원 신혼부부 대학생 등의 풍부한 임대수요를 기대해 볼 수 있다. ‘이스턴타워’ 오피스텔은 최적의 교통환경도 갖췄다. 경기대역과 도보1분 거리이며 현재 용인 서울 고속도로 이용하면 강남까지 30분 정도 소요된다. 2015년에는 정자역에서 광교신도시에 이르는 신분당선이 개통돼 강남까지 30분이면 도달이 가능하게 되며 지하철 버스를 통해 외부 대중교통을 최대 60%까지 분담하게 된다. 이스턴타워 오피스텔은 현재 지하 토목공사가 완료 단계로 공정률 15%이상 진행 중이고 분양가에서도 거품을 모두 빼 광교신도시에서도 저렴한 분양가를 책정했다. 안정적인 투자로 부동산 투자를 고려하는 중이라면 하루 빨리 방문하는 것이 좋으며 신청금 입금 후 방문 상담 받아야 원하시는 호수로 선점이 가능하다. 분양문의 031 252 5700 자료제공 이스턴타워 ⓒ 매일경제 mk.co.kr 무단전재 및 재배포 금지 MBA도 모바일로 공부한다.,https://news.naver.com/main/read.nhn?mode=LSD&mid=shm&sid1=260&oid=009&aid=0002486681,284
262107,2011.06.17. 오후 12:47,부동산,파이낸셜뉴스,필리핀 휴양지에 오피스텔 분양받고 국제학교 우선입학혜택,불과 2 3년 전만 해도 부동산 시장에선 ‘5000만 원 투자’가 통했다. 전세를 안고 소형 아파트를 사거나 크기가 작은 오피스텔이나 도시형 생활주택을 사서 추후 새 아파트에 입주하는 전략을 구사할 때 실투자금 5000만 원은 충분하진 않아도 ‘제값’을 하는 돈이었다. 하지만 지금은 사정이 달라졌다. 현금 1억 원을 들고도 투자할 곳이 마땅치 않다. 상황이 이러니 쌈짓돈을 묻어둘 만한 틈새 투자처에 눈길을 돌리는 이가 많아졌다. 그 해답은 해외 부동산 투자로 요약된다. 글로벌 금융위기 이후 줄어들던 해외부동산 투자가 다시 급증하고 있다. 국내부동산 경기가 불투명한 데다 원화 강세에 힘입어 해외투자가 다시 늘고 있기 때문으로 보인다. 이에 맞춰 국내외 레저문화를 선도하는 리조트 전문업체인 썬밸리리조트가 국내 최초로 어학 연수와 골프 · 휴양을 겸비한 리조트를 필리핀 클락에 클락 오드카운티를 분양한다. 필리핀은 아시아 유일의 영어 생활권으로서 물가가 국내에 비해 20%이하 수준으로 매우 저렴하며 클락은 필리핀중에서도 어학연수 및 은퇴이민 골프여행등의 국내 수요가 가장 많은 곳이기도 하다. 클락의 우수한 시장환경의 장점을 살려 저렴한 비용으로 가족이 함께 휴양 골프를 즐기며 영어연수등의 효과를 얻을수 있는 획기적인 리조트 상품을 개발한 것이다. 눈여겨 볼만한 점은 리조트를 분양받으면 필리핀 최고 명문 브렌트국제학교 BISC 에 우선 입학 할수 있는 특례가 주어진다는 점이다. 브렌트 국제학교는 필리핀 최고의 명문으로 약 100년 전인 1909년에 Charles Henny Brent에 의해 바기오 지역에서 미국인 자녀들을 위해 설립되었다. 현재 마닐라 수빅 바기오에 캠퍼스가 있으며 클락오드카운티에 네 번째 캠퍼스가 조성되는 것이다. 아시아권 국제학교 중에는 드물게 ‘국제학위 International Baccalaureate 공인학교로 11학년과 12학년 과정을 이수하면 국내 고교 졸업과 미국 고교 졸업을 인정 받아 필리핀내 대학 및 미국 등 서구권 유명대학에 입학 할 수 있다. 오는 8월 우선 개교하는 BISC 클락오드카운티는 필리핀 클락경제특구내 건설중인 랜드마크 빌딩으로 오피스텔 및 수영장등 각종 편의시설이 위치하고 있다. 학년과정은 유치원 5세 과 초등학교 1 5학년 과정까지 우선 클락오드카운티에 개교하며 오는 3월 착공에 들어가는 클락썬밸리복합리조트내에 브렌트국제학교 클락 썬밸리캠퍼스를 설치 유치원 5세 부터 고등학교 12 Grade 까지의 전학년 과정을 소화 할 수 있는 대단위 캠퍼스이다. 이번에 좋은 기회로 분양하기 때문에 자녀 유학및 어학 연수처로 필리핀을 계획하고 나만의 휴양지 별장을 꿈꿔왔던 수요자들에게 좋은 기회가 될 것 같다. 클락 오드카운티 분양 문의 및 브렌트 스쿨 입학 문의 031 715 5548 오늘의 핫뉴스 이벤트 “축하 메세지 남기고 대박선물 받자” 양치질 할 때 치약에 ‘물’ 묻히면 안된다 폭스바겐 페라리 정면충돌 ’처참한 모습’ 벌레 물린데 가려우면 ‘침’ 발라도 될까 시승기 BMW X3 ‘이 차가 내 것이라면’ 본 자료는 해당 업체에서 제공한 보도 자료입니다.,https://news.naver.com/main/read.nhn?mode=LSD&mid=shm&sid1=260&oid=014&aid=0002458814,284
262108,2011.06.17. 오후 12:42,부동산,매일경제,용인 수지 112㎡아파트 1300만 원대 매매·할인분양,용인지역의 33평형 아파트 인기몰이 DTI규제이후 아파트 경기의 침체속에서도 중소형평형의 인기는 식을줄 모른다. 용인지역의 비교적 비인기지역인 동백지역의 경우 l건설사의 1 000세대 미분양 세대가 3.3㎡당 1 200 중후반 1 300만 원대 임에도 33평형의 경우 2 3개월 만에 분양마감 되었고 대형평형 위주로 남았다. S중견 건설사의 미분양 150세대도 십여일 만에 분양이 마감됐다. 용인지역에서 가장 인기 지역인 수지구의 경우 50 60평 형대의 대형평형 아파트 위주로 구성돼 30평형대 매물은 찾기 쉽지않다. 수지구에서 대표적으로 성복동 신봉동을 꼽는데 경기침체의 영향으로 대형평형대의 이 지역 아파트도 가격하락을 피할 수 없지만 오히려 중소형평형대는 아파트 가격이 오르는 기현상을 보이고 있다. 부동산 전문가 주 세중코리아 김학권 대표는 중소형평형대의 인기는 인구감소와 핵가족 심화로 인해 지속될 것으로 전망하고 30평형대의 경우 신봉 성복지역은 아파트 가격의 상승을 예상했다. 그 이유로는 용서고속도로개통으로 실제로 20분이면 강남권진입이 가능하고 인접 지역인 분당 판교신도시 광교신도시와는 엄청난 아파트 가격차이가 있어 실수요자의 아파트 구입 문의 늘어날 것이라 예상했다. 2016년이면 신분당선 연장선이 개통되는 등 가격상승의 호재가 많은 지역이다 말한다. 1 300만 원대 1 462세대 대단지 신봉 동일하이빌 33평형 회사 보유분을 분양하여 전세대란이라 불리는 지금 1 462세대 대단지가 입주를 하고있다. 전세 수요자 및 분양 받기를 원하는 실입주자와 투자자의 경우 관심 가져 볼만하다. 문의 1577 3606 자료제공 동일하이빌 ⓒ 매일경제 mk.co.kr 무단전재 및 재배포 금지 MBA도 모바일로 공부한다.,https://news.naver.com/main/read.nhn?mode=LSD&mid=shm&sid1=260&oid=009&aid=0002486675,284
262109,2011.06.17. 오후 12:39,부동산,매일경제,대우 푸르지오 오피스텔 분당 정자동에 모델하우스 6월17일 오픈,대우건설이 광교신도시에 광교 푸르지오 시티 오피스텔 462실을 분양한다. 광교신도시 4블록에 공급되는 광교 푸르지오 시티는 지하 4층 지상 10층 3개동 규모다. 면적별로 전용면적 25.460㎡ 210실 28.835㎡ 252실 등 소형평형 위주로 구성됐다. 2016년 완공 예정인 신분당선 연장선 정자 광교 의 신대역과 도보로 3분 거리다. 용인 서울고속화도로 영동고속도로 경부고속도로 등도 가깝다.광교테크노밸리 첨단바이오특화단지 경기도청을 포함한 광교행정타운 법조타운 등과 같은 대형 산업 및 업무 시설이 조성된다. 경기대 아주대 경희대 서울대학교 융합 기술대학원 아주대병원 합동신학대학원대학교 등의 교육시설도 있어 임대수요도 풍부할 전망이다. 분양가는 평균 3.3㎡당 790만 원대로 분양권 전매가 가능하다. 계약금은 10%에 중도금 50% 무이자 조건으로 대출이 지원된다. 입주는 2013년 1월 예정이다. 문의 031 711 4714 자료제공 대우 푸르지오 ⓒ 매일경제 mk.co.kr 무단전재 및 재배포 금지 MBA도 모바일로 공부한다.,https://news.naver.com/main/read.nhn?mode=LSD&mid=shm&sid1=260&oid=009&aid=0002486672,284
262110,2011.06.17. 오후 12:36,부동산,아시아경제,호반건설 수완 2차 호반베르디움 분양,아시아경제 이은정 기자 호반건설은 광주광역시 수완 택지 지구에 수완 2차 호반베르디움 434가구를 공급한다. 이 아파트는 지하 1층 지상 15층 총 434가구 전용면적 84m²로 구성됐다. 전 가구가 남향 위주의 4베이 Bay 로 설계돼 채광 통풍이 뛰어나다. 가변형 벽체가 적용돼 있어 방을 3개 또는 4개로 만들 수 있다. 주변환경도 뛰어난 편이다. 단지내 상가에 1000m² 상당의 초대형 마트와 병의원 등이 입점한다. 또 신완공원이 단지와 맞닿아 있어 쾌적성을 배가시킨다. 이밖에 성덕초등학교가 단지와 연결돼 어린 자녀들이 안전하게 도보로 통학할 수 있다. 견본주택은 24일 개관한다. 회사관계자는 지난해 분양 완료한 수완 1차 호반베르디움의 프리미엄이 입소문 나면서 벌써 수완 2차 호반베르디움에 대한 문의가 많다 고 말했다. 한편 호반건설은 광주 수완 2차 호반베르디움 분양을 시작으로 올해 대전 광교신도시 등에 6730가구를 공급한다.,https://news.naver.com/main/read.nhn?mode=LSD&mid=shm&sid1=260&oid=277&aid=0002624711,284
262111,2011.06.17. 오후 12:35,부동산,매일경제,소형 오피스텔 투자 전문가들은 어디에 투자할까,최근 소형 임대주택의 관심이 높아진 것은 1인 주거 문화가 급격히 확산되기 때문이라는 분석이 대부분이다. 통계청에 따르면 지난 10년 사이 소형 가구는 400만 가구로 약 3배 이상 증거한 것으로 나타났다. 이로 인해 주택 시장은 물론 이들을 겨냥한 상품과 서비스가 속속 등장할 정도로 싱글족 소형 가구에 대한 관심이 높아지고 있다. 부동산 상품 또한 중대형 주택이나 아파트 보다는 소형 주택에 대한 관심이 많은데 그 중에서도 꾸준한 월수익을 얻을 수 있는 오피스텔은 가장 인기가 높은 투자처이다. 그러나 소형 가구수가 많아 진다는 이유로 아무데나 투자할 수는 없는 노릇. 투자 전문가들은 지금 어디에 투자할까 최근 가장 높은 분양률을 보이는 곳 중에 하나는 바로 동탄 신도시이다. 눈에 띄는 대형 호재가 겹쳐 투자 가치가 충분히 높기 때문이다. 삼성반도체의 생산라인 기공과 790병 상의 한림대병원의 완공으로 약 30만여 명의 잠재수요가 오피스텔 분양의 열기를 불어넣고 있다. 많은 투자자들은 “동탄 신도시는 이미 실수요자가 대기하고 있는 실정이기 때문에 오피스텔 분양의 열기가 뜨거운 곳이다. 그 중에서도 소형 오피스텔이 가장 인기가 높기 때문에 소형 오피스텔의 선택에 있어 입지조건과 내부조건을 좀 더 꼼꼼히 살펴보는 것이 중요하다.”고 설명한다. 동탄 신도시에 동탄 에스원스마트빌 이 분양 중이다. 소형 오피스텔을 찾는 많은 수요자들은 위치를 가장 중요하게 여긴다. 수요가 많은 삼성반도체와 가까이에 위치하고 있는지를 확인해야 하며 오피스텔 내부의 구조와 풀옵션 저렴한 관리비 지역난방시스템 상태도 고려해야 한다. 많은 사람들이 소형 오피스텔을 선호하지만 실제로 많은 소형 오피스텔을 공급하지 못하고 있는 동탄 신도시. 이러한 이유로 저렴한 금액을 투자하면서도 더 높은 수익률을 얻을 수 있다. 최근 교통상황이 좋아져 일시적인 호재에서 그치는 것이 아니라 미래가치 또한 높게 평가되고 있다. 동탄IC 기흥IC에서 5 10분내로 진입이 가능하며 분양선의 연장과 KTX GTX 예정 의 동탄역 신설로 대중교통을 이용해서도 서울 강남까지 20분 정도면 이동이 가능하다. 홈페이지 hp sonesmartvill.com 문의 1661 8903 자료제공 동탄 에스원스마트빌 ⓒ 매일경제 mk.co.kr 무단전재 및 재배포 금지 MBA도 모바일로 공부한다.,https://news.naver.com/main/read.nhn?mode=LSD&mid=shm&sid1=260&oid=009&aid=0002486670,284
262112,2011.06.17. 오후 12:33,부동산,매일경제,GS건설 일산자이 위시티 분양,GS건설은 경기 고양시 식사지구의 일산자이 위시티 중 일부 세대를 종전과 다른 조건으로 분양한다. 4 683세대 대단지로 계약금 5%에 계약잔금 15% 계약 후 2개월이내 납입 시 즉시 입주 가능하며 중도금 60% 융자에 대한 이자는 3년간 지원하고 잔금 20%는 2년까지 기간을 연장할 수 있다. 164㎡ 49평 아파트를 9천2백만 원 최소금액으로 바로 입주가 가능하다. 잔금20%에 대해 선납시에는 연 8% 할인혜택까지 있다. 또한 발코니 무료확장 및 풀옵션까지 무상으로 제공된다. 일산자이는 아파트 단지 안에 특목고를 신설한 교육특화 단지로 주목받고 있다. 최근 국제고 개교로 단지 내에 특목고를 가지고 있으며 그 외에 초등학교 중학교는 영어특성화 학교로 지정이 되고 자율형 공립고도 들어서면서 명문학군 아파트로 주목받고 있다. 원중초 양일초 양일중 세원고 저현고 고양 국제고등이 인접하고 특히 고양 국제고는 서울 부산 인천 청심 화성 국제고에 이어 여섯 번째 건립되는 것으로 수도권 강북 내 유일한 국제고등학교다. 또한 저현고는 자율형 공립고로 선정됐다. 인근에 동국대 의생명과학 캠퍼스도 위치해 위시티는 일산지역 교육 8학군으로 부상 할 전망이다. GS건설 일산자이 위시티 는 지하 2층 지상 30층 43개 동 총 4 683가구 규모로 교통 및 편의시설 이용도 뛰어나다. 일산I.C 고양I.C가 가깝고 제2자유로와 경의선 복선전철 등을 이용할 수 있어 서울과의 접근성이 뛰어나다. 경의선 백마역 풍산역과 지하철 3호선 원당역 정발산역도 가깝다. GTX개발 계획이 확정됐고 경의선 복선전철 파주 문산역 서울 상암DMC역 구간개통으로 서울 일산 30분 시대를 열었다. 서울외곽순환고속도로로 고양IC와 파주 서울을 잇는 310번 도로 자유로 일산IC등이 인접해 있어 승용차를 이용해 서울까지 30분대이다. 광역버스 교통망도 우수한 편이다. 편의시설도 잘 갖춰져 있다 인근에 동국대병원 일산병원 국립 암센터등 롯데백화점 현대백화점 이마트 고양시청 킨텍스 한류우드 등을 이용할 수 있다. 일산 자이 위시티가 들어선 1 2 4 블럭에는 물 숲 들을 주제로 다양한 테마 정원이 조성돼 있으며 수령 100년 이상의 적송 1 500그루를 포함해 소나무 2 300그루가 단지 곳곳에 심어졌다. 1단지에 들어서면 단지의 지형적 특징을 살린 조각분수공원 자갈정원 썬베드 등을 볼 수 있다. 2단지에는 기암괴석과 분재형 수목 폭포 등으로 연출된 석산인 천선대를 조성했다. 분양문의 031 969 0439 자료제공 일산자이 ⓒ 매일경제 mk.co.kr 무단전재 및 재배포 금지 MBA도 모바일로 공부한다.,https://news.naver.com/main/read.nhn?mode=LSD&mid=shm&sid1=260&oid=009&aid=0002486666,284
262113,2011.06.17. 오후 12:31,부동산,헤럴드경제,송도 임대수요 풍부해 투자자들에게 인기 많아…,□ 5000만원대 수익형 풀옵션 싱글하우스 □ 호실별 개별 등기분양 □ 연 10%이상 임대수익 인천대 연세대 삼성 바이오기지 등 □ 편리한 교통 접근성 지하철 역세권 광역버스 서울 강남까지 40분대 □ 시행회사 임대 및 월 수익 책임관리 □ 상담신청접수 032 832 0071 아파트 분양시장이 위축돼 있는 요즘에도 원룸텔 소형오피스텔에 대한 청약 열풍은 지속되고 있다. 부동산 투자수익과 월 고정수익을 동시에 거머쥐는 재테크 수단으로 여겨지고 있기 때문이다. 도시형생활주택 즉 싱글하우스는 타 수익형 부동산에 비해 임대 수요가 많아 수익률이 보장되며 주로 퇴직자나 전업주부 등 투자의 경험이 많지 않은 사람도 운영이 가능하고 투자 후 3개월 후면 사업 안정권에 접어들기 때문에 개인 시간이 많아진다는 장점을 갖고 있다. 송도 국제도시 내 경제자유구역은 소형 원룸이 많이 부족하다. 게다가 주위 고시텔도 부족하다 보니 월세를 45만원에서 47만원까지 받는 곳도 있다. 실 거주자에겐 안타까운 소식이지만 투자자에겐 기쁜 소식이 아닐 수 없다. 송도 국제도시는 학생 직장인 상권 종사자 등 풍부하고 탄탄한 배후 임대 수요층이 확보돼 있는 지역이기 때문에 소형 원룸의 수요는 지속적으로 늘어날 전망이다 이러한 송도 국제도시에 싱글하우스 ‘포레스트’가 분양 중이다. 송도 ‘포레스트’의 분양은 투자자들의 관심을 끌기에 충분하다. 5천만원대 분양가에 50 60만원이상의 월세수익을 노릴 수 있고 게다가 호실 별 개별등기까지 가능하기 때문이다. 송도 ‘포레스트’가 위치한 송도 국제 자유구역에는 바로 옆 해양경찰청과 인근 인천대 연세대 신축공사 중 등의 대학과 트레이드타워 국제 비즈니스센터 등의 경제 업무지구와 함께 미추홀 공원 해돋이공원 센트럴파크 등의 휴식공간까지 아우르는 최고의 입지조건으로 손꼽힌다. 탄탄한 배후 임대 수요층이 확보돼 있는 지역이며 이미 인천 지하철 1호선 동막역부터 캠퍼스타운역 테크노파크역 등 국제업무지구까지 아우르는 역세권에 위치하여 대중교통편까지 완벽한 지역이라 하겠다. 싱글하우스의 주요고객인 젊은층의 1인 가구는 대중교통이 편리하면서 많은 사람들이 쉽게 접근할 수 있는 곳을 선호하기 때문에 송도 ‘포레스트’는 주목을 받을 수 밖에 없다. 특히 주변의 센트럴파크와 미추홀공원 해돋이공원 아트센터 등 휴식공간과 취미생활을 마음껏 향유할 수 있는 최적의 입지조건으로 싱글족들의 관심이 높아질 전망이다. 풀옵션 싱글하우스 송도 ‘포레스트’는 현재 선착순 자리배정하기 때문에 향후 위치에 따라 프리미엄 및 월세가 달라질 수 있다. 최고를 누리기 위해선 서두르는 것이 유리하다. 자리배정은 선착순 호수 지정이며 신청접수를 통해 배정을 받을 수 있다.,https://news.naver.com/main/read.nhn?mode=LSD&mid=shm&sid1=260&oid=016&aid=0000387119,284
262114,2011.06.17. 오후 12:29,부동산,매일경제,소형 오피스텔 최대 3000만 원 할인분양,올해 3월 100% 분양이 완료된 메타포스빌 오피스텔이 회사보유분으로 가지고 있던 5개 호실을 할인분양 한다. 최저 500만 원에서 최대 3000만 원까지 할인분양을 하기에 시세차익까지 노려 볼 만하다. 분양가는 1억1 700만 원 1억6 000만 원대로 동탄 신도시에서 저렴한 수준인데 할인을 받으면 9 800만 원 1억3 000만 원대로 최저 분양가에 분양을 받을 수 있다. 동탄 메타포스빌 오피스텔은 37 60㎡로 구성되며 동탄에서 가장 임대가 잘 되는 소형 평형으로 이뤄져 있다. 호텔식 인테리어에 시스템 에어컨 건조기능 드럼세탁기 냉장고 32인치 LCD TV 등 풀옵션이 무상 제공되면서 기본 복층 시공 한다. 메타포스빌 오피스텔은 오는 7월 완공한다. 배후수요 탄탄 편의시설 풍부 이 오피스텔의 가장 큰 장점은 배후 임대수요가 탄탄하다는 점이다. 오피스텔 주변에 삼성전자 반도체 공장과 협력 업체가 위치해 있다. 인근에 한림대병원도 조만간 문을 열 예정이다. 이렇게 되면 주변에 오피스텔 수요가 급증할 것으로 현지 부동산중개업소는 보고 있다. 생활편의시설이 풍부하다는 점도 동탄 메타포스빌의 빼놓을 수 없는 자랑거리. 이 오피스텔은 각종 상업·업무·문화시설이 포진해 있는 동탄신도시 중심상업지역에서 가깝다. 이 때문에 동탄 메타포스빌은 2010년 중심상업지역에 개장한 메타폴리스의 아이스링크·CGV·엔터식스·패션몰 등의 각종 편의시설 이용이 편리하다. 동탄 메타포스빌 오피스텔 입주자의 주거생활이 편리해질 것으로 볼 수 밖에 없는 이유가 여기에 있다. 서울 접근성 용이 이 오피스텔은 서울 접근성이 뛰어다는 강점을 갖추고 있다. 2009년 7월 개통된 용인∼서울 고속도로를 이용하면 서울 강남권까지 30분대에 진입이 가능하다. 경부고속도로 동탄나들목과 기흥나들목 이용도 편리하다. 앞으로 서울 접근성은 더 좋아질 전망이다. 경기도가 수도권 급행 철도 GTX 건설을 추진하고 있고 분당선 연장선 동탄역이 신설될 예정되기 때문이다. 소액 투자 가능한 소형으로만 구성돼 있다. 최근 소형 오피스텔의 주된 수요층인 1∼2인 가구는 여전히 급증하는 추세이다. 이에 비해 이들을 수용할 오피스텔 등과 같은 소형 주거시설의 공급은 더딘 편이다. 이 때문에 당분간 소형 주거시설의 수급 불균형이 심화되면서 동탄 메타포스빌과 같은 소형 오피스텔의 희소가치는 높아질 것으로 전문가들은 예상하고 있다. 일반적으로 소형 오피스텔은 소액 투자가 가능하고 환금이 대형에 비해 상대적으로 좋아 찾는 사람이 많다는 특징이 있기 때문이다. 홈페이지 hp www.metaposvill.co.kr 분양문의 031 8003 2884 자료제공 메타포스빌 ⓒ 매일경제 mk.co.kr 무단전재 및 재배포 금지 MBA도 모바일로 공부한다.,https://news.naver.com/main/read.nhn?mode=LSD&mid=shm&sid1=260&oid=009&aid=0002486662,284
262115,2011.06.17. 오후 12:25,부동산,매일경제,부천 역세권 복층형 소형주택 쁘띠하임 높은 임대수익 기대,도시형생활주택이 주목을 받고 있다. 매매시장의 침체로 가격 상승에 대한 기대감이 꺾이면서 언제 오를지 모르는 아파트에 큰 돈을 들이는 것보다 적은 돈을 투자해 매달 안정적인 임대수익을 올리는 게 낫다는 생각에서이다. 분양가 혹은 매매가 도 저렴하면서 임대수요가 풍부하고 매매 환금성 가 잘 되는 소형 아파트인 역세권 도시형생활주택 쁘띠하임 은 전세대가 소형이면서 복층구조로 되어있고 주변 시세보다 월등히 저렴하다. 주변 생활편의시설과 임대수요층을 살펴보면 롯데백화점·현대백화점·이마트·홈플러스·자유시장 등과 부천대학 서울신학대학 부천성모병원 세종병원 부천대성병원 부천시청 세무서 등이 있다. 도시형생활주택 쁘띠하임 은 부천역과 반경 200m 지점에 위치해 도보로 3분이면 이용할 수 있다. 주변에 30여 개의 버스노선이 통과해 서울을 비롯한 수도권을 편리하게 오갈 수 있다. 경인고속도로 외곽순환도로 등의 이용도 편리하다. 더불어 지하철 7호선 연장선 2012년 12월 개통 예정 으로 인해 더 많은 임대수요를 기대할 수 있게 된다. 분양가는 낮고 수익률과 환금성은 높으며 혜택은 많은 역세권 소형주택 쁘띠하임의 가구당 분양가는 6 300만 원대로 융자를 받고 실 투자금 만으로 분양 받을 시 1채 구입 가격은 2 700만 원 으로도 가능하다. 주변 임대시세는 전용면적 20 27㎡의 경우 보증금 500만 원 매달 임대료 50 60만 원대로 형성돼 쁘띠하임의 경우 연간 임대 수익률이 14%가 넘을 것으로 기대된다. 또한 전세대가 소형이면서 복층구조로 되어있어 임대사업이 유리하고 각종 세금혜택이 많다. 소형주택이나 소형 오피스텔의 필수 사항은 개별 구분등기와 주변시세대비 분양가격 임대수요 및 임대가격 주택의 구조이다. 소형주택은 기본적으로 전용면적이 적기 때문에 복층 구조가 유리하다. 2011년 8월 입주 예정이며 청약통장과 관계없이 선착순 분양 청약금 100만 원 으로 투자자가 원하는 좋은 층·호수를 배정 받을 수 있다. 분양문의 1588 5259 자료제공 쁘띠하임 ⓒ 매일경제 mk.co.kr 무단전재 및 재배포 금지 MBA도 모바일로 공부한다.,https://news.naver.com/main/read.nhn?mode=LSD&mid=shm&sid1=260&oid=009&aid=0002486661,284
262116,2011.06.17. 오후 12:25,부동산,세계일보,자연과 함께하는 에코라이프 한라비발디 플러스에서 편의시설 프리미엄을 누리자,신도시 내 아파트 상업지구 주변 아파트 가장 인기 대형 할인마트 주변 상업 교통의 중심지로 부각 한라비발디 플러스 홈플러스 입점 최대 수혜 세계닷컴 신도시 내 아파트를 고를 땐 상업지역 주변 아파트를 분양 받는 것이 좋을 것으로 보인다. 같은 신도시 내 아파트라도 상업지역과 인접한 아파트 값이 더 높은 것으로 나타났기 때문이다. 일반적인 아파트의 경우 단지규모나 브랜드에 따른 가격차이가 크다. 하지만 신도시와 같이 대규모 공공택지에 아파트가 대량 공급되는 곳의 경우는 브랜드보다는 상업시설의 이용이 편리한 곳이 더 인기다. 당연히 입주한 뒤 아파트 값도 더 높다. 대형 할인매장 등 생활편의시설은 기업의 목적에 따라 입지 및 인구 등을 고려해 입점 시점이 단기간에 결정돼 가격 상승효과가 더욱 크다. 주변에 대형 할인매장 등 유통시설이 풍부한 아파트는 대기 수요가 꾸준해 환금성도 뛰어나 높은 가격에 거래된다. 이에 따라 아파트 선택 시 생활편의시설 프리미엄이 중요한 기준으로 자리 잡고 있다. 그도 그럴 것이 신도시 개발은 재개발이나 재건축과는 달리 대규모 택지를 조성해야 하기 때문에 도심에서 다소 떨어진 곳에 들어선다. 따라서 상업시설 이용의 편리함은 절대적인 선택의 기준이다. 실제 기존 신도시를 보면 상업지구 인근 아파트 값이 더 높다. 분당을 대표하는 상권인 서현동 일대는 전형적인 신도시 상권의 대표주자로 손꼽힌다. 가장 가까운 시범단지 삼성 한신 아파트는 같은 면적의 금곡동 청솔대원 아파트보다 1억 원 이상 높다. 일산신도시도 마찬가지. 생활편의 시설이 밀집되어있는 중심상업지구 주변인 마두동 일대의 강촌마을 호수마을이 가장 높은 가격상승을 보였다. 전문가들은 “신도시의 경우 상업지구를 중심으로 생활편의시설이 들어서고 가장 활발하게 움직이다보니 지하철역이나 버스정류장도 상업지구 주변으로 생겨 자연스레 상업지구 주변 아파트값이 더 높아진다”고 말했다. ◇ 홈플러스 최대 수혜아파트 한라비발디 홈플러스 등 대형 할인마트가 들어서는 곳은 더욱 그렇다. 할인마트로 드나드는 유동인구가 늘어나고 자연스레 주변 상가들이 생겨나면서 하나의 상권이 형성된다. 또 대형 할인마트 들어서는 곳은 교통이 잘 발달되고 인구 유입도 늘어 앞으로 더 발전될 가능성도 높다. 대표적인 곳이 경기 파주 교하신도시 한라비발디 아파트이다. 오는 6월말 모델하우스를 오픈하는 한라건설 한라비발디 플러스는 상업지구가 단지 바로 앞에 조성된다. 이곳엔 다양한 생활편의시설과 함께 교육관련 시설이 들어설 예정이다. 특히 대형 할인마트인 홈플러스가 단지 주변으로 들어설 계획이다. 초등학교도 단지옆에 위치하고 있으며 중학교도 신설될 예정이다. ◇ 자연과 함께하는 에코 라이프의 시작 이 뿐만이 아니다. 단지 내 녹지 조경시설은 파주 교하신도시 내 ‘랜드마크’ 아파트로 손색이 없다. 우선 전체 동 棟 은 타워형의 남향위주 단지배치로 일조·채광을 극대화했다. 단지 옆에는 근린공원 조성된다. 또 주차공간은 대부분 지하로 배치해 단지 내 녹지율만 50%에 달한다. 특히 단지 내에는 약 1500㎡의 잔디광장이 조성된다. 초록이 펼쳐진 드넓은 광장에서 때때로 문화공연도 펼쳐져 가족 또는 이웃과 함께 여유로운 시간을 보낼 수 있다. 약 1000㎡의 전나무 삼림욕장도 조성된다. 이곳에선 자연 에너지인 피톤치드 Phytoncide 를 만끽 할 수 있어 몸과 마음이 건강한 삶도 누릴 수 있다. 이밖에 왕벚나무 이팝나무 청단풍 느티나무 등 4가지 테마가 있는 약2km의 산책로와 약 230m 길이의 생태수공간 전동 옥상 녹화 등 가는 곳마다 발길이 닿는 곳마다 자연을 담은 공원을 만날 수 있어 그린 프리미엄을 기대할 수 있다. ◇ 특화 설계 생활프리미엄 누려라 입주민을 위한 다양한 커뮤니티 시설도 최고 수준이다. 휘트니스 시설에는 체력단련을 위한 헬스공간 GX룸 외에도 실내 스크린 골프와 퍼팅장을 조성했다. 또한 유아보육시설 실내 놀이터 어린이문고 및 독서실 등 단지 내 다양한 보육 및 어린이 놀이시설이 조성된다. 특히 실버룸 노인정 에는 혈압 혈당 체성분 측정 등이 가능한 헬스케어시스템을 갖춰 어르신들의 기초건강을 챙길 수 있다. 아파트 내부는 첨단시스템의 종합전시장이다. 초고속 인터넷 환경을 구축한 정보통신아파트로 무인경비시스템까지 갖춰 입주민의 안전까지 배려해 생활의 편리함과 안락함을 누릴 수 있다. 집을 비우고 외출했을 때에도 외부에서 가스·거실 조명·난방 조절을 할 수 있는 홈 네트워크 시스템이 갖춰진다. 또한 한라건설 한라비발디는 국토해양부에서 시행하는 주택의 ‘소음 구조 환경 생활환경 화재소방’ 등을 심사하는 주택성능등급평가에서 인정받은 아파트다. 이 아파트는 신생에너지를 이용해 에너지 절약형 친환경 녹색단지를 설계한다. 우수 재활용 시스템으로 비가 올 때 저장된 빗물을 조경수 및 기타 공용수로 활용한다. 또한 LED조명 및 태양광을 이용하는 에너지 절약형 가로등도 적용된다. 견본주택은 일산신도시 장항동 뉴코아아울렛 사거리 인근에 위치해 있다. 문의 1661 0606 ※본 콘텐츠는 기업 제공 자료로 세계닷컴의견과 다를수 있습니다. Segye.com Segye.com 인기뉴스 학교 나오지 않아 신고 집에 가보니 온가족이… 평양에 탄환비 쏟을 미사일 전진 배치…왜 200원만… 구걸하던 노숙자 죽을뻔했다 日 한국女 토막살인…정부 머리 찾아내라 재산 29만원 전두환 600만원짜리 항소장 ⓒ 세계일보 Segye.com 무단 전재 및 재배포 금지 금융전문뉴스 세계파이낸스 모바일로 만나는 세계닷컴 세계닷컴은 한국온라인신문협회 www.kona.or.kr 의 디지털뉴스이용규칙에 따른 저작권을 행사합니다.,https://news.naver.com/main/read.nhn?mode=LSD&mid=shm&sid1=260&oid=022&aid=0002276355,284
262117,2011.06.17. 오후 12:24,부동산,세계일보,별내신도시 아파트…이상의 혜택은 없다,세계닷컴 잠잠하던 서울 전세시장이 다시 오름세를 보이며 올해 전세금 10% 폭등 조짐이 점쳐지고 있는 가운데 서울과 가까우면서 상대적으로 시세가 저렴한 수도권 아파트로 실수요자들이 이동 수도권 미분양아파트가 전세대란의 최대 수혜지로 꼽히고 있다. 특히 올해 하반기 서울에서는 사상 최대 규모의 재개발 재건축 이주 수요가 발생할 것으로 예상돼 지금보다 훨씬 더 심각한 전세대란이 예고되고 있는 상황이다. 실제로 수도권 지역은 최근 미분양 아파트가 급감하는 등 수요자들의 움직임이 감지되고 있다. 이러한 가운데 2009년 9월 11월 청약 돌풍을 일으킨바 있는 남양주 별내신도시 안에 빼어난 친환경 주거 단지가 선을 보여 수요자들의 눈길을 끌고 있다. 주인공은 바로 남광토건의 ‘별내 하우스토리’ 단지 조경 면적이 전체의 절반 이상을 차지하는가 하면 수락산 자락에 바로 접하고 있어 청정 도시로 개발 중인 별내신도시 중에서도 가장 친환경 주거 단지로 손꼽히고 있다. 남광토건은 동북부의 판교라 불리는 별내 신도시에 자연 친화 주거 단지인 별내 하우스토리 720가구중 알짜미분양인 잔여분에 대해서 특별혜택으로 선착순으로 공급한다. 별내신도시에서도 A4블록에 자리잡고 있는 별내하우스토리의 공급 주택형은 103㎡ 구39형 123㎡ 구46형 133㎡ 구50형 170㎡ 구65형 타입으로 총 720가구가 중대형으로 구성되었다. 특별혜택은 최초 계약금 10%에서 계약금 5%로 중도금 이자후불제에서 중도금 60% 전액무이자융자 발코니 무료시공으로 조건을 변경 최초분양가의 10%정도의 할인혜택을 볼수있다. 분양가는 3.3㎡ 당 평균 1 100만원대이며 입주시기 2012년 7월 예정이다. 지하 2층에서 지상 18층 14개동으로 분양가는 3.3㎡당 평균 1 160만원대이다. 특히 103㎡ 구39평형 형은 잔여분이 소량으로 조기마감될 예정이므로 수요자분들은 발빠르게 움직이셔야 동·호수를 지정 받을실수 있다. 별내신도시는 지하철및 도로 신설계획과 맞물려 상대적으로 저렴한 주택가격이 매력이다.별내 IC와 외곽순환도로를 통해 서울 도심 종로 및 강남까지 30 40분대에 연결된다. 또한 경춘선 복선전철 별내역 2011년 이후 이 신설될 예정이고 지하철 8호선 별내 암사 연장 계획도 장기 계획으로 추진될 예정 2017년 이후 이며 별내 상봉간 급행버스 체계인 BRT 및 환승센터도 마련될 계획이어서 뛰어난 교통편과 쾌적한 환경 서울이 가까운 입지이면서 상대적으로 저렴한 가격조건으로 투자및 실거주자들에게 대단한 미래가치를 가진 곳이 별내신도시이다. 별내 하우스토리는 수락산 자락과 용암천의 배산임수에 자리잡았다는 점도 풍수지리에 관심이 있는 수요자라면 눈길을 끌만한 요소다. 이에 더해 대지면적의 절반 이상을 조경 공간으로 조성해 전체적인 자연 친화 수준을 한 단계 끌어올렸다. 특히 6 000㎡에 달하는 ‘Story Park’는 숲과 조경시설로 이어지는 휴게공간으로 꾸며질 예정이다. 분양문의 031 523 3035 ※본 콘텐츠는 기업 제공 자료로 세계닷컴의견과 다를수 있습니다. Segye.com Segye.com 인기뉴스 학교 나오지 않아 신고 집에 가보니 온가족이… 평양에 탄환비 쏟을 미사일 전진 배치…왜 200원만… 구걸하던 노숙자 죽을뻔했다 日 한국女 토막살인…정부 머리 찾아내라 재산 29만원 전두환 600만원짜리 항소장 ⓒ 세계일보 Segye.com 무단 전재 및 재배포 금지 금융전문뉴스 세계파이낸스 모바일로 만나는 세계닷컴 세계닷컴은 한국온라인신문협회 www.kona.or.kr 의 디지털뉴스이용규칙에 따른 저작권을 행사합니다.,https://news.naver.com/main/read.nhn?mode=LSD&mid=shm&sid1=260&oid=022&aid=0002276354,284
262118,2011.06.17. 오후 12:24,부동산,세계일보,대우건설 초역세권 ‘광교 푸르지오 시티’ 오피스텔 분양,세계닷컴 광교 푸르지오 시티는 2016년 완공될 예정 경기도시공사 자료 2011년 3월 기준 인 신분당선 연장선 정자 광교 의 신대역 가칭 과 도보 1분 거리의 초역세권에 위치한다. 신대역은 강남에서 9정거장 분당 정자역에서 4정거장에 불과해 광교뿐만 아니라 강남과 분당 주변수요도 몰릴 것으로 예상된다. 광교신도시 4B L 일대에 공급되는 ‘광교 푸르지오 시티’는 지하4층 지상10층 3개동의 총 462실로 조성되며 전용 25.460㎡ 210실 전용 28.835㎡ 252실로 소형평형 위주로 구성된 오피스텔로 인근 도심권 직장인 및 신혼부부 대학생 수요에 맞춘 수익형 투자 상품이다. 용인 서울고속화도로 영동 고속도로 경부 고속도로 뿐만 아니라 북수원 상현IC간 도로 상현IC 하동간 도로 흥덕 하동간 도로 동수원 성북IC간 도로와도 인접해 있어 서울과의 접근성이 뛰어나 명품 신도시라는 광교 이미지에 최적의 지리적 위치를 자랑한다. 또 광교테크노밸리 첨단바이오특화단지 경기도청을 포함한 광교행정타운 법조타운 등과 같은 대형 산업 및 업무 시설이 조성된다. 2만여 세대에 달하는 배후세대와 경기대 아주대 경희대 서울대학교 융합 기술대학원 아주대병원 합동신학대학원대학교 등의 교육시설로 광교 푸르지오 시티 인근의 임대 수요가 풍부하다. 이 밖에도 광교신도시에는 경기과학기술진흥원 나노소자 특화팹센터 경기바이오센터 차세대융합기술연구원 경기중소기업지원센터 등 5개 기관과 기업 200여개 업체가 입주해 있으며 인근 테크노밸리 도시지원 3블록에는 제약 첨단바이오 특화단지가 조성될 예정이다. 평균분양가는 3.3㎡당 790만원대로 분양권 전매가 가능하다. 견본주택은 분당 정자동 주택전시관 4층에 마련되어 있으며 2013년 2월 입주 예정. 분양문의 031 711 2955 ※본 콘텐츠는 기업 제공 자료로 세계닷컴의견과 다를수 있습니다. Segye.com Segye.com 인기뉴스 학교 나오지 않아 신고 집에 가보니 온가족이… 평양에 탄환비 쏟을 미사일 전진 배치…왜 200원만… 구걸하던 노숙자 죽을뻔했다 日 한국女 토막살인…정부 머리 찾아내라 재산 29만원 전두환 600만원짜리 항소장 ⓒ 세계일보 Segye.com 무단 전재 및 재배포 금지 금융전문뉴스 세계파이낸스 모바일로 만나는 세계닷컴 세계닷컴은 한국온라인신문협회 www.kona.or.kr 의 디지털뉴스이용규칙에 따른 저작권을 행사합니다.,https://news.naver.com/main/read.nhn?mode=LSD&mid=shm&sid1=260&oid=022&aid=0002276353,284
262119,2011.06.17. 오후 12:24,부동산,매일경제,2011년 황금알을 낳는 오피스텔,최근 수도권의 전세대란으로 인한 소형주택의 몸 값이 천정부지로 치솟고 있다. 정부의 많은 노력에도 주택 공급 수요의 정책이 실제 시장의 반응과는 거리감이 있는듯하다. 몸 값 귀한 소형 주택이 이처럼 인기인 이유는 부동산 취득시 소요되는 투자비용이 상대적으로 적은데다 임차시 발생하는 월임대료가 시중은행 금리의 이자보다 높은 수익률로 나타나기 때문이다. 일반적으로 부동산 투자에 관심이 있다 하더라도 경험이 많지 않다는 이유로 투자금액이 보유 자산보다 많아서 확실치 않은 수익률 즉 여러 가지 리스크를 감안하면서 투자를 보류 망설이게 되는것이다. 전문가들이 조언하는 투자의 원칙을 들여다보면 보다 안정적이고 수익률이 보장되는 상품을 찾는데 도움이 될 것이다. 2011년 부동산 투자의 키워드는 역세권 소형주택 수익형 부동산이다. 제1기 신도시 중 하나인 중동 상동 신도시는 최근 지하철 7호선 연장에 따른 도시의 모습이 탈바꿈하는 과정에 있다. 중동 상동신도시의 초입에 위치한 소형 오피스원룸 레전드빌 이 앞서 언급한 3가지 키워드를 충실히 따르고 있다. 지하철 1호선 송내역이 도보로 3분 거리이며 2012년 개통 예정인 7호선 상동역과는 차량 2분 거리 송내역은 동인천 용산 구간을 왕복하는 직통열차의 노선까지 감안하면 트리플 역세권이다. 서울 강남역까지 송내역에서 지하철 이용시 35분 정도면 출퇴근이 가능해 서울 중심지역의 임대료보다 훨씬 낮으면서 문화·예술·여가 생활의 부족함이 없다. 레전드빌 주위로 부천지방 검찰청 법원의 법조타운이 형성돼 있고 현대백화점 롯데백화점 이마트 홈플러스 등 대형 쇼핑센터가 밀집해 있으며 상동 호수공원 워터 조이 웅진 플레이 도시등 다양한 편의 시설도 확충돼 있다. 서울 외곽 순환도로 송내 I.C 중동 I.C와 경인고속도로 부평 부천 I.C를 이용해서 일산 분당 서울 중심부로의 교통망이 풍부하다. 향후 지하철 7호선 개통에 따른 반사 이익까지 감안한다면 소액으로 투자해서 빠른 월세 수입까지 보장된다. 세대별 3 4천만 원대의 투자금액으로 월 45만 원 50만 원의 임대료가 시행사의 책임 임대 보장제를 통해 안정적인 투자가 가능하다. 분양대금의 일부는 금융권 대출로 투자 가능하다. 레전드빌 은 오는 7월 준공 입주로 지금 막바지 공사가 한창이다. 기존 오피스텔에 비해 저렴한 관리비 시스템과 부대 서비스를 제공한다. 선착순 수의분양으로 잔여세대 분양 중에 있으며 향후 위치에 따라 프리미엄 및 시세차이가 나기에 서두르는 것이 유리하다. 현장 방문시 공사 진행 모습도 볼 수 있고 주위 환경 또한 확인 가능하기에 투자 결정을 한다면 국민연금 개인연금 보험 부럽지 않은 좋은 투자 상품을 갖게 될 것이다. 문의 032 324 7337 자료제공 레전드빌 ⓒ 매일경제 mk.co.kr 무단전재 및 재배포 금지 MBA도 모바일로 공부한다.,https://news.naver.com/main/read.nhn?mode=LSD&mid=shm&sid1=260&oid=009&aid=0002486660,284
262120,2011.06.17. 오후 12:23,부동산,매일경제,부천터미널 상가 소액투자 인기 10년 임대 수입 보장,가정주부 이모씨 49세 는 남편 월급 이외에 소형매장 3개를 뉴코아에 임대 주고 매달 300만 원 가량의 임대수익을 올리고 있다. 내 집 마련과 함께 소액의 수익상가를 먼저 사둔 것이 남들과 차별화된 재테크 전략이라고 말한다. 월급만으로 물가상승 자녀교육비 급증과 노후대책을 동시에 감당하기는 불가능 하다는 것이다. 베이비붐 세대의 대규모 은퇴와 보금자리주택 등 정부의 적극적인 임대주택 공급으로 점차 주택가격은 하락할 전망이지만 빨라지는 정년과 평균수명 연장 등은 노후생계를 위협하므로 생계유지수입원 확보에 빨간불이 들어왔다. 등기이전 받고 10년 동안 뉴코아에서 월세 받아…. 소풍 은 신도시의 탁월한 입지와 이랜드 그룹 뉴코아 킴스클럽이 10년 임대의 장기 계약조건으로 입점 임대 계약기간 2009.9 2019.9 함으로써 10년 동안 공실 및 건물관리 염려 없이 대기업으로부터 안정적으로 월세를 받을 수 있다. 실 투자금 7천만 원대 매장을 분양 받으면 기다릴 필요 없이 등기이전 후 바로 보증금과 익월 최저 85만 원 120만 원의 임대수익이 지급된다. 롯데백화점 본점 약 7.8배의 대규모 유통센터로 알려진 이곳은 현재 부천종합터미널과 11개관의 프리머스 영화관 컨벤션 웨딩홀 스포츠 센터가 단일건물 내 입점해 집객파워 및 매출 시너지가 무엇인지 보여주고 있다. 이중 1층부터 5층까지 도심형 아울렛인 뉴코아와 킴스클럽이 입점한 매장을 등기분양 한다. 이랜드가 선점한 이곳은 교통의 요지이며 지하철 1호선과 2012년 개통예정인 7호선 상동역의 더블 역세권 형성으로 상권성장 잠재력과 시세차익이 기대되는 곳이다. 현재 완공 후 영업 중인 것을 분양 받으므로 투자 후 바로 수익이 발생하고 소유권 이전 받기 전까지 분양대금을 한국자산신탁에서 안전하게 관리하는 것이 투자자들이 선호하는 큰 이유 중에 하나다. 분양문의 032 624 6875 자료제공 부천터미널 소풍 ⓒ 매일경제 mk.co.kr 무단전재 및 재배포 금지 MBA도 모바일로 공부한다.,https://news.naver.com/main/read.nhn?mode=LSD&mid=shm&sid1=260&oid=009&aid=0002486658,284
262121,2011.06.17. 오후 12:08,부동산,아시아경제,풀옵션 싱글하우스 포레스트 투자수익과 고정수익을 동시에,□ 5000만원대 수익형 풀옵션 싱글하우스 □ 호실별 개별 등기분양 □ 연 10%이상 임대수익 인천대 연세대 삼성 바이오기지 등 □ 편리한 교통 접근성 지하철 역세권 광역버스 서울 강남까지 40분대 □ 시행회사 임대 및 월 수익 책임관리 □ 상담신청접수 032 832 0071 아파트 분양시장이 위축돼 있는 요즘에도 원룸텔 소형오피스텔에 대한 청약 열풍은 지속되고 있다. 부동산 투자수익과 월 고정수익을 동시에 거머쥐는 재테크 수단으로 여겨지고 있기 때문이다. 도시형생활주택 즉 싱글하우스는 타 수익형 부동산에 비해 임대 수요가 많아 수익률이 보장되며 주로 퇴직자나 전업주부 등 투자의 경험이 많지 않은 사람도 운영이 가능하고 투자 후 3개월 후면 사업 안정권에 접어들기 때문에 개인 시간이 많아진다는 장점을 갖고 있다. 송도 국제도시 내 경제자유구역은 소형 원룸이 많이 부족하다. 게다가 주위 고시텔도 부족하다 보니 월세를 45만원에서 47만원까지 받는 곳도 있다. 실 거주자에겐 안타까운 소식이지만 투자자에겐 기쁜 소식이 아닐 수 없다. 송도 국제도시는 학생 직장인 상권 종사자 등 풍부하고 탄탄한 배후 임대 수요층이 확보돼 있는 지역이기 때문에 소형 원룸의 수요는 지속적으로 늘어날 전망이다 이러한 송도 국제도시에 싱글하우스 ‘포레스트’가 분양 중이다. 송도 ‘포레스트’의 분양은 투자자들의 관심을 끌기에 충분하다. 5천만원대 분양가에 50 60만원이상의 월세수익을 노릴 수 있고 게다가 호실 별 개별등기까지 가능하기 때문이다. 송도 ‘포레스트’가 위치한 송도 국제 자유구역에는 바로 옆 해양경찰청과 인근 인천대 연세대 신축공사 중 등의 대학과 트레이드타워 국제 비즈니스센터 등의 경제 업무지구와 함께 미추홀 공원 해돋이공원 센트럴파크 등의 휴식공간까지 아우르는 최고의 입지조건으로 손꼽힌다. 탄탄한 배후 임대 수요층이 확보돼 있는 지역이며 이미 인천 지하철 1호선 동막역부터 캠퍼스타운역 테크노파크역 등 국제업무지구까지 아우르는 역세권에 위치하여 대중교통편까지 완벽한 지역이라 하겠다. 싱글하우스의 주요고객인 젊은층의 1인 가구는 대중교통이 편리하면서 많은 사람들이 쉽게 접근할 수 있는 곳을 선호하기 때문에 송도 ‘포레스트’는 주목을 받을 수 밖에 없다. 특히 주변의 센트럴파크와 미추홀공원 해돋이공원 아트센터 등 휴식공간과 취미생활을 마음껏 향유할 수 있는 최적의 입지조건으로 싱글족들의 관심이 높아질 전망이다. 풀옵션 싱글하우스 송도 ‘포레스트’는 현재 선착순 자리배정하기 때문에 향후 위치에 따라 프리미엄 및 월세가 달라질 수 있다. 최고를 누리기 위해선 서두르는 것이 유리하다. 자리배정은 선착순 호수 지정이며 신청접수를 통해 배정을 받을 수 있다.,https://news.naver.com/main/read.nhn?mode=LSD&mid=shm&sid1=260&oid=277&aid=0002624706,284
262122,2011.06.17. 오후 12:03,부동산,세계일보,강남구 청담동 청담자이한강조망권에 학군도 뛰어나,강남구 청담동 청담자이 16가구 20일 인터넷 청약 개시 청약통장 없이 계약금 500만원으로 서울 강남 아파트를 잡을 수 있는 기회 세계닷컴 GS건설은 이달 20일부터 22일까지 사흘간 서울시 강남구 청담동에 위치한 청담 자이에 대한 청약접수를 받는다고 12일 밝혔다. 청담자이는 GS건설이 지난 2004년 이후 7년만에 강남구에서 선보이는 단지이다. 강남구 청담동 134 20번지에 위치한 청담한양아파트 재건축 아파트로 지난 2009년 1대1 재건축으로 전 가구가 조합원들에게 분양되어 올해 10월 입주를 앞두고 있다. 청담자이는 지하2층 지상35층 5개동 총 708가구로 대부분이 조합원 물량이어서 입주율이 90%를 넘을 것으로 보인다. 특히 한강변에 위치해 올림픽대로와 인접해 있고7호선 청담역을 걸어서 이용 가능해 편리한 교통 프리미엄을 누릴 수 있다. 또한 경기고 휘문고 등 ‘강남 최고의 명문학군’을 갖춰 강남진입을 계획하는 실수요층에게 많은 관심을 받고 있으며 소형평형은 임대상품으로도 높은 인기를 모을 것으로 기대된다. 발코니 확장과 시스템 에어컨를 무료로 제공하는 혜택도 준다. 이번 분양 물량은 2009년 ‘임대주택 건설 의무제’ 폐지에 따라 임대에서 분양 물량으로 전환된 전용면적 49㎡ 4가구 89㎡ 12가구 등 총 16가구다. 주택법 적용을 받지 않아 청약금 500만원만 있으면 청약통장없이 누구나 청약이 가능하다. 청담자이 홈페이지 www.cd xi.co.kr 에서 청약접수를 받으며 추첨을 통해 당첨자가 결정된다. 당첨자는 24일 오후 2시 이후 홈페이지에서 직접 확인 가능하고 계약시 분양금의 10%를 내고 중도금 분양금의 10% 납입 후 10월 입주 때 잔금을 내면 된다. GS건설 관계자는 “분양물량은 실수요자들에게 인기가 높은 중소형인데다가 분양가도 조합원 물량 거래 가격 수준보다 조금 낮게 결정했다”며 “전세시세만도 분양가의 50%를 넘고 인근에 임대 수요도 풍부해 임대 투자용으로도 고려해 볼 만하다”고 설명했다. 분양문의 02 545 1301 홈페이지 www.cd xi.co.kr ※본 콘텐츠는 기업 제공 자료로 세계닷컴의견과 다를수 있습니다. Segye.com Segye.com 인기뉴스 학교 나오지 않아 신고 집에 가보니 온가족이… 평양에 탄환비 쏟을 미사일 전진 배치…왜 200원만… 구걸하던 노숙자 죽을뻔했다 日 한국女 토막살인…정부 머리 찾아내라 재산 29만원 전두환 600만원짜리 항소장 ⓒ 세계일보 Segye.com 무단 전재 및 재배포 금지 금융전문뉴스 세계파이낸스 모바일로 만나는 세계닷컴 세계닷컴은 한국온라인신문협회 www.kona.or.kr 의 디지털뉴스이용규칙에 따른 저작권을 행사합니다.,https://news.naver.com/main/read.nhn?mode=LSD&mid=shm&sid1=260&oid=022&aid=0002276352,284
262123,2011.06.17. 오전 11:58,부동산,아시아경제,Build up Korea 송도컨벤시아 태백산맥 형상화… 유일 無기둥 건축물,송도컨벤시아 아시아경제 김봉수 기자 한국 태백산맥의 기상을 형상화 한 송도컨벤시아는 국내 건축물 중 기둥 없이 가장 높고 넓은 전시 공간이다. 인천 송도국제도시 소재 송도컨벤시아 를 지은 포스코건설 관계자의 자랑이다. 첨단 컨벤션센터인 송도컨벤시아는 지난 2008년 완공돼 개관한 지하 1층 지상 4층 연면적 5만4129㎡ 규모의 전시ㆍ연회 전용 건물이다. 송도컨벤시아의 가장 큰 자랑거리는 무엇보다 기둥없이 설계된 천장 높이 32m 길이 144m의 거대한 대공간 전시장이라는 점이다. 컨벤션센터 내 전시ㆍ연회 시설은 기둥이 있을 경우 활용에 제약이 많다. 포스코건설은 이러한 점을 감안해 기둥을 없애는 무주 無株 공법을 동원했다. 국내 건물 중 가장 긴 지점간격 144m 을 바탕으로 하는 파이프 트러스트 구조를 적용해 최대 32m 높이의 기둥없는 대공간을 가능하게 했다. 이런 설계 덕분에 송도컨벤시아는 다양한 공간 배치와 높은 활용도를 지랑한다. 열린 공간 계획으로 자연채광 유입을 최대화하기도 했다. 송도컨벤시아의 또 다른 큰 특징은 화려한 외관이다. 세계적인 건축 설계 업체인 KPF Kohn Pederson Fox Architects 가 맡아 설계한 외관은 한국의 태백산맥을 형상화해 디자인됐다. 한국의 미를 잘 살려주고 최첨단 시설에 걸맞은 세계적인 디자인으로 평가 받고 있다. 센터 곳곳에 최첨단 기술도 숨어 있다. 회의실에는 무선인터넷 음성인식 카메라 등 유비쿼터스 시스템을 갖추고 있다. 전동스크린 28개 LCD 프로젝터 28개 등이 마련돼 있다. 이밖에 송도컨벤시아의 건설에는 3D 설계와 컴퓨터 제어 커팅이 적용됐고 최고난이도의 용접기술이 동원됐다. 타일형태의 지붕 패널 1만3000장을 맞춰 얹는 것은 고난도 퍼즐 이었다. 지붕구조의 대구경 파이프는 도로운반을 위해 16ｍ 단위로 현장에 들여와 3개씩 조립해 가설 기둥 위에 올려 놓고 용접 작업이 이뤄졌다.,https://news.naver.com/main/read.nhn?mode=LSD&mid=shm&sid1=260&oid=277&aid=0002624704,284
262124,2011.06.17. 오전 11:57,부동산,머니투데이,송도 싱글하우스 포레스트 앉아서 돈 번다는데…,머니투데이 □ 5000만원대 수익형 풀옵션 싱글하우스 □ 호실별 개별 등기분양 □ 연 10%이상 임대수익 인천대 연세대 삼성 바이오기지 등 □ 편리한 교통 접근성 지하철 역세권 광역버스 서울 강남까지 40분대 □ 시행회사 임대 및 월 수익 책임관리 □ 상담신청접수 032 832 0071 아파트 분양시장이 위축돼 있는 요즘에도 원룸텔 소형오피스텔에 대한 청약 열풍은 지속되고 있다. 부동산 투자수익과 월 고정수익을 동시에 거머쥐는 재테크 수단으로 여겨지고 있기 때문이다. 도시형생활주택 즉 싱글하우스는 타 수익형 부동산에 비해 임대 수요가 많아 수익률이 보장되며 주로 퇴직자나 전업주부 등 투자의 경험이 많지 않은 사람도 운영이 가능하고 투자 후 3개월 후면 사업 안정권에 접어들기 때문에 개인 시간이 많아진다는 장점을 갖고 있다. 송도 국제도시 내 경제자유구역은 소형 원룸이 많이 부족하다. 게다가 주위 고시텔도 부족하다 보니 월세를 45만 원에서 47만 원까지 받는 곳도 있다. 실 거주자에겐 안타까운 소식이지만 투자자에겐 기쁜 소식이 아닐 수 없다. 송도 국제도시는 학생 직장인 상권 종사자 등 풍부하고 탄탄한 배후 임대 수요층이 확보돼 있는 지역이기 때문에 소형 원룸의 수요는 지속적으로 늘어날 전망이다 이러한 송도 국제도시에 싱글하우스 ‘포레스트’가 분양 중이다. 송도 ‘포레스트’의 분양은 투자자들의 관심을 끌기에 충분하다. 5천만원대 분양가에 50 60만 원 이상의 월세수익을 노릴 수 있고 게다가 호실 별 개별등기까지 가능하기 때문이다. 송도 ‘포레스트’가 위치한 송도 국제 자유구역에는 바로 옆 해양경찰청과 인근 인천대 연세대 신축공사 중 등의 대학과 트레이드타워 국제 비즈니스센터 등의 경제 업무지구와 함께 미추홀 공원 해돋이공원 센트럴파크 등의 휴식공간까지 아우르는 최고의 입지조건으로 손꼽힌다. 탄탄한 배후 임대 수요층이 확보돼 있는 지역이며 이미 인천 지하철 1호선 동막역부터 캠퍼스타운역 테크노파크역 등 국제업무지구까지 아우르는 역세권에 위치하여 대중교통편까지 완벽한 지역이라 하겠다. 싱글하우스의 주요고객인 젊은층의 1인 가구는 대중교통이 편리하면서 많은 사람들이 쉽게 접근할 수 있는 곳을 선호하기 때문에 송도 ‘포레스트’는 주목을 받을 수밖에 없다. 특히 주변의 센트럴파크와 미추홀공원 해돋이공원 아트센터 등 휴식공간과 취미생활을 마음껏 향유할 수 있는 최적의 입지조건으로 싱글족들의 관심이 높아질 전망이다. 풀옵션 싱글하우스 송도 ‘포레스트’는 현재 선착순 자리배정하기 때문에 향후 위치에 따라 프리미엄 및 월세가 달라질 수 있다. 최고를 누리기 위해선 서두르는 것이 유리하다. 자리배정은 선착순 호수 지정이며 신청접수를 통해 배정을 받을 수 있다. 신청금 100만 원 미 계약시 환불 입금계좌 우리은행 1005 801 841070 예금주 주 씨 유 신청접수 032 832 0071 ※ 본 자료는 해당 업체에서 제공한 비즈니스정보입니다.,https://news.naver.com/main/read.nhn?mode=LSD&mid=shm&sid1=260&oid=008&aid=0002557345,284
262125,2011.06.17. 오전 11:55,부동산,세계일보,부평 부천역 신일 소형오피스텔 선착순 분양,세계닷컴 ☞ 계약금 5% 약 500만원 만 내시면 입주때까지 들어가는 돈 ‘無’ ☞ 중도금 전액 무이자 ☞ 풀옵션 특별 제공 ☞ 1가구 2주택 무관 ☞ 서울 7호선 부평구청역과 인천 지하철 1호선 환승역세권 · 서울 1호선 부평역 신일건업이 인천 부평구 부평역과 부평 구청역 2분거리에 오피스텔 ‘신일 유스테이션’을 분양 중이다. 지난번 문을 연 신일 유스테이션 견본주택은 개관 3일 동안 1만 명이 넘는 관람객이 찾아 청약돌풍을 예고했다. 최근 3년 동안 주변지역에 신규오피스텔이 없었다는 측면에서 수익률에 대한 투자자들의 기대가 컸던 것으로 보인다고 회사측은 밝혔다. 신일 유스테이션은 지하 7층∼지상 20층 규모의 주상복합 오피스텔로 64.46㎡ 19형 108실 마감 70.61㎡ 21형 224실 82.85㎡ 25형 18실 103.31㎡ 31형 32실 등으로 총 382실로 구성됐다. 분양가와 계약조건도 우수하다. 분양가는 3.3㎡당 400만원 대로 저렴하며 중도금 무이자 혜택 무제한 전매제한 풀옵션 무상제공 등 혜택이 소액투자자들의 관심을 끌 것으로 보인다. 소형오피스텔이지만 20층 규모의 랜드마크적 외관 고급커뮤니티와 풀옵션 및 세련된 마감자재를 활용한 점도 눈에 띈다. 인천지하철 1호선과 환승될 예정인 7호선 부평구청역이 2012년 개통 예정으로 오피스텔 완공과 함께 도보 5분에 바로 이용가능한 더블 역세권 으로 강남까지 50분대면 이동할 수 있게 된다. 근처에 공단이 있어 공실이 거의 없는 안정적인 임대수요를 제공한다오후 4 30 2011 06 08. 북측에 GM대우 자동차공단 1만2000여명 부평공단 2만356명 이 있고 남측으로는 부평시장 상권이 자리한다. 또한 바로옆에는 부평구청이 위치해 있어 공실 걱정은 없을 듯 하다. 신일 유스테이션 관계자는 “싼 분양가와 최근 주변지역에 신규오피스텔이 없었다는 점에 수요자들이 매력을 느낄 것으로 판단된다”고 말했다. 견본주택은 롯데마트 삼산점과 삼산체육관 인근에 위치해 있다. ◈ 신청금 100만원을 입금하시고 방문하시면 호수 지정에 유리 ◈ 신청계좌 국민은행 392001 04 162963 ◈ 예금주 신일건업 정 계약시에는 자금관리 신탁사로 입금 ◈ 홈페이지 hp blog.naver.com eco2800 ◈ 분양문의 032 439 4600 ※본 콘텐츠는 기업 제공 자료로 세계닷컴의견과 다를수 있습니다. Segye.com Segye.com 인기뉴스 학교 나오지 않아 신고 집에 가보니 온가족이… 평양에 탄환비 쏟을 미사일 전진 배치…왜 200원만… 구걸하던 노숙자 죽을뻔했다 日 한국女 토막살인…정부 머리 찾아내라 재산 29만원 전두환 600만원짜리 항소장 ⓒ 세계일보 Segye.com 무단 전재 및 재배포 금지 금융전문뉴스 세계파이낸스 모바일로 만나는 세계닷컴 세계닷컴은 한국온라인신문협회 www.kona.or.kr 의 디지털뉴스이용규칙에 따른 저작권을 행사합니다.,https://news.naver.com/main/read.nhn?mode=LSD&mid=shm&sid1=260&oid=022&aid=0002276351,284
262126,2011.06.17. 오전 11:46,부동산,헤럴드경제,한강변에가장 가까운 아파트 마지막기회,♣서울 올림픽 대로가 연장 “한라비발디” 단지 앞으로 다음달 김포한강로 개통 IC 바로인접 여의도 20분 강남 40분 조류 생태공원 맨 앞 자리 ♣인근 강 산 공원을 끼고 있는 자연친화적 아파트 ♣계약금 5% 전세대 중도금 전액 무이자 한강과 맞닿은 한강신도시. 오는 2013년 조성이 완료되는 한강신도시는 서울에서 서쪽으로 약 12km내 거리에 자리한다 수도권 2기 신도시에 길이 열린다. 한강과 한강의 물줄기를 끌어들여 수변도시로 개발된다. 한강신도시는 김포시 장기동 운양동 양촌면 일대에 조성된 곳으로 이름에서도 유추할 수 있듯이 한강이 메인이 되는 도시다. 특히 한강 하류를 활용한 생태공원과 친환경 수로로 주목을 받고 있는 도시이기도 하다. 때문에 ‘한국의 베니스’로 불리기도 한다. 이곳 한강신도시는 크게 3개의 콘셉트로 개발된다. 한강변에 가장 가까운 곳에 생태환경지구가 조성된다. 생태환경지구는 생태체험. 학습공간이 도입되고 문화예술의 거리 아트빌리지 등 문화도시에 필요한 기반시설이 갖춰질 예정이다. 생태환경지구 남쪽으로는 문화교류지구와 서쪽으로는 중심상업지구가 있는 복합업무지구가 들어선다. 전문가들은 한강신도시에서 주거환경과 올림픽대로를 통한 강남접근성 등을 따져볼 때 생태환경지구의 주거가치가 상대적으로 클 것이라는 평가다. 한강신도시 “한라비발디”는 지하 2층 지상 19층 12개동으로 총 857가구의 대단지로 구성되 있으며 105m2 구 39평 형 대로 잔여세대를 분양하고 있다. 타지역보다 저렴한 분양가로 한강신도시 내에서 가장 금싸라기 땅에 들어선다. 한강신도시 대부분의 아파트는 중도금 이자 후불제로 진행하나 “한라비발디” 계약조건으로는 계약금 5% 2회분납 하면 중도금 60%전액 무이자로 추가 금액 부담이 전혀 없다 서둘러야 선호하는 동호수를 지정할수 있다. 또 전매제한이 없어 투자자들이 몰리는 추세이다. 현재 견본주택을 통해 신청접수를 받고 있으며 신청금 100만원을 우리은행 1005 601 820602 예금주 한라건설 주 입금하면 누구나 한강신도시 한라비발디의 주인이 될수 있다.,https://news.naver.com/main/read.nhn?mode=LSD&mid=shm&sid1=260&oid=016&aid=0000387111,284
262127,2011.06.17. 오전 11:45,부동산,머니투데이,나는 뉴코아에서 월세받는다,머니투데이 선임대후분양으로 “치솟는 물가 불안한 연금 한번에 해결했어요” 가정주부 이모씨 49세 는 남편 월급이외에 소형매장 3개를 뉴코아에 임대주고 매달 300만원 가량의 임대수익을 올리고 있다. 내집마련과 함께 소액의 수익상가를 먼저 사둔 것이 남들과 차별화된 재테크 전략이라고 말한다. 월급만으로 물가상승 자녀교육비 급증과 노후대책을 동시에 감당하기는 불가능하다는 것이다. 베이비붐 세대의 대규모 은퇴와 보금자리주택 등 정부의 적극적인 임대주택 공급으로 점차 주택가격은 하락할 전망이지만 빨라지는 정년과 평균수명연장 등은 노후생계를 위협하므로 생계유지수입원 확보에 빨간불이 들어왔다. 이런 사회분위기에 맞게 ‘선임대후분양’에 확정수익율 보장까지 되는 임대수익의 2중3중 안정장치가 되어있는 부천터미널 ‘소풍’은 분양특수를 맞고 있다. 등기이전받고 10년동안 뉴코아에서 월세받고 초기 3년간 총 18% 확정수익 또 받고.. ‘소풍’은 신도시의 탁월한 입지와 이랜드 그룹 뉴코아 킴스클럽이 10년 임대의 장기 계약조건으로 입점 임대계약기간 2009.9 2019.9 함으로써 10년동안 공실 및 건물관리 염려 없이 대기업으로부터 안정적으로 월세를 받을 수 있다. 실투자금 7천만원대 매장을 분양받으면 기다릴 필요없이 등기이전 후 바로 보증금과 익월 최저 85만원 120만원의 임대수익이 지급되며 무엇보다 초기 3년간 최저 18%수익보장이 되어 초기 투자리스크가 전혀 없다는 것이 강점이다. 롯데백화점 본점 약 7.8배의 대규모 유통센터로 알려진 이곳은 현재 부천종합터미널과 11개관의 프리머스영화관 컨벤션웨딩홀 스포츠 센터가 단일건물 내 입점하여 집객파워 및 매출 시너지가 무엇인지 보여주고 있다. 이중 1층부터 5층 까지 도심형 최대 프리미엄 아울렛인 뉴코아와 킴스클럽이 입점한 매장을 등기분양 한다. 이랜드가 선점한 이곳은 교통의 요지이며 지하철1호선과 2012년 개통예정인 7호선 상동역의 더블역세권형성으로 상권성장 잠재력과 시세차익이 기대되는 곳이다. 또한 현재 완공 후 영업중인 것을 분양 받으므로 투자 후 바로 수익이 발생하고 소유권 이전 받기 전까지 분양대금을 한국자산신탁에서 안전하게 관리 해준다는 것이 투자자들이 선호하는 큰 이유중에 하나다. 분양문의 1588 4937 신청접수 방법 신청금 100만원 신청계좌 하나은행 100 910026 09904 예금주 한국자산신탁회사 ※ 본 자료는 해당 업체에서 제공한 비즈니스정보입니다.,https://news.naver.com/main/read.nhn?mode=LSD&mid=shm&sid1=260&oid=008&aid=0002557335,284
262128,2011.06.17. 오전 11:44,부동산,매일경제,이사비용 비교해 보고 저렴하게 결정하세요,매경닷컴은 ㈜이사네트워크와 함께 “이사 인테리어 무료견적 서비스” 를 선보이고 있다. 이사비용과 인테리어비용은 표준화 된 가격이 없어 소위 “부르는 게 값이다”라고 하는 말이 나올 만큼 가격이 천차만별이다. 매경닷컴에서 서비스하고 있는 “이사 인테리어 무료견적 서비스” 를 통해 무료견적을 신청하면 서비스 제공이 가능한 이사 인테리어 업체에서 이용자에게 온라인으로 견적서를 제출하게 되는 역경매 방식으로 저렴하면서도 서비스가 좋은 업체를 고르는데 유용하다. 매경닷컴 뉴스센터 ⓒ 매일경제 mk.co.kr 무단전재 및 재배포 금지 MBA도 모바일로 공부한다.,https://news.naver.com/main/read.nhn?mode=LSD&mid=shm&sid1=260&oid=009&aid=0002486638,284
262129,2011.06.17. 오전 11:44,부동산,매일경제,1억 원대 소형 타운하우스 수요급증,경기도 남양주시 화도읍 차산리 일대에1억 원대 타운하우스형 소형빌라가 있어 투자자와 실거주자들에게 주목을 받고 있다. ‘포레스트 빌’ 은 쾌적한 주거환경과 안정적인 임대 수익을 볼 수 있다. 수도권과 근거리에 위치해 교통환경도 편리하다. 또한 해비치 골프장 등 마을전체가 아름다운 조망권을 가지고 있고 서울 삼성동 코엑스몰까지 25분대로 접근할 수 있어 강남까지의 접근성이 용이하다. 서울 춘천간 고속도로 화도 IC가 2Km 거리내에 위치한다. 양평 화도간 고속도로는 경남 마산에서 여주 양평 경기도 남양주시를 잇는 중부내륙고속도로 전 구간이 개통되고 서울 양평 서종 춘천간 경춘고속도로 동서고속도로 와 화도 JCT에서 만나게 된다. 동 서간 남 북간 고속도로 시설 확충 및 경춘선 중앙선 복선전철사업완료 마석역 로 인하여 도시교통체계뿐만 아니라 대중교통을 이용해 상봉역 25분 서울까지도 출퇴근이 편리해졌다. ‘포레스트 빌’은 중앙선 마석역과 5분 거리에 위치한다. ‘포레스트 빌’은 서울 강남 강북 잠실 용인을연결하는 수도권 남동 개발축 중심으로 완벽한 도로망 확충돼 어느 지역으로도 이동이 편리하다. ‘포레스트 빌’ 인근 2Km 내외에는 대규모 아파트 단지가 형성돼 있으며 롯데마트와 이마트 대형병원 은행 북한강 야외공연장 서호미술관 모란미술관 등 생활편의시설이 인근에 위치해 편리하고 풍부한 생활 인프라를 구축한다. 전원주택의 경우 인적이 드문곳에 소규모로 위치해 있어 관리 및 유사시에 대처가 미흡할 수 있는데 반해 ‘포레스트 빌’은 타운하우스와 같이 관리회사가 철저한 관리체계로 관리해 보안 및 유지보수등의 양질의 서비스를 제공받을 수 있다. ‘포레스트 빌’ 은 우리산업개발이 책임 준공·시공을 하며 코리아신탁이 직접 자금 관리해 안전하게 분양받을 수 있다. 성공적인 투자를 꿈꾸는 투자자나 평온한 노후를 꿈꾸는 실거주자라면 ‘포레스트 빌’ 을 눈여겨 보는 것이 좋겠다. 문의 031 511 5359 자료제공 포레스트 빌 ⓒ 매일경제 mk.co.kr 무단전재 및 재배포 금지 MBA도 모바일로 공부한다.,https://news.naver.com/main/read.nhn?mode=LSD&mid=shm&sid1=260&oid=009&aid=0002486637,284
262130,2011.06.17. 오전 11:43,부동산,경향신문,한강 조망권 갖춘 서울 알짜 아파트 잇달아 분양 GS건설 청담자이 눈길,청약통장 없이 계약금 500만원으로 서울 강남 아파트를 잡을 수 있는 기회 GS건설은 이달 20일부터 22일까지 사흘간 서울시 강남구 청담동에 위치한 청담 자이에 대한 청약접수를 받는다고 12일 밝혔다. 청담자이는 GS건설이 지난 2004년 이후 7년만에 강남구에서 선보이는 단지이다. 강남구 청담동 134 20번지에 위치한 청담한양아파트 재건축 아파트로 지난 2009년 1대1 재건축으로 전 가구가 조합원들에게 분양되어 올해 10월 입주를 앞두고 있다. 청담자이는 지하2층 지상35층 5개동 총 708가구로 대부분이 조합원 물량이어서 입주율이 90%를 넘을 것으로 보인다. 특히 한강변에 위치해 올림픽대로와 인접해 있고7호선 청담역을 걸어서 이용 가능해 편리한 교통 프리미엄을 누릴 수 있다. 또한 경기고 휘문고 등 ‘강남 최고의 명문학군’을 갖춰 강남진입을 계획하는 실수요층에게 많은 관심을 받고 있으며 소형평형은 임대상품으로도 높은 인기를 모을 것으로 기대된다. 발코니 확장과 시스템 에어컨를 무료로 제공하는 혜택도 준다. 이번 분양 물량은 2009년 ‘임대주택 건설 의무제’ 폐지에 따라 임대에서 분양 물량으로 전환된 전용면적 49㎡ 4가구 89㎡ 12가구 등 총 16가구다. 주택법 적용을 받지 않아 청약금 500만원만 있으면 청약통장없이 누구나 청약이 가능하다. 청담자이 홈페이지 www.cd xi.co.kr 에서 청약접수를 받으며 추첨을 통해 당첨자가 결정된다. 당첨자는 24일 오후 2시 이후 홈페이지에서 직접 확인 가능하고 계약시 분양금의 10%를 내고 중도금 분양금의 10% 납입 후 10월 입주 때 잔금을 내면 된다. GS건설 관계자는 “분양물량은 실수요자들에게 인기가 높은 중소형인데다가 분양가도 조합원 물량 거래 가격 수준보다 조금 낮게 결정했다”며 “전세시세만도 분양가의 50%를 넘고 인근에 임대 수요도 풍부해 임대 투자용으로도 고려해 볼 만하다”고 설명했다. 분양문의 02 545 1301 홈페이지 www.cd xi.co.kr 본 자료는 해당 업체에서 제공한 보도 자료입니다. 경향신문 ‘오늘의 핫뉴스’ 대형교회 헌금봉투에 구멍 왜 뚫었을까 병무청장 “MC몽 입대발언 쏙 들어가”…왜 대학생 ‘신용카드 강간’…결국 ‘마루타 알바’ “과 수석이 학비 없어 자퇴…” 교수 1인시위 서러운 알바 여대생… 내가 사람이긴 한 건가 서울대생 절대 대통령 안돼야할 인물 1위 공식 SNS 계정 경향 트위터 미투데이 페이스북 세상과 경향의 소통 Khross ⓒ 경향신문 경향닷컴 www.khan.co.kr 무단전재 및 재배포 금지 〈경향닷컴은 한국온라인신문협회 www.kona.or.kr 의 디지털뉴스이용규칙에 따른 저작권을 행사합니다.,https://news.naver.com/main/read.nhn?mode=LSD&mid=shm&sid1=260&oid=032&aid=0002142714,284
262131,2011.06.17. 오전 11:40,부동산,아시아경제,기자수첩 비리 국토부 민생행보로 일어나라,아시아경제 황준호 기자 국토해양부가 연이은 비리 로 좌초 위기다. 지난 3월 국토부 직원들이 제주도에서 집단 향응을 받은 것을 시작으로 리츠 부동산투자회사 주무부서 과장이 뇌물 수뢰 혐의로 구속됐다. 산하기관인 LH 한국토지주택공사 교통안전공단에서도 뇌물 수수 횡령 등의 혐의로 수사가 진행되는 등 몸살을 앓고 있다. 그야말로 국토부가 비리백화점 으로 비춰질 정도다. 순식간에 MB정권 말기 최대의 개혁대상으로 전락했다. 국민들의 개탄도 뜨겁다. 이에 대한 해석도 분분하다. 개혁의 표적이 된데는 정치적 노림수라는 설에서부터 정권 레임덕의 방패용으로 희생양 이 됐다는 설까지 난무하고 있다. 제일 곤혹스러운 이는 국토부 내 청렴의 대명사 로 알려진 신임 권도엽 장관이다. 권 장관은 취임 직후 4대강부터 챙겼다. 권 장관은 첫 행보로 4대강 사업 보사업 관련 15개 건설사 CEO를 만나 성공적인 마무리를 주문했다.주택 전문가인 그로서는 아주 이례적으로 비춰질 정도였다. 지난 9일에는 신림동 소재 공인중개소를 방문하는 등 민생행보를 이어갔다. 그런 와중에 각종 비리가 터졌다. 그의 표정도 어두워졌다. 그러면서도 최대한 몸을 낮추고 기강잡기에 나섰다. 16일 가진 국토부ㆍ건설업계CEO 간담회에서 공직기강의 확립과 청렴도 회복을 역설하기도 했다. 17일에는 내부 회의를 열고 윤리행동강령 제정에 나서는 등 분주한 모습이었다. 지금 국토부에는 각종 현안이 산적해 있다. 침체된 건설시장 살리기부터 전세난 등 민생 현안 분양가 상한제 폐지 등 규제 완화 보금자리 주택 공급 확대 등 그야말로 일이 산더미같다. 그런 국토부가 공직기강 덫에 빠져 민생은 뒷전인 상태다. 지금 현장에서는 전세난에 시달린 세입자들이 도심 외곽의 슬럼으로 밀려들고 대출 금리에 하우스 푸어 들이 집을 투매할 태세다. 국토부의 추락으로 민생마저 잡을 형국이다. 한 때 주거 안정과 건설한국을 이끌던 자부심도 자취를 감췄다. 다시 국토부의 바른 위상을 세우려면 뼈를 깎는 자성이 요구된다. 먼저 자성하고 더욱 심도 있는 민생 챙기기부터 시작해야한다. 다시금 비리가 터지지 않도록 감시 견제 시스템도 정비하고 거듭나는 계기로 삼기를 기대한다.,https://news.naver.com/main/read.nhn?mode=LSD&mid=shm&sid1=260&oid=277&aid=0002624697,284
262132,2011.06.17. 오전 11:37,부동산,연합뉴스,아파트 시세 서울 전세 3주연속 상승,서울 연합뉴스 강건택 기자 입주 2년차 단지와 재건축 이주 수요가 많은 강남 지역을 중심으로 서울의 전세시세가 3주 내리 상승했다. 17일 부동산114에 따르면 이번주 전세시세는 지난주에 비해 서울이 0.04% 신도시가 0.02% 수도권이 0.01% 각각 올랐다. 이달 들어 상승세로 돌아선 서울의 전세시세 변동률은 첫째주 0.02% 둘째주 0.03% 셋째주 0.04% 등으로 조금씩 폭이 커지는 추세다. 구별로는 서초가 0.30%로 가장 상승폭이 컸고 강남 0.11% 금천 0.05% 광진 0.03% 강서 0.02% 송파 0.01% 등의 순으로 뒤를 이었다. 서초는 입주 2년차 대단지 아파트인 래미안 반포퍼스티지의 재계약 건수가 늘면서 전셋값이 크게 올랐고 강남은 청실아파트 재건축 이주가 임박한 대치동 청실아파트가 주변 시세를 자극하고 있다. 신도시와 수도권에서는 중동 0.04% 수원 0.04% 분당 0.02% 용인 0.02% 일산 0.02% 하남 0.02% 등에서 전셋값 오름세가 두드러졌다. 매매시장은 서울 0.02% 수도권 0.01% 신도시 0%로 약보합세가 이어졌다. 최근 기준금리 인상으로 강남권 주요 재건축 아파트 단지의 내림폭이 커지면서 서울의 매매시세는 11주 연속 하락세를 이어갔다. 송파 0.05% 강남 0.04% 강동 0.03% 노원 0.02% 양천 0.02% 동작 0.02% 강서 0.02% 등에서 가격이 많이 빠졌다. 수도권에서는 5차 보금자리주택지구 지정의 여파로 과천이 지난주 대비 0.15% 하락했고 신도시에서는 분당 0.01% 일산 0.01% 평촌 0.01% 등이 소폭 하락했다. 부동산114 임병철 팀장은 기준금리 인상 이후 시장이 더욱 냉각되면서 거래 관망세가 짙어지고 있다 며 전세시장은 아직 재건축 이주 단지나 학군 선호 지역을 제외하면 전반적인 변동이 크지 않으니 가을 이사계획이 있는 수요자라면 서둘러 움직일 필요가 있다 고 말했다.,https://news.naver.com/main/read.nhn?mode=LSD&mid=shm&sid1=260&oid=001&aid=0005117850,284
262133,2011.06.17. 오전 11:36,부동산,헤럴드경제,대우건설 드디어 가산 디지털 단지에 푸르지오 시티 오피스텔 분양,가산 디지털 단지 램킨 푸르지오 시티 오피스텔 18일 분양 시작 대우 건설이 가산 디지털 단지에 짓는 270세대 푸르지오 시티 조감도 현재 입주업체만 1만500여개 12만 7천여명이 근무하고 있는 디지털 산업단지에 드디어 오피스텔 분양이 시작된다. 가산디지털 단지는 제조업으로 시작하여 시대의 흐름에 맞춰 변해오다가 2000년대에 들어서면서 디지털 단지로 변모하였다. 현재는 입주업체의 81%이상이 IT업종일 만큼 도심속의 실리콘 밸리로서 국내 대표적인 디지털단지이다. 그러나 디지털 단지 대부분의 용지는 준공업 용지이다 보니 아파트형 공장으로 들어서 있어 폭발적으로 수요가 증가하는 오피스텔은 공급은 전무한 상황이었다. 극히 작은 상업용지의 희소성 때문에 수요가 넘쳐나도 오피스텔이 들어설 자리가 없었던 것이다. 대우건설 관계자는 대규모 소형 오피스텔이 전무한 인근에서 랜드마크 오피스텔이 될 것 이라고 말했다. 공급호실은 40.29 ㎡ 208실 43.15 ㎡ 52실 65.14 ㎡ 6실 69.19㎡ 4실로 구성되었다. 실 투자금은 4천만원대부터 가능하며 계약금 10% 중도금 60%융자 40%무이자 잔금 30%로 투자부담을 대폭 줄였다 전 평형이 소형평형이며 270세대의 대단지로 구성되어 있어 규모와 입지면에서 디지털단지의 랜드마크가 될 예정이다. 선착순으로 호수지정 분양 하며 시공은 대우건설이다 모델하우스가 가산디지털 단지내 현장 주변에 위치해 있어 현장 주변을 직접 확인 할 수 있기 때문에 투자자들에게 믿음을 주고 있다. 전화로도 신청 가능하며 호수 지정후 분양사무실에 방문하여 계약전환 할 수 있기 때문에 부지런한 투자자들에게 더 유리하다.,https://news.naver.com/main/read.nhn?mode=LSD&mid=shm&sid1=260&oid=016&aid=0000387094,284
262134,2011.06.17. 오전 11:36,부동산,헤럴드경제,웅진컨소시엄남양주시…하·폐수 처리기술 MOU,웅진컨소시엄 극동건설 웅진코웨이웅진케미칼 그린엔텍 은 남양주시와 하ㆍ폐수 고도처리 기술개발 및 관련 기술의 사업화를 위해 남양주시에 위 치한 하수처리장을 테스트베드 실험공간 로 구축하는 내용의 상호협력 양 해각서를 지난 16일 체결했다. 송인회 오른쪽 극동건설 회장이 이석우 남양주시장과 상호협력 양해각서를 체결하고 있다.,https://news.naver.com/main/read.nhn?mode=LSD&mid=shm&sid1=260&oid=016&aid=0000387086,284
262135,2011.06.17. 오전 11:36,부동산,헤럴드경제,GS건설 ‘나가수’ 무료콘서트,GS건설이 전 국민적 관심을 받고 있는 ‘나는 가수다 이하 나가수 ’에 출연했던 가수들을 초청해 무료 콘서트를 연다. GS건설은 ‘나가수’에 출연한 가수 백지영 씨와 JK김동욱 씨를 초청해 오는 24일 서울 서교동 자이갤러리에서 ‘자이콘서트’를 개최한다고 17일 밝혔다. 이번 콘서트는 GS건설이 지난달 업계 최초로 태블릿 PC 및 스마트폰 용 통합 애플리캐이션인 ‘자이앱’ 출시를 기념하는 의미에서 마련됐다. 관람신청은 ‘자이앱’ 이나 자이홈페이지 www.xi.co.kr 를 통해 받으며 자이고객 뿐만 아니라 일반고객 까지 누구나 신청이 가능하다.,https://news.naver.com/main/read.nhn?mode=LSD&mid=shm&sid1=260&oid=016&aid=0000387084,284
262136,2011.06.17. 오전 11:35,부동산,뉴시스,국토부 보금자리 임대주택 전환 반대,서울 뉴시스 김형섭 기자 여권 일각에서 제기된 분양 보금자리주택의 임대주택 전환에 대해 국토해양부는 부작용이 크다며 반대 입장을 분명히 했다. 박민우 국토부 공공주택건설추진단장은 17일 보금자리주택을 모두 임대로 전환할 경우 저소득층 단지라는 편견으로 거부감이 컸던 과거 국민임대주택의 문제점이 재현될 수 있다 며 LH의 재정부담도 커져 수용하기 어렵다 고 말했다. 박 단장은 이어 정부 입장은 공공주택 공급으로 내집 마련이 가능한 사람은 집을 갖게 하는게 최선이다라는 것 이라며 분양 보금자리주택의 공급은 반드시 필요하다 고 덧붙였다. 보금자리주택은 2018년까지 150만가구가 공급될 계획으로 이중 임대는 80만가구 분양은 70만가구다. 주변지역의 슬럼화 등 과거 임대주택 단지의 부작용을 막기 위해 분양과 임대가 한 블록에 섞여서 공급된다. 그동안 건설업계는 보금자리주택 공급에 따른 민간분양 위축과 거래 관망세 심화 등을 이유로 분양 보금자리의 임대 전환을 주장해 왔다. 백성운 한나라당 의원 등 여당 일각에서도 분양 보금자리를 폐지하고 임대로 돌리자는 목소리가 나오고 있다. 이에 대해 박 단장은 당에서 태스크포스 TF 회의를 통해 주택정책의 여러 쟁점을 검토해보자는 취지일 뿐이어서 실현 가능성은 높지 않다고 본다 며 분양주택 공급은 현재처럼 유지하되 소형주택 위주로 공급해 민간과 차별화할 계획 이라고 말했다. 한편 당정 협의에서 논의된 저소득 대학생용 저가기숙사 3000가구 공급에 대해서는 당에서 구체적 방인이 마련되면 면밀히 검토할 계획 이라고 밝혔다.,https://news.naver.com/main/read.nhn?mode=LSD&mid=shm&sid1=260&oid=003&aid=0003915233,284
262137,2011.06.17. 오전 11:33,부동산,아시아경제,Build up Korea청라푸르지오 20가지 녹색기술 집약,아시아경제 이은정 기자 태양열로 물을 데우고 지열을 이용해 냉난방을 한다. 물 절약을 위해 초절수 3ℓ 양변기가 도입되고 도시의 열섬현상 완화를 위해 옥상에 나무를 심는다. 대우건설 이 인천 서구 경서동 청라지구 내 짓고 있는 청라푸르지오 모습이다. 이 아파트는 대우건설만의 그린기술인 그린 프리미엄 GREEN Premium 이 첫 적용된 곳으로도 유명하다. 대우건설은 2020년까지 에너지 사용량이 없는 제로 0 에너지 하우스 를 만들겠다는 목표를 세우고 현재 기술연구원을 중심으로 그린 프리미엄 주거상품을 개발 중이다. 그린 프리미엄은 태양광 바이오가스 등 친환경ㆍ신재생 에너지를 주거상품에 적극 도입해 환경문제에 대응하고 고객들에게 유지관리비 절감을 통한 실질적인 혜택을 제공하겠다는 푸르지오의 상품전략이다. 청라푸르지오에 적용된 그린프리미엄 기술은 태양열급탕시스템 지열냉난방시스템 초절수 3리터 양변기 옥상 녹화시스템 등 20가지다. 에너지 절감 시스템 중 가장 많이 활용된 기술은 태양에너지 관련이다. 우선 관리사무소에는 집열기에서 태양열을 모은 후 그 열로 온수를 만들어 공급하는 태양열급탕시스템이 설치됐다. 지하주차장에는 태양광발전시스템이 적용돼 있어 태양의 빛에너지를 전기에너지로 변환해 공용전력으로 사용할 수 있다. 이밖에 태양광 소변기 태양광 가로등 태양광 유리블록 등이 태양 에너지를 활용한 기술이다. 대우건설은 이같은 기술 적용으로 청라푸르지오가 국토해양부가 정한 건물에너지절약설계기준의 표준주택 대비 30% 정도 에너지 절감 효과를 볼 것으로 기대했다. 대우건설 관계자는 그린 프리미엄 기술이 실제 적용된 데다 최고높이 189.1m의 58층 초고층 아파트로 짓고 있다 며 단지 자체도 녹지율 44.99% 건폐율 9.97%로 자연친화적으로 설계돼 있어 향후 청라지구의 명품 랜드마크로 부상할 전망 이라고 말했다.,https://news.naver.com/main/read.nhn?mode=LSD&mid=shm&sid1=260&oid=277&aid=0002624689,284
262138,2011.06.17. 오전 11:32,부동산,아시아경제,Build up Korea한강밤섬자이 온도·조명 원격 제어로 전기요금 절약,아시아경제 조철현 기자 지난해 3월 입주한 한강 밤섬 자이는 이름에서 알 수 있듯이 탁 트인 한강 조망이 가장 큰 매력이다. GS건설이 서울 마포구 하중동 일대 단독주택 및 저층빌라를 재건축한 이 아파트는 한강을 끼고 있어 거의 모든 동 棟 에서 한강과 밤섬의 푸른 녹지를 한눈에 볼 수 있다. 강변북로 쪽으로 배치된 105ㆍ106ㆍ107동은 한강과 밤섬은 물론 서강대교ㆍ마포대교ㆍ강변북로ㆍ여의도까지 내려다볼 수 있다. GS건설은 이 아파트의 최대 장점인 한강 조망 극대화를 위해 혁신적인 설계 기법을 도입했다. 단지내 통경축 조망 등을 확보할 수 있는 열린 공간 을 최대한 확보해 개방감을 극대화했고 한강을 모티브로 한 차별화된 외관디자인을 연출한 것이다. 특히 한강변에 들어서는 자이 아파트답게 차별화된 외관이 눈에 띈다. 하늘을 향해 창문이 열려 있는 듯한 스카이 윈도우 외관 특화 디자인 기술을 적용하고 고 저층부 5개층은 화강석 마감으로 고급감을 더했다. 최상층 정면부는 강화유리로 마감했고 단지 옥탑은 가방 모양을 형성화한 독특한 디자인으로 꾸며졌다. 강변북로에서 보이는 자이 아파트 전경이 다른 아파트의 추종을 불허하는 이유다. 이 아파트의 또 하나 자랑거리는 단지 곳곳에 자이의 첨단 기술과 감성 디자인이 결합된 자이 U 홈 시스템 이 적용됐다는 점이다. 이 시스템은 초고속 정보통신 인프라 바탕에서 랜과 RFID 무선주파수인식칩 등 다양한 유무선 통신 방식을 결합하고 첨단 시스템에 맞게 단지별 전담 애프터서비스 부서와 협력업체와의 네트워크망을 구축해 놓은 게 핵심이다. 입주자 누구나 쉽게 첨단 생활에 접근할 수 있도록 하고 문제가 생겼을 때 언제든 실시간으로 조치가 가능하도록 하는 것이다. 이 시스템을 통해 가구의 온도ㆍ조명ㆍ가스밸브ㆍ세대환기 등 홈 콘트롤 시스템이 원격적으로 조정되며 출동경비ㆍ방문자 영상ㆍ지하주차장 비상콜 등 보안도 철저히 이뤄지게 된다.,https://news.naver.com/main/read.nhn?mode=LSD&mid=shm&sid1=260&oid=277&aid=0002624688,284
262139,2011.06.17. 오전 11:31,부동산,아시아경제,Build up Korea일산위브더제니스 강풍·강진에도 굳건,아시아경제 이은정 기자 두산건설 이 경기 고양시 일산서구 탄현동에 짓는 주상복합 일산 두산위브더제니스 는 대표적인 에너지 절감 아파트로 꼽힌다. 태양광 풍력 지열 등 자연 에너지를 이용해 표준주택보다 33.5% 정도 에너지를 절감할 수 있도록 설계한 덕분이다. 이미 이같은 기술력은 지식경제부로부터 인정받아 에너지효율등급 예비인증 1등급을 받기도 했다. 초고층 주상복합의 단점으로 꼽히는 강풍과 강진에도 끄떡없이 설계됐다. 효율적인 횡력저항 구조시스템을 도입해 200m 상공에서 초속 30m 108㎞ h 의 강풍과 리히터 규모 6.0의 강진에도 견딜 수 있도록 했다. 또 콘크리트가 화재 등 고온에 노출돼 파열되는 폭열현상을 막고자 내화성능 기준을 준수한 고강도 내화 콘크리트로 시공했다. 이 기술은 두산건설이 국토해양부의 모든 관리기준을 충족해 국내 최초로 고강도 콘크리트 내화성능 기준을 통과한 것이다. 이와함께 고급 주상복합에서 채택하는 최첨단 쓰레기 이동처리시스템과 친환경 환기 시스템 등도 적용돼 쾌적하고 위생적인 생활을 할 수 있다. 두산건설의 이같은 기술력과 함께 프리미엄급 커뮤니티시설도 입주민들의 삶의 질을 한차원 높인 요소로 평가된다. 단지 안에 조성된 8500㎡ 규모의 커뮤니티시설은 리빙케어존 코인세탁실 실버룸 등 헬스케어존 피트니스 골프연습장 등 에듀케이션존 도서관 취미실 쿠킹클래스 키즈클럽 등 레스트 레크리에이션존 게스트하우스 연회장 다목적실 등 등이다. 특히 교육 전문기업인 두산동아와 제휴를 통해 운영되는 에듀케이션존에서는 1년간 입주민들에게 최고의 교육과정을 무상으로 제공한다. 두산건설 관계자는 으뜸기술 조망권 친환경 역세권 인프라 등을 두루 갖춘 일산지역 최고의 주거단지로 서울 강남구 도곡동의 타워팰리스 양천구 목동의 하이페리온에 이어 수도권 3대 명품 주상복합단지로 자리매김할 것 이라고 말했다.,https://news.naver.com/main/read.nhn?mode=LSD&mid=shm&sid1=260&oid=277&aid=0002624685,284
262140,2011.06.17. 오전 11:30,부동산,아시아경제,Build up KoreaSK케미칼 연구소 101가지 친환경 기술..건물이 수목원,아시아경제 조민서 기자 자연에너지 이용 수자원절감기술 에너지관리기술 고효율 건물외피기술 등 SK건설의 SK케미칼 연구소 는 101가지 친환경건축 및 에너지 기술이 총망라된 집합체다. 경기도 성남시 판교신도시에 지하 5층 지상 9층 규모로 건설됐다. 주요 적용기술은 지열·태양광·자연채광·환기 바람 를 이용한 자연에너지 이용기술 빗물·지하수를 이용한 수자원절감기술 바닥공조·복사냉난방을 이용한 설비에너지 저감기술 제어·모니터링을 통한 에너지관리기술 단열·냉방효과를 극대화한 고효율 건물외피기술 등이 있다. 이 같은 최첨단 신기술과 다양한 설계를 적용해 에너지 소비를 최소화한 점이 연구소의 장점으로 꼽힌다. 기존의 업무용 건물과 비교했을 때 에너지 절감 비율이 최대 45%에 이르러 연간 4억4000만원의 비용을 줄일 수 있다. 지난해 9월 준공된 SK케미칼 연구소 는 이 같은 점을 인정받아 이미 친환경 건축물 관련 국내 평가척도인 친환경건축물인증제 GBCC 에서 만점 136점에 110점을 획득했다. 제도 실시 이후 사상 최고 점수다. 심사는 서류 심사 및 실제 건축물 적용 현황을 대조 확인하는 실사 등으로 진행됐다. 특히 그동안 개별적으로 선보였던 친환경 기술들이 집약적으로 한 건축물에 적용됐다는 점이 관심을 모은다. SK건설은 이를 국제적으로 인증받고자 미국 친환경건축물인증제 LEED 의 최고 등급인 플래티넘 등급 획득도 추진 중이다. 친환경 건축물 시공능력을 세계적으로 공인받아 추후 해외시장 진출에서 유리한 고지를 확보한다는 전략이다. 박현근 SK건설 건축기술본부장은 친환경 건축물은 자연 친화적일 뿐만 아니라 체계적인 에너지 관리가 가능하고 유지관리 비용이 저렴해 미래 건축의 새로운 모델이 될 것 이며 세계시장에서 최첨단 친환경 건축물이 건축분야의 미래 성장 동력으로 각광받고 있는 만큼 설계 및 시공능력을 더욱 높여나갈 계획 이라고 말했다.,https://news.naver.com/main/read.nhn?mode=LSD&mid=shm&sid1=260&oid=277&aid=0002624682,284
262141,2011.06.17. 오전 11:30,부동산,아시아경제,Build up Korea랜드마크72..세계 17위 베트남 원스톱 라이프 설계,베트남 하노이 랜드마크72 전경 아시아경제 조민서 기자 베트남의 최고층 건축물이자 최대 건축연면적을 자랑하는 랜드마크 72 는 경남기업의 작품이다. 높이 336m 부지면적 4만6054㎡에 건축 연면적만 60만7121㎡에 이른다. 63빌딩의 딱 3.5배 두바이의 부르즈 칼리파의 1.3배 크기다. 세계에서도 17위 규모다. 말 그대로 랜드마크 구실을 톡톡히 하는 셈이다. 베트남 수도 천년기념사업의 일환으로 진행된 이번 복합단지개발 프로젝트는 총 사업비만 10억5000만달러가 투입된 초대형 규모로 현지인들의 관심을 한 몸에 받고 있다. 베트남 정부가 현지에서 유일하게 랜드마크 라는 명칭을 허용한 것도 이 같은 기대감을 반영한 것이다. 이중 랜드마크 72 는 지난 2007년 11월 착공에 들어가 44개월 만에 공사를 마쳐 지난 3월 입주식 및 타워동 골조준공 축하행사를 가졌다. 국내 최고 설계사뿐만 아니라 세계 최고의 해외 설계사들이 공동 참여했다. 호텔 아파트 오피스 백화점 및 극장 등으로 구성된 원스톱 라이프 One Stop life 복합 건축물이다. 이중 경남기업이 분양하고 있는 아파트 922가구는 ㎡당 평균 분양가가 약 3000달러인 최고급 아파트임에도 불구하고 분양이 거의 완료된 상태다. 랜드마크72 가 위치한 팜흥스트리트 Pham Hung Street 는 하노이 국제공항에서 22Km 하노이 도심에서 7Km 떨어져있다. 하노이시의 현대화와 도시화를 대변하는 명소로 고층건축물이 집중돼 있는 신비즈니스 중심지라는 평을 받고 있다. 김상국 경남기업 현장소장은 이번 프로젝트는 베트남을 대표하는 랜드마크적인 브랜드 이미지와 함께 21억달러 이상의 국내외 산업생산 유발효과를 발생시켰다 라며 베트남 현지에 신기술 및 신공법을 전도하는 주도적인 역할을 한 것에 대해 자랑스럽게 생각한다 라고 말했다.,https://news.naver.com/main/read.nhn?mode=LSD&mid=shm&sid1=260&oid=277&aid=0002624681,284
262142,2011.06.17. 오전 11:30,부동산,아시아경제,Build up Korea숨은 2% 명품..커뮤니티시설의 진화,아파트 커뮤니티시설 진화의 원조격인 삼성건설의 반포 래미안 퍼스티지 의 골프 연습장. 아시아경제 정선은 기자 커 다란 유리에 반사된 빛이 드리워진 아트리움 중앙광장 . 뮤 직이 흘러나오는 태양광 파고라 정자 . 피트 니 스센터 골프연습장 수영장같은 스포츠 시설은 기본. 소나무 느 티 나무 등 고급 조경까지 갖췄다면 바로 차별화된 명품 아파트의 조건이다. 아파트 커뮤니티시설이 이처럼 랜드마크 단지의 필수조건이 되고 있다. 예전처럼 부대시설의 하나에 그치는 것이 아니다. 주변 시세를 선도하는 단지들은 하나같이 부러움을 살 만한 커뮤니티시설로 무장했다. 건설업체는 비슷한 아파트들 가운데 차별화 도구로 입주민은 아파트같지 않은 아파트에 산다는 만족감으로 커뮤니티시설을 활용한다. 아파트 커뮤니티시설 진화의 원조를 꼽자면 삼성건설이 지은 서울 서초 반포 래미안 퍼스티지 를 빼놓을 수 없다. 이 아파트는 2009년 7월부터 입주한 2444가구 대단지로 반포일대를 부촌으로 올려놨다는 평가를 받는다. 스포츠시설 규모만 약 3300㎡에 이른다. 신라호텔 피트니스클럽 전문가들이 직접 선정한 60여개의 기구 물결 모양의 조명과 벽천을 설치해서 한강 느낌이 나는 수영장 등이 눈길을 끈다. 지난해 5월부터 입주한 용인 수지 동천 래미안 이스트팰리스 도 금은빛 타일로 꾸며진 2600㎡규모의 스파시설이 인상적이다. 우뚝 솟은 마천루 가운데 자연과 가까운 아파트는 특히 주목을 받는다. 올해 6월 집들이 예정인 한화건설의 성수동 서울숲 갤러리아 포레 는 서울숲이라는 입지를 적절히 활용했다. 숲의 나뭇잎 가지 모양으로 아트리움의 유리돔을 디자인했다. 유리에 통과된 햇빛이 광장 가운데 연못에 투영되면 대형거울처럼 된다. 아트리움 내부에는 아트갤러리와 전시ㆍ문화ㆍ공연시설 등이 들어설 예정이다. 신재생에너지를 활용한 커뮤니티시설이 돋보이는 그린 아파트도 있다. 현대건설이 지은 서울 은평 북한산 힐스테이트 3차 는 주거단지 최초로 연료전지를 도입하고 주민쉼터에 태양광을 동력으로 작동하는 태양광 뮤직 파고라를 설치했다. 지난해 8월부터 입주한 이 아파트는 서울시에서 태양광 발전 풍력 발전 등을 활용해 저탄소 녹색성장을 이끄는 그린 빌리지 1호 로 지정한 단지다. GS건설의 서울 서초 반포 자이 역시 대규모 주민 커뮤니티시설이 일품이다. 단지 내 자이안센터 는 연면적이 9000㎡로 국내 아파트 단지 커뮤니티시설 중 최대 규모다. 고급스런 조경은 GS건설 아파트의 특징이다. 올 6월 분양하는 서울 마포 한강 밤섬자이 는 감나무 단풍나무 억새 등을 통해 가을철 한강경치를 느낄 수 있도록 할 예정이다.,https://news.naver.com/main/read.nhn?mode=LSD&mid=shm&sid1=260&oid=277&aid=0002624680,284
262143,2011.06.17. 오전 11:30,부동산,아시아경제,Build up Korea 彿해체주의를 담아낸 부산국제영화제 전용관 두레라움,아시아경제 조민서 기자 함께 즐긴다 라는 뜻을 가진 순 우리말이 바로 두레라움 이다. 한진중공업이 부산에 선보인 부산영상센터 두레라움 은 남녀노소 시민들이 한데 어우러져 즐길 수 있는 대표적인 건물이다. 두레라움 건립사업은 세계적인 수준의 부산국제영화제 BIFF 를 세계 5대 영화제로 재도약시키기 위한 취지에서 시작된 대통령 공약 사업이다. 국제공모를 통해 당선된 오스트리아 쿱 힘멜 브라우사 社 가 해체주의 Deconstructivism 풍으로 설계한 것이 특징이다. 3만2137㎡의 부지에 연건평은 5만4335㎡로 지상 9층 지하 1층 규모다. 2008년 10월에 첫 삽을 떴고 지난 3월에는 최대 난공사로 꼽혔던 길이 163m 폭 62m의 빅루프 Big Roof·철골지붕 상량식을 성공적으로 마쳤다. 오는 9월 준공을 목표로 공사에 박차를 가하고 있으며 현재 두레라움의 전체 모습이 완성되어가고 있는 시점이다. 특히 빅루프는 세계 최장의 트러스 구조물 삼각형으로 연결한 구조물 을 지상에서 조립한 뒤 유압잭을 이용해 들어올려 고정시키는 공법인 리프트업 공법을 이용해 시공한 것으로도 유명하다. 리프트업 공법은 인천국제공항 영종대교 등 수많은 대형공사에서 그 효율성과 안전성이 입증된 바 있는 첨단 기술이다. 두레라움이 완공되면 부산국제영화제도 칸 영화제의 뤼미에르 극장 같은 전용관을가지게 돼 세계인들에게 인정받는 품격을 갖춘 영화제로 더욱 성장할 것으로 기대를 모으고 있다. 오는 10월 제16회 부산국제영화제 개막식부터 두레라움의 축구장 크기의 야외광장에서 개최된다. 야외광장은 파리의 라 데팡스 광장처럼 평소에는 놀이공간이나 문화행사 공간 등으로 활용되고 겨울철에는 옥외빙상링크 여름에는 물놀이 공간이 조성돼 시민에게 개방될 예정이다. 한진중공업 관계자는 미래 아시아 영상문화의 중심도시인 부산의 랜드마크가 될 건축물의 시공을 맡게 된 것은 큰 영광 이라고 말했다.,https://news.naver.com/main/read.nhn?mode=LSD&mid=shm&sid1=260&oid=277&aid=0002624679,284
262144,2011.06.17. 오전 11:30,부동산,아시아경제,Build up Korea놀랄 수 밖에 없는 아파트의 똑똑함,아시아경제 조민서 기자 아파트가 똑똑해졌다. 신재생에너지를 이용한 냉난방 시설로 관리비를 줄이는 것은 기본이다. 움직이는 벽 무빙월 로는 부엌과 거실을 자유자재로 합치고 분리할 수 있고 주부들이 성가셔하는 음식물 쓰레기 분리수거도 자동으로 척척이다. 열쇠 없이 지문이나 암호만으로 문을 여는 일도 이제 영화속 이야기만은 아니다. 스마트 시대에 맞춰 각 건설사들도 경쟁적으로 최첨단 기술을 도입한 아파트를 선보이고 있다. 부동산 전문가들은 향후 아파트 선택시 홈네트워크 시스템 자동 냉난방시스템 등과 같은 IT기술도 중요한 고려사항이 될 것이라 내다보고 있다. 특히 에너지 사용을 최소화한 그린홈 부문은 친환경 주거문호에 발맞추어 건설사들이 가장 공들이고 있는 부문이다. 대림산업의 광교 e편한세상 은 총 27가지의 녹색기술을 적용해 기존 주택대비 냉난방 에너지를 50%까지 절감할 수 있도록 했다. 단열성능이 우수한 신소재 단열재를 적용했다. 거실창호에는 자체적으로 개발한 양면 로이 Low Emissivity 삼중 유리 거실 창호를 적용해 열 손실을 차단했다. 송도 코오롱 더프라우Ⅱ 는 지열 냉난방 시스템을 성공적으로 아파트에 적용한 사례다. 300m 깊이에 지중열교환기를 설치해 여름철에는 냉열을 겨울철에는 온열을 공급하는 중앙 집중식 냉난방 시스템이다. 이 역시 냉난방비를 크게 줄일 수 있고 신재생에너지에 비해 자연의 제약없이 24시간 안정적으로 사용이 가능해 주부들에게 각광받고 있다. 홈네트워크 시스템도 첨단 주거 기술에서 빠질 수 없는 부문이다. 금호건설이 부천에 선보인 리첸시아 중동 은 카드인식 시스템이라고 불리는 능동형 태그를 통해 공동현관의 문을 자동으로 열 수 있도록 했다. 엘리베이터 역시 자동으로 호출할 수 있도록 설계했다. 긴급한 상황에 대비해 유무선 비상콜 시스템과 단지 내에 등록된 차량의 주차위치를 실시간으로 확인할 수 있는 주차 위치인식 시스템 등도 적용돼 있다. 버튼 하나만 누르면 집안에 앉아서 모든 일을 진행할 수 있으며 외부에 있을 때도 집안의 모든 상황을 통제할 수 있다. 청주용정지구에 위치한 한라비발디 역시 외부에서도 편리하게 조명 제어가 가능한 홈네트워크시스템 AA등급예비인증 을 비롯해 초고속정보통신 특등급예비인증 무정전 전원공급시스템 무인경비시스템 등을 선보이고 있다. 삼성건설이 지은 동천 래미안이스트팰리스 에 사는 주민들은 3세대 원패스카드 하나면 일사천리다. 카드를 굳이 가방에서 꺼내지 않아도 엘리베이터에 타면 자신이 살고 있는 층으로 이동할 수 있고 경비실 비상호출은 물론이고 주차위치 확인이나 택배 승인도 하나의 카드로 할 수 있다. 현관의 무인택배시스템을 통해선 우편물 무인발송과 수령이 가능하다. 내부 인테리어도 사는 사람의 입맛에 맞게 바꿀 수 있다. 현대산업개발은 해운대 아이파크 에 움직이는 무빙 월 및 슬라이딩 월을 설치했다. 곳곳에 설치된 무빙월을 통해 다양한 공간활용이 가능하도록 했으며 주방에는 슬라이딩 월이 설치돼 주방을 사용하지 않을 경우 공간을 차단함으로써 음식냄새와 소음을 막을 수 있게 했다.,https://news.naver.com/main/read.nhn?mode=LSD&mid=shm&sid1=260&oid=277&aid=0002624678,284
262145,2011.06.17. 오전 11:30,부동산,아시아경제,Build up Korea2.3m 높아진 천장으로 채광 극대화..용정 한라비발디,거실에 부분복층이 적용된 청주 용정지구 한라비발디 아파트 견본주택. 출처 한라건설 아시아경제 정선은 기자 블록을 쌓듯 층을 엇갈려 쌓는 부분복층형 구조는 한라건설 이 야심차게 개발한 신평면 설계다. 지난 2월 저작권 등록까지 마친 부분복층형 구조는 거실천장을 다른 실내공간 2.3m 보다 두 배 이상 높은 4.9m 높이로 만들어서 채광과 환기를 극대화할 수 있도록 했다. 지난해 10월부터 분양을 시작한 청주 용정지구 한라비발디 아파트에 처음 적용된다. 부분복층 구조는 다른 실내 공간은 단층이고 거실부분만 복층으로 설계된 독특한 평면이다. 기존 복층형 설계는 두 개층을 한 가구가 사용하는 방식이지만 부분복층형은 퍼즐처럼 층과 층을 지그재그로 엇갈려 쌓는 방식이 적용된다. 입구에 들어와 왼쪽으로 침실 두 개와 욕실이 위치하며 오른쪽으로 거실과 주방이 자리한다. 안방과 또 나머지 침실 하나는 거실과 주방을 지나 아파트 가장 안쪽에 위치한다. 거실의 전면 폭을 극대화해서 발코니를 확장하게 되면 더 넓은 실내공간을 확보할 수 있다. 한라건설은 청주 용정지구 한라비발디 총 16개동 가운데 도심조망권이 좋은 101동과 102동에 부분복층형 구조를 활용한다. 대형평형인 134㎡에 부분복층형으로 두 개의 유닛을 만들고 엇갈려 쌓아서 저층부터 최상층까지 탁 트인 조망권을 누릴 수 있도록 했다. 거실부분만 복층으로 층과 층을 엇갈려 쌓는 부분복층형 구조 출처 한라건설 청주용정지구 한라비발디는 지하2층 지상25층 총 16개동 1400가구 규모의 대단지다. 미국의 유명 건축설계회사인 데스테파노 앤 파트너스 회사와 협력해서 주변 환경을 고려한 스카이라인 전통 돌담을 형상화한 입면 디자인 녹지율 50% 이상의 대규모 조경설계 등을 선보인다. 양문혁 한라건설 설계부 과장은 청주 용정지구 한라비발디를 청주의 랜드마크 단지로 만들기 위해 부분복층 신평면을 개발해서 단지를 이끌 수 있는 리딩평형에 특화된 평면을 적용했다 며 앞으로 다른 사업지에도 부분복층형을 적극적으로 활용할 것이며 특허를 내기 위한 준비작업도 진행중이다 고 밝혔다.,https://news.naver.com/main/read.nhn?mode=LSD&mid=shm&sid1=260&oid=277&aid=0002624677,284
262146,2011.06.17. 오전 11:30,부동산,아시아경제,Build up Korea열 샐 틈 없이 집안 곳곳 에너지 자동 제어,아시아경제 황준호 기자 김종인 대림산업 부회장은 지난해 4월 전면에 나서서 국내 최초 에너지 50% 절감형 아파트를 공개했다. 정부도 올해 들어서야 2020년까지 그린홈 200만가구를 공급하겠다 고 밝혔다는 점에서 민간에서 한 차원 빠른 행보를 보인 셈이다. 에너지 절감형 기술력을 확보하지 못했거나 정부 정책에 맞춰 나가려는 여타 다른 건설사와는 다른 행보로도 해석된다. 대림산업의 에너지 절감 기술은 스마트 에코 SMART ECO e편한세상 으로 통칭한다. 국내 최고 수준의 지능형 친환경·저에너지 기술이 집약한 이름이다. 대림산업은 이름에 걸맞는 기술를 축적키 위해 2006년부터 국토해양부 연세대학교 등과 함께 국책연구를 펼치고 있다. 이어 송도국제도시 연세대학교 캠퍼스에 저에너지 친환경 공동주택 그린홈 플러스 모델을 구축하고 기술 개발에 박차를 가하고 있다. 광교 e편한세상은 이같은 과정을 걸쳐 개발된 기술들이 종합적으로 적용된 결정체다. 스마트 에코 e편한세상 모델은 2008년 1월 개정된 표준주택대비 냉난방 에너지를 50%까지 절감할 수 있는 국내 최초의 상용화된 그린 홈 모델로 세대 내부와 공용부에 총 27가지의 최신 녹색 기술이 상용화되어 완성된다. 광교 e편한세상의 가구 내부는 냉난방 에너지 사용을 최소화하면서도 쾌적한 생활이 가능하도록 총 13가지의 기술이 적용됐다. 먼저 특수 단열재가 적용됐다. 기존 스티로폼 대비 15% 정도 단열성능이 우수한 신소재 단열재를 벽 안에 넣었다. 이어 대림산업이 자체 개발한 3중 유리에 은 銀 성분을 함유한 소재로 코팅한 양면 로이 Low Emissivity 삼중 유리 거실 창호에 로이 코팅을 적용한 복층 유리 이중 시스템 창호를 침실 창호에 끼워 열의 출입을 막았다. 현관문 발코니 출입문 등 가구 내부에 설치되는 문의 단열성능도 법적 기준 대비 1.5배에서 최고 2배까지 올렸다. 아파트의 공용부에는 에너지를 효과적으로 사용하고 절약을 생활화할 수 있는 자동 제어 시스템과 신재생 에너지 시스템을 포함 총 14가지의 기술들을 적용했다. 지하 주차장에는 자동적으로 조도조절이 가능한 LED 자동 조명 제어 시스템 을 설치해 기존의 지하주차장 대비 소모 전력량을 최고 50%이상 절감했다. 이어 태양광 발전 시스템 풍력 발전 시스템 빗물 재활용 시스템 지열 냉난방 시스템 등 자연을 에너지로 활용할 수 있는 다양한 신재생 에너지 시스템을 아파트 단지 요소요소에 설치해 에너지 생산부터 소비까지 최대한 에너지를 절감할 수 있는 체계를 갖췄다. 대림산업 관계자는 장기 경기 침체로 신규 사업장의 분양이 이어지지 못해 50% 절감형 아파트 등 신규 녹색기술을 적용한 상품을 선보이지 못했다 며 향후 경기 상황에 따라 에너지 절감형 아파트를 계속 출시할 것 이라고 밝혔다.,https://news.naver.com/main/read.nhn?mode=LSD&mid=shm&sid1=260&oid=277&aid=0002624676,284
262147,2011.06.17. 오전 11:30,부동산,아시아경제,Build up Korea국내 최초 지하 냉난방 시스템 전가구 적용,아시아경제 황준호 기자 코오롱 건설이 내년 8월 선보일 송도 더프라우2 는 여느 아파트와는 다른 아파트다. 비밀은 바닥에 숨어있다. 코오롱건설은 송도 더프라우2 에 지열 냉난방시스템을 적용했다. 특히 전 가구 180가구 129 219 ㎡ 에 이 시스템을 적용해 국내 최초 친환경 에너지 공급시스템을 적용한 아파트를 시중에 내놨다. 코오롱건설의 이같은 행보는 선택과 집중의 성공적인 결과다. 단열재 창호 등 손쉽게 에너지 절감률을 높일 수 있으면서도 향후 정부의 중차대한 과제를 시행하기에는 다소 부족한 에너지 절감 기술보다는 더욱 실제적인 기술 확보에 나서야한다는 경영진의 판단이 적중했다. 정부는 건축허가 주택사업승인 조건으로 에너지 절약 기준을 대폭 강화하고 에너지 소비총량제가 도입하는 등 녹색건축물 확보에 절치부심하고 있다. 이같은 조치에 따라 건설사들의 발등에도 불이 떨어진 상황이다. 내년부터 2009년 대비 에너지 절감률 30% 아파트를 공급하는데 이어 2025년에는 100% 절감형 아파트를 공급해야하는 중차대한 과제를 수행해야하는 탓이다. 코오롱건설은 지식경제부의 신재생에너지기술개발사업을 통해 한국에너지기술평가원에서 지원 중인 공동주택 아파트 의 지열 냉난방 시스템 적용성에 관한 연구 과제를 통해 2006년부터 수행해 기술력을 확보하고 있다. 이같은 기술력을 바탕으로 송도 코오롱 더프라우Ⅱ 아파트 지하에 300m 깊이로 천공해 지중열교환기를 설치했다. 지열은 1년 내내 일정한 온도를 유지한다는 측면에서 여름에는 냉열을 겨울에는 온열을 순환시켜 공급한다. 여름철에는 FCU Fan Coil Unit 에 냉수를 순환해 실내에 시원한 공기를 순환한다. 이어 겨울철에는 FCU 및 바닥에 온수를 순환해 따뜻하게 실내온도를 유지한다. 각 가구에는 컨트롤러가 각각 설치돼 기호에 따라 온도 조절도 가능하다. 모든 지열 시스템은 최신 자동 제어 시스템을 도입해 관리의 효율성 및 시스템의 안정성도 높였다. 코오롱건설 관계자는 지열 이용 냉난방 시스템 자체가 최고의 친환경 에너지 시스템으로 자연의 제약 없이 24시간 안정적 가동 가능하며 화석연료의 사용 없이 열원을 공급할 수 있다 고 설명했다. 이어 코오롱건설은 많은 지열 발전 관련 수차례의 국책연구과제를 통해 수직밀폐형 이외에도 수평형 에너지슬래브형 에너지파일형 등의 기술을 개발했다 며 송도 테크노파크 덕평 휴게소 광주 수완지구 하늘채 이븐데일 골프장 등 많은 사업에 다양하게 적용해 활용하고 있다 고 설명했다. 특히 코오롱건설은 PHC 파일을 이용한 에너지파일형과 건물하부구조물에 설치되는 에너지슬래브형에 차별화된 기술 및 특허를 보유하고 있다. 코오롱건설은 지열냉난방 사업의 앞선 기술을 인정받아 2009년도 대한민국 기술대상 우수상도 수상한 바 있다.,https://news.naver.com/main/read.nhn?mode=LSD&mid=shm&sid1=260&oid=277&aid=0002624675,284
262148,2011.06.17. 오전 11:30,부동산,아시아경제,Build up Korea승용차 7300대 지탱 고강도 콘크리트 개발,콘크리트 압송시설 실험 현장 아시아경제 황준호 기자 현대자동차그룹 계열 건설사 중 하나인 현대엠코는 기존 그룹사 공사 중심의 수익구조에서 자체 수주 비중을 확대하고 있는 회사다. 현대차 현대제철 등 계열사 공장 위주의 공사에서 SOC 해외 주택 등 각종 사업 다각화를 위해 박차를 가하고 있다. 특히 빌딩 건설 부분에 있어서의 기술 확보는 괄목할만 하다. 현대엠코는 연내 착공을 목표로 준비작업에 한창인 서울 성수동 뚝섬 글로벌 비즈니스 센터 GBC 초고층 빌딩 건립을 위해 콘크리트 압송기술 등부터 먼저 개발했다. 현대엠코가 GBC를 자체적으로 건립한다는 것 자체도 아직 결정되지 않았으나 빌딩 건립이 지지부진한 사이 향후 필요한 기술들을 차곡차곡 쌓고 있는 셈이다. GBC는 높이만 540m에 달한다. 축구장 5개가 하늘 위로 나란히 배열한 것과 같다. 현대엠코는 이같은 높이에 빌딩을 건립하기 위해 고압파이프와 관리시스템을 개발했다. 고압파이프의 경우 높이 500∼ 550m까지 파이프 교체 없이 완공시까지 콘크리트를 한 번에 쏴 올릴 수 있는 기술이다. 현재 초고층용 고압파이프는 삼성물산 건설부문이 중동 버즈 칼리파에 적용한 것이 성능이 가장 좋아 사실상 시장을 독점하고 있는 상황이다. 하지만 현대엠코가 자체 개발한 기술을 적용해 GBC를 건립하게 된다면 상황은 달라질 전망이다. 특히 삼성의 그것보다 내압력은 2배 가량 높으면서도 가격은 절반 수준인 파이프를 국내 기술로 개발했다는 점에서 향후 시장에 경종을 울릴 수 있을 것으로 예상된다. 이어 콘크리트를 쏘아 올릴 때 파이프내의 압력 상황과 콘크리트 막힘 현상을 각 구간별 센서와 모니터를 통해 사전에 확인·방지할 수 있는 관리시스템도 구축했다. 현대엠코는 이를 통해 유사시 콘크리트가 파이프 배관에서 막혔을 경우 우회 파이프로 콘크리트를 이동시킬 수 있어 공사의 차질을 막는데 큰 역할을 할 수 있을 것으로 예상했다. 또 배기량 2000CC 약 1.4톤짜리 쏘나타 승용차 약 7300대를 지탱할 수 있는 고강도 콘크리트 1m×1m 도 개발했다. 100Mpa 가량의 고강도를 자랑하는 이 콘크리트는 실제 인증받아 사용할 수 있는 최고 강도의 콘크리트라는 기록을 남겼다.,https://news.naver.com/main/read.nhn?mode=LSD&mid=shm&sid1=260&oid=277&aid=0002624674,284
262149,2011.06.17. 오전 11:30,부동산,아시아경제,Build up Korea교하신도시 롯데캐슬 ‘테마파크’가 단지로,교하신도시 롯데캐슬 중앙광장 분수 롯데건설 아시아경제 배경환 기자 경기도 파주시 ‘교하신도시 롯데캐슬’에는 롯데건설만의 친환경 기술이 녹아있다. 이를 통해 일반 거주공간을 여유를 즐길 수 있는 공간으로 한 단계 끌어올렸다. 우선 단지 남쪽 72만6733㎡ 규모의 가온 호수공원과 연계했다. 조경면적을 단지의 50% 규모로 배치하고 왈츠를 주제로 한 테마공원을 계획한 것도 차별화된 요소다. 미디어폴과 바닥분수의 물줄기가 오케스트라 음악에 맞춰 춤을 추는 빛의 광장은 입주민에게 볼거리를 가져다준다. 자낙나무숲길 메타세콰이어길 단풍나무길 억새밭길이 마련된 1.1Km의 테마산책로와 700m에 달하는 자전거 도로도 거주공간에 들어선 쉼터다. 단지내 커뮤니티 시설에도 롯데건설만의 설계기법을 찾아볼 수 있다. 대표적인 것이 어린이를 위한 실내놀이공간과 부모들의 휴식공간을 결합한 ‘캐슬 맘 키즈 카페’다. 실내 테마놀이터 파티룸 동화구연실 등으로 구성된 ‘키즈카페’와 아이를 보며 육아정보 교류 및 소규모 강좌가 가능한 ‘맘스카페’를 한 공간에 마련했다. 돌잔치 가족모임 등 다양한 행사를 열 수 있는 연회장과 게스트하우스도 찾아볼 수 있다. 외부 손님이나 친척 방문을 고려한 배려 차원이다. 무선인터넷과 와이파이가 가능한 스마트 홈오피스도 들어선다. 주거기능에 업무 요소를 추가한 것이다. 20여종의 다양한 운동시설과 GX룸 등을 갖춘 피트니스 클럽 탁구장 사우나시설 운동 후 피로를 풀 수 있는 웰빙테라피룸도 눈에 띈다. 일반 16타석 스크린골프장 2개소 퍼팅그린 공간을 갖춘 실내골프 클럽도 계획됐다. 이외 도서관과 독서실 100여석도 설치된다. 내부의 경우 59㎡는 전면 4Bay로 일조권 및 조망권을 최대한 확보했다. 드레스룸 및 부부욕실에 샤워부스를 설계해 편의성도 높였다. 84㎡ 101㎡ 113㎡는 전·후면에 발코니가 배치돼 맞통풍이 가능하다. 롯데건설 관계자는 “친환경 설계를 바탕으로 롯데건설만이 구현할 수 있는 커뮤니티 시설을 도입했다”며 “일반 거주개념의 아파트가 이제는 공원처럼 여유를 즐길 수 있는 공간으로 재탄생했다”고 말했다.,https://news.naver.com/main/read.nhn?mode=LSD&mid=shm&sid1=260&oid=277&aid=0002624673,284
262150,2011.06.17. 오전 11:30,부동산,아시아경제,Build up Korea금정산2차 쌍용 예가 ‘주부’를 위한 아파트,금정산2차 쌍용예가 투시도 쌍용건설 아시아경제 배경환 기자 쌍용건설이 부산시 장전동에 내놓은 ‘금정산2차 쌍용 예갗에서는 특화된 수납공간을 찾아볼 수 있다. 주거공간의 효율을 위해 고민하는 주부를 위한 배려다. 모든 방과 현관 그리고 주방에 수납공간을 제공했다. 현관에는 사람이 드나들 수 있는 크기의 대형 공간이 마련된다. 신발은 물론 각종 생활용품도 보관할 수 있다. 주부들의 생활터인 주방에도 특화 시스템이 적용됐다. 다양한 크기의 용품을 정리할 수 있는 주방장과 메모보드를 설계했다. 안방 드레스 룸에 대형 드레스 장을 설치해 의류와 다양한 잡화를 보관할 수 있도록 배려했다. 이외 모든 침실에도 붙박이장을 설치해 중소형 아파트의 부족한 수납공간 문제를 해결했다. 외형으로 살펴보면 84.94㎡는 4Bay 평면 설계로 채광 및 통풍 효과를 끌어올렸다. 자연적인 색상이 느껴지는 인테리어도 눈길을 끈다. 모던한 디자인으로 집안 전체를 밝은 분위기로 연출해 복도 끝 쪽이 어두운 점까지 보완했다. 침실은 입주자가 원하는 대로 내부구조를 쉽게 바꿀 수 있는 가변형 벽체로 설계했다. 84.96㎡는 거실 주방 식탁을 일자형으로 배치한 LDK Living Dining Kitchen 구조가 특징이다. 전 타입에는 아일랜드 식탁도 제공된다. 외부에서 인터넷 및 핸드폰으로 조명 주방 가스 밸브 난방 보일러 등을 조절할 수 있는 홈네트워크 시스템도 도입했다. 개인 컨디션에 맞게 난방온도를 조절할 수 있는 각방 온도조절시스템 음식 냄새나 유해가스 등을 감지해 주방 내 오염된 공기를 배출하는 주방환기시스템 등도 제공된다. 지하주차장 비상버튼 시스템 전자 경비 시스템 친환경 온돌마루 바닥재 전동 빨래건조대 등은 여성과 주부를 위한 아이템이다. 쌍용건설 관계자는 “지상에 차가 없는 단지로 설계돼 ‘풍부한 숲과 바람길’이라는 테마의 친환경 조경이 가능했다”며 “벽천과 바닥조명으로 주야간 경관이 돋보이는 진입광장도 예가만의 특짹이라고 설명했다.,https://news.naver.com/main/read.nhn?mode=LSD&mid=shm&sid1=260&oid=277&aid=0002624672,284
262151,2011.06.17. 오전 11:30,부동산,아시아경제,Build up Korea영덕 센트레빌 에너지 40% 절감 가능,동부건설의 자전거 실내 주차장 동부건설 아시아경제 배경환 기자 용인 영덕역 센트레빌은 저탄소 녹색생활 구현을 위한 자전거 특화 단지로 설계된다. 그동안 다른 아파트 단지에서 찾아볼 수 없던 대규모 시스템이다. 정부가 추진하는 녹색성장과 입주민의 건강을 동시에 추진하겠다는 동부건설의 의도가 엿보이는 부분이다. 우선 현행 법정 기준인 세대당 0.4대의 자전거 주차시설을 설치한 일반 아파트와 달리 2대 수준인 총 466대의 주차시설을 확보했다. 실외 주차장에서 도난 사고가 잦은 점을 착안해 CCTV를 설치한 실내 주차장도 마련했다. 바이크 스테이션은 동부건설이 국내 최초로 도입한 자전거 전용 편의시설이다. 세차·정비시설은 물론 체지방·신장·혈압 등을 측정할 수 있다. 에너지 효율도 극대화했다. 절감형 설계를 통해 표준주택 대비 난방에너지 사용을 약 40% 줄였다. 소규모 단지에도 불구하고 지역난방을 적용해 에너지 비용을 더욱 낮췄다. 단지 내에 설치된 태양광 발전 시스템을 통해 얻은 전기에너지를 하절기에는 단지내 벽천에 사용한다. 동절기에는 지하주차장 조명에 일부 적용해 관리비가 절감된다. 이외 무장애 생활환경 2등급 아파트로 단지 내 불필요한 동선을 없앴다. 주차공간을 법정대비 10㎝ 넓히는 등 보이지 않는 부분까지 신경썼다. 보안 특화시스템도 눈길을 끈다. 단지 내 사각지역을 없앤 안전설계를 아파트에 적용하고 아파트 단지내 2개소에 적외선 방범로봇 ‘센트리’를 설치했다. 각 동 출입구에는 투입과 수취가 분리된 우편함을 설치해 외부인의 접근을 최소화했다. 커뮤니티 공간은 1578㎡ 규모에 들어선다. 휘트니스 센터를 비롯해 실내골프장 독서·놀이공간 문고·독서실 맘스카페 키즈룸 등이 마련된다. 단지와 인접해 있는 영흥공원 조망을 위해 세대 내부 거실에 강화유리 난간을 설치했다. 아파트 내부의 수납공간도 돋보인다. 동부건설 관계자는 “국내 어디에서도 찾아볼 수 없는 대규모 자전거 특화 단지로 실내에도 편의를 위한 공간을 곳곳에 마련했다”며 “자칫 답답해 보일 수 있는 실내외 모든 공간을 다양한 소재와 디자인으로 해결했다”고 설명했다.,https://news.naver.com/main/read.nhn?mode=LSD&mid=shm&sid1=260&oid=277&aid=0002624671,284
262152,2011.06.17. 오전 11:30,부동산,아시아경제,Build up Korea파주 스타클래스  ‘제로에너지’에 도전,파주당동 극동 스타클래스 조감도 극동건설 아시아경제 배경환 기자 경기도 파주시 문산읍에 들어선 1006가구 규모의 파주 극동스타클래스는 스마트·그린홈 기술이 집약된 미래형 주거단지다. 스마트·그린홈 구현은 웅진그룹의 친환경 경영방침과도 일맥상통한다. 이를 위해 극동건설은 올해 초 ‘그린홈’ 구현을 위한 TFT를 발족했다. 신재생에너지 고효율·고성능 설비시스템 적용을 통해 2025년까지 100% 절감을 실현하겠다는 의도다. 그린홈 구현의 첫 작품인 파주 극동스타클래스는 부대시설 에너지 절감 시스템과 신재생 에너지를 부분적으로 적용했다. 우선 단지 내 보육시설에는 삼중로이유리 고효율 조명기구 등이 사용된다. 에너지 절감 단열시스템을 적용해 약 30%의 에너지 절감 효과를 낼 것으로 회사는 내다보고 있다. 그린홈 기술은 세대 내부에서도 찾아볼 수 있다. 세대내 거실에는 최첨단 홈네트워크 시스템이 구현되는 10인치 대형 LCD 월패드가 설치됐다. 이를 통해 각 가정에서는 전기 수도 가스 난방 사용량을 확인할 수 있다. 또한 가정마다 에너지 사용량 목표값을 설정해두고 실제 사용량과 비교도 가능하다. 세대내 탄소 배출량도 확인할 수 있다. 각 가정에서는 홈네트워크 시스템을 통해 조명 가스밸브 난방 등을 일괄 제어해 에너지를 절감할 수 있다. 스마트 시대에 맞춰 시스템 성능도 한 단계 올렸다. 단지 입구부터 현관문까지 출입과정을 하나의 카드로 관리하는 스마트 카드 시스템이 적용된다. 입주자가 스마트 카드 시스템이 적용된 Tag를 소지하면 자동 위치인식으로 서비스를 받는 것이다. 즉 Tag를 몸에 소지한 채 주차장에 입차하면 자동으로 주차장 게이트가 열린다. 또한 주차공간에 대한 정보가 홈네트워크에 전달돼 가정에서 쉽게 차량 위치를 확인할 수 있다. 공동현관 출입시에도 자동으로 출입통제시스템이 Tag를 인식해 현관문이 열리고 엘리베이터 역시 자동으로 호출된다. 극동건설 관계자는 “하루가 다르게 변화하는 IT 환경과 친환경 에너지에 대한 시대적인 트렌드를 반영해 앞으로도 맞춤형 특화상품 개발을 지속적으로 추진할 것”이라고 밝혔다.,https://news.naver.com/main/read.nhn?mode=LSD&mid=shm&sid1=260&oid=277&aid=0002624670,284
262153,2011.06.17. 오전 11:30,부동산,아시아경제,Build up Korea 리첸시아중동 비상콜·현관문 지문인식 장치 전가구 설치,아시아경제 문소정 기자 금호산업 건설부분 금호건설 이 경기 부천 원미동에 짓고 있는 주상복합 금호 리첸시아중동 은 첨단 신기술이 적용된 대표적인 단지다. 카드인식 시스템이라고 불리는 능동형 태그를 통해 공동현관의 문을 자동으로 열 수 있도록 했으며 엘리베이터 역시 자동으로 호출할 수 있도록 설계했다. 위급한 상황이 발생했을 경우를 대비해 유무선 비상콜 시스템과 단지 내에 등록된 차량의 주차위치를 실시간으로 확인할 수 있는 주차 위치인식 시스템도 설치된다. 입주자의 지문이나 암호 시스템으로만 개폐가 가능토록 한 디지털 현관문 역시 전 가구에 일괄 적용됐다. 천연가스로부터 전기와 열을 동시에 생산하는 열병합 발전시스템 도 도입해 에너지 비용을 최대 20%까지 아낄 수 있다. 외관도 일반적인 직각인 아닌 하늘로 용솟음치는 유선형으로 디자인됐다. 덕분에 최고 66층 238m 높이의 초고층 건축물이 주변 경관과 잘 어울린다는 평을 받는다. 3면 개방형 구조를 채택해 270도의 뛰어난 조망을 확보한 것도 눈에 띈다. 첨단 신기술과 함께 실내도 고품격 주거공간을 연출 명품 건축물 명성에 맞췄다. 국내 정상급 디자이너인 이상봉씨를 비롯해 4명의 인테리어분야 전문 디자이너의 손을 빌려 현관문과 벽지 조명 환경 인테리어 등을 설계해 하나의 작품을 완성했다 . · 일반적으로 저층에 있는 커뮤니티 시설은 지상 63층에 들어선다. 402㎡ 구 121평 규모의 특급호텔 멤버십 수준의 스파 테라피 와 입주민 모임 비즈니스 회의 게스트하우스로 이용할 수 있는 스위트룸 은 입주민들과 방문객을 위한 휴식공간으로 조성된다. 일본의 고급 호텔에 있는 스파와 테라피시설을 벤치마킹하면서도 재활용된 에너지를 온수로 사용해 입주민은 저렴한 가격에 이용할 수 있다. 또 391㎡ 구 117평 규모의 하늘 위의 고품격 커뮤니티공간인 스카이라운지 옥외 파티플레이스 등도 갖춰다. 이밖에 파티플레이스는 천장이 없는 옥외공간으로 꾸며져 가족 모임을 하거나 친구를 초대하기에 적합한 곳이다.,https://news.naver.com/main/read.nhn?mode=LSD&mid=shm&sid1=260&oid=277&aid=0002624668,284
262154,2011.06.17. 오전 11:30,부동산,아시아경제,Build up Korea 갤러리아 포레 세계적 현대건축가 장 누벨이 빚은 건축의 시,갤럴이아 포레 조감도. 아시아경제 문소정 기자 한화건설의 갤러리아 포레 는 단ㆍ양면 개방형으로 설계된 기존 주상복합의 단점을 보완한 제 3세대형 주상복합으로 꼽힌다. 열린 구조형 설계 3면 개방형 설계 를 적용해 맞통풍이 가능할 뿐 아니라 거실 안에서 270℃로 한강을 조망할 수 있다. 주방에서 요리한 후 음식 냄새를 그때그때 바깥으로 빼낼 수 있게 실내 공기와 바깥 공기를 자동으로 바꿔주는 강제환기장치도 설치됐다. 외부 공기를 실내 온도로 맞추는 온기 조절 시스템도 도입해 냉난방 효율성도 높다. 철통 보안 시스템도 빼놓을 수 없는 자랑거리다. 첨단 RF카드방식의 무인경비 시스템과 출동경비방범 인프라가 구축돼 있어 입주민들의 범죄 걱정을 완전히 없앴다. 이와 함께 내부 입주민들과 외부 방문객들의 동선을 구분해 관리할 수 있는 최첨단 홈네트워킹 보안시스템도 적용됐다. 자동차를 타고 주차장을 들고 나설 때는 차량 번호 자동 인식 시스템을 통해 문을 열어주는 2ㆍ3중의 보안장치도 갖췄다. 프랑스의 대표적인 현대건축가 장 누벨 Jean Nouvel 이 직접 디자인한 내부 인테리어는 상류층들의 커뮤니티로 자리잡을 갤러리아 포레의 핵심이다. 장 누벨은 프랑스의 세계적인 대표적 건축가로 아랍문화원 아그바타워 두바이 루브르 박물관 리움미술관 등을 설계했으며 전통적 한계를 넘나드는 새로운 건축 스타일로 유명하다. 또 조경 분야에서 세계 최고의 권위자로 꼽히는 이탈리아의 마시모 벤뚜리 페리올로 Massimo Venturi Ferriolo 교수가 디자인한 조경 디자인은 서울숲을 최대한 활용했다. 숲을 향한 창 을 주제로 건물 중심부에 입주민을 위한 열린 공간을 조성하며 주변으로는 거울이 깔린 듯한 투영 연못을 만들어 대형 아뜨리움의 유리가 만들어낸 빛을 반사하는 효과를 연출한다. 저층부를 연결하는 4개의 옥상정원도 테마별로 조성되며 헬스장 골프연습장 등의 스포츠 시설과 연회장 게스트룸 클럽하우스 Grand Table 등의 커뮤니티 시설도 꾸밀 계획이다. 특히 입주민들만의 공간으로 만들어지는 29층의 스카이 가든은 강변의 물결과 서울숲의 녹음을 최대한 조망 할 수 있는 장소다.,https://news.naver.com/main/read.nhn?mode=LSD&mid=shm&sid1=260&oid=277&aid=0002624667,284
262155,2011.06.17. 오전 11:30,부동산,아시아경제,Build up Korea래미안 스마트 엘리베이터·무인택배 장치 매력,래미안이스트팰리스 로비에 설치된 키오스크. 아시아경제 박충훈 기자 양손 가득 무거운 장바구니를 들었는데 엘리베이터를 타야한다면. 정답은 가만히 서서 기다리면 엘리베이터가 자동으로 내려와 자신이 사는 층으로 이동한다 이다. 동천 래미안 이스트팰리스라면 가능한 얘기다. 삼성물산 건설부문 삼성건설 은 기술연구센터와 주택사업본부 내 공사기술그룹에서 다양한 첨단시스템을 개발하고 있다. 이들 기술이 실제 적용된 사례 중 가장 눈에 띄는 주택은 최근 입주를 마무리한 동천 래미안이스트팰리스다. 전국 수많은 래미안 중에서도 플래그십 단지 라는 명성에 걸맞게 각종 명품 기술이 녹아있다. 입주민은 아파트 입구에서부터 첨단기술을 체험할 수 있다. 출입 통제가 가능한 3세대 원패스카드 를 이용하면 된다. 카드를 굳이 가방에서 꺼내지 않아도 엘리베이터에 타면 자신이 살고 있는 층으로 이동한다. 경비실 비상호출은 물론이고 주차위치 확인이나 택배 승인도 하나의 카드로 할 수 있다. 현관의 무인택배시스템을 통해선 우편물 무인발송과 수령이 가능하다. 택배가 도착하면 집안의 월패드나 입주민의 휴대전화 문자메시지로 도착 정보가 통보된다. 택배의 냉장 보관 도 가능하다. 공동현관에 설치된 키오스크 정보단말기 는 입주민의 스마트한 생활을 돕는 숨은 일꾼이다. 키오스크를 통해 단지주변 보건 및 의료 금융과 법률 음식점 쇼핑과 편의점 등의 생활정보를 볼 수 있다. 동천래미안 이스트팰리스는 에너지 절감면에서도 첨단 기술을 자랑한다. 삼성건설이 독자 개발한 래미안에너지관리시스템 REMS 이 가정내 각종 전력 등의 이용을 편리하고 효과적으로 관리할 수 있도록 해서다. 이외에도 단지 곳곳에 친환경과 첨단장치의 조화가 눈에 띈다. 태양광발전시스템은 단지 곳곳에 설치된 인공폭포 생태동굴 등 다양한 수경공간을 운용할 에너지를 생산한다. 지열시스템은 커뮤니티 헬스장의 냉난방 용량 100%를 충당하며 단지내 도로에도 적용해 겨울철 단지 내 도로가 얼지 않게 한다.옥상에 마련된 2000t 규모의 빗물 저장탱크도 단지내 공용 용수를 대체한다.,https://news.naver.com/main/read.nhn?mode=LSD&mid=shm&sid1=260&oid=277&aid=0002624666,284
262156,2011.06.17. 오전 11:30,부동산,아시아경제,Build up Korea 해운대 아이파크 최고 방재 기술로 화재 위험 없는 아파트,아시아경제 문소정 기자 최고 72층 높이의 주상복합인 현대산업개발의 해운대 아이파크 I PARK 는 국내 최고 수준의 방재설계 기술을 자랑한다. 가구 간 방화구획을 모든 층에 적용했으며 엘리베이터 홀에도 2개 구역의 방화구획을 만들어 홀을 통해 불길이 확산되는 것을 막고 안전하게 대피할 수 있도록 했다. 25층과 50층에 중간 대피 공간도 마련해 화재 발생 시에도 2시간 동안 불길을 견딜 수 있게 했다. 화재 진압을 효율적이고 쉽게 하기 위해 소방용 물탱크도 25층 50층 옥탑층 등 3곳에 만든다. 외벽 소재는 불연재인 유리를 층간에 설치되는 알루미늄 복합판넬은 실화테스트를 거쳐 안정성을 인정받은 준불연재료를 썼다. 단열재 또한 내열성이 뛰어난 글라스울 유리섬유 로 시공된다. 스프링클러는 전층에 3.2m 간격으로 뒀다. 화재 발생시 화염이 외벽을 타고 올라가는 것을 막기 위해 외벽창호 부근에도 스프링클러 헤드를 2.5m 간격으로 설치했다. 다양한 에너지 절감시설도 도입했다. 각 가구의 커튼월 창호에는 단열바 시스템을 적용하고 열교환 환기장치를 이용해 가구 내의 에너지 비용을 절감하도록 했다. 난방에는 고효율 콘덴싱 개별 가스보일러를 설치하고 각실 난방 온도 조절이 가능한 디지털 히팅 시스템을 사용해 중앙식 대비 30% 정도의 에너지 절감 효과를 거두도록 했다. 이밖에 소형 열병합 발전 설비를 설치해 자체 발전으로 전기요금 절감이 가능하게 했으며 발전 시 발생되는 폐열을 회수 가구 급탕 및 로비 등 일부 공용부의 냉방에 적용되는 에너지로 활용토록 했다. 단지 관리에 있어서도 기계설비 자동제어 시스템을 통해 효율성을 높여 에너지 절약과 더불어 관리비까지 절감하도록 설계했다. 현대산업개발 관계자는 해운대 아이파크는 진도 7 이상의 지진 및 해일 등의 자연재해에도 거뜬히 버틸 수 있도록 설계됐다 며 차수 시스템까지 갖춘 해운대 아이파크의 방재설계는 국내 최고 수준이다 고 강조했다.,https://news.naver.com/main/read.nhn?mode=LSD&mid=shm&sid1=260&oid=277&aid=0002624665,284
262157,2011.06.17. 오전 11:30,부동산,아시아경제,Build up Korea불황 녹이는 명품아파트,아시아경제 진희정 기자 주택시장 침체가 장기화되면서 집값 하락에 대한 우려를 불식시키는 명품아파트가 관심을 끈다. 단지내 커뮤니티 시설이 잘 갖춰져 있을 뿐 아니라 뛰어난 입지여건과 함께 높은 브랜드 인지도 등으로 해당 지역의 집값을 주도하고 있다. 최근에는 안전과 친환경 저에너지 등 똑똑한 아파트의 기능이 추가돼 입주자들의 삶의 질도 높이고 있다. 스마트·그린시스템에 친환경 요소 접목 김덕례 주택산업연구원 박사는 스마트 시스템 그린홈 시스템을 도입한 아파트들은 신재생에너지 에너지절약 가전기술 친환경 요소를 접목해 에너지를 절약하는 등 변화하는 주택시장 환경에 대응하기 위해 노력할 것 이라며 국내 주택시장의 점유율이 높은 대형사들 간의 경쟁이 더욱 치열해질 것 이라고 내다봤다. 건설은 불황보다 강하다 명품아파트는 브랜드와 입지 으뜸기술 등을 갖춰 불황기에는 집값 하락이 덜하고 호황기에는 집값 상승폭이 크다. 실례로 용인 동천 래미안이스트팰리스의 3.3㎡당 매매가는 1700만원대 후반으로 인근 아파트 시세 평균인 3.3㎡당 1000만원대와 비교해 큰 차이를 보이고 있다. 서울 강남에서 타워팰리스를 제치고 랜드마크로 대접받는 삼성동 아이파크 역시 주변 시세보다 3.3㎡당 4000만원 이상 높은 6000만원대를 기록 중이다. 반포 래미안퍼스티지·자이 신흥 명가로 신흥 부촌으로 떠오른 서울 서초구 반포에서도 래미안퍼스티지와 반포자이가 명품 아파트 역할을 톡톡히 한다. 래미안퍼스티지와 반포자이 분양가는 3.3㎡당 3000만 3300만원 선이었지만 입주 2년차를 맞고 있는 현재 3700만 4200만원대까지 뛰었다. 이는 강남구 대치동 일대의 평균 시세인 3.3㎡당 3253만원보다 비싼 수준이다. 신규 명품아파트 물량 줄이어 입지와 규모 브랜드 기술 등을 갖춘 명품 아파트가 이처럼 불황기 안전판 역할을 하면서 포스트 명품아파트에 대한 관심도 높아졌다. 용인 광교 힐스테이트 와 북한산 3차 힐스테이트 등을 통해 지역 랜드마크로 명성을 이어가고 있는 현대건설은 5월27일 서울 강서구 화곡동의 화곡3주구를 재건축한 아파트 강서힐스테이트 분양에 나섰다. 서울시내 힐스테이트 브랜드 단지로는 최대 규모로 눈길을 끌고 있다. 또 세계 3대 디자인상을 수상한 친환경 시설물인 자연에너지 놀이터 태양광 뮤직 파고라 에코놀러지 자전거 보관대 친환경 생태 자전거 보관대 등이 단지 내에 설치될 예정이다. 지난해 3월 입주를 시작한 한강밤섬자이도 포스트 명품아파트로 꼽힌다. 서울 마포구 하중동에 위치한 이 아파트는 이름에서 알 수 있듯 무엇보다 탁 트인 한강 조망이 가장 큰 장점으로 꼽힌다. 재건축단지의 보금자리주택 공급을 위한 임대분으로 일반분양분으로 전환된 전용면적 84 132㎡ 규모의 총 46가구가 6월중 분양을 앞두고 있다. 이밖에 입주가 예정된 현대산업개발의 해운대 아이파크 호반건설의 광교반가든하임 두산건설의 부산 해운대 두산위브더제니스 한화건설의 갤러리아포레 동부건설 센트레빌 아스테리움서울 등이 명품 단지로서의 이름을 올리기 위한 준비를 마쳤다. 함영진 부동산써브 실장은 단지내 고급 커뮤니티 시설과 자연친화적 조경 및 첨단시스템 대형건설사의 브랜드 아파트 등의 조건과 함께 단지규모나 교통 교육 여건이 두루 갖춰져 지역의 랜드마크 단지로 자리매김한 아파트야 말로 명품아파트로 정의할 수 있다 고 말했다.,https://news.naver.com/main/read.nhn?mode=LSD&mid=shm&sid1=260&oid=277&aid=0002624664,284
262158,2011.06.17. 오전 11:30,부동산,아시아경제,Build up Korea용인 광교 힐스테이트 숲속의 갤러리… 조경부터 외관까지 그린,아시아경제 조철현 기자 지난 2009년 11월 입주한 용인 광교 힐스테이트는 숲속의 아트갤러리 아파트 라는 평가를 받고 있다. 크고 작은 조경수로 둘러싸인 건축물 곳곳에 세계 최고 수준의 유럽 전통 건축 디자인 기술을 적용해서다. 2007년 분양 당시 청약 1순위에서 8대1의 경쟁률을 기록하는 등 인기를 끌었던 광교 힐스테이트는 지하 2층 지상 18층 16개동에 860가구로 이뤄진 대단지다. 이 아파트는 단순하고 획일적인 기존의 다른 단지들과 달리 유럽 스타일의 클래식하면서도 화려한 건축 디자인으로 오가는 이들의 눈길을 사로 잡고 있다. 건축 입면 디자인사인 홍콩 LWK사가 아파트 외관을 호주 기업 애스팩트 ASPECT 사가 조경 디자인을 맡아 단지 전체에 유럽 전통 건축 디자인 기술을 적용했다. 저층부에는 고대 그리스 신전에서 볼 수 있는 포디엄 Podium 형식의 디자인을 구현했다. 주동 출입구ㆍ필로티ㆍ외벽 몰딩ㆍ옥탑 조형물 등에 유럽 전통 건축양식을 활용한 것이다. 동별 출입구에도 호텔식 로비 개념을 도입했다. 저층부가 넓고 웅장하다는 느낌을 받는 이유다. 중층부에는 신비로운 문양의 몰딩과 아치형 장식물이 달렸다. 고층부에는 유럽 궁전을 연상시키는 옥탑 조형물 등을 갖췄다. 주변 아파트들과는 차별화된 유럽풍 스카이라인과 중후한 컬러의 외벽 색채 디자인도 이 아파트만의 남다를 가치를 더욱 빛나게 하고 있다. 힐스테이트만의 차별화된 최첨단 편의시스템 기술도 눈길을 끈다. 국내 최초로 적용된 최첨단 주차정보시스템 LPIS 을 비롯해 첨단 자동인식 현관문 개폐 시스템인 유비쿼터스 키리스 시스템 LKS 다양한 디지털 기기를 편리하게 이용할 수 있도록 거실 벽면에 설치된 디지털 멀티 유닛 Digital Multi Unit 등이 그것이다. 광교 힐스테이트는 광교산의 푸름과 성복천의 여유를 담은 자연 친화적인 주거 환경 조성에도 심혈을 기울였다. 특히 입주민들이 편안한 휴식을 즐길 수 있도록 건물과 녹지 공간의 조화로운 배치 기술이 돋보인다.,https://news.naver.com/main/read.nhn?mode=LSD&mid=shm&sid1=260&oid=277&aid=0002624663,284
262159,2011.06.17. 오전 11:27,부동산,이데일리,르포경인아라뱃길 요트타고 서해까지,이데일리 박철응 기자 경인아라뱃길 인천 터미널 공사 현장에는 낡고 칠이 벗겨진 갑문이 놓여있다. 주위는 광활한 공사현장이 펼쳐져 있고 옛 갑문과 비교할 수 없는 서해갑문이 모양새를 갖춰가고 있었다. 과거와 새로 열리는 뱃길이 만들어낼 미래가 공존하는 현장이었다. 지난 16일 찾은 경인아라뱃길 현장은 막바지 작업이 한창이었는데 현재 공정률은 86%에 이르렀다. 오는 10월 예정대로 개항되면 18km 길이의 수로 폭 80m 수심 6.3m 를 타고 여객선과 화물선 각각 9척씩 18척의 선박이 운항하게 된다. 요트의 자유로운 왕래가 가능하며 김포에 정박소도 만들어진다. 수로와 서해가 만나는 인천 터미널의 전체 규모는 배후 물류단지를 포함해 245만㎡에 달한다. 주위로는 청라지구와 영종대교 멀리 강화도가 한눈에 잡힌다.,https://news.naver.com/main/read.nhn?mode=LSD&mid=shm&sid1=260&oid=018&aid=0002453903,284
262160,2011.06.17. 오전 11:19,부동산,이데일리,금리인상 전세대란 부른다..세입자 직격탄,금리인상분 전월세 가격에 전가 이데일리 이지현 김동욱 기자 금리 인상이 전세대란의 원인이 되고 있다. 금리인상에 따른 대출 부담을 덜기 위해 집을 팔고 전세시장으로 이동하는 수요 유주택자→무주택자 가 늘고 있는 데다 집주인들이 금리 인상분을 임대료에 전가하면서 전월세가격이 오르고 있어서다.,https://news.naver.com/main/read.nhn?mode=LSD&mid=shm&sid1=260&oid=018&aid=0002453894,284
262161,2011.06.17. 오전 11:14,부동산,매일경제,중대형 아파트 올해가 구입 적기,서울 노원구에 사는 유씨 42 는 최근 내 집 마련 계획을 수정했다. 그는 지난해까지만 해도 중소형을 분양받을 생각이었다. 중대형은 분양가가 비싸고 관리비 부담도 적지 않기 때문이다. 그런데 최근 마음을 바꿔 경기도 남양주의 중대형 미분양 아파트를 분양받기로 결정한 것이다. 유씨가 중대형을 분양받기로 결정한 것은 수도권에 중대형 공급이 부족해 앞으로 중대형이 다시 뜰 것이란 말을 주변에서 많이 들었기 때문이다. 공급이 줄면 희소가치가 높아져 중대형 아파트 가격이 다시 오를 것이라는 얘기를 최근 자주 들었다. 중대형이 다시 인기를 끌 것이란 주장은 대부분 공급 부족에 근거한다. 2000년대 들어 집 값 급등기 때 중대형이 가격 상승을 주도한 데는 중대형 공급이 부족하다는 인식이 많이 작용했다. 1인당 주거면적 등 주택의 질적 수준도 주요국에 미치지 못하다는 점도 중대형이 회복될 여지가 있다는 분석이다. 지난해 우리나라 국민의 1인당 주거용 건축면적은 33㎡로 2005년 29㎡ 보다 13.8% 늘어났다. 그러나 일본 2003년 의 36㎡ 독일 2002년 40㎡ 영국 2001 44㎡ 미국 2003년 68㎡ 등 선진국에 비해서는 여전히 낮은 편이다. 한국에서 1인당 주택연면적은 계속 증가할 것으로 보인다. 소득이 늘어나면서 좀 더 넓은 공간을 찾는 수요가 늘어날 것으로 예상되기 때문이다. 중대형을 고를 때는 가급적 미분양 아파트가 유리하다. 중대형 전용면적 85㎡ 초과 미분양의 경우 예전엔 비인기지역이 대부분이지만 최근엔 인기지역에서도 적지 않게 나온다. 계약자가 동·호수를 직접 선택할 수 있다. 중대형 미분양 아파트를 고를 때는 주택 품질 상의 문제가 아니라 일시적인 경기 악화로 미분양된 유망지역을 고르는 게 유리하다. 이런 곳은 경기가 회복되면 이름 값을 할 수 있기 때문이다. 가급적 택지지구를 골라야 한다. 최근 보금자리지구 공급계획이 축소되면서 희소가치가 높아지고 있기 때문이다. 수도권에서 눈여겨볼 만한 곳으로는 경기도 남양주 별내신도시 동익미라벨 이다. 이 아파트는 지하 2층 지상 8∼15층 21개 동 규모다. 여기에 전용면적 기준 101∼111m² 802가구가 들어설 예정이다. 모든 주택형이 전용 85㎡ 초과 중대형으로 구성된다. 입지여건 또한 뛰어나다. 걸어서 10분 정도 거리에 경춘선 복선전철 지하철 8호선 별내역이 위치해 있다. 자동차를 이용하면 서울외곽순환고속도로 별내 나들목까지 1분 밖에 걸리지 않는다. 남양주에서 부동산 중개업을 하고 있는 A씨는 “지난해 말 서울과 춘천을 잇는 경춘선 복선전철 퇴계원역이 개통되면서 서울과의 접근성이 좋아진데다 기존의 서울외곽순환도로와 47번 국도 서울 춘천간 고속도로 외에 지하철 8호선 서울 강동구 암사 구리 남양주시 전철 연장사업 구리 포천 민자고속도로 사업 등이 진행중에 있어 별내지구가 신별내로 거듭나고 있다”고 밝혔다. 별내 동익미라벨은 별내지구에서는 드물게 공모전을 거친 아파트인 만큼 단지 설계가 뛰어나다. 단지 안에 유럽식 장식 정원 폭포수 정원 등 테마형 정원이 조성된다. 아파트 1층에는 유럽형 스트리트형 상가도 들어선다. 주택 시스템도 첨단을 자랑한다. 입주자는 주방에서 10인치 와이드 월패드를 통해 TV 시청과 전화 등을 할 수 있다. 에너지 절약형 설계도 눈에 띈다. 태양광발전 시스템을 설치해 공용부 전기 일부를 충당한다. 대기전력 자동차단 장치를 적용해 전자제품 플러그가 콘센트에 꽂혀 있어도 전력 낭비를 줄일 수가 있어 관리비가 적게 나온다. 계약 1년 후 전매가 가능하다. 2013년 2월 입주 예정이다. 분양가는 3.3m²당 1100만 원 선. 문의 1588 0116 자료제공 별내 동익미라벨 ⓒ 매일경제 mk.co.kr 무단전재 및 재배포 금지 MBA도 모바일로 공부한다.,https://news.naver.com/main/read.nhn?mode=LSD&mid=shm&sid1=260&oid=009&aid=0002486594,284
262162,2011.06.17. 오전 11:11,부동산,헤럴드경제,부동산 풍향계금리인상 1주일…구매심리 ‘꽁꽁’ 전세불안 ‘덜덜’,“전세를 찾는 문의전화는 쏟아지는데 물건이 없으니 응대도 못합니다. 학군ㆍ재건축 이주수요에 금리인상까지 기름부은 격이 되면서 전세시장 불안이 심화되고 있습니다” 강남 K공인 관계자 때이른 여름방학 학군수요로 꿈틀대던 전세시장이 한층 불안한 움직임을 보이고 있다. 주택시장 침체로 대기 매수세가 짙어진 가운데 금리인상 소식이 결정타를 날리면서 강남 등지를 중심으로 한 전세값 상승폭이 커지고 있는 것. 반면 매매시장은 하락세를 이어갔다. 특히 가뜩이나 거래가 실종된 재건축시장은 이번 금리인상이 직격탄이 된 모양새다. 17일 부동산정보업체 닥터아파트가 지난 한주간 수도권 아파트값을 조사한 결과 서울 전세가변동률은 0.12%로 집계돼 전주 0.06% 대비 상승폭이 두배로 확대됐다. 강남구 0.39% 가 가장 큰 폭으로 올랐으며 양천구 0.29% 노원구 0.18% 송파구 0.17% 강동구 0.15% 구로구ㆍ서대문구 0.09% 영등포구 0.08% 금천구ㆍ성북구ㆍ강서구 0.05% 등이 뒤를 이었다. 강남구는 꾸준한 학군수요에다 입주물량도 거의 없다보니 전세물량이 전적으로 부족한 상황이다. 게다가 대치동 청실아파트 1378가구 이주수요 발생으로 인해 전셋값이 급등세를 보이고 있다. 역삼동 현대공인 관계자는 “재건축 이주 전 미리미리 전세집을 구하는 손님이 많아지면서 매물이 씨가 말랐다”며 “금리인상으로 그나마 있던 매수희망자는 사라지고 수천만원씩 오른 가격에도 선뜻 계약을 하겠다는 전세 수요자만 수두룩하다”고 설명했다. 대치동 은마 102㎡가 3000만원 상승한 3억 3억5000만원 역삼동 역삼래미안 79㎡A가 1000만원 오른 3억 9000만 4억 2000만원선이다. 양천구도 때이른 학군수요가 일면서 전세가가 크게 뛰었다. 목동 대원칸타빌2차 138㎡가 3000만원 오른 3억6000만 4억원대다. 이영진 닥터아파트 리서치연구소장은 “기준금리 인상으로 이자부담을 느낀 매수 대기자들이 전세로 눌러앉으면서 전세값 상승세가 당분간 지속될 것”으로 내다봤다.,https://news.naver.com/main/read.nhn?mode=LSD&mid=shm&sid1=260&oid=016&aid=0000387031,284
262163,2011.06.17. 오전 11:11,부동산,헤럴드경제,이 불황에 74대 1,부산 명륜 아이파크 청약 평균 28대 1 폭발적 인기 부산 부동산 시장의 ‘분양 불패’ 행진이 이어지고 있다. 17일 금융결제원에 따르면 전일 현대산업개발이 공급하는 명륜 아이파크 1순위 청약접수 결과 특별 공급분을 제외한 858가구 모집에 총 2만4290명이 청약해 평균 28.3대 1의 경쟁률을 기록한 것으로 조사됐다. 특히 1단지 전용면적 84A㎡의 경우 169가구 모집에 1만 2508명이 몰려 74대 1의 폭발적인 경쟁률을 기록했다. 1단지 62㎡ 75가구 은 45.5대 1 84B㎡ 72가구 과 84C㎡ 100가구 도 각각 37.7대 1 21.3대 1로 마감됐다. 중대형 아파트도 최고 8.9대 1의 경쟁률을 나타내는 등 높은 인기를 끌었다. 14개 주택형 가운데 2단지 109㎡ 2가구만이 유일하게 미달돼 17일 2순위 접수를 실시했다.,https://news.naver.com/main/read.nhn?mode=LSD&mid=shm&sid1=260&oid=016&aid=0000387030,284
262164,2011.06.17. 오전 11:11,부동산,헤럴드경제,높은 매매가 수익률 ‘발목’…지역 엄선을,오피스텔 서울 평균 5.67%로 ‘뚝’…공급부족지 압축을 아파트 4월 기준 2.99% 불과…시세차익 동시 노려야 한국은행이 지난해 7월부터 기준금리를 2%에서 3.25%까지 5차례에 걸쳐 지속적으로 인상하면서 수익형부동산 투자자들의 투자 전략에도 상당한 변화가 예고되고 있다. 기준금리 인상으로 수익형 부동산 투자의 바로미터가 되는 정기 예금금리가 동반 상승하면서 매달 받는 임대료를 바탕으로 한 연간 임대수익률과의 격차가 줄어들고 있기 때문이다. 오피스텔 연간 임대수익률은 하락세 최근 분양 시장에서 연일 돌풍을 일으키고 있는 오피스텔은 지난해부터 지속적으로 임대수익률이 하락세를 보이고 있다.오피스텔 붐에 편승해 섣불리 투자에 나서서는 안되는 이유가 이 때문이다. 부동산114가 지난해 1월부터 지난달까지의 서울 소재 50실 이상 오피스텔의 임대수익률을 조사한 결과 지난해 1월 연 5.95%이던 임대수익률은 지난달 5.67%까지 하락했다. 경기도의 평균 임대수익률도 지난해 1월 6.56%였지만 지난달에는 6.23%까지 떨어졌다. 기준금리가 1.25% 상승하는 동안 반대로 오피스텔의 임대수익률은 0.3% 가량 떨어진 것이다. 한국은행이 기준금리를 인상하자 주택 구매 대기 심리가 더욱 강화되며 전세 시장이 재차 불안해지고 있다. 송파구의 한 중개업소에는 일주일새 수천만원 떨어진 재건축 급매물과 수백만원씩 오른 전세 물건이 동시에 나오고 있다. 오피스텔 임대 수익률 하락세의 근본 원인은 오피스텔 매매가 상승이다. 서울의 오피스텔 3.3㎡당 매매가는 지난해 1월 919만원이었지만 지난달에는 973만원까지 올랐다. 경기도도 지난해 1월 3.3㎡당 686만원이던 것이 지난달 711만원까지 상승했다. 분자에 해당하는 임대료에 비해 분모인 매매가가 가파르게 상승하다 보니 임대 수익률은 자연스럽게 하락한 것이다. 김규정 부동산114리서치센터장은 “기존부터 오피스텔을 보유하고 있던 투자자라면 매매가 상승과 매달 고정적인 임대수익을 얻는 일석이조의 효과를 누렸을 것”이라며“하지만 신규로 오피스텔을 매수하려는 이들의 경우에는 매매가가 높아져 이미 수익률이 크게 낮아진 상태라는 점을 유념해야 할 것”이라고 말했다. 이에 따라 김 센터장은 교통 여건이 양호하면서 상대적으로 수요에 비해 공급이 부족한 지역에 선별적으로 투자에 나설 것을 조언했다. 실제로 광진구 화양동의 글로벌 오피스텔 44㎡의 경우 현재 연 임대수익률이 10.6%에 달한다. 늘어나는 아파트 월세 수익률은 부진 심각해지는 전ㆍ월세난 여파로 아파트의 전세 물량이 대거 반전세 및 월세로 전환되고 있지만 오피스텔에 비해선 수익률이 미약한 것으로 나타났다. 이는 오피스텔에 비해 아파트의 매매가가 월등히 높은 데서 비롯된 현상이다. 실제 서울 소재 아파트의 평균 임대 수익률은 지난 4월 기준 2.99%에 불과하다. 지난해 1월 2.69%에 비해서는 1년 여 만에 0.3%P 가량 높아졌지만 여전히 오피스텔 임대수익률에 비해서는 절반 수준에 불과하다. 다만 아파트의 경우 매매 가격의 탄력성이 오피스텔에 비해 높은 점을 감안해 추후 매매차익을 노려볼 수 있다는 분석이 제기됐다. 전월세상한제가 도입되면 임대료의 사전 상승 효과도 기대해볼 수 있다. 김 센터장은 “쉽사리 매매가가 상승하지 않는 오피스텔이 최근 적잖은 상승폭을 기록하며 추가적인 매매 가격 상승에 대한 부담감이 커졌다”라며 “하지만 아파트의 경우 매매 가격 상승폭이 크지 않았던 만큼 양호한 지역 수급과 가격 요건을 갖춘 단지를 고른다면 아파트를 통해서도 월 임대료와 매매가 상승의 동반 효과를 누려볼 수도 있다”고 전망했다.,https://news.naver.com/main/read.nhn?mode=LSD&mid=shm&sid1=260&oid=016&aid=0000387029,284
262165,2011.06.17. 오전 11:11,부동산,헤럴드경제,교하신도시 일대 분양 기지개,전세난·교통확충 관심 롯데 등 올 4000가구 공급 부동산 시장 침체와 공급 과잉 대북 리스크 등으로 ‘삼중고’에 빠졌던 경기도 파주 교하신도시 일대에 분양재개 움직임이 일고 있다. 제2자유로 개통 등 교통망 개선과 생활기반시설이 속속 모습을 갖추면서 주거환경이 크게 개선된데다 수도권 전세난에 떠밀려온 수요자들이 꾸준히 유입돼 시장이 회복세로 돌아섰기 때문이다. 17일 건설업계에 따르면 메머드급 단지인 ‘교하신도시 롯데캐슬’을 필두로 파주일대에서 오는 10월까지 총 4021가구가 신규공급된다. 롯데건설은 교하신도시 A14블록에서 지하1층 지상18 20층 20개동 규모 총 1880가구를 분양 중이다. 전용면적 59 126㎡로 구성됐으며 72만 6000㎡ 규모의 가온호수공원이 맞붙어 호수공원조망이 가능한 게 특징이다. 한라건설도 이달 하순께 마두역 인근에서 ‘교하신도시 한라비발디’ 모델하우스를 열고 본분양에 들어간다. 지하 2층∼지상 25층 10개동 규모로 지어지는 한라비발디플러스 총 823가구 는 전용면적 59 130㎡으로 구성된다. 단지 바로 옆에 상업지구가 조성돼 대형할인마트인 홈플러스 등 각종 생활편의시설과 교육시설이 들어설 예정이다. 업계 한 관계자는 “파주신도시의 경우 공급과잉과 시장의 침체가 맞물리면서 미분양이 적체된 지역이었지만 수도권 전세난과 교통망 확충 등으로 점차 안정세를 보이고 있다”며 “특히 향후 분양예정 물량들은 분양가가 상대적으로 저렴하게 책정될 예정이어서 수 요자들이 관심을 가질 만 하다”고 말했다.,https://news.naver.com/main/read.nhn?mode=LSD&mid=shm&sid1=260&oid=016&aid=0000387028,284
262166,2011.06.17. 오전 11:10,부동산,헤럴드경제,골든트라이앵글에 한국인 호텔 연말 준공,주 타코라 막바지 공사진행 중견부동산 개발회사인 주 타코라 대표 김승정 가 태국과 라오스 국경인 ‘골든트라이앵글’ 지역에 대규모 리조트를 건설한다. 지난해 초 라오스 정부로부터 호델 건축허가를 획득한 이 회사는 1차로 올 연말까지 5성급 타코라 호텔 조감도 과 특화부대시설을 완공하기 위한 막바지 공사를 벌이고 있다. 총 214만㎡ 65만평 규모의 리조트부지는 경제특구에 해당하고 복합단지로서 향후 아세안 북부 경제권의 허브가 될 것으로 기대된다. 현 사업지역은 중국과 라오스 태국을 잇는 3번고속도로가 관통하는 곳으로 동남아 최대 관광과 물류 유통 지역으로 각광 받고 있으며 경제자유 특구지역으로 지정돼 있어 외국인 투자유치가 활발한 곳이다. 연차적으로 여객 및 화물터미널 고속도로 휴게소 백화점 컨벤션센터 테마파크 등도 조성할 방침이다. 타코라 호텔은 지붕공사가 완료되는 8월부터 지분 투자 방식으로 일반투자자를 모집할 예정이다. 사업 수익의 일정지분은 우선주 방식으로 일반 투자자에게 배정한다. 회사측은 “투자자의 예상수익율은 호텔부문과 특화부대시설 부문의 매출로 인해 국내의 다른 투자상품보다 우수하다”고 설명했다. 투자자 지분관리 및 배당은 국내 중견 회계법인 ‘리안’에서 맡는다.,https://news.naver.com/main/read.nhn?mode=LSD&mid=shm&sid1=260&oid=016&aid=0000387027,284
262167,2011.06.17. 오전 11:09,부동산,파이낸셜뉴스,태영건설 광교 경기도청역 데시앙루브 잔여분 분양,태영건설은 경기도 수원 광교신도시 4 2블록 일대 2742㎡ 에 ‘광교 경기도청역 데시앙루브’ 조감도 잔여분을 분양한다고 17일 밝혔다. 지하 1층 지상 15층 1개동이며 전용면적 20∼22㎡ 27실 29∼31㎡ 198실 39㎡ 18실 등 총 283실이다. 모두 9개 타입의 소형으로 이뤄져 있으며 분양가는 3.3㎡당 800만원대 안팎이다. 입주는 오는 2012년 12월로 계획하고 있다. ‘광교 경기도청역 데시앙루브’는 광교테크노밸리 바로 맞은편에 자리잡고 있다. 인근에는 향후 경기도청 행정타운과 법조타운 에듀타운 비즈니스파크 등이 인근에 조성될 예정이다. 또 경기대·아주대 등도 인접해 직장인과 연구원 신혼부부 대학생 등의 임대수요가 풍부하다. 걸어서 5분 거리의 신분당선 경기도청역 2016년 개통 예정 을 이용하면 30분 만에 서울 강남에 도착할 수 있으며 동수원 IC 및 광교상현 IC가 가까워 동서남북 어디든 신속하게 이동할 수 있다. ‘광교 경기도청역 데시앙루브’는 에어컨 TV 냉장고 세탁기 비데 등 가전제품과 붙박이가구가 모두 갖춰진 ‘풀 퍼니시드 full furnished ’ 시스템이다. 주차장은 지상 2∼6층으로 설계됐고 모든 평형의 오피스텔이 7∼15층으로 자연채광과 환기 등에 유리하다. 지상 7층에 휴게공간 옥상에 하늘정원을 설치함으로써 저층부 주차장 와 고층부 오피스텔 의 자연스러운 공간 분할이 이뤄지도록 했다.,https://news.naver.com/main/read.nhn?mode=LSD&mid=shm&sid1=260&oid=014&aid=0002458765,284
262168,2011.06.17. 오전 11:06,부동산,헤럴드경제,“DTI·분양가상한제 규제완화 필요…해외 개척·녹색성장으로 제2 도약”,“국내 건설산업은 경제 성장세의 위축과 민간 주택시장 회복세의 지연 건설투자 부진에 따른 공사물량 부족으로 업체 간 경쟁이 심화되고 수익성은 악화되는 등 심각한 위기 상황에 직면해 있습니다. 이번 건설의 날을 계기로 불필요한 규제를 걷어내고 건설업의 신성장동력을 창출하는 토대가 마련됐으면 합니다.” 지난 3월 대한건설단체총연합회 회장으로 공식 취임한 후 처음으로 ‘건설의 날’을 맞이한 최삼규 회장 사진 의 마음은 사실 편치 않다. 그는 취임 이후 여러 경로를 통해 건설업계의 애로점을 청취해왔다. 그 결과 업계가 처한 상황이 생각보다 심각하다는 데 결론이 도달했다. 최 회장은 “수주 산업인 건설업의 현황 지표로 사용되는 건설공사 수주물량은 2007년 127조9000억원을 기록한 이후 연속적으로 줄어들고 있으며 올해도 역시 102조7000억원을 기록하며 감소세를 이어갈 것으로 보인다”며 “더구나 민간건설의 50% 이상을 차지하는 주택시장에서 미분양주택이 장기 적체돼 건설업체들이 심각한 유동성 위기를 겪고 있다”고 우려했다. 그는 이런 위기 상황을 타개하기 위한 최대 현안으로 ‘주택시장의 정상화’를 꼽았다. 현재 주택시장은 DTI 총부채상환비율 등 주택금융 규제로 거래시장은 침체된 반면 매매 수요가 전세로 전환돼 전세가는 급등하는 상황. 이런 비정상적인 시장 상황을 해결하기 위해서는 무엇보다 분양가상한제의 폐지가 시급하다는 것이 최 회장의 판단이다. 실수요자를 거래시장으로 끌어들일 주된 방책이 분양가상한제 폐지라는 것이다. 최 회장은 동시에 현재 300억원 이상에서 100억원 이상 공사로 확대 예정인 최저가낙찰제 대상 공사의 확대 또한 저지하겠다고 공언했다. 그는 “최저가낙찰제는 건설업체 간에 물량확보를 위한 과당경쟁과 이로 인한 저가수주를 유발해 부작용을 양산할 것”이라고 말했다. 이어 최 회장의 시선은 미래를 향했다. 다름 아닌 건설산업의 신성장동력 발굴이다. 이는 정부의 재정 건전화 시책에 따른 건설 투자 축소 등으로 건설시장은 장기적으로 하향 안정될 것으로 보이는 만큼 신수요 창출에 의한 건설시장의 확대가 절실해졌기 때문이다. 그는 “건설시장의 안정적 성장을 위해서는 주택 경기 또는 정부의 단기부양책에서 벗어날 필요가 있다”고 강조했다. 이는 “건축ㆍ토목ㆍ플랜트의 균형 잡힌 사업수행 능력이 있다면 충분히 가능하다”고 했다. 구체적으로 중동ㆍ플랜트 중심의 시장에서 브릭스 BRICS 등 신흥국 시장으로 해외건설시장을 다변화하고 저탄소ㆍ녹색성장형 사업의 발굴이 필요하다고 최 회장은 제시했다. 최 회장은 “현재 건설업의 침체 원인은 개발시대의 확장을 마무리하고 있는 우리 경제의 구조적 변화에 기인한 것이지만 동시에 그동안의 환경 변화에 적절히 대응하지 못한 건설업계의 책임도 있다”며 건설업계의 미진한 대처를 지적한 뒤 “하지만 한국 건설산업의 미래를 위해 하루빨리 불합리한 각종 규제를 풀어 산업의 자생력을 높이는 방향으로 정책과 제도적 혁신이 달성됐으면 한다”고 당부했다.,https://news.naver.com/main/read.nhn?mode=LSD&mid=shm&sid1=260&oid=016&aid=0000387022,284
262169,2011.06.17. 오전 11:06,부동산,헤럴드경제,철저한 시공관리·친환경 고부가가치 창출,2011년 건설의 날 행사에서 최고 영예의 ‘금탑산업훈장’을 받은 박창규 롯데건설 사장은 지난 1977년부터 34년간 건설업에 종사하면서 해외 토목건설공사 시공 분야에서 철저한 시공관리를 통해 국내 건설업의 위상을 높이는 데 기여한 공로를 인정받았다. 박 사장은 특히 현장 중심의 품질경영 정착과 경영시스템 개선을 주도했고 저탄소 녹색경영으로 녹색기술을 선도하며 친환경 고부가가치 창출을 위한 미래 건설산업의 새로운 지평을 열어가고 있다. 또한 건설업 경영시스템 개선과 경영혁신 등을 통해 경쟁력을 강화하고 건설산업의 효율성과 투명성 제고로 건설산업 선진화에 기여하고 있다. 김경준 삼성물산 전무는 건설산업에 29년 2개월간 몸담아오면서 여러 대형 건설 프로젝트를 맡아 혁신적인 마인드로 새로운 기술을 개발ㆍ적용하고 진취적인 도전의식으로 남들이 불가능하다고 여기는 업무를 성공적으로 수행해왔다. 특히 아랍에미리트 UAE 부르즈 칼리파 현장소장을 비롯해 말레이시아 페트로나스트윈타워 필리핀 PBcom UAE ADIA Headquarters 빌딩 등 해외 초대형 프로젝트의 현장소장을 역임하면서 대한민국 건설기술의 위상을 전 세계에 드높임은 물론 해외건설 수출에 크게 이바지한 공로를 인정받아 ‘금탑산업훈장’을 수훈했다.,https://news.naver.com/main/read.nhn?mode=LSD&mid=shm&sid1=260&oid=016&aid=0000387021,284
262170,2011.06.17. 오전 11:06,부동산,헤럴드경제,눈물·땀으로 ‘건설한국’ 견인…이젠 글로벌시장 품는다,오늘 ‘건설의 날’ 기념행사 174명 유공자에 훈·포장 “도전·성취·위기극복 주역 PF 정상화·기술개발 지원 부동산 경기 연착륙 노력” 김황식 국무총리 노고 치사 ‘국민과 함께하는 건설 세계로 미래로 ’ ‘2011년 건설의 날’ 기념 행사가 김황식 국무총리 권도엽 국토해양부 장관 최삼규 대한건설단체총연합회 회장을 비롯한 1000여명의 건설인이 참석한 가운데 17일 서울 논현동 건설회관에서 열렸다. 이날 행사에서는 금탑산업훈장을 포함해 총 174명의 건설 유공자가 상을 받았다. 건설의 날 행사는 옛 건설부 창립일인 6월 18일을 기념해 지난 1981년부터 격년제로 열리다가 2002년부터는 매년 개최돼 올해로 21회째를 맞았다. 이번 건설의 날 행사는 ‘국민과 함께하는 건설 세계로 미래로 ’라는 주제로 국내 건설현장 등 지구촌 곳곳에서 땀을 흘리고 있는 건설인의 노고를 치하하고 자긍심을 고취시키며 건설업이 미래의 신성장동력으로 자리매김하겠다는 의지를 다지기 위해 개최됐다. 유례 없는 주택경기 침체로 국내 건설시장이 부진을 거듭하고 있지만 우리 건설업체들은 해외에서 초대형 프로젝트를 성공적으로 수행하며‘ 건설 한국호’의 경쟁력을 과시하고 있다. 사진은 쌍용건설의 싱가포르 마리나베이샌즈 호텔 왼쪽 과 삼성물산 건설 부문의 버즈 두바이 오른쪽 전경. 김황식 국무총리는 치사를 통해 “건설산업은 지난 60여년간 끊임없는 도전과 성취로 우리 경제의 고도성장을 견인해온 원동력이었으며 경제가 어려울 때마다 위기 극복의 주역이었다”며 “최근 건설업계가 어려움을 겪고 있음에도 글로벌 스탠더드에 맞춰 건설산업을 선진화해 나가면서 R D 투자 확대를 통한 건설기술 혁신 건설엔지니어링 같은 고부가가치 산업의 육성에 힘쓰는 등 모두의 지혜와 역량을 모아 현재의 위기를 전화위복의 기회로 삼아 극복해 나가줄 것”을 당부했다. 김 총리는 해외건설 수주액이 작년 700억달러를 넘는 등 세계 건설 10대 강국에 진입했지만 외국 선진기업과의 기술경쟁은 더욱 치열해지고 중국ㆍ터키 등 건설후발국의 거센 추격을 따돌려야 하는 등 건설산업 환경이 급변하고 있으므로 현실을 냉정하게 바라보고 환경변화에 능동적으로 대처해 나갈 것을 주문했다. 정부도 규제완화를 통해 주택공급 여건을 개선하고 부실 프로젝트 파이낸싱 PF 정상화 등을 통해 건설경기가 연착륙될 수 있도록 적극 노력할 것이며 건설산업이 체질을 개선하고 경쟁력을 강화해 나갈 수 있도록 가능한 모든 지원을 해나갈 것이라고 말했다. 이어 최삼규 건단련 회장은 기념사에서 “건설인들은 역사의 개척자로서 국내는 물론 해외에서까지 기념비적인 건축물을 건설하는 등 우리나라가 세계적인 건설강국으로 우뚝 서는 데 헌신적으로 기여했지만 오늘의 건설산업은 외환위기 이래 최대의 시련기를 맞고 있다”며 “높은 공공공사 의존도와 주택사업 일변도의 사업구조에서 벗어나 새로운 성장동력을 발굴해 안정적인 영업구조를 만들어 나가야 한다”고 강조했다. 최 회장은 특히 “건설산업의 건전한 발전은 일자리 창출과 내수 확대를 통해 서민이 살기좋은 사회를 만들기 위해서도 반드시 필요한 것”임을 강조하고 “정부도 건설업계가 지금의 어려움을 극복하고 새로운 도약의 계기를 만들어 갈 수 있는 건설 환경을 구축해야 한다”고 당부했다. 한편 이날 행사에서는 산업훈장 7명 산업포장 7명 대통령표창 7명 국무총리표창 9명 등 정부포상 30명과 국토해양부장관표창 144명이 수상의 영예를 안았다. 특히 올해부터는 건설산업 발전에 기여한 건설경영인뿐 아니라 우리 건설인의 성실성과 기술력을 해외에 알린 건설근로자와 건설기술ㆍ기계 분야에서 국산화를 이룬 실무 과장급 연구자에게 훈장 및 표창이 수여됐다. 삼부토건 건설현장 근로자 천병욱 씨의 경우 네팔 파키스탄 말레이시아 등 해외건설현장과 국내외 건설현장 등에서 34년 동안 쌓은 풍부한 기술력과 경험을 바탕으로 건설현장 안전시공을 통한 무재해 방지 노력 및 공사비 절감 등 국내 건설인의 저력을 해외에 알리는 데 크게 기여한 공로로 산업포장을 받았다. 또한 대림산업 문종훈 과장은 국내의 현수교 케이블 시공기술을 자립화하고 국책사업인 초장대교량 연구개발 사업에 참여해 장대현수교의 시공기술 발전에 이바지한 공로를 인정받아 대통령표창을 받았다.,https://news.naver.com/main/read.nhn?mode=LSD&mid=shm&sid1=260&oid=016&aid=0000387020,284
262171,2011.06.17. 오전 11:06,부동산,한국경제TV,서울시 주민투표 청구‥행정절차 돌입,서울시가 전면 무상급식 실시를 반대하는 주민투표가 청구된 사실을 공표하는 등 본격적인 행정절차에 돌입했습니다. 서울시는 오늘 주민투표 청구서와 청구인 서명부 열람기간과 시간 장소 등을 담은 주민투표 청구사실을 공표했습니다. 류태영·한기식 공동대표는 청구서에서 단계적 무상급식과 전면적 무상급식 정책 중 하나를 선택하는 주민투표를 청구한다 고 밝혔습니다. 서울시는 청구사실 공표에 이어 27일부터 다음달 6일까지 주민투표청구권자 및 중복서명 여부 등을 확인하는 서명부 검증절차를 진행할 계획입니다.,https://news.naver.com/main/read.nhn?mode=LSD&mid=shm&sid1=260&oid=004&aid=0002082666,284
262172,2011.06.17. 오전 11:05,부동산,한국경제TV,국토부 보금자리주택 폐지 계획없어,국토해양부가 2018년까지 보금자리주택 150만호를 공급하는 기존 계획에 변함이 없다고 밝혔습니다. 국토부는 한나라당이 보금자리주택의 일반분양을 없애거나 최대한 줄이고 이를 임대주택으로 돌리는 방안을 검토 중이라는 일부 보도와 관련해 이같이 해명했습니다. 국토부는 이어 주택수요 주택시장상황 LH 등 공공의 공급능력 등을 감안해 공급시기 등을 면밀히 검토 중 이라며 다만 보금자리 분양주택은 서민들의 소득수준과 구입능력에 맞도록 소형주택 위주로 공급해 민간주택과 수요계층을 차별화할 계획 이라고 설명했습니다.,https://news.naver.com/main/read.nhn?mode=LSD&mid=shm&sid1=260&oid=004&aid=0002082661,284
262173,2011.06.17. 오전 11:04,부동산,세계일보,선유도 지식산업센터에 분양문의 쇄도…본격적인 ‘한강 르네상스’ 시대 개막,세계닷컴 최근 대형건설사들이 지식산업센터 구 아파트형공장 건설에 참여하는 사례가 늘고 있다. 초고층 지식산업센터를 건립함으로써 기존의 답답했던 중층 박스구조의 아파트형공장과는 차별화된 경쟁력을 확보하려는 것으로 분석된다. 이에 아파트 공급이 급감함에 따라 최근 다시 관심이 불거지던 오피스텔과 함께 지식산업센터가 새로운 수익형부동산 상품으로 급부상하고 있다. 훨씬 높아진 층수로 탁 트인 조망을 확보하고 건물에 녹지ㆍ조경ㆍ휴식공간을 늘려 업무환경의 ‘쾌적함’까지 고려한 지식산업센터가 분양시장의 새로운 패러다임으로 자리 잡아가고 있다는 것이다. 현재 가산ㆍ구로ㆍ성수동과 수원 등지를 중심으로 퍼져 나아가고 있으며 특히 상장기업 아이에스동서가 분양 중인 ‘선유도역 아이에스비즈타워’에 업계의 관심이 집중되고 있다. ◇ 최상의 입지… 편리한 교통 치솟는 가치 아이에스 비즈타워는 9호선 선유도역에서 약 2분 거리에 위치한 초역세권 타워로 서울 전역에 대한 접근성이 탁월하다. 더욱이 선유도 일대는 서울지하철 9호선에 올10월 전동차 12대가 추가 배치되는 호재를 누림에 따라 투자자들에게 한껏 매력을 과시하고 있다. 뿐만 아니라 인근 올림픽대로 서부간선도로 내부순환도로 강변북로 등을 이용한 편리한 차량 교통여건 또한 이 같은 투자바람을 더욱 부추기고 있다. 여의도까지 5분 강남까지는 30분대로 이동이 가능하며 가산동디지털단지와 상암 DMC 의 10분대 거리로 서부권의 교통중심지에서 사통팔달의 교통 특권을 누릴 수 있기 때문이다. 아이에스비즈타워 분양 관계자는 “강남 여의도 마포 지역의 높은 임대료와 도심의 답답한 환경을 피해 사무실을 이전하는 수요가 많다”며 “특히 정보기술 IT 연구개발 R D 센터 등 첨단 업종의 수요가 많다”고 말했다. 실제로 2012년 3월 준공 예정인 인근의 선유도 코오롱 디지털 타워가 현재 70%대의 높은 분양률을 보여 이 같은 사실을 뒷받침하고 있다. 업계관계자들은 쾌적한 교통여건과 한강르네상스 유도정비구역 내에 자리 잡은 지리적 여건 등을 고려할 때 추후 부동산의 가치 및 주변 환경의 개선으로 인한 투자가치 또한 상승할 것이라고 내다보고 있다. ◇ 더 저렴하게 ‘한강 조망’의 프리미엄을 기존의 ‘아파트형공장’하면 떠오르던 박스형 구조 설계에서 벗어나 조망권을 확보하고 쾌적함을 살린 것은 최근 트렌드를 반영한 아이에스비즈타워의 가장 큰 장점이다. 연면적 40 142.78m² 1만2천여평 에 지하 2층부터 지상 26층의 건물 규모로 건물과 건물 간의 간섭을 없애 모든 층이 탁 트인 개방감과 우수한 채광을 누릴 수 있으며 거의 모든 호실에서 안양천을 볼 수 있다. 특히 상층부는 한강까지 볼 수 있는 프리미엄을 만끽할 수 있고 9.4m에 달하는 높은 1층 로비라운지는 외부 방문객은 물론 모든 입주자들에게 품격 있는 비즈니스 환경을 제공한다. 이처럼 교통 조망 쾌적 삼박자를 두루 갖춘 선유도역 아이에스 비즈타워가 업계에서 관심이 높은 이유는 이 모든 혜택을 상대적으로 저렴한 분양가로 누릴 수 있다는 사실 때문이다. 보통 시행사와 시공사가 나뉘어져 건물을 짓는 것이 일반적이지만 선유도역 아이에스 비즈타워는 시행ㆍ시공이 단일 회사에서 이뤄져 불필요한 비용을 줄일 수 있었다. 이에 선유도역 아이에스 비즈타워의 평균 분양가는 600만원대로 가산디지털단지나 성수동 지식산업센터들의 평균 분양가 700 900만원대에 비해 저렴하게 공급되고 있다. ◇ 믿을 수 있는 기업 아이에스동서 최근 연이은 건설사들의 퇴출과 부도로 건설사의 신뢰도에 대한 부분이 제고되는 시점에서 선유도역 아이에스 비즈타워의 시행 시공사인 아이에스동서는 투자자들이 안심할 수 있는 건실한 기업이다. 1975년 설립이후 요업분야와 건설분야에서 실력을 인정받아왔으며 코스피 상장 회사로 재무 구조가 탄탄하다는 평이다. 또한 청라지구의 ‘청라 에일린의 뜰’ 오피스텔 및 4월에 분양한 테라스하우스인 ‘광교 에일린의 뜰’을 부동산 침체기임에도 불구하고 1순위에 청약마감 및 최고 경쟁률 49 대1일 이라는 높은 경쟁률로 성공 분양시켜 화제를 모은 업체이기도 하다. 선유도역 아이에스 비즈타워를 분양받을 경우 따르는 세제혜택 또한 매력적이다. 최초 분양받아 입주하는 기업은 취득세와 등록세가 100% 면제되고 재산세는 5년간 50% 감면 받을 수 있다. ※본 콘텐츠는 기업 제공 자료로 세계닷컴의견과 다를수 있습니다. Segye.com Segye.com 인기뉴스 평양에 탄환비 쏟을 미사일 전진 배치…왜 日 한국女 토막살인…정부 머리 찾아내라 맨발의 기봉이 아저씨처럼 뛰고 또 뛰고… 재산 29만원 전두환 600만원짜리 항소장 김길태 교도소 탈옥했다 … 괴소문 일파만파 ⓒ 세계일보 Segye.com 무단 전재 및 재배포 금지 금융전문뉴스 세계파이낸스 모바일로 만나는 세계닷컴 세계닷컴은 한국온라인신문협회 www.kona.or.kr 의 디지털뉴스이용규칙에 따른 저작권을 행사합니다.,https://news.naver.com/main/read.nhn?mode=LSD&mid=shm&sid1=260&oid=022&aid=0002276333,284
262174,2011.06.17. 오전 11:03,부동산,매일경제,월세 받아 가세요 10년동안 임대료 대기업에서 지급,선임대후분양으로 “치솟는 물가 불안한 연금 한번에 해결했어요” 가정주부 이모씨 49세 는 남편 월급 이외에 소형매장 3개를 뉴코아에 임대주고 매달 300만 원 가량의 임대수익을 올리고 있다. 내 집 마련과 함께 소액의 수익상가를 먼저 사둔 것이 남들과 차별화된 재테크 전략이라고 말한다. 월급만으로 물가상승 자녀교육비 급증과 노후대책을 동시에 감당하기는 불가능하다는 것이다. 베이비붐 세대의 대규모 은퇴와 보금자리주택 등 정부의 적극적인 임대주택 공급으로 점차 주택가격은 하락할 전망이지만 빨라지는 정년과 평균수명연장 등은 노후생계를 위협하므로 생계유지수입원 확보에 빨간불이 들어왔다. 이런 상황에서 선임대후분양에 수익률 보장까지 되는 임대수익의 2중·3중 안정장치가 돼있는 부천터미널 소풍은 성업을 이루고있다. 등기 이전 받고 10년동안 뉴코아에서 월세 받아…. 소풍은 신도시의 탁월한 입지와 이랜드 그룹 뉴코아 킴스클럽이 10년 임대의 장기 계약조건으로 입점 임대계약기간 2009.9 2019.9 함으로써 10년동안 공실 및 건물관리 염려 없이 대기업으로부터 안정적으로 월세를 받을 수 있다. 실투자금 7천만 원대 매장을 분양 받으면 기다릴 필요 없이 등기 이전 후 바로 보증금과 익월 최저 85만 원 120만 원의 임대수익이 지급된다. 롯데백화점 본점 약 7.8배의 대규모 유통센터로 알려진 이곳은 현재 부천종합터미널과 11개관의 프리머스영화관 컨벤션웨딩홀 스포츠 센터가 단일건물 내 입점해 집객파워 및 매출 시너지가 무엇인지 보여주고 있다. 이중 1층부터 5층 까지 도심형 최대 프리미엄 아울렛인 뉴코아와 킴스클럽이 입점한 매장을 등기분양 한다. 이랜드가 선점한 이곳은 교통의 요지이며 지하철1호선과 2012년 개통예정인 7호선 상동역의 더블 역세권 형성으로 상권성장 잠재력과 시세차익이 기대되는 곳이다. 현재 완공 후 영업중인 것을 분양 받으므로 투자 후 바로 수익이 발생하고 소유권 이전 받기 전까지 분양대금을 한국자산신탁에서 안전하게 관리 해준다는 것이 투자자들이 선호하는 큰 이유중에 하나다. 분양문의 1588 4937 자료제공 소풍 ⓒ 매일경제 mk.co.kr 무단전재 및 재배포 금지 MBA도 모바일로 공부한다.,https://news.naver.com/main/read.nhn?mode=LSD&mid=shm&sid1=260&oid=009&aid=0002486584,284
262175,2011.06.17. 오전 10:54,부동산,이데일리,건설주택포럼 21일 서울시 주택정책 방향 세미나,이데일리 이진철 기자 사단법인 건설주택포럼 회장 신완철 은 내집마련정보사와 함께 오는 21일 오후 6시30분 서울시 역삼동 한신인터벨리 4층 메모리스에서 서울시 주택정책 방향 이라는 주제로 정기세미나를 개최한다. 발표자로는 김효수 서울시 주택본부장이 나와 서울시 주택정책 방향 에 대해 발표할 예정이며 발표 후 지명토론도 같이 진행된다. 토론자로는 김호철 단국대 도시계획 및 부동산학부교수 박재룡 삼성경제연구소 수석연구원 윤주선 한호건설 대표이사 장용동 헤럴드경제 논설위원실장 장홍균 현대산업개발 상무이사 등이 참석할 예정이다.,https://news.naver.com/main/read.nhn?mode=LSD&mid=shm&sid1=260&oid=018&aid=0002453880,284
262176,2011.06.17. 오전 10:50,부동산,아시아경제,부동산114 추천매물경기 안산 초지동 전원주택 7억원,경기 안산시 초지동 전원주택 아시아경제 정선은 기자 6월3주 부동산114는 경기 안산시 초지동 전원주택 등 4건의 매물과 경기 양주시 회암동 공장창고 등 4건의 임대물건을 추천매물로 소개했다. ◇팝니다 경기 안산시 초지동 전원주택 경기도 안산시 초지면에 위치한 면적 230㎡의 전원주택. 1층과 2층이 연결된 복층구조로 주변에 4호선 고잔역과 마트 및 초지초·중·고가 인접해 있다. 안산 와스타디움이 들어서 있고 테마폴리스가 조성될 예정. 가격은 7억원. 문의 010 9999 0691. 충북 단양군 단양읍 펜션 소백산 천동지구 입구에 위치한 면적 2906㎡ 7억원대 펜션. 캐나다 원목으로 지은 2층 규모로 2개동 총 10실과 별도로 바베큐장을 보유하고 있다. 근처에 단양군에서 운영하는 골프장과 물놀이장 및 관광지가 있어 이용 가능하다. 문의 011 468 4211. 충북 단양군 단양읍 팬션 서울 성북구 돈암동 토지 성북구 돈암동에 위치한 면적 8945㎡의 토지 매매. 고려대역과 성신여대 주변에 위치하며 현재 나대지 상태임. 성북구청으로부터 개발허가를 받았으며 연수원 교회 공공건물 등에 추천. 매매가 93억원. 문의 010 3763 2253. 충남 천안시 성정동 원룸 천안시 성정동에 위치한 501㎡규모 원룸건물. 매매가 11억원으로 원룸 16개와 투룸 4개로 구성돼 있다. 1호선 천안역에서 버스로 5분거리에 위치한다. 주변에 천안서 초·중·고 및 대형마트가 있음. 가격절충 가능. 문의 010 2036 1585. ◇세놓습니다 서울 강북구 미아동 상가 강북구 미아동에 위치한 면적 84㎡의 상가임대. 현재 피부관리실로 사용중이다. 시설비 및 집기포함 권리금 1000만원. 보증금 1000만원 월세 80만원이다. 수도요금 월 1만5000원 외 추가 관리비는 없음. 문의 010 6266 8754. 서울 강북구 미아동 상가 서울 강남구 도곡동 사무실 강남구 도곡동 280㎡규모의 사무실. 가격은 보증금 1억원 월세 1500만원 협의 가능 이다. 3호선 도곡역에서 5분 이하거리다. 주거·업무 겸용이며 24시간 냉·난방가능함. 엘리베이터는 총 9대고 주차는 총 4대 가능. 문의 010 2541 6048. 부산 남구 대연동 빌라 남구 대연동에 위치한 면적 92㎡의 빌라 전세매물. 가격은 6500만원이며 월세로 전환 시 보증금 4000만원 월세 25만원이다. 거실과 부엌이 연결된 복층구조며 독립적으로 사용가능한 옥상이 있음. 보증금은 협의가능. 문의 010 3833 0824. 경기 양주시 회암동 공장 양주시 회암동에 위치한 면적 561㎡규모 공장창고. 전셋값은 2억3000만원이며 보증금 3000만원 월세 200만원으로 전환가능. 1호선 덕정역에서 버스로 10분 거리며 주변에 대형마트가 인접해 있다.,https://news.naver.com/main/read.nhn?mode=LSD&mid=shm&sid1=260&oid=277&aid=0002624615,284
262177,2011.06.17. 오전 10:50,부동산,아시아경제,전국 토지시장 토지거래허가구역 해제 이후 더 침체,세종시 건설이 한창인 충남 연기군. 아시아경제 황준호 기자 토지거래허가구역이 대거 풀렸음에도 시장은 묵묵부답이다. 호재가 있든 없든 간에 매수자를 찾기가 하늘의 별따기다. 시장의 부동자금은 자취를 감춘지 오래다. 다주택자 양도세 중과 폐지와 함께 토지거래허가구역의 해제는 부동산 시장을 살릴 수 있는 몇 안되는 카드 중 하나이나 시장은 무반응 그 자체다. 토지시장은 주택시장의 선행시장이라는 점에서 경기침체의 나락은 더욱 길어질 전망이다. 16일 각급 지방자치단체에 따르면 국토해양부가 지난달 30일 전국 토지거래허가구역의 48% 2154㎢ 해제를 발표한 뒤 한달이 지났으나 거래건수는 늘지 않은 것으로 확인됐다. 정부는 지난달 30일부터 수도권의 녹지·비도시·용도미지정 지역 814㎢와 수도권 및 광역권 개발제한구역 1340㎢을 해제했다. 이는 국토부가 지정한 전체 허가구역 4496㎢ 의 48% 수준이다. 특히 이번 해제구역에는 서울 접근성이 좋은 수도권 토지와 개발 호재가 많은 지방지역의 땅이 대거 풀림에 따라 투자자들이 대거 움직일 수 있을 것으로 예상됐다. 이에 정부에서도 각 지자체에 거래량과 가격 추이를 보고토록 하고 있다. 하지만 결과는 예상과 반대방향으로 흘러가고 있다. 먼저 보금자리주택 개발 호재가 있는 과천시 하남시 등은 각각 22.85㎢ 18.81㎢가 풀렸으나 거래는 1 2건이 전부인 것으로 나타났다. 광명시도 허가구역 해제가 있었나 싶을 정도의 거래만이 이뤄졌다. 과천시 관계자는 가격변화는 없고 거래도 1 2건 가량으로 변동 없는 것으로 파악된다 고 말했다. 하남시 관계자는 해제구역 중 10%만이 개인토지 라면서도 축사로 쓸 수 있는 목장용지 한 건 정도가 거래됐다 고 밝혔다. 수도권에서 허가구역이 가장 많이 풀린 화성시 306.24㎢ 는 총 31건이 거래됐다. 하지만 통상 하루 허가구역내 거래 신청분만 20 30건으로 사실상 거래 변동은 없는 거나 마찬가지라는 게 화성시 관계자의 설명이다. 평택 용인 등도 상황은 마찬가지다. 해제한다 는 발표 후 한 달 해제 후 보름이 지났지만 오히려 거래는 더욱 실종된 상황이다. 용인 기흥구내 공인중개소는 해제 이후 땅주인들은 시세에 웃돈을 얹어 매물을 쏟아내고 있다 며 호가가 올라 매수자가 더욱 없어진 상황 이라고 토로했다. 상황은 지방도 마찬가지다. 과학벨트 세종시 각 지역 개발 호재 등이 있는 곳은 거래가 조금씩 이어지는 부분도 있으나 대부분의 지역에서 거래는 실종된 상태다. 과학벨트 세종시 등의 겹호재가 있는 대전지역은 특정 호재 인근 지역은 거래가 종종 이어지나 전체 거래량을 올릴만한 수준은 아닌 것으로 파악됐다. 가격도 제자리에서 머물고 있었다. 대전시 서구 관계자는 호재에 따라 아파트 시세에는 변동이 있으나 토지 거래에는 큰 영향이 없다 며 시간을 더 두고 지켜봐야할 것 으로 전망했다. 유성구에서는 허가구역이 풀림에 따라 농지취득증을 받는 사례는 있어도 외지인의 투자 사례는 잡히지 않는다 고 분석했다. 동구 서구 중구 등에서는 허가구역 해제에 따라 매물의 호가가 조금씩 오름에 따라 오히려 거래량이 줄어든 상황으로 분석했다. 이어 오송 생명과학단지 등의 호재를 입은 충북 청원에서는 이미 호재가 다 반영된 상태에서 허가구역 해제가 큰 의미를 부여하는 분위기는 아니다 라며 조금 더 지켜봐야할 것 으로 관측했다. 전남 나주 대구 달성 부산 해운대 등도 상황은 비슷하게 확인됐다. 이진우 소나무부동산연구소 소장은 허가구역 해제된 지역은 개발·보상완료지역 공원지역 및 국공유지 개발제한구역 등 각종 규제지역에 포함돼 당장 개발할 수 없는 지역 이라면서도 투자자들이 움직이지 않는 것에 대해 의미를 부여했다. 그는 토지를 매수하려는 사람들은 집을 한 채 이상 가진 여유가 있는 사람들 이라며 이들이 움직이지 않는 것은 부동산에 대한 기대심리 자체가 아예 사라진 것으로 분석된다 고 설명했다. 이어 시간을 더 두고 지켜봐야하겠으나 상황이 지속된다면 주택시장 등에 미치는 영향이 클 것으로 정부 차원의 지원이 절실히 요구된다 고 강조했다.,https://news.naver.com/main/read.nhn?mode=LSD&mid=shm&sid1=260&oid=277&aid=0002624614,284
262178,2011.06.17. 오전 10:41,부동산,헤럴드POP,청실 이주 임박 ‘요동치는 대치동 전세시장’,지난주 기준금리가 3개월 만에 0.25%포인트 추가 인상된 가운데 수도권 아파트 매매시장이 급랭하고 있다. 집값 하향세로 시세차익을 기대하기 어려운 상황에서 금리 상승으로 부담은 커져 주택 구매심리가 더욱 위축되고 있는 것이다. 매매시장 침체와 반비례해서 전세시장은 대기수요가 증가 전셋값이 다시 불안한 조짐을 보이고 있다. 특히 학군 선호지역과 재건축 이주지역 보금자리 공급지역을 중심으로 가파른 오름세를 나타냈다. 강남구는 청실 아파트 이주를 앞두고 대치동 일대 은마 미도아파트 등의 전셋값이 수천만원씩 오르면서 주간 0.67%의 전세 상승률을 기록했다. 경기에서는 혁신교육지구로 지정된 광명시 0.51% 가 혁신학교 진학 수요가 몰리면서 가장 큰 전세 상승폭을 보였다. 17일 부동산정보업체 부동산1번지 www.speedbank.co.kr 에 따르면 6월 셋째 주 아파트 매매가격은 서울 경기 인천이 각각 0.04%씩 내렸고 지난주 소폭 반등했던 신도시 0.0% 는 변동이 없었다. 전세시장은 서울 0.13% 신도시 0.10% 경기 0.08% 인천 0.03% 등의 변동률로 전주보다 0.03% 0.10%P 가량 오름폭을 키웠다. 서울 재건축 아파트값은 0.09%로 하락했다. 강동 0.46% 송파 0.36% 강남 0.15% 서초 0.03% 등이 내림세를 나타냈다. 양도세 거주요건 폐지 이후 매도물량은 늘어난 데 반해 기준금리 인상으로 투자심리는 더욱 얼어 붙는 양상이다. 강동구는 보금자리지구 지정 여파로 고덕주공2 6단지가 송파구는 가락시영이 면적대 별로 500만 1500만원씩 호가가 떨어졌다. 매매 서울은 △강동 0.26% △구로 0.17% △금천 0.10% △중랑 0.09% △관악 동대문 송파 0.08% △강서 0.07% △마포 0.06% △강남 서초 0.03% 등이 하락했다. 거래가 끊기다시피 하면서 기 출시됐던 매물들이 한차례 더 가격조정에 나서는 모습이다. 보합세를 유지하던 구로구도 매수세가 자취를 감추면서 매물이 적체되고 있다. 계속되는 전세금 상승에도 매매시장으로 전향하는 수요는 전무한 상태다. 구로동 삼성래미안 99㎡는 4억1000만 4억8000만원 선으로 한 주간 1000만원 내렸다. 강서구는 중대형아파트의 하락세가 이어지고 있다. 기존 시세보다 밑도는 저가매물 외에는 사실상 매수거래는 실종상태다. 가양동 대아동신 122㎡는 지난 주 보다 500만원 하향조정 돼 5억 5억7000만원 사이다. 강남구와 송파구 일대는 양도세 2년 거주요건 폐지 영향으로 매도인들이 꾸준히 물건을 내 놓고 있다. 하지만 보금자리주택과 금리인상 등 시장 불안요소가 여전해 대기수요의 관망세는 계속되고 있다. 신천동 잠실파크리오 108A㎡는 8억5000만 9억3000만원으로 500만원 하락했다. 신도시에서는 △일산 0.09% 은 오르고 △중동 0.10% 은 내림세를 기록했다. 중동은 소형아파트는 비교적 시세를 유지하고 있지만 중대형은 가격이 떨어졌다. 중동 그린타운한양 161㎡는 4억5000만 4억9000만원 사이로 1250만원 떨어졌다. 경기는 △광명 0.17% 이 상승을 △가평 0.54% △과천 0.30% △군포 의왕 0.09% 등은 마이너스 변동을 기록했다. 군포시는 매수부재로 물건 출시 기간이 길어지자 매도호가가 빠지는 추세다. 당동 용호마을e 편한세상 109㎡는 한 주간 500만원 하향조정 돼 3억5000만 4억1000만원 선이다. 광명시는 혁신학교로 진학하려는 수요가 몰리면서 소하동을 중심으로 매매 전세가격이 동반 강세를 보였다. 입주 2년 미만의 새 아파트가 많아 매도물량도 적은 편이다. 소하동 신촌휴먼시아 110A㎡는 4억2000만 4억5000만원 사이로 2500만원 올랐다. 전세 서울은 △강남 0.67% △중구 0.47% △송파 0.21% △도봉 0.19% △중랑 0.18% △구로 0.16% △강서 동대문 0.15% △강동 성동 영등포 0.14% △마포 0.13% △양천 0.12% 등이 오르고 나머지 지역은 보합을 나타냈다. 여름방학 이사수요가 증가하고 강남구 청실아파트 이주수요가 발생하면서 이번 주 0.13% 변동률은 지난주 0.07% 대비 상승폭을 키웠다. 강남구는 대치동 일대 전세금이 급등했다. 단지별로도 전세매물이 아주 적은 양으로만 나오고 있어 전세난이 우려되는 상황이다. 대치동 미도 112㎡는 3000만원 오른 4억2000만 5억1000만원 선이다. 중구는 신당동 일대의 상승이 눈에 띈다. 지하철 4호선 5호선 6호선 7호선이 지나가는 쿼드 역세권에 위치해 교통여건이 우수하기 때문이다. 신당동 신당푸르지오 76㎡가 2억3000만 2억5000만원 현대 109㎡가 2억 2억3000만원 사이로 각각 1000만원 올랐다. 송파구는 학군수요의 영향으로 전세수요가 다소 증가했다. 물건이 부족해지면서 전세금이 상승 경향을 보이자 집주인들이 다시 호가를 올리고 있는 것. 신천동 잠실파크리오 86A㎡는 1000만원 올라 3억5000만 3억8000만원 사이다. 신도시는 △일산 0.20% △분당 평촌 0.14% 순으로 상승했다. 분당은 여름방학 이사를 준비하는 학군수요가 늘면서 6월부터 다시 오름세를 보이기 시작했다. 수내동 매화주공3단지 49㎡가 1억1000만 1억2000만원 선으로 1000만원 오른 값에 시세가 형성됐다. 경기는 △광명 0.51% △여주 0.42% △파주 0.33% △군포 0.32% △용인 0.22% △안양 0.18% △의왕 0.17% 순으로 상승했다. 경기 0.08% 역시 지난주 0.04% 에 비해 상승폭이 커졌다. 광명시는 보금자리주택 대기수요가 매수를 보류하고 전세시장으로 발을 돌리고 있어 소형 위주로 물량부족 현상이 지속되고 있다. 철산동 주공8단지 62㎡는 1500만원 상승해 1억2000만 1억3000만원이다. 용인시도 매매수요가 다시 전세로 유입되면서 오름세를 나타냈다. 동천동 래미안이스트팰리스 3BL 111A㎡는 2억8000만 2억9000만원 선으로 1500만원 오른 값에 거래됐다.,https://news.naver.com/main/read.nhn?mode=LSD&mid=shm&sid1=260&oid=112&aid=0002203941,284
262179,2011.06.17. 오전 10:40,부동산,아시아경제,서울 민주 구청장들 무상급식은 국민 권리,아시아경제 문소정 기자 오세훈 시장이 시내 초등학교 전면 무상급식에 대한 찬반을 묻는 주민투표를 청구한 것에 대해 서울지역 민주당 소속 구청장들이 17일 무상급식은 우리나라 헌법에 규정된 국민이 당연히 누려야 할 권리 라는 성명서를 발표했다. 이해식 강동구청장 등 민주당 소속 구청장 10여명은 이날 오전 7시30분 시내 한 호텔에서 긴급 간담회를 열고 국민이 당연히 누려야 할 권리인 무상급식을 포퓰리즘 이라 칭하면서 정치적으로 활용하는 것에 유감을 표한다 고 밝혔다. 지난 16일 복지포퓰리즘 추방 국민운동본부는 시내 초등·중학생에 대한 전면 무상급식을 반대하는 주민투표를 청구했으며 오세훈 시장은 이에 대해 복지 포퓰리즘에 종지부를 찍을 역사적인 기로가 될 것 이라고 말했다. 이에 대해 이해식 구청장은 어제 전면 무상급식 반대 주민투표 청구 이후 오 시장의 기자회견과 관련해 무상급식을 집행하는 당사자로서 긴급히 모임을 열게 됐다 고 설명했다. 김성환 노원구청장은 무상급식에 대해 실제적인 이해관계를 갖는 쪽은 오 시장이 아니라 우리다 라며 투표에서 지면 손해가 큰 쪽이 민주당 지지층이라는 점에서 투표장에 나올 유인효과는 생각보다 작다고 본다 고 말했다. 이날 간담회에는 곽노현 서울시교육감도 참석했다. 그러나 곽 교육감은 오늘 간담회 참석은 구청장들께 다른 학교 정책을 제안하기 위한 것으로 무상급식과는 관계가 없다 고 선을 그었다.,https://news.naver.com/main/read.nhn?mode=LSD&mid=shm&sid1=260&oid=277&aid=0002624608,284
262180,2011.06.17. 오전 10:31,부동산,연합뉴스,분양소식 코오롱건설 G＋코오롱디지털타워,서울 연합뉴스 강건택 기자 코오롱건설은 17일부터 서울 구로구 구로동에서 G＋코오롱디지털타워 지식산업센터 구 아파트형공장 235실과 상가 24개를 분양한다고 밝혔다. 지하 4층 지상 18층 규모로 지식산업센터의 3.3㎡당 평균 분양가는 730만원 선이다. 서울디지털1단지에 들어서는 이 빌딩은 지하철 2호선 구로디지털역과 가깝고 KTX 광명역에서도 멀지 않아 전국 어디라도 3시간 안에 이동할 수 있다고 회사 측은 설명했다. 첨단 비즈니스 환경을 조성하기 위해 초고속정보통신 수준의 네트워크 시스템과 고효율 청정환기 시스템 지중열 냉난방 시스템 LED 옥외보안등 자연채광 시스템 건물일체형 태양광 시스템 등을 설치한다. 입주는 2013년 7월 예정이다.,https://news.naver.com/main/read.nhn?mode=LSD&mid=shm&sid1=260&oid=001&aid=0005117647,284
262181,2011.06.17. 오전 10:31,부동산,매일경제,분양카다로그와 다른 아파트 위자료 지급 결정,분양카다로그와 달리 시공된 아파트에 대해 위자료를 지급하라는 결정이 나왔다. 한국소비자원은 17일 대구 소재 태영데시앙아프트 거주자 279명이 제기한 분양카다로그와 다른 가변형벽체 시공에 따른 손해 와 관련 시공사 등이 신청인들에게 배상할 책임이 있다고 밝혔다. 중요 사항이 누락돼 있어 허위과장광고 내지 고지의무 위반에 따른 손해를 배상할 책임이 있다는 것이 조정 결정의 배경. 소비자분쟁조정위원회는 신청인 세대별로 위자료 50만원을 지급하라고 결정했다. 최익호 기자 r start 화보 양준혁 MBN 이혜경 아나와‥무슨 사이길래 선박왕 역외탈세 추징 제동 달라진 쇼호스트 말보다 마음으로 판다 북한 미모의 女승무원 화제 서울대 부모 연봉 3800만원 이하 전액장학금 지급 할마에 김태원 남격 합창단 시즌2 지휘봉 잡는다 포토 공항에 뜬 카라 상큼한 공항패션 r end ⓒ 매일경제 mk.co.kr 무단전재 및 재배포 금지 MBA도 모바일로 공부한다.,https://news.naver.com/main/read.nhn?mode=LSD&mid=shm&sid1=260&oid=009&aid=0002486549,284
262182,2011.06.17. 오전 10:29,부동산,머니투데이,국토부 잇딴 공직비리에  윤리강령 만들기로,머니투데이 홍혜영 MTN기자 공무원들의 향응과 간부급 직원의 뇌물 수수로 물의를 빚은 국토해양부가 뒤늦게 윤리강령을 만들기로 했습니다. 국토부는 어제 권도엽 장관과 노조위원장 등이 참석한 가운데 회의를 열고 직원들의 윤리 행동강령을 제정하기로 했습니다. 윤리 강령에는 국회 산하 공공기관 협회 등 산하단체와 언론 등 대외 기관과의 식사·술자리 문화와 행동 지침에 대한 내용이 담길 예정입니다. 국토부는 세부 실천안을 마련해 오는 20일 확대간부회의에서 최종안을 확정하기로 했습니다.,https://news.naver.com/main/read.nhn?mode=LSD&mid=shm&sid1=260&oid=008&aid=0002557225,284
262183,2011.06.17. 오전 10:27,부동산,세계일보,미래가치와 임대수익 최고급 주거환경까지 갖춘 오피스텔,세계닷컴 최근 들어서 오피스텔은 정부에서 법개정을 통해 준주택으로 분류할 만큼 기존의 업무시설의 개념에서 소형아파트를 대체할 수 있는 또 다른 주거형태로 거듭나고 있다. 이러한 오피스텔의 투자시 각 개인의 자금수준과 성향에 맞는 선별적 투자방식이 필요하다. 특히 임차인이 기본적으로 살수 있는 내부 구조가 맞춰져야 임대가 용이하여 수익성이 좋아진다는 것을 명심해야 한다. 너무 저렴한 가격에 맞는 소형이 아닌 고시원 수준의 오피스텔이 고수익을 발생시킬 수 있다는 말에 현혹되어 분양을 받게 되면 낭패를 보기 십상이다. 이에 전문가들은 최소한 실면적이 33㎡이상은 되어야 실질적인 생활이 가능하며 유동인구 및 주변의 인프라가 얼마나 형성되었는지 반드시 확인을 해야지만 ‘미래가치’와 ‘임대수익’을 기대할 수 있다고 조언한다. 이런 부동산 시장의 흐름 가운데 동탄 신도시에 삼성반도체 및 LG전자 등 산업단지 조성과 인구유입 증가와 맞물려 전문가들 사이에서도 그 투자가치가 새롭게 조명되고 있는 “동탄 센트럴시티 오피스텔”이 세간의 이목을 집중시키고 있어 귀추가 주목되고 있다. 동탄 센트럴시티 오피스텔은 전 세대 9층 이상 남향배치로 주거환경의 쾌적성을 높였으며 분양가 또한 거품을 제거하여 3.3㎡당 평균 600만원대를 실현 인근 동탄 신도시 내 오피스텔에 비해 3.3m²당 분양가가 약50만원에서 150만원이상 저렴하여 투자비용 대비 높은 투자수익을 얻을 수 있다. 또한 가격만 저렴한 것이 아니라 내부공간 또한 고급 시스템창과 커튼월이 시공되고 실내인테리어는 기존의 오피스텔에서는 볼 수 없었던 고급 주상복합을 연상케 하는 실내를 구성하여 고급 오피스텔의 장을 열었다며 주변 부동산과 전문가들은 입을 모으고 있다. 교통면에서도 KTX GTX 외에 서울 동탄간 도로개통으로 동탄에서 강남까지 20여분이면 도착이 가능하며 제2외곽순환도로가 일부 개통되면서 서해안에서 양지까지 시간이 단축되어 서울 도심으로의 진입이 용이하다. 이런 면에서 안전성과 수익성은 물론 교통의 편의성을 갖추고 임대수요 또한 풍부한 “동탄 센트럴시티 오피스텔”은 눈 여겨 볼만한 투자 상품임이 확실해 보인다. 오는 2011년 9월말 입주예정인 센트럴시티 오피스텔은 분양권 전매가 가능하며 중도금 40%무이자 대출과 42인치 TV를 비롯해 삼성전자 빌트인 시스템 에어콘 건조기능 드럼세탁기 냉장고 이 풀옵션으로 무상제공 된다. 문의 031 8003 0600 ※본 콘텐츠는 기업 제공 자료로 세계닷컴의견과 다를수 있습니다. Segye.com Segye.com 인기뉴스 평양에 탄환비 쏟을 미사일 전진 배치…왜 日 한국女 토막살인…정부 머리 찾아내라 맨발의 기봉이 아저씨처럼 뛰고 또 뛰고… 재산 29만원 전두환 600만원짜리 항소장 김길태 교도소 탈옥했다 … 괴소문 일파만파 ⓒ 세계일보 Segye.com 무단 전재 및 재배포 금지 금융전문뉴스 세계파이낸스 모바일로 만나는 세계닷컴 세계닷컴은 한국온라인신문협회 www.kona.or.kr 의 디지털뉴스이용규칙에 따른 저작권을 행사합니다.,https://news.naver.com/main/read.nhn?mode=LSD&mid=shm&sid1=260&oid=022&aid=0002276313,284
262184,2011.06.17. 오전 10:27,부동산,이데일리,한강신도시 첫 입주 우남퍼스트빌 가봤더니,이데일리 김동욱 기자 우남퍼스트빌이 김포한강신도시 첫 입주 테이프를 끊는다. 17일 입주를 시작하는 우남퍼스트빌은 1202가구 대단지로 전용면적 131 250㎡의 중대형 위주로 구성됐다. 지난 2008년 8월에 분양을 시작한 이후 3년5개월 만에 그 결실을 보게 되는 셈이다.,https://news.naver.com/main/read.nhn?mode=LSD&mid=shm&sid1=260&oid=018&aid=0002453865,284
262185,2011.06.17. 오전 10:25,부동산,세계일보,교육도시 일산 덕이 아이파크 명문 학군 아파트로 주목,세계닷컴 경기도 일산 마지막 랜드마크 일산덕이 아이파크 1 5단지의 입주가 1월 중순부터 시작하여 지금 막바지에 이르고 있다. 분양 당시부터 화제를 모았던 덕이지구 아이파크는 부동산 침체 속에서 매머드급 단지가 입주하면서 일시적으로 가격약세를 보였지만 입주시작과 함께 분위기가 다소 회복되고 있다. 현재는 일부 급매물이 소진되면서 동호수가 좋은 세대는 자취를 감추었고 가격 하락은 서서히 멈추고 있는 상태이다. “일산덕이 아이파크”는 브랜드 규모 단지시설 세대 인테리어등 어느 하나 빠질 것 없는 조건으로 일산의 랜드마크로 자리매김이 기대되는 단지이다. 덕이지구는 지역주민의 주거선호도가 높아서 아파트가 10년 이상 된 일산권 지역 주민들이나 파주권에서 이전수요가 높으며 지금도 입주하려는 입주자들과 전세를 구하려는 수요로 분주하다고 한다. 자유로 1 2 강변북로 외곽순환도로를 이용하여 서울로의 접근 편의성 1 556가구 규모의 대단지 덕이지구 총 4 872가구 현대산업개발의 “아이파크” 브랜드까지 더해지면서 일산권 뿐 만 아니라 수도권에서 이만한 단지가 없을 것으로 보여진다. 일산덕이 아이파크는 주변 주거환경과 비교할 때 당연 뛰어나다고 할 수 있다. 이미 일산 신시가지 내 단지들은입주연차가 10년 이상 된 경우가 많기 때문에 대규모 새 아파트의 등장은 매우 반가운 일이 아닐 수 없다. 일산덕이 아이파크 1단지는 693가구 주택형 111 207m2으로 구성되어 있으며 5단지는 863가구 주택형 111 210m2으로 구성되어 있어 대형외에도 중소형을을 찾는 수요자들도 관심을 가질 수 있다. 일산덕이 아이파크가 자리한 일산 서구지역은 국내 최대 규모의 국제전시장 킨텍스 롯데 현대백화점 기존 신세계백화점 2012년 예정 한류월드 예정 레이킨스 몰 농수산물 종합유통센터 이마트등이 위치하여 대한민국 쇼핑과 문화 콘텐츠의 천국으로 우뚝 설 것으로 보이며 이에 따라 향후 일산덕이 아이파크가 일산 서구 지역 개발의 최대 수혜 단지가 될 것은 명확한 사실이다. 또한 단지 인근의 중앙공원은 물론 호수공원과 고양종합운동장 등에서 여가를 즐길 수 있는 쾌적한 환경과 탄현역 역세권 기존 자유로 1 2 및 외곽순환도로를 이용한 서울로의 뛰어난 접근성과 경의선 확충 서울 문산 고속도로 2014년 예정 일산 GTX 2017년 예정 일산 제2의 강남으로 급부상 등으로 수도권 교통의 중심지로 우뚝 설 것으로 기대되며 덕이지구내 백송 한산초교 덕이중교 덕이고교 공사중 가 개교하였거나 예정이며 교육도시 일산의 교육시설과 명문학원 파주 영어마을을 편리하게 이용할 수 있는 교육환경의 중심지를 자랑한다. 전망 채광과 통풍을 고려한 타워형 설계와 녹지율을 높이고 100% 지하주차장 설계 1 5단지 로 안전한 보행 환경과 쾌적한 생활환경을 제공하였으며 넓은 중앙공원과 생태공원을 바라보며 생활할 수 있는 탁월한 조망권을 확보하였으며 전세대를 남향 위주로 배치한 것도 주요 특징이다. 또한 다양한 운동과 휴식을 즐길 수 있는 주민운동시설 및 휘트니스센터 실내 골프연습장 동호회실등 꼭 필요한 시설만을 갖춘 커뮤니티센터가 가장 큰 자랑거리이다. 인근 식사지구 및 덕이지구내 신동아 파밀리에등 한꺼번에 많은 물량이 입주를 시작하면서 전세가격은 주변보다 저렴한 편이다. 일산덕이 아이파크는 신규 아파트임에도 불구하고 기존 아파트와 전세가격 차이가 많이 나지 않자 봄철 수요가 몰리면서 전세거래가 활발하여 현재는 남은 물량이 마무리로 진행 중에 있다. 매매가격은 약보합세를 유지하고 있지만 4월말 기점으로 분양가보다 약 10% 가량 저렴한 매물들이 눈에 띄게 소진되었으며 이전에는 단지 전체의 30% 가량이 급매물로 나왔지만 임대가 활발하여 매매가 임대로 전환되면서 급매물양이 크게 감소하였으며 이로 인해 매매가도 분양가 수준으로 회복되는 모습을 보이고 있다. 지금은 가격이 빠지면서 40평형이상을 중심으로 분양가보다 낮은 가격에 매물이 나오지만 입주가 마무리 되면서 가격이 바닥이라고 인식한 수요자들이 급매물을 매수하고 있는 분위기이다. 일산덕이아이파크 임대 및 매매 문의 031 902 3807 902 3813 903 1645 ※본 콘텐츠는 기업 제공 자료로 세계닷컴의견과 다를수 있습니다. Segye.com Segye.com 인기뉴스 평양에 탄환비 쏟을 미사일 전진 배치…왜 日 한국女 토막살인…정부 머리 찾아내라 맨발의 기봉이 아저씨처럼 뛰고 또 뛰고… 재산 29만원 전두환 600만원짜리 항소장 김길태 교도소 탈옥했다 … 괴소문 일파만파 ⓒ 세계일보 Segye.com 무단 전재 및 재배포 금지 금융전문뉴스 세계파이낸스 모바일로 만나는 세계닷컴 세계닷컴은 한국온라인신문협회 www.kona.or.kr 의 디지털뉴스이용규칙에 따른 저작권을 행사합니다.,https://news.naver.com/main/read.nhn?mode=LSD&mid=shm&sid1=260&oid=022&aid=0002276312,284
262186,2011.06.17. 오전 10:21,부동산,아시아경제,우남퍼스트빌 입주민이 만든 아파트,우남퍼스트빌 단지내에 조성된 높이 8m의 석가산. 아시아경제 박충훈 기자 우남퍼스트빌이 17일 김포한강신도시에서 첫입주민을 받는다. 우남퍼스트빌은 입주민들의 숨결이 곳곳에 닿아있는 아파트다. 입주예정자협의회원들이 월 2회 현장을 방문해 회사 관계자와 함께 보완점을 건의했고 회사는 이를 적극 수용했다. 1400여명의 회원을 둔 입주예정자 온라인 커뮤니티 회원들도 바쁘다. 하루에도 수십 건씩 공사 진척사항과 입주 정보를 게시판에 올리며 의견을 교환한다. 그 결과 많은 것들이 개선됐다. 우선 현관문 재질을 철제 강판에서 고급 동판으로 바 꿨다. 입주민들의 절약 아이디어에 따라 바꾼 내외부 시설도 있다. 비데는 대기 전력이 적은 제품으로 주차장 형광등은 LED로 교체됐다. 아예 디자인을 바꾼 곳도 눈에 띈다. 128 129㎡ 타입은 천정 디자인을 직선에서 곡선으로 변경했다. 심지어 4구 레인지가 요리할 때 냄비 올리기가 비좁다는 의견에 여유로운 3구 레인지로 교체 시공했다. 공용시설도 마찬가지다. 고급스런 분위기를 내기 위해 정문 게이트 문주를 고급석재로 시공했다. 바닥에 깔린 블록은 소형고압 ILB 블록에서 인조화강석으로 바꿔 깔았다. 단지 명물을 만들기 위해 진경산수화를 모티브로 한 높이 8m 360㎡ 넓이의 인공 석산을 조성했다. 자연석으로 만든 이 석가산 은 입주민들이 가장 마음 뿌듯해하는 조성물이다. 커뮤니티 시설에는 성인을 위한 스크린골프장과 자세교정기 아이들이 좋아할 노래방과 게임방이 설치됐다. 회사는 분양 완료 상황에서 추가공사비를 들여 이러한 건의를 수용했다. 비용도 만만찮다. 석산 조성비용이 8억원 생태연못을 꾸미는데만 4억원이 들었다. 회사는 입주민이 들어온 후 세세한 시설운영과 관리를 시작한다. 우선 10명 내외의 전문보안요원이 투입되고 헬스장에는 전문 트레이너가 고용된다. 운영비용은 회사가 입주기간동안 100% 부담하고 이후엔 추가비용을 입주민이 부담한다. 노약자의 교통 불편을 해결하기 위해 입주시작일 이후 3개월간 셔틀버스도 운영한다. 우남건설 관계자는 회사와 입주민들이 김포한강신도시의 랜드 마크를 함께 만든다는 다짐으로 지은 아파트 라고 말했다.,https://news.naver.com/main/read.nhn?mode=LSD&mid=shm&sid1=260&oid=277&aid=0002624590,284
262187,2011.06.17. 오전 10:20,부동산,노컷뉴스,부산 명륜 아이파크 1순위 청약 평균 28.3대 1,최고 74대 1…14개 주택형 중 12개 1순위 마감 CBS산업부 정재훈 기자 현대산업개발은 부산 명륜 아이파크 1순위 청약이 평균 28.3대 1의 경쟁률을 기록했다고 17일 밝혔다. 전날 실시된 부산 명륜 아이파크 의 1순위 청약에는 일반분양 총 1천41가구 중 특별공급 183가구를 제외한 858가구 모집에 2만4천290명이 몰렸다. 특히 1단지 115A㎡ 전용면적 84㎡ 는 169가구 모집에 1만2천508명이 청약해 74대 1의 최고 경쟁률을 보였다. 총 14개 주택형 중 12개 주택형이 1순위에서 마감됐고 1.15대 1을 기록한 1단지 191㎡ 전용 151㎡ 와 2가구 미달된 146㎡ 전용 109㎡ 등 2개 주택형만 17일 2순위 청약접수를 받게 된다. 현대산업개발 관계자는 명륜 아이파크가 입지한 부산 명륜동은 부산의 역사.문화 중심지 역할을 해 왔던 지역으로 교통 학군 생활편의시설 등이 고루 잘 갖춰져 있다 며 더욱이 주변 시세보다 저렴한 3.3㎡당 890만 원선으로 공급됨에 따라 높은 경쟁률을 보이게 됐다 라고 말했다. 뷰산 명륜 아이파크 는 17일 2개 주택형에 대한 2순위 청약접수에 이어 24일 당첨자를 발표하고 29일부터 계약이 실시된다. 2013년 11월 입주 예정이다.,https://news.naver.com/main/read.nhn?mode=LSD&mid=shm&sid1=260&oid=079&aid=0002260568,284
262188,2011.06.17. 오전 10:17,부동산,머니투데이,부산 명륜 아이파크 1순위에 2만4000명 몰려,머니투데이 이군호 기자 현대산업개발 회장 정몽규 의 부산 명륜 아이파크 1순위 청약에 2만4290명이 몰렸다. 17일 금융결제원과 현대산업개발에 따르면 지난 16일 실시된 부산 명륜 아이파크의 1순위 청약접수 결과 일반분양 1041가구 중 특별공급 183가구를 제외한 858가구 모집에 2만4290명이 청약해 평균 28.3대 1의 경쟁률을 기록했다. 1·2단지 90 191㎡ 14개 주택형으로 공급된 이번 청약에서 1단지 115A㎡는 169가구 모집에 1만2508명이 몰려 74대 1의 최고 경쟁률을 기록했고 14개 주택형 중 12개 주택형이 마감됐다. 2순위에서는 1단지 191㎡와 2가구가 미달된 146㎡ 등 2개 주택형만 이날 청약접수를 받게 된다. 부산 명륜 아이파크는 지난 15일 실시된 특별공급에서도 189가구 모집에 1000여명 이상이 몰리며 이례적으로 96.8%에 달하는 183가구가 접수된 바 있다.,https://news.naver.com/main/read.nhn?mode=LSD&mid=shm&sid1=260&oid=008&aid=0002557218,284
262189,2011.06.17. 오전 10:17,부동산,머니투데이,수도권 물류·관광혁명 경인아라뱃길 가보니,머니투데이 이군호 기자 화물선·여객선 등 선박 18척 운항 수향8경 등 활성화시설 관광객 모을듯 ↑경인아라뱃길 조감도 폭 80미터 길이 18㎞ 길이의 곧게 뻗은 수로 경인아라뱃길 . 수도권 물류·관광 지도를 바꿀 것으로 기대되고 있는 경인아라뱃길이 오는 10월 개항을 앞두고 있다. 개항에 앞서 찾은 경인아라뱃길 건설현장은 공정률이 85.9%로 마무리 공사가 한창이었다. 홍수 방지를 위한 계획됐던 굴포천 방수로가 경인아라뱃길 주운수로로 바뀌어 컨테이너선 3척과 화물선 6척 여객선 9척 등 18척의 선박이 드나드는 물길이 된다. 화물선은 4000톤급 컨테이너 선박 2척이 교차 운행하게 된다. 4000톤급 선박은 200피트짜리 컨테이너 244개를 적재할 수 있는 규모다. 화물선과 함께 서울시가 한강 르네상스 개발 계획에 따라 5000톤급 여객선을 운항할 예정이다. 화물선이 오가는 곳은 부산 포항 제주 평택 등에서 철강과 자동차 등을 실어 한 중 한 동남아 연안항로를 운항하게 된다. 여객선은 총 9척이 투입돼 김포·인천 서해도서 여의도 김포 인천 등을 연결하는 노선이 운행된다. 화물선과 여객선이 정박하는 김포터미널과 인천터미널의 부두운영사는 이미 선정됐다. 3선석 규모의 컨테이너부두는 한진해운과 가계약을 맺은 상태고 여객선 5척이 정박하는 여객부두는 C 한강랜드가 참여할 예정이다. 일반화물을 실은 화물선 8척이 댈 수 있는 일반화물부두는 인터지스 대우로지스티스 대한통운과 가계약을 체결했다. ↑경인아라뱃길 귤현교 현장. 우측에 계양역이 보인다. 특히 뱃길 활성화를 위해 경인아라뱃길에는 수향8경 파크웨이 섬마을 매화동산 등 다양한 공간이 조성된다. 이중 백미는 수향4경인 리버사이드파크의 인공폭포와 원형 전망대 스카이 워크 Sky Walk 다. 미국 그랜드 캐니언의 스카이워크를 본 딴 이 전망대는 폭 3m 직경 46m 높이 45m로 바닥이 투명한 유리로 설계됐다. 스카이워크에 인접해있는 인공폭포는 겸재 정선 선생의 인왕채색도 의 산세와 능선 형태 구름 등을 형상화했다. 이어 도착한 인천터미널은 서해바닷물과 한강물이 만나는 곳이다. 갑문으로 단절돼있는 서해바닷물과 한강물은 오는 10월 완공 후 화물선이 운항하면서 자연스럽게 섞이게 된다. 서해바다를 미끄러져 온 화물선이 인천터미널 갑문을 통과하는 데는 22분이 걸린다. 우선 미닫이문 슬라이딩도어 형태로 갑문이 옆으로 열리면 화물선이 갑문 안으로 들어오게 된다. 서해바다물이 주운수로 물보다 낮기 때문에 갑문 안에는 물을 채워 갑문 물과 수로 물이 비슷한 수위가 되도록 한다. 그러면 수로 쪽 갑문을 열어 화물선이 수로로 진입할 수 있게 된다. 김태열 경인항건설단장은 갑문 옆에 만들어지는 7층 높이의 서해갑문통제소에서 선박 운항을 통제하게 되며 자동 위치추적이 가능한 GPS 시스템으로 통제하기 때문에 안전운항이 가능하다 고 말했다.,https://news.naver.com/main/read.nhn?mode=LSD&mid=shm&sid1=260&oid=008&aid=0002557215,284
262190,2011.06.17. 오전 10:13,부동산,한국경제TV,코오롱건설 G코오롱디지털타워 분양,코오롱건설은 서울 구로동에서 옛 아파트형 공장인 지식산업센터 G 코오롱디지털타워 를 분양한다고 밝혔습니다. G 코오롱디지털타워 는 지하 4층 지상 18층 규모에 달하는 첨단 지식산업센터로 아파트형공장과 근린생활시설로 구성됐습니다. 부지는 물류와 유통의 중심지인 서울디지털1단지에 조성되며 KTX 광명역이 근접해 있고 경부·중부고속도로 등의 이용이 수월합니다. 코오롱건설은 교통과 입지 미래가치가 모두 뛰어나 최적의 비즈니스 환경을 갖춘 지식산업센터로 주목을 받을 것 이라고 설명했습니다.,https://news.naver.com/main/read.nhn?mode=LSD&mid=shm&sid1=260&oid=004&aid=0002082652,284
262191,2011.06.17. 오전 10:07,부동산,아시아경제,2호선 역세권..코오롱건설 G디지털타워 분양,아시아경제 황준호 기자 지하철 2호선 구로디지털역 역세권내 아파트공장이 분양된다. 코오롱건설이 서울시 구로구 구로동에서 G 코오롱디지털타워를 분양한다고 17일 밝혔다. G 코오롱디지털타워는 지하 4층 지상 18층 규모에 달하는 첨단 지식산업센터로 아파트형공장과 근린생활시설을 포함한다. G 코오롱디지털타워는 지식산업센터 아파트형공장 선두주자로 평가 받고 있는 코오롱건설이 시공한다. 코오롱빌란트1차 및 2차 코오롱사이언스밸리 1차 및 2차 Jnk디지털타워 등의 성공을 잇는 코오롱 디지털벨트의 완성작이다. 입지도 뛰어나다. 물류와 유통의 중심지로 검증된 서울디지털1단지에 조성된다. 지하철 2호선 구로디지털역에 인접하며 KTX 광명역을 통해 전국 어디라도 3시간 내 이동이 가능하다. 경부고속도로 중부고속도로 서해안고속도로 제1경인고속도로 제2경인고속도 서부간선도로 남부순환도로 시흥대로 이용이 수월해 사통팔달 교통망을 구축하고 있다. G 코오롱디지털타워 인근에는 한국산업단지공단 구로구청 노동부 관악지청 이마트 금융시설 등 각종 생활 및 업무시설이 위치해 있다. G 코오롱디지털타워는 다양한 면적으로 구성된데다 업무 및 생활편의시설 초고속 정보통신 수준의 네트워킹 시스템 등 첨단 비즈니스 환경을 구축하고 있다. 고효율 청정환기 시스템 지중열 냉난방 시스템 LED 옥외보안등 자연채광시스템 건물일체형 태양광 시스템 벽면녹화 시스템 등 친환경 녹색기술도 일부 적용한다. LED조명 외부 에스컬레이터 등 이색적인 특화 요소도 선보인다. 또 안전성 확보를 위한 차량과 보행자 동선분리 및 법정대비 180% 이상의 여유로운 주차공간을 확보된다. 입주민이 이용할 수 있는 자전거 보관소 및 샤워실 탈의실을 갖춘 자전거토피아 주차장 도 조성된다. 층별 휴게공간 옥상정원과 지하 1층 휴게쉼터 입주민·오피스 자녀를 위한 유아놀이터 등도 조성해 다양한 휴식 공간이 갖춰질 예정이다. 초기 투자 비용 부담을 덜어주기 위해 금융지원과 세제혜택도 제공된다. 저금리정책자금에 의한 융자혜택 저렴한 관리비 등으로 운영비를 절감할 수 있다. 사업자에 따라 취득세 등록세 전액 면제 교육세 농업촌특별소비세 등도 면제를 받을 수 있다. 입주는 2013년 7월 예정이다.,https://news.naver.com/main/read.nhn?mode=LSD&mid=shm&sid1=260&oid=277&aid=0002624577,284
262192,2011.06.17. 오전 10:05,부동산,경향신문,용인 외대앞 스위첸 용인 800만원대 분양가에 특별교육 혜택까지,용인에서 찾아보기 힘든 3.3㎡당 800만원대의 분양가 용인 서울고속도로 개통 제2경부고속도로 예정 성남 장호원간고속화도로 예정 등 교통호재 강남 10여 개 유명 학원 연합 ‘타임교육 서비스’ 무상 제공 선착순 계약 세대에 한함 용인 모현에 분양 중인 ‘용인 외대앞 스위첸’은 제2경부고속도로 최대 수혜지로 각광을 받고 있으면서 용인에서 찾아보기 힘든 3.3㎡당 800만원대의 저렴한 분양가로 실수요자들의 높은 관심을 끌고 있다. 공급규모는 84㎡A 84㎡B 118㎡ 3개 타입 총 6개동 308세대로 단지 바로 앞에는 한국외국어대학교와 용인외국어고등학교가 위치해 있고 모현 공공도서관 2011년 말 개관 예정 등이 인근에 위치해 수준 높은 교육 환경을 제공한다. 또한 강남 유명 입시학원 10여 개의 연합체이자 국내 최초로 대치동 유명강사와의 직접 대면 강의 서비스를 제공하는 타임교육 www.t ime.com 과 제휴를 통해 선착순 계약 세대에 한해 6개월간 무상 교육을 지원해 자녀를 위한 최상의 교육 인프라를 제공한다. 용인 서울고속도로 개통 제2경부고속도로 예정 성남 장호원간고속화도로 예정 등 교통호재가 뛰어나고 왕산지구 도시개발사업 4 400여세대 예정 초부리 전원형 복합주거단지 3 900세대 예정 등 분당과 죽전을 잇는 수도권 동부의 新주거지 개발축에 위치하고 있어 향후 투자가치가 높다. 단지 주변에는 경안천 및 정광산 초부리 자연휴양림 및 노고봉 등산로가 있어 주거 환경이 쾌적하고 단지 부출입구과 연결되어 조성되는 모현 어린이공원이 2012년 완공될 예정이다. 또한 에버랜드와 곤지암리조트를 차량으로 20분대에 이용이 가능하다. 용인 외대앞 스위첸은 우수한 재무구조로 각광을 받고 있는 KCC건설이 시공중이며 2012년 1월 입주예정이다. 견본주택 광주시 오포읍 능평교차로 문의 1577 6662 분양정보 바로가기 yongin.switzen.com 본 자료는 해당 업체에서 제공한 보도 자료입니다. 경향신문 ‘오늘의 핫뉴스’ 대형교회 헌금봉투에 구멍 왜 뚫었을까 병무청장 “MC몽 입대발언 쏙 들어가”…왜 대학생 ‘신용카드 강간’…결국 ‘마루타 알바’ “과 수석이 학비 없어 자퇴…” 교수 1인시위 서러운 알바 여대생… 내가 사람이긴 한 건가 서울대생 절대 대통령 안돼야할 인물 1위 공식 SNS 계정 경향 트위터 미투데이 페이스북 세상과 경향의 소통 Khross ⓒ 경향신문 경향닷컴 www.khan.co.kr 무단전재 및 재배포 금지 〈경향닷컴은 한국온라인신문협회 www.kona.or.kr 의 디지털뉴스이용규칙에 따른 저작권을 행사합니다.,https://news.naver.com/main/read.nhn?mode=LSD&mid=shm&sid1=260&oid=032&aid=0002142693,284
262193,2011.06.17. 오전 10:00,부동산,헤럴드POP,박인호의 전원별곡전원생활도 재테크다…귀농귀촌 시골생활 10계명,1 귀농 즉시 농지원부에 등록하고 농업인이 되라 직장 은퇴 후 귀농·귀촌시 곧바로 농지원부에 등록해 농업인의 신분을 확보하는 것이 좋다. 농업인은 농민을 법으로 정의한 용어다. 농업인은 1000㎡ 이상의 농지를 확보해 연간 90일 이상 농업에 종사해야 한다. 농업인의 지위는 매우 중요하다. 이를 인정받느냐 그렇지 못하느냐에 따라 세금 등 각종 지원혜택에서 큰 차이가 난다. 그래서 농지원부에 등록해야 한다. 농지원부가 작성되어 있으면 농업인의 지위가 추정된다. 2 농지원부의 혜택을 놓치지 마라 농지원부에 등록한 뒤 8년 이상 재촌·자경하면 연 2억원 범위 내에서 양도세가 100% 감면된다. 또한 3년 이상 재촌·자경하고 양도할 경우에도 대체농지 면적 2분의 1 이상 가액 3분의 1 이상 를 확보하면 양도세 100% 감면혜택이 주어진다. 이밖에도 취득·등록세 50%감면 대출시 등록세·채권 면제 농지 전용시 부담금 면제 농촌 자녀 대학 장학금 우선 지원 등의 혜택을 받을 수 있다. 3 국민연금과 의료보험료 절약방법도 있다 직장에 다니다 퇴사해서 귀농·귀촌을 하면 지역의료보험에 가입하게 된다. 이때 지역의보료가 직장의보료보다 많으면 처음 1년간은 직장의보료로 납부하고 2년차부터 지역의보료로 자동 전환된다. 지역의보료는 농촌에 거주하면 22%가 감면되고 농어업인 확인서를 받아 보내주면 추가로 28%를 감면받을 수 있다. 국민연금은 기준 소득금액이 월 79만 원 이하인 경우 국가에서 보험료 절반을 지원하고 79만 원 이상은 3만5500원 가량을 지원해준다. 4 음식물쓰레기와 개똥으로 거름을 만들어라 전원생활을 하면서 번거로운 일 중 하나가 바로 음식물 쓰레기와 개똥 처리다. 하지만 이를 잘만 활용하면 텃밭을 일구는데 요긴한 거름이 된다. 음식물 쓰레기와 개통을 거름으로 만들려면 먼저 마른풀을 바닥에 두툼하게 깔고 그 위에 음식물 쓰레기와 개통을 쌓고 다시 마른 풀로 덮어준다. 이렇게 함으로써 물기 조절도 하고 발효도 촉진된다. 마지막 맨 위에는 마른 풀로 마감하고 비닐과 카파로 덮어준다. 5 자연인 백수 실업급여는 악착같이 챙겨라 직장을 다니다가 희망퇴직 명예퇴직 정리해고 등 본인의 자발적 퇴직이 아닌 경우 최장 8개월간 실업급여 구직급여 가 나온다. 지급액은 이직 전 사업장에서 받던 평균 임금의 50%이지만 상한선이 하루 4만원으로 정해져있다. 버젓이 월급이 나오는 직장에 있다가 퇴직하고 시골로 내려오게 되면 실업급여도 가계에 큰 보탬이 된다는 사실을 절감하게 된다. 따라서 실업급여는 꼭 챙겨야 한다. 실업급여는 적극적인 구직활동을 증명하면 받을 수 있다. 6 대박 예금상품 ‘농어가목돈마련저축’에 가입하라 농어가목돈마련저축은 농어가 양축가라면 누구나 가입할 수 있는 ‘왕대박 저축 상품’이다. 연 이자가 최고 15.1%나 된다. 정부는 농어가 양축가의 생활안정과 재산형성을 지원하기 위해 이 상품에 최고 9.6%의 장려 금리를 얹어주고 있다. 농·수·축협 등에서 취급하며 3년 5년짜리가 있는데 일반농어민과 저소득 농어민으로 나눠 혜택을 차등 부여한다. 저소득 농민은 보유 농경지가 9986㎡ 3026평 이하 일반농어민은 1만9975㎡ 6053평 이하이다. 7 초기 전원생활은 극기훈련이란 자세로 임하라 편리한 인스턴트식 도시생활에 익숙해져 있다가 시골생활을 시작하게 되면 많은 불편이 따른다. 단지 낭만적이고 목가적인 전원생활에 대한 환상은 여지없이 깨진다. 특히 농사를 지어 소득을 올려야 하는 생업형 전원생활 귀농 은 어찌보면 도시생활보다 더 치열한 삶의 현장이자 현실이다. 따라서 전원생활 초기의 적응기는 낭만과 여유보다는 차라리 군대식 극기훈련의 한 과정으로 받아들이는 마음가짐이 필요하다. 8 겨울철 전원생활 혹한과 폭설에 늘 대비하라 귀농·귀촌은 대개 산골에서의 생활이다. 산골의 겨울은 유난히 길며 춥고 눈이 많이 내린다. 낭만의 흰눈은 ‘눈폭탄’으로 돌변해 비닐하우스를 폭격하고 도로를 빙판으로 만들어 오도 가도 못하게 한다. 또 영하 20도를 밑도는 살인적 추위는 각종 배관 동파를 야기해 생활에 엄청난 불편을 초래하기도 한다. 따라서 전원생활은 겨울철 준비를 철저하게 해야 한다. 자동차는 4륜 구동에 스노우타이어 장착은 필수다. 9 겨울철 저온수면법 ‘건강 에너지 절감’ 일석이조 잠이 보약이란 말처럼 인간의 몸은 수면을 통해 회복이 되도록 설계되어 있다. 하지만 잠을 자되 잘 자야 한다. 아침에 일어나면 머리가 맑고 개운해야 한다. 저온 수면법이 바로 해답이다. 저온 수면법은 창을 열어 낮은 실내온도를 유지한다. 이유는 찬 공기가 폐를 활짝 열리게 해 보다 많은 양의 산소를 공급받아 좋은 피가 만들어지기 때문이다. 겨울에도 이를 실천하면 건강과 난방비 절감이라는 일석이조의 효과를 거둘 수 있다. 10 정부의 지원책을 최대한 활용하라 정부는 갈수록 공동화 현상을 빚고 있는 농어촌을 살리기 위해 농어민에게 다양한 혜택을 부여하고 있다. 영농자금도 그중 하나다. 매년 농가당 1000만원까지 연리 3%로 빌려준다. 최근 금리 인상이 지속되는 상황에서 요긴하게 쓸 수 있다. 특히 귀농 귀촌 지원 차원에서 주택 신축 및 구입시 세대당 최대 4000만원 농지 및 임야구입시 최대 2억원 농어업 창업 시 최대 2억원까지 연리 3%로 지원해준다.,https://news.naver.com/main/read.nhn?mode=LSD&mid=shm&sid1=260&oid=112&aid=0002203891,284
262194,2011.06.17. 오전 9:59,부동산,경향신문,현대산업개발 부산 명륜 아이파크 1순위 청약 최고 74대 1,현대산업개발 회장 정몽규 의 부산 명륜 아이파크 1순위 청약에 24 290명이 몰렸다. 지난 6월 16일 실시된 부산 명륜 아이파크의 1순위 청약접수 결과 일반분양 총 1 041가구 중 특별공급 183가구를 제외한 858가구 모집에 24 290건의 청약이 접수돼 평균 28.3의 경쟁률을 기록했다. 1·2단지 90 191㎡ 14개 주택형으로 공급된 이번 청약에서 1단지 115A㎡ 전용면적 84㎡ 구 35A형 는 169가구 모집에 12 508건의 청약이 몰려 74대 1의 최고 경쟁률을 기록했으며 총 14개 주택형 중 12개 주택형이 마감됐다. 이에 따라 1.15대 1을 기록한 1단지 191㎡ 전용면적 151㎡ 구 58형 와 2가구가 미달된 146㎡ 전용면적 109㎡ 구 44형 등 2개 주택형만 17일 2순위 청약접수를 받게 된다. 부산 명륜 아이파크는 지난 15일 실시된 특별공급에서도 189가구 모집에 1000여명 이상이 몰리며 이례적으로 96.8%에 달하는 183가구가 접수된 바 있다. 현대산업개발 관계자는 “명륜 아이파크가 입지한 부산 명륜동은 오래전부터 부산의 역사와 문화의 중심지 역할을 해 왔던 지역으로 교통·학군·생활편의시설 등이 고루 잘 갖춰져 있다”며 “더욱이 주변 시세보다 저렴한 3.3㎡당 890만원선으로 공급됨에 따라 모델하우스 오픈 전부터 문의가 이어졌으며 뜨거운 관심이 청약결과로도 이어졌다”고 말했다. 부산시 동래구 명륜 3구역을 재개발해 들어서는 〈명륜 아이파크〉는 지하 3층 지상 28층 20개동 공급면적 기준 39 191㎡ 전용면적 24 151㎡ 총 1 409가구 규모로 조합원 물량 등을 제외한 90 191㎡ 전용면적 62 151㎡ 舊 27 58형 1 041가구가 일반분양되며 입주는 2013년 11월 예정이다. 명륜 아이파크 는 1순위에서 마감되지 않은 2개 주택형에 대해 17일 2순위 청약접수가 진행되며 24일 당청자 발표를 거쳐 29일부터 계약이 실시될 예정이다. 본 자료는 해당 업체에서 제공한 보도 자료입니다. 경향신문 ‘오늘의 핫뉴스’ 대형교회 헌금봉투에 구멍 왜 뚫었을까 병무청장 “MC몽 입대발언 쏙 들어가”…왜 대학생 ‘신용카드 강간’…결국 ‘마루타 알바’ “과 수석이 학비 없어 자퇴…” 교수 1인시위 서러운 알바 여대생… 내가 사람이긴 한 건가 서울대생 절대 대통령 안돼야할 인물 1위 공식 SNS 계정 경향 트위터 미투데이 페이스북 세상과 경향의 소통 Khross ⓒ 경향신문 경향닷컴 www.khan.co.kr 무단전재 및 재배포 금지 〈경향닷컴은 한국온라인신문협회 www.kona.or.kr 의 디지털뉴스이용규칙에 따른 저작권을 행사합니다.,https://news.naver.com/main/read.nhn?mode=LSD&mid=shm&sid1=260&oid=032&aid=0002142689,284
262195,2011.06.17. 오전 9:59,부동산,경향신문,이제는 ‘한강 르네상스’시대 선유도 아이에스 비즈타워에 주목하라,선유도 최근 대형건설사들이 지식산업센터 구 아파트형공장 건설에 참여하는 사례가 늘고 있다. 초고층 지식산업센터를 건립함으로써 기존의 답답했던 중층 박스구조의 아파트형공장과는 차별화된 경쟁력을 확보하려는 것으로 분석된다. 이에 아파트 공급이 급감함에 따라 최근 다시 관심이 불거지던 오피스텔과 함께 지식산업센터가 새로운 수익형부동산 상품으로 급부상하고 있다. 훨씬 높아진 층수로 탁 트인 조망을 확보하고 건물에 녹지ㆍ조경ㆍ휴식공간을 늘려 업무환경의 ‘쾌적함’까지 고려한 지식산업센터가 분양시장의 새로운 패러다임으로 자리 잡아가고 있다는 것이다. 현재 가산ㆍ구로ㆍ성수동과 수원 등지를 중심으로 퍼져 나아가고 있으며 특히 상장기업 아이에스동서가 분양 중인 ‘선유도역 아이에스비즈타워’에 업계의 관심이 집중되고 있다. ◇ 한강 르네상스 유도정비구역… 최적의 입지 치솟는 가치 아이에스 비즈타워는 9호선 선유도역에서 약 3분 거리에 위치한 초역세권 타워로 서울 전역에 대한 접근성이 탁월하다. 더욱이 선유도 일대는 서울지하철 9호선에 올10월 전동차 12대가 추가 배치되는 호재를 누림에 따라 투자자들에게 한껏 매력을 과시하고 있다. 뿐만 아니라 인근 올림픽대로 서부간선도로 내부순환도로 강변북로 등을 이용한 편리한 차량 교통여건 또한 이 같은 투자바람을 더욱 부추기고 있다. 여의도까지 15분 강남까지는 30분대로 이동이 가능하며 가산동디지털단지와 상암 DMC 의 10분대 거리로 서부권의 교통중심지에서 사통팔달의 교통 특권을 누릴 수 있기 때문이다. 업계관계자들은 이 같은 편리한 교통 뿐 아니라 특히 한강르네상스 유도정비구역 내에 자리 잡은 지리적 여건을 고려할 때 추후 부동산의 가치 및 투자가치가 큰 폭으로 상승할 것이라고 내다보는 추세다. ◇ 보다 저렴하게 ‘안양천ㆍ한강’ 조망의 프리미엄 까지 기존의 ‘아파트형공장’하면 떠오르던 박스형 구조 설계에서 벗어나 조망권을 확보하고 쾌적함을 살린 것은 최근 트렌드를 반영한 아이에스 비즈타워의 가장 큰 장점이다. 연면적 40 142.78m² 1만2천여평 에 지하 2층부터 지상 26층의 건물 규모로 건물과 건물 간의 간섭을 없애 모든 층이 탁 트인 개방감과 우수한 채광을 누릴 수 있으며 거의 모든 호실에서 안양천을 볼 수 있다. 특히 상층부는 한강까지 볼 수 있는 프리미엄을 만끽할 수 있고 11m에 달하는 높은 1층 로비라운지는 외부 방문객은 물론 모든 입주자들에게 품격 있는 비즈니스 환경을 제공한다. 뿐만 아니라 일반적으로 빌딩 건축시 시행사와 시공사가 서로 달라 발생하는 불필요한 비용 또한 선유도 아이에스 비즈타워는 단일 회사에서 시행과 시공을 모두 도맡아 비용을 최소화 했다. 이에 선유도 아이에스 비즈타워의 평균 분양가는 600만원대로 가산디지털단지나 성수동 지식산업센터들의 평균 분양가 700 900만원대에 비해 저렴하게 공급되며 선유도 인근에서 분양하는 지식산업센터들 중에서도 경쟁력이 높아 투자자들 사이에서 관심이 높다. 이에 분양 관계자는 “강남 여의도 마포 지역의 높은 임대료와 도심의 답답한 환경을 피해 사무실을 이전하는 수요가 많다”며 “특히 정보기술 IT 연구개발 R D 센터 등 첨단 업종의 수요가 많다”고 밝혔다. 실제로 2012년 3월 준공 예정인 인근의 선유도 코오롱 디지털 타워가 현재 70%대의 높은 분양률을 보여 이 같은 사실을 뒷받침하는 것으로 나타났다. ◇ 믿을 수 있는 기업 아이에스동서 최근 연이은 건설사들의 퇴출과 부도로 건설사의 신뢰도에 대한 부분이 제고되는 시점에서 선유도역 아이에스 비즈타워의 시행 시공사인 아이에스동서는 투자자들이 안심할 수 있는 건실한 기업이다. 1975년 설립이후 요업분야와 건설분야에서 실력을 인정받아왔으며 코스피 상장 회사로 재무 구조가 탄탄하다는 평이다. 또한 청라지구의 ‘청라 에일린의 뜰’ 오피스텔 및 4월에 분양한 테라스하우스인 ‘광교 에일린의 뜰’을 부동산 침체기임에도 불구하고 1순위에 청약마감 및 최고 경쟁률 49 대1일 이라는 높은 경쟁률로 성공 분양시켜 화제를 모은 업체이기도 하다. 선유도역 아이에스 비즈타워를 분양받을 경우 따르는 세제혜택 또한 매력적이다. 최초 분양받아 입주하는 기업은 취득세와 등록세가 100% 면제되고 재산세는 5년간 50% 감면 받을 수 있다. 본 자료는 해당 업체에서 제공한 보도 자료입니다. 경향신문 ‘오늘의 핫뉴스’ 대형교회 헌금봉투에 구멍 왜 뚫었을까 병무청장 “MC몽 입대발언 쏙 들어가”…왜 대학생 ‘신용카드 강간’…결국 ‘마루타 알바’ “과 수석이 학비 없어 자퇴…” 교수 1인시위 서러운 알바 여대생… 내가 사람이긴 한 건가 서울대생 절대 대통령 안돼야할 인물 1위 공식 SNS 계정 경향 트위터 미투데이 페이스북 세상과 경향의 소통 Khross ⓒ 경향신문 경향닷컴 www.khan.co.kr 무단전재 및 재배포 금지 〈경향닷컴은 한국온라인신문협회 www.kona.or.kr 의 디지털뉴스이용규칙에 따른 저작권을 행사합니다.,https://news.naver.com/main/read.nhn?mode=LSD&mid=shm&sid1=260&oid=032&aid=0002142688,284
262196,2011.06.17. 오전 9:49,부동산,매일경제,공항철도 수혜지 ‘잔여세대 특별조건’ 분양실시,인천 계양구 박촌역 한양수자인 이 120㎡타입 일부 잔여세대에 대해 특별한 조건으로 분양 진행 중이다. 인근에 120㎡타입이 많지 않아 희소성이 있으며 소비층이 두텁고 전매 제한이 없다. 지하철 박촌역과 도보 1분 거리로 초역세권인 “박촌역 한양수자인”은 59㎡ 120㎡등 총 376세대로 구성되어 있다. 최근 분양가 상한제 폐지 예정 에 따라 분양가 상한제가 적용되는 단지를 찾는 수요가 늘어 잔여세대가 빠르게 소진되고 있으며 2011년 5월 정책발표에 따른 거주요건폐지로 실거주 뿐만 아니라 투자상품으로도 손색이 없다. 서울로의 접근성 또한 뛰어난 “박촌역 한양수자인”은 단지 바로 앞에 박촌역이 위치하여 지하철 이용이 용이하다. 또한 2010년 12월 개통한 인천지하철 공항철도를 이용하여 서울역까지 30분대 접근이 가능하며 또한 서울외곽순환도로와 인천고속도로 장재로 등을 이용해 서울 진출입이 더욱 편리하다. 박촌역 한양수자인 인근에 경인 아라뱃길 두물머리 생태공원 등이 들어설 예정이며 2011년 5월 인천광역시가 건립한 인천 어린이 과학관이 개관했다. 전시관 내 시설 대부분은 어린이들이 손으로 직접 만지며 체험을 통해 경험하도록 꾸며져 있다. 견본주택은 인천지하철 1호선 박촌역 인근 한양 구 계양 자동차 운전학원 옆에 위치하고 있다. 분양문의 1577 0522 매경닷컴 조은영 기자 ⓒ 매일경제 mk.co.kr 무단전재 및 재배포 금지 MBA도 모바일로 공부한다.,https://news.naver.com/main/read.nhn?mode=LSD&mid=shm&sid1=260&oid=009&aid=0002486486,284
262197,2011.06.17. 오전 9:48,부동산,매일경제,남양산 e편한세상 976세대 분양,대림산업은 2011년 6월말 모델하우스를 오픈하고 양산시 물금읍 택지개발지구 14블럭 일원에 ‘남양산 e편한세상’을 공급할 계획이다. 대림산업이 양산신도시에 최초로 선보이는 ‘남양산 e편한세상’은 59㎡ 270세대 84㎡ 86㎡ 706세대 등 총 976세대 대단지로 구성되며 에너지 절감형 아파트로서 우수한 브랜드 프리미엄과 함께 최근 중소형 아파트의 호감도 상승에 편승한 높은 미래가치는 물론 대단지의 풍요로운 주거환경까지 누릴 것으로 기대된다. 또한 양산의 주거 중심축이 입주 10년이 지난 1단계에서 7년이 경과한 2 1단계를 지나 2 2단계로 이동하고 있으며 향후 이 지역에 대단위 아파트 단지가 계획되어 있어 2 2단계는 양산신도시 속의 新 주거주역으로 성장할 것으로 전망된다. ‘남양산 e편한세상’이 위치하는 2 2단계 지역은 양산천과 인접하고 상업지구 및 주택지가 어우러진 곳으로 신도시 환경에 맞는 풍부한 생활인프라가 펼쳐지는 곳이다. 단지 바로 옆 석산초등학교가 2013년 개교를 앞두고 있어 자녀들의 안심 안전 등하교길을 실현하며 농수산물유통센터 2011년 9월 완공예정 가 현재 공사중이라 완공시에는 생활편의성도 높아질 예정이다. 또한 양산시외버스터미널 우체국 시청 등 양산신도시 일대의 모든 생활인프라를 누릴 수 있고 부산대학교병원이 인접 위치하고 있어 의료프리미엄에 따른 건강생활도 주목할 만하다. 남양산 e편한세상은 양산천 금정산 오봉산을 누리는 양산 최고의 친환경 주거지역으로 정비된 신도시의 쾌적한 자연환경을 모두 누릴 수 있는 수준 높은 삶이 펼쳐질 것으로 기대된다. ‘남양산 e편한세상’은 양산시내 전역은 물론 부산 울산까지 빠르게 통하는 교통의 중심으로 새롭게 떠오르고 있다. 부산지하철 2호선 남양산역과 남양산 IC 35번 국도가 인접한 광역입지로 다양한 교통수단을 이용하여 20분 내에 부산지역 어디든 진입할 수 있으며 양산시외버스터미널이 인접하여 시외 어디든 편리한 이동이 가능한 것도 장점이다. 뿐만 아니라 양산시내 전역으로의 접근성도 뛰어난 편이다. 편리한 대중교통환경은 물론 금오대교 북천로 강변로 를 따라 양산 어디든 편리하게 이동할 수 있다. 이러한 ‘남양산 e편한세상’의 교통환경은 新생활 중심지 2 2단계의 다양한 개발 호재와 맞물려 앞으로 더욱 좋아질 것으로 기대받고 있다. ‘남양산 e편한세상’은 에너지절감을 위한 자재를 적용함으로서 친환경 그린라이프까지 실현하게 되며 특히 단열성능이 대폭 강화된 특허 받은 대림 3중 유리창을 거실에 시공하여 냉난방비를 절감한다. EMS Energy Management System 월패드를 이용하여 세대내 에너지소비량까지 확인할수 있어 에너지소비 절약의 생활습관도 가능하게 해준다. 또한 세대 곳곳에 저에너지 공동주택 구현을 위한 고효율 등기구 및 LED 등기구를 설치하여 에너지소비를 줄일 수 있게 된다. ‘남양산 e편한세상’에서는 입주 후에도 오렌지서비스를 통해 지속적으로 관리를 받게 된다. 오렌지서비스는 아파트 가치향상을 위해 대림산업이 최초로 실시한 사후관리 및 고객 생활향상서비스로 입주민들의 많은 호평을 받고 있다. 무료 세대내부 클린서비스인 청정공간서비스와 무료 조경관리 서비스인 초록마당서비스 입주단지를 대상으로 한 유리창 클린 서비스인 맑은하늘서비스 등으로 ‘남양산 e편한세상’의 입주민은 입주 후에도 처음 그대로의 쾌적함과 싱그러움을 유지해 나갈 수 있게 될 것이다. ‘남양산 e편한세상’은 전체 물량 976세대 이 중소형면적으로 구성되어 있어 최근 중소형 면적을 선호하는 주택시장의 흐름과 맞물려 내집 마련을 하고자 하는 양산지역 실수요자들의 관심이 집중될 전망이다. 또한 2006년부터 1.5.m로 발코니면적이 제한되었는데 ‘남양산 e편한세상’은 2m 광폭발코니 도입으로 공간활용도와 서비스면적을 극대화하여 그 희소가치가 더욱 높아질 것으로 기대된다. 운전자와 보행자 모두를 위한 주차장 특화도 눈여겨 볼만하다. 차량크기의 대형화 추세에 따라 기존 주차면적보다 10cm 더 넓어진 2.4m로 주차공간을 넓혀 운전자 누구에게나 편리한 주차환경을 조성하였다. 입주예정은 2013년 2월로 예정되어 있으며 모델하우스는 지하철2호선 남양산 역사 맞은편에 위치할 예정이다. 청약 발표일에 “두마리 토끼”를 잡아라 행사를 통해 금토끼 등의 경품도 받을 수 있다. 보다 자세한 관련자료는 e편한세상 홈페이지 www.daelim apt.co.kr 에서 확인할 수 있다. 문의전화 055 383 1900 매경닷컴 조은영 기자 ⓒ 매일경제 mk.co.kr 무단전재 및 재배포 금지 MBA도 모바일로 공부한다.,https://news.naver.com/main/read.nhn?mode=LSD&mid=shm&sid1=260&oid=009&aid=0002486483,284
262198,2011.06.17. 오전 9:45,부동산,매일경제,용인신동백롯데캐슬에코 전셋값매매가의 60%육박,롯데건설이 경기도 용인시 중동 650번지 일대에 위치한‘용인신동백롯데캐슬에코’를 분양 중이다.‘용인신동백롯데캐슬에코’는 지하 3층 지상 17 40층 아파트 26개동에 2 770가구로 구성되어 용인을 대표할 대규모 단지이다. 30 50m 규모의 6홀 미니 형 파3 골프장 및 클럽하우스 타석 연습장과 스크린골프 피칭룸을 갖춘 대규모 실내골프연습장 설치와 실내수영장과 800여㎡ 규모의 대형 휘트니스 센터 게스트하우스 스튜디오 등의 시설이 제공된다. 또한 남녀 대형독서실과 북카페가 조성 및 단지 내 상가에는 삼육어학원 SDA 이 입점해 입주민을 대상으로 우선등록권 수강료 할인 등의 혜택을 준다. 게다가 혁신적 설계로 무려 21개에 달하는 다양한 평면이 공급된다. 같은 단지 같은 주택형이라도 방의 개수나 공간 배치가 달라 입주자들의 취향대로 선택이 가능하며 세대 분리형 4 베이 구조가 많다. 단지 중심에 축구장 1.5배 크기의 중앙공원과 2.5㎞ 길이의 순환산책로 1㎞의 자전거길이 조성되며 친환경 자연체험 학습장과 생태연못가든 과수원과 원두막 등의 시설도 들어설 예정이다. 또한 주차장의 폭을 10㎝ 넓혀 주차의 편리성을 높였고 Drop Off Zone 설치로 차에서 짐을 내릴 때 편리한 대기공간을 갖췄다. 지하 1층 동출입구 앞쪽에 여성주차구획도 따로 마련했으며 이 밖에 가구당 전기요금의 10 15%에 달하는 대기전력을 차단할 수 있도록 빌트인가전 대기전력 차단스위치 와 무인 경비 시스템 등이 설치되고 엘리베이터를 집에서 부를 수 있는‘엘리베이터 콜’서비스까지 제공된다. 아파트 뒤로 6차선 도로가 신설되어 분당 동백 간 도로로 바로 진입이 가능하다. 앞으로 제2경부고속도로 구리 용인 세종시 개통예정과 제2외곽순화도로 인천 김포 파주 양주 포천 화도 양평 이천 용인 안산 개통예정이다. 버스정류장과 용인 경전철 어정역을 걸어서 이용할 수 있다. 단지 옆에 초 중교가 각각 신설되어 자녀들이 안전하고 편하게 통학할 수 있으며 한국외대부설외고 동백고 백현고 등이 인접해 있다. 또한 이마트 쥬네브 롯데시네마 금융기관 등이 인접해있어 생활 편의시설 이용이 편리하며 2014년 개원 예정인 연세세브란스 종합병원으로 고품격 의료서비스를 누릴 수 있다. 선착순 분양 중인‘용인신동백롯데캐슬에코’는 계약금 5% 정액제와 중도금대출 60% 중 30%는 잔금 대체로 무이자의 혜택을 볼 수 있고 나머지 30%는 이자 후불제를 적용함으로 입주 전까지 추가로 들어가는 비용이 전혀 없고 계약즉시 전매가 가능하여 앞으로 매매가 상승을 고려해 볼 때 좋은 자리를 먼저 선점하는 것이 좋다. 2013년 6월 입주 예정인‘용인신동백롯데캐슬에코’는 투자의 블루칩으로 실수요자와 투자수요 모두 관심을 가져볼 만한 상품이기에 수요자들이 대거 몰려 모델하우스가 혼잡하므로 미리 전화로 예약후 청약금을 입금하고 방문하는 것이 유리하다. 또한 선착순 지정계약이므로 로얄층을 계약 하시려면 서둘러 방문하시는 것이 좋다. 분양문의 1566 9733 매경닷컴 조은영 기자 ⓒ 매일경제 mk.co.kr 무단전재 및 재배포 금지 MBA도 모바일로 공부한다.,https://news.naver.com/main/read.nhn?mode=LSD&mid=shm&sid1=260&oid=009&aid=0002486481,284
262199,2011.06.17. 오전 9:42,부동산,아시아경제,대한민국 ‘집’공포… 누구도 웃을 수 없다,아시아경제 배경환 기자 대한민국이 ‘집’ 공포에 빠졌다. 시작은 또다시 전세난이다. 지난해말부터 올초까지 수도권 전체를 덮친 여파가 가시기도 전에 세입자들은 불안감에 빠졌다. 정부가 내놓은 ‘전월세 안정화 대책’은 전혀 효과를 보지 못했다. 되레 서울과 경기 신도시의 전셋값은 올 상반기 동안 3% 이상씩 올랐다. 지난 10일 한국은행이 기준금리를 인상하면서 상황은 더욱 악화됐다. 매수심리 위축으로 전세를 찾는 사람들이 늘어난 탓이다. 이렇다보니 가을 이사철이 오기도 전에 세입자들은 골머리를 앓고 있다. 해결책도 없다. 집주인의 반전세 요구를 받아들이거나 이사가는 방법 뿐이다. 하지만 비교적 저렴한 물건이 몰린 강북구도 매물부족으로 전셋값이 눈에 띄게 올랐다. 이사철이나 비수기라는 개념이 사라진 것이다. 하반기 대규모 이주수요가 발생할 강남은 벌써부터 전세물건이 동났다. 여기에 가을 이사철 수요층까지 미리 움직여 전세물건 찾기가 별따기보다 어렵다는게 중개업소의 설명이다. 결국 전셋집을 찾지 못한 세입자들은 울며 겨자먹기로 수천만원씩 오른 전셋값에 재계약을 했다. 여유가 있을 것이라 전망했던 입주 2년차 대규모 물량이 자취를 감춘 것도 이때문이다. 그렇다고 내집을 가진 사람들이 편한 것도 아니다. 무리한 대출로 집을 마련한 ‘하우스푸어’ 100만가구는 원리금 상환에 허덕이고 있다. 대출금리 상승과 부채 증가를 견디지 못해 다시 전세로 집을 옮긴 사람들도 다수다. 사회로 진출하기도 전에 집으로 고통을 받는 사람들도 있다. 원룸을 전전하는 대학생들이다. 학기 시즌이 아닌데도 대학가 인근 원룸의 인기가 꾸준하다. 나홀로 사는 젊은 직장인들도 한 몫 더하고 있다. 하지만 최근들어 원룸마저 물량이 부족해 갈 곳없는 대학생들도 생겨나고 있다. 누구도 웃지 못하는 그야말로 전 국민이 ‘집 공포’에 빠진 셈이다.,https://news.naver.com/main/read.nhn?mode=LSD&mid=shm&sid1=260&oid=277&aid=0002624546,284
262200,2011.06.17. 오전 9:38,부동산,뉴시스,국토부 다음주께 직원청렴 방안 발표,서울 뉴시스 김형섭 기자 최근 직원들의 술접대 파문과 뇌물 수수로 홍역을 앓고 있는 국토해양부가 조직내 기강 확립에 나선다. 국토부는 지난 16일 권도엽 장관 주재로 실·국장급과 과장급 등이 참석한 가운데 회의를 갖고 직원 청렴 실천방안을 논의해 다음주초 확정키로 했다고 17일 밝혔다. 실천방안에는 국회 산하기관 협회 등 산하단체 언론 등 대외기관과의 식사·술자리 문화와 행동지침 등이 담길 것으로 알려졌다. 국토부는 오는 20일 전국 지방국토관리청 관리국장과 LH 한국토지주택공사 한국수자원공사 한국도로공사 등 산하기관 감사들이 참석하는 확대간부회의에서 최종안을 확정할 예정이다.,https://news.naver.com/main/read.nhn?mode=LSD&mid=shm&sid1=260&oid=003&aid=0003914930,284
262201,2011.06.17. 오전 9:36,부동산,헤럴드POP,부동산 풍향계금리 인상 1주일 구매심리 확 꺾어 전세시장 불안 가중,“전세 찾는 문의전화는 쏟아지는데 물건이 없으니 응대도 못합니다. 학군ㆍ재건축 이주수요에 금리인상까지 기름부은 격이 되면서 전세시장 불안이 심화되고 있습니다” 강남 K공인 관계자 때이른 새학기수요가 일면서 꿈틀대던 전세시장이 한층 불안한 움직임을 보이고 있다. 주택시장 침체로 대기매수세가 짙은 가운데 재개발ㆍ재건축 이주수요 가세에다 금리인상 소식이 결정타를 날리면서 강남 목동 등지를 중심으로 한 전세값 상승폭이 커지고 있는 것. 반면 매매시장은 하락세를 이어갔다. 특히 가뜩이나 거래가 실종된 재건축시장은 이번 금리인상이 직격탄이 된 모양새다. 부동산정보업체 닥터아파트가 6월 10일부터 6월 16일까지 수도권 아파트값을 조사한 결과 서울 전세가변동률은 0.12%로 집계돼 전주 0.06% 대비 상승폭이 두배로 확대됐다. 강남구 0.39% 가 가장 큰 폭으로 올랐으며 양천구 0.29% 노원구 0.18% 송파구 0.17% 강동구 0.15% 구로구ㆍ서대문구 0.09% 영등포구 0.08% 금천구ㆍ성북구ㆍ강서구 0.05% 등이 뒤를 이었다. 강남구는 꾸준한 학군수요에다 입주물량도 거의 없다보니 전세물량이 전적으로 부족한 상황이다. 게다가 대치동 청실아파트 1378가구 이주수요 발생으로 인해 전셋값이 급등세를 보이고 있다. 역삼동 현대공인 관계자는 “재건축 이주 전 미리미리 전세집을 구하는 손님이 많아지면서 매물이 씨가 말랐다”며 “금리인상으로 그나마 있던 매수희망자는 사라지고 수천만원씩 오른 가격에도 선뜻 계약을 하겠다는 전세 수요자만 수두룩하다”고 설명했다. 대치동 은마 102㎡가 3000만원 상승한 3억 3억5000만원 역삼동 역삼래미안 79㎡A가 1000만원 오른 3억 9000만 4억 2000만원선이다. 양천구도 때이른 학군수요가 일면서 전세가가 크게 뛰었다. 목동 대원칸타빌2차 138㎡가 3000만원 오른 3억6000만 4억원대다. 이영진 닥터아파트 리서치연구소장은 “기준금리 인상으로 이자부담을 느낀 매수 대기자들이 전세로 눌러앉으면서 전세값 상승세가 당분간 지속될 것”으로 내다봤다.,https://news.naver.com/main/read.nhn?mode=LSD&mid=shm&sid1=260&oid=112&aid=0002203870,284
262202,2011.06.17. 오전 9:26,부동산,이데일리,국토부 청렴 실천방안 다음주 발표,이데일리 박철응 기자 최근 잇따른 비리 적발로 물의를 빚고 있는 국토해양부가 직원 청렴 실천방안을 만든다. 국토해양부는 지난 16일 권도엽 장관 주재로 실·국장부터 과장급까지 참석한 가운데 회의를 갖고 다음주 초 실천방안을 확정하기로 했다고 17일 밝혔다. 실천방안에는 국회와 산하 공공기관 협회 등 산하단체 언론 등 대외기관과의 식사 및 술자리 문화와 행동지침 등이 담길 것으로 알려졌다. 국토부는 오는 20일 각 지방청 관리국장과 한국토지주택공사 LH 한국수자원공사 한국도로공사 등 산하기관 감사 담당 등이 참석하는 확대간부회의를 가질 예정이어서 이 자리에서 최종안을 확정해 발표할 것으로 보인다. 한편 국토부는 일각에서 제기하는 실장급 인사와 관련해서는 확정된 바가 없다고 밝혔다.,https://news.naver.com/main/read.nhn?mode=LSD&mid=shm&sid1=260&oid=018&aid=0002453824,284
262203,2011.06.17. 오전 9:23,부동산,아시아경제,한신공영 울산 천곡동 새천곡 한신휴플러스 17일 분양,울산 천곡동 새천곡 한신휴플러스 조감도. 아시아경제 문소정 기자 한신공영은 울산의 신흥주거단지 북구 천곡동에 새천곡 한신휴플러스 를 17일부터 분양한다. 새천곡 한신휴플러스 는 지하 4 25층 8개동 총 527가구로 중소형 69㎡ 84㎡ 이 95%로 구성됐다. 북구 천곡동은 지역 내 유해시설이 없어 교육환경이 우수한 곳이다. 교육시설으로는 동천·상안·천곡초 상안·천곡중 달천고 울산외고 등이 있으며 걸어갈 수 있는 거리에 다양한 학원도 밀집돼 있다. 호계역과 울산공항 7번 국도 확장으로 도심으로의 접근성이 높아졌고 홈플러스 하나로마트 등 편의시설도 갖춰져 있다. 단지 바로 옆에 약 26만㎡의 달천공원이 조성이 계획돼 있고 천마산과 동천강도 가까이에 있다. 내부 인테리어는 중소형 아파트의 단점인 수납공간 부족을 보완하기 위해 공간 활용을 극대화했다. 발코니와 이륜차 전용 주차 공간 가구별 지하 계절창고 등 다양하고 넉넉한 수납공간을 만들었다. 각 단지별 최상층 109 125㎡ 은 개방감과 독립성을 강조한 펜트하우스로 설계됐으며 커뮤니티 시설로는 휘트니스 센터와 북카페 및 독서실이 설치된다. 분양가는 69㎡ 84㎡ 기준 3.3㎡당 600만원 후반에서 700만원 초반 확장포함 으로 인근지역 4년전 공급된 아파트 가격과 비슷한 수준이다. 한신공영 관계자는 이번 사업지인 천곡동은 유해시설이 없는 쾌적한 교육환경과 교통 여건으로 입지가 좋고 94%의 중소형 평형 구성과 저렴한 분양가로 실수요자들의 많은 관심이 이어질 것으로 예상된다 고 전했다. 모델하우스는 울산 롯데백화점 맞은편에 위치하고 있으며 입주예정일은 오는 2013년 11월이다.,https://news.naver.com/main/read.nhn?mode=LSD&mid=shm&sid1=260&oid=277&aid=0002624529,284
262204,2011.06.17. 오전 9:18,부동산,연합뉴스,부산 명륜 아이파크 분양도 순위내 마감,부산 명륜 아이파크 견본주택 오픈 부산 연합뉴스 부산의 전통적 주거지인 동래구 명륜동에 들어서는 재개발 아파트인 명륜 아이파크 가 10일 견본주택을 열고 분양에 들어갔다. 견본주택에서 시민들이 아파트 모형을 살펴보고 있다. 현대산업개발은 부산 동래구 명륜3구역 재개발아파트인 명륜 아이파크 62 151㎡ 1천409가구 가운데 임대 124가구와 조합분 244가구를 제외한 1천41가구를 일반공급한다. 2011.6.10. ccho yna.co.kr 부산 연합뉴스 김상현 기자 부산지역 신규 아파트 분양 열기가 계속되고 있다. 현대산업개발에 따르면 16일 청약을 마감한 부산 동래구 명륜동 명륜 아이파크 아파트가 최고 74.01대 1의 청약경쟁률을 보이며 1 2단지 14개 주택형 가운데 13개 주택형에서 1순위 마감됐다. 명륜 아이파크는 특별공급분을 제외한 858가구 모집에 총 2만4천290명이 청약해 평균 28.31대 1의 경쟁률을 기록했고 특히 1단지 84A㎡는 169가구 모집에 1만2천508명이 몰려 74.01대 1의 가장 높은 경쟁률을 나타냈다. 중대형도 인기를 끌어 1단지 126A㎡가 8.91대 1 가장 큰 주택형인 151㎡도 1.15대 1의 경쟁률로 청약을 마감했다. 다만 2단지 109㎡는 22가구 모집에 20명이 청약해 유일하게 1순위에서 미달해 17일 2순위 접수를 받는다. 부산 동래구 명륜3구역을 개발한 명륜 아이파크는 지하 3층 지상 28층 20개동 1천409가구 규모로 2013년 11월 말 입주 예정이다. 부산지역에서는 올 초 화명동 롯데캐슬카이저 아파트를 비롯해 다대동 대우 푸르지오 명지동 두산위브포세이돈 해운대 두산위브힐스테이트 등 신규분양에 나선 아파트 모두가 높은 경쟁률로 순위내 청약을 마감했다.,https://news.naver.com/main/read.nhn?mode=LSD&mid=shm&sid1=260&oid=001&aid=0005117466,284
262205,2011.06.17. 오전 9:15,부동산,파이낸셜뉴스,한신공영 새천곡 한신휴플러스 분양,한신공영은 울산의 신흥주거단지로 떠오르고 있는 천곡동에 ‘새천곡 한신휴플러스’ 조감도 를 분양한다고 17일 밝혔다. 이 단지는 지하4∼25층 8개동 총 527가구로 이뤄져 있으며 92㎡와 109㎡의 중소형 비율이 94%나 된다. 각 단지별 최상층 109∼125㎡ 은 개방감과 독립성을 강조한 펜트하우스로 설계됐다. 이 단지가 위치한 천곡동은 지역 내 유해시설이 없는 교육환경으로 학부모들의 큰 인기를 얻고 있는 지역이라는 게 한신공영측의 설명이다. 지역내에 동천·상안·천곡 초등학교와 상안·천곡중 달천고·울산외고 등의 학교가 위치해있고 다양한 학원 및 교육시설도 밀집돼 있다. 아울러 단지 바로 옆에 약 26만㎡의 달천공원이 조성될 예정이며 인근에 천마산과 동천강이 위치해있다. 호계역과 울산공항 7번 국도 확장으로 도심으로 접근성이 높아짐은 물론 오토밸리로와 농소 옥동 간 도로가 예정돼 있다. 단지에는 휘트니스센터와 북카페 독서실 등의 커뮤니티 시설이 마련됐고 수납공간부족을 보완하기 위해 발코니와 이륜차 전용 주차 공간 가구별 지하 계절창고도 마련됐다. 한신공영 관계자는 분양가는 69㎡와 84㎡ 기준으로 3.3㎡당 600만원 후반에서 700만원 초반 확장포함 으로 인근에 4년전 공급된 아파트 가격과 비슷하다”고 말했다. 한편 ‘새천곡 한신휴플러스’ 17일 울산광역시 삼산동 롯데백화점 맞은편에 견본주택을 개관한다. 입주는 오는 2013년 11월 예정이다.,https://news.naver.com/main/read.nhn?mode=LSD&mid=shm&sid1=260&oid=014&aid=0002458699,284
262206,2011.06.17. 오전 9:11,부동산,헤럴드POP,포토뉴스 전세시장 또 술렁,한국은행이 기준금리를 인상하자 주택 구매 대기 심리가 더욱 강화되며 전세 시장이 재차 불안해지고 있다. 강남과 목동 등을 중심으로 비수기임에도 벌써부터 전세금 상승폭이 커지고 있다. 반면 금리 부담 상승에 따라 투자 심리는 냉각되면서 강남 재건축 시장은 침체 기조가 두드러지는 양상이다.,https://news.naver.com/main/read.nhn?mode=LSD&mid=shm&sid1=260&oid=112&aid=0002203843,284
262207,2011.06.17. 오전 9:07,부동산,아시아경제,LH인천시 3대 개발 사업 적극 추진 합의,아시아경제 김봉수 기자 인천시와 한국토지주택공사 LH 가 주요 개발 사업들에 대한 추진 의지를 서로 확인했다. 17일 시는 LH 측과 최근 TF팀을 구성해 주요 개발 사업들에 대해 논의한 결과 그동안 지지 부진하던 청라 씨티타워 제3연륙교 건설 루원시티 조성 등을 적극 추진하기로 합의했다고 밝혔다. 시와 LH는 우선 청라국제도시의 메인 랜드마크 시설인 청라 씨티 타워 사업에 대해 빠른 시일 내 착공해 2014년 인천아시안게임 전에 완공한다 는 데 합의했다. 청라지구 중앙호수공원 내 10만9000㎡부지에 450m 높이로 건설된다. 전망대 및 판매시설 지하공간 및 웨딩파크와 아쿠아파크 어드벤처파크 등 복합테마파크도 함께 조성된다. LH는 10월 중 사업시행자를 공모해 2014년 완공할 계획이다. 또 영종도 인천공항 청라국제도시간 제3연륙교 건설은 국토해양부와 협의해 빠른 시일 내 착공하고 2014년 인천아시안게임 전에 개통한다 고 합의했다. 제3연륙교 건설은 시와 LH의 영종ㆍ청라 개발 계획에 포함된 기반 시설이다. 하지만 제3연륙교가 건설될 경우 기존 인천대교ㆍ영종대교의 통행량이 줄어들 것으로 예상돼 민간사업자들에 대한 통행료 수입 감소분 보장에 대한 협의가 진행 중이다. 서구 가정오거리 일대 도심재생사업인 루원시티 조성 사업에 대해선 오는 26일 루원시티 건설을 위해 철거 공사에 들어가는 등 사업을 본격적으로 추진한다 고 의견을 모았다. 루원시티 조성사업은 서구 가정오거리 일대 97만㎡ 약 30만 평 의 구도심에 주상복합 1만1000가구 등 입체 복합도시를 만드는 사업이다. 지난 2006년부터 추진됐지만 1조6000억 원의 보상비만 지출된 채 부동산 경기 침체에 따른 사업성 저하 경인고속도로 일반화 지연 등으로 지지부진하다. 시와 LH는 상업시설 축소 등 사업성을 높이는 방향으로 개발 계획을 변경 중이다.,https://news.naver.com/main/read.nhn?mode=LSD&mid=shm&sid1=260&oid=277&aid=0002624502,284
262208,2011.06.17. 오전 9:05,부동산,아시아경제,부산 명륜 아이파크 1순위 청약경쟁률 28.3대 1,아시아경제 조민서 기자 현대산업개발의 부산 명륜 아이파크 1순위 청약에서 858가구 모집에 2만4290명이 몰려 평균 28.3대 1의 경쟁률을 기록했다. 17일 현대산업개발은 지난 16일 실시된 부산 명륜 아이파크의 1순위 청약접수 결과 일반분양 총 1041가구 중 특별공급 183가구를 제외한 858가구 모집에 2만4290건의 청약이 접수됐다고 밝혔다. 1 2단지 90 191㎡ 14개 주택형으로 공급된 이번 청약에서 1단지 115A㎡ 전용면적 84㎡ 는 169가구 모집에 1만2508건의 청약이 몰려 74대 1로 최고 경쟁률을 기록했다. 1순위 모집에서 총 14개 주택형 중 12개 주택형이 마감됐다. 이에 따라 1.15대 1을 기록한 1단지 191㎡ 전용면적 151㎡ 와 2가구가 미달된 146㎡ 전용면적 109㎡ 등 2개 주택형만 17일 2순위 청약접수를 받게 된다. 부산 명륜 아이파크는 지난 15일 실시된 특별공급에서도 189가구 모집에 1000여명 이상이 몰리며 이례적으로 96.8%에 달하는 183가구가 접수된 바 있다. 현대산업개발 관계자는 명륜 아이파크가 입지한 부산 명륜동은 오래전부터 부산의 역사와 문화의 중심지 역할을 해 왔던 지역 이며 주변 시세보다 저렴한 3.3㎡당 890만원선으로 공급됨에 따라 견본주택 개관 전부터 문의가 이어졌으며 뜨거운 관심이 청약결과로 이어졌다 고 말했다. 부산시 동래구 명륜 3구역을 재개발해 들어서는 명륜 아이파크 는 지하 3층 지상 28층 20개동 공급면적 기준 39 191㎡ 전용면적 24 151㎡ 총 1409가구 규모다. 조합원 물량 등을 제외한 90 191㎡ 전용면적 62 151㎡ 1041가구가 일반분양되며 입주는 2013년 11월 예정이다. 1순위에서 마감되지 않은 2개 주택형에 대해 17일 2순위 청약접수가 진행되며 24일 당청자 발표를 거쳐 29일부터 계약이 실시될 예정이다.,https://news.naver.com/main/read.nhn?mode=LSD&mid=shm&sid1=260&oid=277&aid=0002624499,284
262209,2011.06.17. 오전 8:58,부동산,아시아경제,불안한 전셋값 상승폭 커져..이주·학군수요 급증,아시아경제 조민서 기자 전세시장이 불안한 움직임을 보이고 있다. 아직 수도권 전역에서 나타나는 움직임은 아니지만 전주에 비해 전세가 상승폭이 더 커져 전세 수요자들의 고민도 깊어질 전망이다. 부동산정보업체 닥터아파트가 10일부터 16일까지 서울 경기 인천 등 수도권 아파트값을 조사한 결과 주간 전세가변동률은 0.09%를 기록했다. 재건축 이주수요와 학군수요가 늘어나 전세가 상승폭이 더 커진 모습이다. 서울 전세가변동률은 0.12%로 전주 0.06% 에 비해 상승폭이 더 커졌다. 강남구 0.39% 가 가장 큰 폭으로 올랐다. 양천구 0.29% 노원구 0.18% 송파구 0.17% 강동구 0.15% 구로구·서대문구 0.09% 영등포구 0.08% 금천구·성북구·강서구 0.05% 등이 뒤를 이었다. 강남구는 전세가가 대폭 상승했다. 꾸준한 학군수요와 기본적인 지역수요에다 입주물량도 거의 없다보니 전세물량이 전적으로 부족한 상황이다. 게다가 1000가구가 넘는 대치동 청실 이주수요로 인해 대치동 외에도 역삼동 등 강남구 전체가 들썩이고 있는 양상이다. 직접적인 영향을 받는 은마에서는 시세보다 5000만원 정도 올라 나와도 계약이 수월하지만 오히려 전세물건이 부족하다. 대치동 은마 102㎡가 3000만원 상승한 3억 3억5000만원 역삼동 역삼래미안 79㎡A가 1000만원 오른 3억9000만 4억2000만원이다. 양천구는 여름방학 이사철 수요로 전세가가 크게 올랐다. 연초와 같은 급등세가 오지 않을까 하는 불안감에 미리 전셋집을 구하는 학부모가 많고 외국 지방 등에서 찾는 문의도 많은 편이다. 목동 대원칸타빌2차 138㎡가 3000만원 오른 3억6000만 4억원 신정동 신시가지14단지 115㎡가 1500만원 상승한 3억3000만 3억7000만원이다. 노원구도 전세가가 오르기 시작했다. 현재 중계동 일대 중대형은 매물이 별로 없는 상태인데 발 빠르게 움직이는 전세수요자들이 하나둘 늘면서 전세가 상승 추세다. 아직 본격적인 움직임은 아니지만 방학이사철을 앞두고 이동하려는 학부모 수요자도 있다. 중계동 신동아 138㎡가 1500만원 올라 3억5000만 4억5000만원 청구 122㎡ 1000만원 올라 진 3억 3억5000만원이다. 신도시는 0.05% 경기 0.08% 인천 0.01%의 전세가변동률을 기록했다. 광명시 0.26% 가 가장 큰 폭으로 올랐다. 김포시 0.20% 하남시 0.20% 구리시 0.16% 수원시 0.15% 판교신도시 0.13% 용인시·화성시 0.10% 분당신도시·파주시 0.09% 평택시 0.08% 의왕시 0.07% 등의 순으로 오름폭이 컸다. 반면 부천시 0.01% 는 유일하게 하락을 기록했다. 광명시는 전세가가 크게 올랐다. 소하동 일대는 혁신학교로 지정된 구름산초등으로 진학시키려는 학군수요와 아파트형공장인 SK테크노파크 직장인수요로 인해 1000만원 정도 올라 물건이 나와도 계약이 수월하다. 전세 재계약률이 높은 철산동 하안동 일대는 세입자문의에 비해 전세물량이 턱없이 부족해 전세가가 오르고 있다. 소하동 신촌휴먼시아1단지 112㎡가 1500만원 상승한 2억 2억3000만원 철산동 두산위브 79㎡가 1000만원 오른 1억9000만 2억원이다. 김포시는 고촌동 일대 전세가가 상승했다. 관망세가 짙어진 매수자들이 전세로 머무르려는 경우가 많아 전세물량이 더욱 부족해졌다. 게다가 서울에 비해 전세가가 저렴해 강서구나 여의도 쪽으로 출퇴근하는 수요도 증가하는 추세다. 고촌동 청구 102㎡가 1500만원 상승한 1억2000만 1억3000만원 길훈1차 102㎡가 1250만원 오른 1억 1억2000만원이다. 하남시는 강동 송파구 등 서울에서 찾아오는 세입자 문의로 전세가가 올랐다. 특히 강동구 고덕동 시영 이주가 올 하반기부터 시작될 것으로 예상되자 문의가 늘었다. 물건이 많지 않다보니 임대인들이 부르는 값이 계약으로 연결되고 전세가도 올랐다. 덕풍동 하남자이 105㎡가 750만원 오른 1억8500만 2억원 벽산블루밍 105㎡가 500만원 상승한 1억7500만 1억9500만원이다.,https://news.naver.com/main/read.nhn?mode=LSD&mid=shm&sid1=260&oid=277&aid=0002624482,284
262210,2011.06.17. 오전 8:57,부동산,머니투데이,연관산업 융·복합화로 미래건설 창조,머니투데이 이군호 기자 2011 건설의 날 인터뷰 최삼규 대한건설협회 회장 ↑대한건설협회 최삼규 회장 국민의 삶의 질 향상에 기여한 건설산업이 앞으로는 수질개선 사업 등을 통해 환경수호자로서 역할을 다하고 연관산업과의 융·복합화로 새로운 미래 건설을 창조해야 합니다. 최삼규 대한건설협회 회장은 17일 2011 건설의 날 을 맞아 2011 건설의 날을 계기로 국민과 함께하는 건설 을 지향하는 건설인의 결의와 지속 성장을 위한 새로운 성장동력 창출 등 미래 건설산업의 새로운 모습을 제시하고자 한다 고 강조했다. 최 회장은 현재 건설산업의 침체 원인이 개발시대 확장 국면을 마무리하고 있는 우리경제의 구조적 변화에 기인한 것이지만 그동안 환경 변화에 적절히 대응하지 못한 건설업계의 책임도 있다고 토로했다. 새로운 미래 건설을 위해 성장동력 발굴 측면에서 해외건설시장 다변화 다른 산업과의 접목 및 융합을 통한 새로운 부가가치 창출방안 발굴 민간자본 활용을 통한 수요 창출 등이 필요하다고 지적했다. 최 회장은 정부가 의욕적으로 추진하고 있는 30대 선도프로젝트와 녹색뉴딜사업의 핵심이 민간투자지만 민자사업 위축으로 차질이 불가피하다며 정부 재정건전성 유지와 부동자금에 대한 건전한 투자처 제공 차원에서 사회간접자본 SOC 민간투자사업을 활성화해야 한다고 제언했다. 그는 많은 민자사업들이 금융약정 미체결로 표류하고 있을 뿐만 아니라 일부사업들은 계약해지 상황에 직면해 있다 며 SOC 민자사업에 대한 금융약정 촉진대책 마련해달라 고 요구했다. 최 회장은 이어 국내 건설산업이 국내 경제성장 위축 민간 주택시장 회복 지연 건설투자 부진에 따른 공사물량 부족 등의 여파로 업체간 경쟁이 격화되고 수익성은 악화되는 등 최대 위기를 맞고 있다고 설명했다. 그는 위기 속의 건설산업을 구해내기 위해서는 침체된 주택시장을 정상화시키고 최저가낙찰제 대상공사 확대 현행 300억원 이상→100억원 이상 를 재고하는 등 정부의 규제 완화가 필요하다 고 말했다. 최 회장은 건설업계도 지나친 수주 경쟁을 지양하고 상생발전을 위해 노력할 계획이며 정부도 불합리한 각종 건설산업 규제를 풀어 산업의 자생력을 높이는 방향으로 정책·제도를 혁신해주길 바란다 고 설명했다.,https://news.naver.com/main/read.nhn?mode=LSD&mid=shm&sid1=260&oid=008&aid=0002557105,284
262211,2011.06.17. 오전 8:57,부동산,머니투데이,단독재개발 다주택자 물딱지 구제받는다,머니투데이 박동희 MTN기자 앵커멘트 도정법 개정 사실을 모르고 재개발 구역에서 다주택자의 지분을 매입했다가 분양권을 인정받지 못했던 이른바 물딱지 매입자들이 일괄 구제될 것으로 보입니다. 관련법 규정 적용을 내년 말까지 유예하는 개정안이 국토해양위원회 소위를 무난히 통과해 이번달 본회의에서도 처리될 것으로 전망됩니다. 박동희 기잡니다. 리포트 지난 2009년 도시및 주거환경 정비법 개정으로 조합설립 이후 같은 구역내 다주택자의 지분을 매입했던 사람들은 분양권을 인정받지 못했습니다. 하지만 도정법 개정 사실이 제대로 알려지지 않으면서 피해자들이 양산됐습니다. 개정 전 법으론 관리처분 이전까지 동일인 지분을 매입하면 분양권을 인정받았는데 이 시기가 조합설립 후로 대폭 앞당겨진 사실을 몰랐기 때문입니다. 서울시조차도 도정법 개정안에는 문제가 있다 며 법제처의 유권해석을 기다리다가 재개발 재건축 사업장에 이 같은 사실을 제때에 알리지 못했습니다. 이러다보니 조합원 아파트를 분양받기 위해 거금을 들여 집을 샀던 사람들은 죄다 현금 청산될 처지에 놓인 것입니다. 이런 문제점을 해결하기 위해 그동안 국회는 이들을 구제하는 방안을 추진해 왔습니다. 국회 국토해양위원회는 어제 16일 법안심사소위를 열고 조합 설립 이후 다주택자의 주택을 매입할 경우 분양권을 부여하지 않도록 한 도시·주거환경정비법 19조 1항 3호 적용을 2012년 12월 31일까지 유예하는 내용의 부칙 을 신설한 개정안을 통과시켰습니다. 개정안이 본회의를 통과하게 되면 도정법이 개정된 2009월 8월 이후에 재개발·재건축 구역 다주택자의 주택을 샀다하더라도 조합원 분양권을 인정받게 됩니다. 동일인의 지분이라 하더라도 기존처럼 관리처분 이전까지만 매입하면 분양권을 인정받을 수 있게 된 것입니다. 국토해양위원회는 지분 쪼개기를 통한 투기를 막기 위한 당초 개정 취지는 인정하지만 국민들에게 충분히 알려지지 않아 피해를 낳고 있다 며 관련 법안에 부칙을 신설해 적용을 유예하기로 했습니다. 다주택자 구제법안을 발의했던 윤석용 의원측은 도정법 개정안은 여야간 이견 없이 원만하게 법안심사소위를 통과한 만큼 이번 달 임시국회에서 통과될 가능성이 매우 높다 고 설명했습니다. 개정안이 이번 달 말 국회 본회의를 통과하면 다음 달부터 적용될 예정입니다. 머니투데이방송 박동희 입니다.,https://news.naver.com/main/read.nhn?mode=LSD&mid=shm&sid1=260&oid=008&aid=0002557104,284
262212,2011.06.17. 오전 8:54,부동산,파이낸셜뉴스,부산 명륜동 명륜아이파크 청약경쟁률 최고 74대 1,부산 동래구 명륜동 ‘명륜 아이파크’ 아파트가 최고 74.01대 1의 청약경쟁률을 보이며 1·2단지 14개 주택형 가운데 13개 주택형이 1순위 내 마감됐다. 17일 금융결제원에 따르면 현대산업개발이 지난 16일 명륜 아이파크 1순위 청약접수를 받은 결과 특별 공급분을 제외한 858가구 모집에 총 2만4290명이 청약해 평균 28.31대 1의 경쟁률을 기록한 것으로 조사됐다. 특히 1단지 전용면적 84A㎡는 169가구 모집에 1만2508명이 몰려 74.01대 1의 가장 높은 청약경쟁률을 나타냈다. 이어 1단지 62㎡ 75가구 45.57대 1 84B㎡ 72가구 37.78대 1 84C㎡ 100가구 도 21.37대 1로 청약을 끝냈다. 중대형 아파트도 인기가 높았다. 1단지 전용 126A㎡ 11가구 8.91대 1의 경쟁률을 보였고 가장 큰 주택형인 151㎡도 1.15대 1로 청약을 마감했다. 다만 2단지 109㎡는 22가구 모집에 20명이 청약해 유일하게 2가구가 미달돼 이날 2순위 접수를 받는다. 이달 24일 당첨자 발표에 이어 29일부터 당첨자 계약이 진행될 예정이다. 현대산업개발 관계자는 “명륜동은 오래전부터 부산의 역사와 문화의 중심지 역할을 해왔던 곳이라 교통·학군·생활편의시설 등이 잘 갖춰져 있다” 며 “분양가도 3.3㎡당 800만∼900만원대로 주변 시세보다 저렴해 큰 인기를 끌고 있는 것 같다”고 말했다. 명륜 아이파크는 명륜3구역을 개발한 아파트로 지하 3층∼지상 28층 20개동 1409가구의 대단지 아파트이다. 부산 지하철1호선 명륜역과 1호선 4호선 환승역인 동래역이 아파트 단지에서 가깝다. 특히 동래역은 오는 멀티플렉스 아이스링크 오피스텔 쇼핑몰 병원 등 상업·문화·레저시설을 갖춘 복합환승 센터로 거듭날 예정이다. 또 주변에 명륜초등학교와 동래중 중앙여고 동래고 등이 위치해 우수한 교육여건을 갖추고 있으며 동래구청을 비롯해 롯데백화점 롯데마트 롯데시네마 메가마트 부산은행 등 생활편의시설도 풍부하다.,https://news.naver.com/main/read.nhn?mode=LSD&mid=shm&sid1=260&oid=014&aid=0002458677,284
262213,2011.06.17. 오전 8:51,부동산,머니투데이,2011 건설의 날…공로자 174명 표창,머니투데이 이군호 기자 2011 건설의날 박창규 롯데건설 대표·김경준 삼성물산 전무 금탑산업훈장 국민과 함께하는 건설 세계로 미래로 를 주제로 한 2011 건설의 날 이 17일 개최된다. 2011 건설의 날에는 국민의 삶의 질 향상에 기여한 건설이 앞으로는 수질개선 사업 등을 통해 환경수호자로서 역할을 다하고 연관산업과의 융·복합화로 미래 건설을 창조하고자 하는 건설인들의 의지를 밝힌다. 대한건설단체총연합회 회장 최삼규 는 17일 오후 1시30분 서울 논현동 건설회관 2층 대강당에서 국민과 함께하는 건설 세계로 미래로 를 주제로 2011 건설의 날 기념식을 갖는다. ↑롯데건설 박창규 대표 ↑삼성물산 김경준 전무 2011 건설의 날에는 김황식 국무총리 권도엽 국토해양부장관 등 정부 인사와 장광근 국회 국토해양위원장 강기갑 김희철 홍일표 김성태 국회의원 박덕흠 대한전문건설협회 회장 이재균 해외건설협회 회장 등 1000여명이 참석한다. 이날 기념식에서 박창규 롯데건설 대표이사와 김경준 삼성물산 전무가 금탑산업훈장을 받는 영광을 안게 됐다. 김광수 광남토건 대표이사와 황규철 경림건설 대표이사가 은탑산업훈장을 세방테크 강부인 대표이사가 동탑산업훈장을 각각 수상한다. ↑광남토건 김광수 대표 ↑경림건설 황규철 대표 또 원영건업 노석순 대표이사가 철탑산업훈장을 종합건축사사무소 탑 최영집 대표이사가 석탑산업훈장을 각각 받는 등 건설산업 발전에 기여한 공로가 큰 업계 및 유관 단체 임직원 174명에게 정부 포상 및 국토부장관 표창이 수여된다. 특히 건설인의 화합과 현장 기능인의 사기를 고취하기 위해 삼부토건 천병욱씨가 산업포장을 수여받고 울트라건설 김용윤 현장반장 등 현장 기능인 10명에게 국토해양부 장관 표창이 주어진다. ↑세방테크 강부인 대표 기념식에서는 국민과 함께하는 건설 세계로 미래로 라는 행사 주제를 표현한 영상이 방영된다. 이 영상은 국민의 삶의 질 향상에 기여한 건설이 이제는 수질 개선 사업 등을 통해 환경수호자로서 역할을 다하고 연관산업과의 융·복합화로 미래 건설을 창조하는 메시지를 전달한다. 최 회장은 기념사에서 건설산업의 건전한 발전은 일자리 창출과 내수 확대를 통해 서민이 살기 좋은 사회를 만들기 위해서도 반드시 필요한 것 임을 강조하고 정부도 건설업계가 지금의 어려움을 극복하고 새로운 도약의 계기를 만들어 갈 수 있는 건설 환경을 구축해야 한다 고 당부할 예정이다.,https://news.naver.com/main/read.nhn?mode=LSD&mid=shm&sid1=260&oid=008&aid=0002557100,284
262214,2011.06.17. 오전 8:50,부동산,연합뉴스,부산 명륜 아이파크 1순위 평균 28대1,2만4천여명 몰려…대부분 1순위 청약마감 서울 연합뉴스 강건택 기자 현대산업개발은 부산 동래구 명륜동 명륜 아이파크 아파트의 1순위 청약에서 평균 28.3대 1의 높은 경쟁률로 14개 주택형 중 12개가 마감됐다고 17일 밝혔다. 금융결제원에 따르면 전날 이 아파트의 1순위 청약접수 결과 특별 공급분을 제외한 848가구 모집에 총 2만4천290명이 몰렸다. 169가구를 모집한 1단지 전용면적 84㎡ A타입에만 무려 1만2천508명이 청약해 74.0대 1의 최고 경쟁률을 기록했다. 미달된 2개 주택형에도 남은 가구 수가 많지 않아 무난히 순위 내 청약이 마감될 것으로 회사 측은 보고 있다. 현대산업개발 관계자는 명륜동은 오래 전부터 부산의 역사와 문화의 중심지 역할을 하던 지역으로 교통 학군 생활편의시설이 고루 잘 갖춰져 있다 며 주변 시세보다 저렴한 3.3㎡당 890만원대로 공급돼 더욱 뜨거운 관심을 모았다 고 말했다. 명륜 3구역을 재개발한 이 아파트는 지하 3층 지상 28층 20개동에 전용면적 기준 24 151㎡ 1천409가구로 이뤄진다.,https://news.naver.com/main/read.nhn?mode=LSD&mid=shm&sid1=260&oid=001&aid=0005117425,284
262215,2011.06.17. 오전 8:49,부동산,파이낸셜뉴스,수도권 인기 오피스텔 품절이지만 미계약 물건 노려볼까,상반기 분양된 수도권 인기 오피스텔 사업장에 이목이 집중되고 있다. 분양시장 양극화 상황에서 수도권 인기 오피스텔은 높은 청약경쟁률로 마감된데 이어 실제 계약률도 높게 형성돼 물건 확보가 쉽지 않기 때문이다. 아울러 최근 정부가 주거용 오피스텔도 주택임대사업 등록 허용을 검토하는 등 호재가 발표됨에 따라 일부 미계약 등 잔여물건 이삭줍기에 대한 수요도 점차 증가할 전망이다. 17일 부동산정보업체 부동산써브가 올 상반기 수도권에서 인기리에 청약 마감된 오피스텔 사업장을 조사한 결과 6월 15일 현재 수원 광교신도시와 남양주 가운동 사업장에서 일부 잔여 물량을 선착순 분양 중이다. 올 상반기에 공급 청약마감된 인기 오피스텔 사업장은 치열할 청약 경쟁을 통해 당첨된 만큼 실제 계약률이 높은 편이다. 평균 경쟁률 56.7대1로 마감된 서울 서초구 ‘강남역2차아이파크’ 99실 와 89.5대1로 마감된 성동구 ‘서울숲더샵’ 69실 오피스텔은 계약이 100% 완료됐다. 송파구에서 공급된 ‘송파한화오벨리스크’ 청약경쟁률 8.1대1 도 1533실의 대단지임에도 현재 잔여물량이 모두 소진됐다. 수요가 많은 오피스텔은 잔여물량이 많지 않기 때문에 미계약 실 중에서도 동과 향 층 등이 좋은 물건을 구하려면 건설업체에 꾸준히 연락하는 등 관심을 갖는 것이 좋다. 경기 수원시 광교신도시 4블록에서는 대우건설이 ‘광교푸르지오시티’ 전용25∼31㎡ 총 462실 잔여가구를 선착순 분양 중이다. 단지 바로 앞에 신분당선 연장선 역사 SB4 가 신설될 예정 2015년 으로 신도시 내에서도 교통 여건이 우수한 편이다. 또 인근 4 2블록에서는 태영건설이 ‘데시앙루브’ 전용20∼39㎡ 총 243실 를 분양 중이다. 명품신도시로 유명한 광교는 올 들어 공급된 신규분양 아파트가 대부분 1순위 마감되는 등 주택시장에서 대기수요 많은 지역이다. 경기 남양주시 가운동에서는 유토파인이 ‘아인스빌’ 전용 22∼54㎡ 총 147실 잔여 물량을 분양 중이다. 중앙선 도농역 인근에 위치한 오피스텔로 구리∼판교 고속화도로 서울외곽순환도로 서울∼ 춘천 고속도로 등 이용이 수월하다. 인기 오피스텔 잔여실가 모두 소진 계약 됐다면 대기자 명단에 이름을 올려놓는 것도 방법이다. 경기 성남시 삼평동에서 공급된 ‘판교역 KCC웰츠타워’ 전용 33∼84㎡ 총 256실 는 평균 경쟁률 23.8대1로 분양이 마감됐으나 향후 중도금 대출이나 납부 과정 등에서 발생할 수 있는 잔여실를 우선 계약할 수 있는 대기자 명단 접수가 가능하다. 다만 오피스텔 투자 물건 신중히 판단해야 한다는 조언이다. 부동산써브 나인성 연구원은 “오피스텔은 시세차익 보다는 임대수익용 상품이기 때문에 주변 임차수요와 교통여건을 최우선으로 고려해야 하며 신규분양 단지는 주변에 조성 또는 개발예정 사항을 꼼꼼히 체크해야 한다”면서 “기왕이면 청약경쟁률이 높고 입지여건 등이 검증된 지역 위주로 발품을 파는 것이 좋다”고 말했다.,https://news.naver.com/main/read.nhn?mode=LSD&mid=shm&sid1=260&oid=014&aid=0002458667,284
262216,2011.06.17. 오전 8:45,부동산,머니투데이,미래 건설신상 키워드 녹색·융합·요구,머니투데이 이군호 기자 2011 건설의 날 10 20년내 부각될 미래 건설신상품을 잡아라 주경간 2㎞ 이상 초장대 교량 해저·하저터널 대단면·대심도 장대터널 초고층 태양열 집진타워 해상도시 기술 발전으로 실현 가능한 건설상품과 향후 10 20년 사이에 급부상할 것으로 예상되는 건설상품들이다. 건설업계는 장기적으로 안정적인 성장을 유지하기 위해 이같은 미래 건설신상품에 대비하고 있다. 대표적인 미래 건설신상품으로 △녹색화 상품군 Trend Driven Product △첨단기술 융합상품 Technology Driven Product △수요자 요구상품 Owner Diven Poduct 등을 꼽을 수 있다. △친환경건설이 대세 녹색화 상품군 녹색화 상품군은 화석연료 고갈과 함께 지구 온난화에 따른 지구 환경 변화에 대응하기 위해 부상하고 있는 친환경 녹색 건설을 의미한다. 환경복원사업 수자원 확보 하천복원 장수명 공동주택 초고층 태양열 집진타워 에코시티 Eco City 기가플로트 신재생에너지시설 부유식 풍력·조력발전소 등이 꼽힌다. 환경복원사업은 수자원을 확보하고 하천과 강의 수질을 개선하기 위한 사업으로 4대강 살리기 사업이 대표적인 사례다. 올해 4대강 본류 살리기 사업이 완료되면 이어 20조원이 투입돼 4대강 지류 살리기사업이 본격화될 예정이다. 장수명 공동주택은 현재 약 30년 정도인 공동주택의 100년 이상 경제 수명을 확보하는 공동주택을 말한다. 배출쓰레기 제로 배출수 제로 주택 유지관리비 50% 저감 등의 효과가 기대되고 있다. 초고층 태양열 집진타워는 수평으로 펼쳐진 태양열 집진시설을 수직으로 세워 공간 활용도를 높이고 경제성을 높이게 된다. 대표적인 친환경에너지인 태양열·풍력·조력·지열 발전소 등의 신재생 에너지시설 수요도 지속적으로 증가할 전망이다. 대도시권 인구과밀지역의 녹지부족 문제를 해소하기 위해 지상 층에 녹지공간을 구성하고 지하에 도시를 건설하는 지하도시와 사람과 환경이 조화를 이루면서 공생 할 수 있는 생태도시 에코시티 건설도 활발해질 것으로 기대되고 있다. △기술력을 확보하라 첨단기술 융합상품 건설산업도 이제 첨단기술과의 융합을 통해 그동안 상상하지 못했던 시설물을 속속 선보이고 있고 무궁무진한 건설상품을 만들어낼 수 있을 것으로 기대되고 있다. 주경간 2㎞ 이상 초장대 교량 시속 200㎞ 이상 초고속도로 해저·하저터널 대단면·대심도 장대터널 유씨티 u city 등이 대표적이다. 주경간 2㎞ 이상 초장대 교량은 환경파괴를 최소화하고 경제성과 주변경관과의 조화를 강조한 신개념 교량이다. 현재 국내 최장 경간 교량은 800m의 인천대교다. 도서지역이 많은 서남해안 지역을 중심으로 초장대 교량에 대한 수요가 늘 것으로 예상되고 있다. 시속 200㎞ 이상 초고속도로는 미래 자동차 성능에 맞도록 현재 고속도로의 2배 이상의 고속으로 주행이 가능하면서 사고·사망율을 50% 절감하는 지능화·첨단화된 도로를 말한다. 지능형 교통시스템 ITS 과 같은 첨단기술 적용을 통해 가능하다. 부유식 잠수식 터널공법 침매터널 공법 등을 활용해 총 연장 100㎞ 이상 해저·하저터널 건설이 가능할 것으로 예상되고 있다. 경제성이 확보되면 논의가 있었던 한일·한중해저터널 건설이 본격화될 수 있을 전망이다. 기존 해상교량도 해저·하저 터널로 대체 건설하고 향후 해상공원이 건설되면 항만과 공항을 연결하는 교통수단으로도 활용될 수 있을 것으로 예상되고 있다. 대단면·대심도 장대터널도 해저터널과 마찬가지로 장대화로 전환되고 미래 교통수요에 대응하기 위해 내구연한이 100년 이상 편도 3차선 이상의 대단면 확장이 가능한 도로터널로 전환될 것으로 기대되고 있다. △소비자가 원하는 상품을 만들어라 수요자 요구상품 수요자 요구상품은 발주자 요구에 의해 새롭게 등장하는 상품으로 인공섬 유라시아횡단철도 복층 고속도로 등을 꼽을 수 있다. 해상도시 및 인공섬은 해상에 건설되는 대규모 콘크리트 부체 구조물로 주거시설 운송시설 레저시설 등을 복합설치할 수 있다. 해상도시 및 인공섬이 건설되면 세계적인 관광명소가 될 수 있다. 초고층빌딩은 국내 건설사들이 기술력 확보에 공을 들이고 있는 상품으로 600m 150층 이상의 초고층 빌딩 수요가 늘어날 것으로 기대되고 있다. 이미 삼성물산은 세계에서 가장 높은 두바이의 부르즈 칼리파 162층 높이 828m 를 건설했다. 복층고속도로는 자연환경 피해를 줄이면서 기존 노선 활용도를 높이는 도로로 물량이 가장 많은 경부고속도로를 복층화하는 방안이 검토되고 있다. 유라시아횡단철도 철의 실크로드 는 부산을 기점으로 북한 중국 몽고 러시아를 연결하는 철도로 시베리아횡단철도 TSR 및 중국횡단철도 TCR 몽골횡단철도 TMGR 한반도 종단철도 TKR 가 연결되는 노선이다.,https://news.naver.com/main/read.nhn?mode=LSD&mid=shm&sid1=260&oid=008&aid=0002557095,284
262217,2011.06.17. 오전 8:42,부동산,파이낸셜뉴스,캠코 2022일 주거용 물건 등 총 255건 공매,한국자산관리공사 캠코 는 20일부터 22일까지 3일간 서울·경기지역 주거용 건물 20건을 포함한 443억원 규모 255건의 물건을 온비드 www.onbid.co.kr 를 통해 매각한다고 17일 밝혔다. 공매물건은 국가기관 세무서 및 자치단체 이 체납세액을 회수하기 위해 캠코에 매각을 의뢰한 물건으로 이번 공매에는 많은 물건이 감정가 보다 저렴하고 감정가의 70% 이하인 물건도 180건이나 포함돼 있다. 압류재산 공매는 임대차 현황 등 권리관계 분석에 유의해야 하고 명도책임은 매수자에게 있으므로 주의를 기울여야 한다. 또한 이미 공매공고가 된 물건이라 하더라도 자진납부 송달불능 등의 사유로 입찰 전에 해당 물건에 대한 공매가 취소될 수 있음을 염두에 둬야 한다. 입찰 희망자는 입찰보증금 10% 을 미리 준비해야 한다. 낙찰자는 ‘매각결정통지서’를 입찰참가시 온라인 교부를 신청한 경우 온비드를 통하여 발급 받을수 있으며 익일 서울 역삼동 소재 한국자산관리공사 조세정리부에서도 교부 받을수 있다. 매수 대금 납부기한은 낙찰가격이 1000만원 이상인 경우 매각결정일로부터 60일 낙찰가격이 1000만원 미만인 경우는 매각결정일로부터 7일이다.,https://news.naver.com/main/read.nhn?mode=LSD&mid=shm&sid1=260&oid=014&aid=0002458660,284
262218,2011.06.17. 오전 8:41,부동산,머니투데이,세종시 잡아라…분양권 웃돈만 7000만원,머니투데이 연기 충남 전예진 기자 우리들의 행복도시 세종시 2012년 세상에 선보인다 주변아파트가격도 상승세 충남·대전 분양시장 훈풍 올 1만가구 이상 공급 예정 ↑ 세종시 1 2단계 공사현장 전경. 왼쪽 2단계 아파트는 공사가 진행중이며 오른쪽 1단계 퍼스트프라임 단지는 공사가 거의 마무리된 상태다. ⓒLH 세종시 효과 로 충청권 부동산 시장이 들썩이고 있다. 신규 아파트 분양시장은 청약 열기로 달아올랐다. 지난해 처음 공급된 세종시 아파트 분양권에는 5000만원이 넘는 웃돈이 붙었고 주변 아파트 호가도 오르는 추세다. ◇ 충남·대전 분양시장 줄줄이 마감 행진 올 들어 충남·대전 분양시장에는 훈풍이 불고 있다. 세종시로 정부부처 이전이 다가오고 지난달 정부가 대전 신동·둔곡지구 등 충청권을 과학벨트로 지정하면서부터다. 최근 한화건설이 대전 노은지구에 공급한 꿈에그린 은 1765가구 모집에 5120명이 청약 평균 2.90대1의 경쟁률로 전 주택형이 순위 내 마감됐다. 앞서 GS건설이 대전 중구 대흥동에 공급한 대전 센트럴자이 도 783가구 모집에 4164명이 신청 5.32대1의 높은 경쟁률을 기록했다. 지난해 1단계 공급 당시 썰렁했던 세종시 첫마을 분위기도 반전됐다. 지난달 청약접수를 받은 세종시 첫마을 2단계 아파트는 전체 3576가구 모집에 총 1만7783명이 몰려 평균 5.0대1의 경쟁률로 인기몰이를 했다. LH 관계자는 2단계 분양 당시 과학벨트 발표시점이 맞물리면서 수요자의 관심이 쏠렸다 며 대전 서부권에 대한 관심과 기대감이 청약결과로 나타나고 있다 고 말했다. ↑ 세종시 첫마을 분양당시 모델하우스 전경 ⓒLH ◇ 기존 아파트 분양권도 들썩...웃돈 최고 7000만원 청약열풍은 기존 아파트와 분양권 가격도 끌어올리고 있다. 신동·둔곡지구에서 차로 20분 거리인 대전 노은지구·테크노밸리 아파트의 호가는 2000만 3000만원 씩 뛰었다. 노은1지구 전용 84㎡ 아파트는 지난해 말 2억원 후반이었지만 현재 3억3000만원을 호가한다. 노은지구 우리공인 관계자는 집값 상승 기대감 때문에 집주인들이 팔기를 꺼려 매물이 거의 없고 호가가 최고 5000만원까지 올랐다 고 말했다. 입주예정인 아파트 분양권도 웃돈이 붙어 거래되고 있다. 세종시 첫 분양 아파트인 퍼스트프라임 의 분양권에는 최고 7000만원의 웃돈이 형성됐고 지난달 분양한 센트럴자이 는 한 달 만에 프리미엄이 형성됐다. 센트럴자이 분양관계자는 계약 이후 중소형은 2000만 3000만원까지 웃돈이 붙었다 며 세종시 1단계 아파트가 거의 완공되고 개발이 진행되면서 모델하우스 방문객도 꾸준하다 고 전했다. ◇ 올해 1만 가구 공급…건설사 기대감 고조 부동산 시장이 활기를 보이자 건설사들의 발걸음은 분주해지고 있다. 건설사들은 인근 미분양 아파트 마케팅과 신규 아파트 공급에 총력을 기울이는 모습이다. 이달 충남 예산일반산업단지 분양을 앞둔 계룡건설 관계자는 아산 당진 서산까지 개발수혜지로 떠오르고 있다 며 분양시기를 앞당기고 공급을 서두르는 분위기 라고 말했다. 부동산114에 따르면 올해 충남 대전에서 분양예정인 물량은 1만가구가 넘는다. 세종시에서는 하반기 포스코건설이 시범생활권 1 5구역에 포스코 더샵 아파트 1152가구를 분양하고 LH는 첫마을 A 2와 D블록에 공공임대 단지를 공급한다. 이달부터는 세종시 첫마을 1 2단계 아파트에 LH 상가 215개 점포가 3차례에 걸쳐 공급된다. 김규정 부동산114 본부장은 주택시장침체로 한동안 공급이 끊겼던 충청권 부동산 시장에 최근 들어 공급이 쏟아지고 있다 며 하지만 인프라가 갖춰지고 인구유입으로 인한 수요가 뒷받침되므로 한동안 부동산 시장의 열기는 지속될 것 이라고 내다봤다.,https://news.naver.com/main/read.nhn?mode=LSD&mid=shm&sid1=260&oid=008&aid=0002557089,284
262219,2011.06.17. 오전 8:37,부동산,머니투데이,세종시 경험치 못한 최초·최고 명품도시될 것,머니투데이 이군호 기자 우리들의 행복도시 세종시 행정중심복합도시건설청 최민호 청장 인터뷰 ↑최민호 행정중심복합도시건설청장 부처의 순조로운 이전과 이전공무원들의 정주여건 안정 자족기능 확충 최초·최고의 명품도시 건설 인근지역과의 균형발전 등을 목표로 하고 있습니다. 최민호 사진 행정중심복합도시건설청장은 세종시 건설 기본방향을 4가지로 정리했다. 첫 번째로 내년부터 정부부처 이전이 시작되기 때문에 부처의 순조로운 이전과 이전 공무원들의 정주여건을 안정되게 만들어 놓는 것이 중요하다고 강조했다. 두 번째로 세종시가 명품도시 인구 50만도시로 성장하려면 공무원뿐 아니라 과학기술은 물론 문화예술 측면에서도 많은 시설과 유인책이 있어야 되는 점을 감안해 이 부분에 중점을 두겠다고 설명했다. 세 번째로 세종시를 이제까지 우리 국민들이 경험하지 못한 최초·최고의 명품도시를 만들 것이라고 말했다. 이를 위해 쓰레기 담장 광고판 전봇대 점포주택 노상주차가 6무 無 도시로 건설해 도시의 질을 높이겠다는 방안이다. 마지막으로 세종시 전체의 발전을 강조했다. 최 청장은 예정지역만으로는 세종시가 고루 발전할 수는 없기 때문에 나머지 연기지역과의 상생발전 균형발전을 위해 여러가지 방안을 추진할 방침 이라고 강조했다. 특히 세종시의 성공적 출범을 위해 세종특별자치시 지원위원회와 출범준비단 역할의 중요성을 설명했다. 지원위원회는 국무총리실 소속으로 세종시의 중장기적 발전방안과 중앙정부 차원의 지원방안을 조정·심의하는 기구다. 출범준비단은 행정안전부 소속으로 세종시 출범에 필요한 조례제정 등을 처리 지원하고 있다. 이에 반해 건설청은 행정도시 건설 특별법 에 따른 행정도시 건설사업 추진과 세종특별자치시 출범지원 기능을 수행하고 있다. 최 청장은 행안부 근무과정에서 쌓은 지방자치제도 지방행정 노하우를 살려 순조롭게 지자체로 출범할 수 있도록 힘을 보태겠다 고 말했다. 국제과학비즈니스벨트 기능지구 지정과 관련해선 거점지구와의 적절한 역할 분담을 통해 과학벨트사업의 성공을 뒷받침하겠다는 포부를 밝혔다. 그는 건설청이 과학벨트 협의체의 일원으로 참여할 예정이며 이를 통해 과학벨트관련 원천기술 사업화 부문과 정주환경 조성 등을 지원하겠다 고 설명했다. 국제과학비즈니스벨트 기능지구의 내실화도 추진하겠다고 강조했다. 최 청장은 원천기술 응용과 사업화 지원에서 더 나아가 세종시가 과학기술과 지식이 창조 유통 재생산 되는 집적지로 발전할 수 있도록 최선을 다하겠다 고 말했다.,https://news.naver.com/main/read.nhn?mode=LSD&mid=shm&sid1=260&oid=008&aid=0002557086,284
262220,2011.06.17. 오전 8:36,부동산,헤럴드POP,800가구 모집에 2만4천명이...어떤 아파트길래,부산 동래구 명륜동 ‘명륜 아이파크’ 아파트가 1순위 청약접수에서 최고 74.01대 1의 경쟁률을 보이며 대부분 주택형이 마감됐다. 17일 금융경제원에 따르면 현대산업개발이 지난 16일 명륜 아이파크 1순위 청약접수를 받은 결과 특별 공급분을 제외한 858가구 모집에 총 2만4290명이 청약해 평균 28.31대 1의 경쟁률을 기록했다. 특히 1단지 전용면적 84A㎡는 169가구 모집에 1만2508명이 몰려 74.01대 1의 가장 높은 청약경쟁률을 나타냈다. 이어 1단지 62㎡ 75가구 45.57대 1 84B㎡ 72가구 37.78대 1 84C㎡ 100가구 도 21.37대 1로 청약을 끝냈다. 중대형 아파트도 인기가 높았다. 1단지 전용 126A㎡ 11가구 8.91대 1의 경쟁률을 보였고 가장 큰 주택형인 151㎡도 1.15대 1로 청약을 마감했다. 다만 2단지 109㎡는 22가구 모집에 20명이 청약해 유일하게 2가구가 미달돼 17일 2순위 접수를 받는다. 현대산업개발 관계자는 “명륜동은 오래전부터 부산의 역사와 문화의 중심지 역할을 해 왔던 터라 교통 학군 생활편의시설 등이 잘 갖춰져 있다” 며 “분양가도 3.3㎡당 800만 900만 원대로 주변 시세보다 저렴해 큰 인기를 끌고 있는 것 같다”고 말했다. 명륜 아이파크는 명륜3구역을 개발한 아파트로 지하 3층 지상 28층 20개동 총 1409가구의 대단지 아파트이다. 부산 지하철 1호선 명륜역과 1호선 4호선 환승역인 동래역이 아파트 단지에서 가깝다. 동래역은 멀티플렉스 아이스링크 오피스텔 쇼핑몰 병원 등 상업ㆍ문화ㆍ레저시설을 갖춘 복합환승 센터로 2014년 거듭날 예정이다. 단지 옆 명륜초등학교를 비롯해 동래중 중앙여고 동래고 등 부산 전통의 8학군으로 우수한 교육여건을 갖추고 있다. 서전학원 정철어학원 등 유명학원들도 밀집해 있다. 동래구청 롯데백화점 롯데마트 롯데시네마 메가마트 부산은행 등 다양한 생활편의시설도 풍부하다. 한편 이달 24일 당첨자 발표를 거쳐 29일부터 계약을 실시한다. 입주는 2013년 11월 말로 예정돼 있다.,https://news.naver.com/main/read.nhn?mode=LSD&mid=shm&sid1=260&oid=112&aid=0002203826,284
262221,2011.06.17. 오전 8:31,부동산,머니투데이,사람·환경·건축물 조화이룬 꿈의 도시,머니투데이 연기 충남 ＝이군호 기자 우리들의 행복도시 세종시 2012년 세상에 선보인다 행정타운 개발 어떻게 정부·주민 소통하는 중앙부처 행정타운 목표 기존 폐쇄적 배치 벗어나 수평·개방적 구조로 국제공모전 거쳐 친환경·효율성 극대화 설계 건물 모두 이어진 옥상정원 시민들 쉼터제공 ↑세종시 정부청사 배치도 행정중심복합도시 세종시 를 상징하는 시설은 단연 중앙부처 행정타운이다. 도시의 핵심기능이자 도시 활성화의 출발점인 행정타운은 도시의 랜드마크가 될 것으로 기대된다. 해안건축이 제안한 세종시 중앙행정타운 마스터플랜 국제공모 당선작의 개념은 FLAT LINK ZERO CITY 다. 지면과 건축물의 조화 친환경적 조경을 바탕으로 한 미래지향 친환경·효율성이 뛰어난 설계 등을 통해 인간과 환경이 조화를 이루는 도시기능에 초점을 맞추고 있다. 세부적으로 세종시 정부청사는 기존 행정기관의 폐쇄적인 배치에서 벗어나 수평적이고 개방적인 배치와 건축구조를 통해 정부와 시민이 함께 소통할 수 있는 공간으로 만들어진다. 정부청사 주변에는 야간에도 활력을 유지하도록 업무·주거·상업지구를 배치해 복합적인 토지 이용이 가능하다. 정부청사의 자랑거리 가운데 하나는 옥상 풍경이다. 청사건물과 건물옥상이 모두 이어져 거대한 옥상정원이 탄생한다. 이 옥상정원은 옥상끼리 이어졌을 뿐 아니라 땅과도 이어지는 구조다. 정부청사 옥상정원은 시민들이 자유롭게 드나들게 돼 옥상정원을 통해 정부와 시민 도시와 자연은 하나가 된다. 세종시 정부청사는 현재 국무총리실이 입주하는 1단계 1구역과 기획재정부·공정거래위원회·국토해양부·환경부·농림수산식품부가 들어서는 1단계 2구역이 내년 상반기와 하반기에 각각 완공된다. ↑세종시 정부청사 1단계 2구역 조감도 1단계 1구역은 해안건축이 설계하고 계룡건설산업과 삼성물산이 시공중이다. 1단계 2구역은 범건축과 아르텍이 설계하고 포스코건설 컨소시엄이 시공을 맡았다. 2단계도 올해 착공에 들어가 2013년 11월 준공을 목표로 하고 있다. GS건설 컨소시엄이 시공사로 선정된 2단계 1구역은 보건복지부 고용노동부 중앙노동위원회 최저임금위원회 산업재해보상보험재심사위원회 국가보훈처 보훈심사위원회 등 7개 부처 1700여명이 입주한다. 2단계 2구역은 대림산업 컨소시엄이 시공을 맡았다. 교육과학기술부 교원소청심사위원회 문화체육관광부 해외문화홍보원 지식경제부 지역특화발전특구기획단 경제자유구역기획단 무역위원회 전기위원회 광역등록사무소 연구개발특구기획단 등 11개 부처 2402명이 둥지를 튼다. 행정중심복합도시건설청은 마지막인 3단계 청사 건립공사도 지난 5월 설계공모를 시작으로 사업 추진을 본격화했다. 1 2단계와 마찬가지로 2개 구역으로 나눠 건설되며 내년 8월 착공해 2014년 말 완공을 목표로 하고 있다. 1구역에는 국민권익위원회·법제처 2구역에는 국세청·소방방재청·한국정책방송원·우정사업본부 등이 입주한다.,https://news.naver.com/main/read.nhn?mode=LSD&mid=shm&sid1=260&oid=008&aid=0002557078,284
262222,2011.06.17. 오전 8:31,부동산,헤럴드POP,자이갤러리에서 ‘나가수 콘서트’ 연다,GS건설이 전 국민적 관심을 받고 있는 ‘나는 가수다 이하 나가수 ’에 출연했던 가수들을 초청해 무료 콘서트를 연다. GS건설은 ‘나가수’에 출연한 가수 백지영씨와 JK김동욱씨를 초청해 오는 24일 서울 서교동 자이갤러리에서 ‘자이콘서트’를 개최한다고 17일 밝혔다. 이번 콘서트는GS건설이 지난달 업계 최초로 태블릿 PC 및 스마트폰 용 통합 애플리캐이션인 ‘자이앱’ 출시를 기념하는 의미에서 마련됐다. 관람신청은 ‘자이앱’ 이나 자이홈페이지 www.xi.co.kr 를 통해 받으며 자이고객뿐만 아니라 일반고객 까지 누구나 신청이 가능하다. 자이앱에서는 ‘소통공간’ 페이지에서 ‘참여하기’를 터치하면 신청 글을 남길 수 있고 홈페이지는 회원가입을 한 후 ‘신청하기’에서 방청권을 신청하면 된다. GS건설은 신청 고객 중 200명을 추첨해 20일 자이홈페이지에 게재 또는 개별 통보할 예정이다. 한편 ‘자이앱’은 자이 입주민 전용 잡지인 ‘가가자이’ 내용과 최근 자이 분양단지 소개 등 ‘알짜 생활정보’를 수시로 업데이트하여 확인해 볼 수 있는 무료 애플리케이션으로 출시한지 한 달새 2만여명 이상이 다운로드를 받을 정도로 큰 호응을 얻고 있다.,https://news.naver.com/main/read.nhn?mode=LSD&mid=shm&sid1=260&oid=112&aid=0002203823,284
262223,2011.06.17. 오전 8:30,부동산,아시아경제,상반기 수도권 아파트값 제자리 걸음,오르락 내리락하던 상반기 서울 및 수도권 아파트 매매가가 평균 0%의 변동률을 기록하며 제자리걸음 을 했다. 올초 전세→매매전환 DTI부활 기점으로 다시 내리막길 5차보금자리로 강동구 아파트값 뚝 아시아경제 정선은 기자 상반기 서울 및 수도권 아파트 매매가가 제자리 걸음 을 했다. 올 들어 6개월 평균을 내보니 아파트값 변동률이 0%로 나타났다. 부동산정보업체 부동산 1번지에 따르면 상반기 수도권 아파트 매매가 상승률은 서울 0.00% 신도시 0.28% 경기 0.06% 인천 0.09%을 나타냈다. 그야말로 오르락 내리락 하던 장세를 보이더니 결국 제자리로 되돌아온 모양새다. 올 초만 해도 소형주택을 중심으로 급등한 전셋값 대신 매매로 전환하는 수요가 늘어났다. 하지만 3월 말 총부채상환비율 DTI 규제완화 종료 일본 대지진 등 심리적 위축요인이 작용하면서 4월 이후 다시 하향세로 돌아섰다. 서울에서 가장 두드러진 하락세를 보인 곳은 강동구 다. 개포지구 재건축안 통과 등 호재에도 대체로 둔감했던 강남권 재건축 시장 침체와 5차보금자리 지구 지정까지 이중으로 집값 하락에 영향을 줬다. 상반기 강동구 매매가 상승률 6월 11일 기준 은 1%에 근접한 0.92%를 나타내며 서울에서 가장 하락폭이 컸다. 경기권에서는 한강신도시 신규공급이 급증하면서 아파트 값이 하락한 김포 1.21% 보금자리 여파를 입은 과천 1.08% 에서 하락세가 짙었다. 반면 오산 1.53% 안성 0.79% 평택 0.73% 이천 0.66% 등 전셋값이 높고 기업이전 호재가 있던 곳은 전입수요가 늘면서 아파트값 오름세가 두드러졌다. 인천의 경우 청라지구 입주가 본격화 되면서 아파트 값 하락폭이 컸다. 특히 연수구 0.43% 는 송도신도시 등 신규공급 물량에 비해 수요가 뒷받침되지 않아 아파트값이 약세를 보였다. 조민이 부동산1번지 팀장은 올 들어 4차례에 걸친 정부의 부동산 거래 활성화 대책에도 불구하고 전반적인 거래부진이 계속된 가운데 5차 보금자리지구 발표와 계절적 비수기가 맞물리면서 시장의 관망세는 더욱 짙어지는 양상이다 고 분석했다.,https://news.naver.com/main/read.nhn?mode=LSD&mid=shm&sid1=260&oid=277&aid=0002624467,284
262224,2011.06.17. 오전 8:26,부동산,머니투데이,세종시 성공 자생력 확보에 달렸다,머니투데이 이군호 기자 우리들의 행복도시 세종시… 한국토지주택공사 LH 이지송 사장 인터뷰 ↑LH 이지송 사장 세종시가 성공하기 위한 최우선 과제는 수요 창출을 통한 자생력 확보입니다. 중앙행정기관 이전 첫마을 입주 정부출연 연구기관 이전 등의 정책적 인구 유입에 이어 첨단지식·대학·의료복지 등 자족기능 유치를 통해 자생력을 확보하겠습니다. 한국토지주택공사 LH 이지송 사장 사진 은 세종시의 성공적인 건설을 위해 이 같은 방향에 초점을 맞추겠다고 강조했다. 이 사장은 세종시를 △초기활력단계 2007 2015년 △자족적 성숙단계 2016 2020년 △완성단계 2021 2030년 로 나누고 목표인구 50만명의 자족도시 건설에 주력하겠다고 설명했다. 먼저 초기활력단계에 중앙행정·도시행정·대학·연구권역을 우선 개발해 정책적 이전수요를 충당하고 자족적 성숙단계부터 의료·문화·첨단지식산업 거점프로젝트를 추진해 자족적 성장동력을 통한 도시 활성화를 추진하기로 했다. 이후 완성단계에서는 활발한 도시마케팅을 통해 세종시로 이전수요를 유인 2030년 국가 중추기능을 담당할 신성장거점으로 완공하겠다는 포부를 밝혔다. 이 사장은 올해 초기활력단계의 핵심인 청사 건축과 공무원이 입주할 주택 건설 부지 조성공사 등에 박차를 가하겠다고 말했다. 이 가운데 내년 말 1단계 정부청사가 이전하는 데 맞춰 주택건설에 차질이 없도록 할 계획이라고 강조했다. 이 사장은 2014년까지 주택수요를 2만가구로 본다면 이 기간에 입주 가능한 주택수는 첫마을 공무원연금공단 대우건설 극동건설 포스코건설 등 1만6500가구여서 3500가구의 차질이 예상되는 만큼 사업을 포기한 7개 건설사 중 1곳도 사업을 재개하지 않을 경우 LH가 4000가구를 직접 시공하는 방법도 검토하고 있다 고 설명했다. 특히 이 사장은 세종시가 과학벨트 기능지구로 지정된 데 맞춰 철저히 준비하겠다고 밝혔다. 이와 관련 LH는 거점지구 종사자들에게 주거·상업·교육을 최우선적으로 지원하고 국책연구기관의 조기 입주를 위해 거점지구에 가장 인접한 3·4생활권의 기본계획 변경을 추진할 계획이다. 3 3생활권의 부지조성공사 등 공사를 조기에 착공하고 4 1 잔여구역은 올해 설계에 착수하며 4 2 구역은 기능지구로 기본계획을 변경한 뒤 거점지구 진행상황에 따라 발주시기를 결정할 예정이다.,https://news.naver.com/main/read.nhn?mode=LSD&mid=shm&sid1=260&oid=008&aid=0002557066,284
262225,2011.06.17. 오전 8:22,부동산,아시아경제,금리인상 타격..부동산 매매시장 하락세 이어져,아시아경제 조민서 기자 이번 주 부동산 매매시장이 한국은행의 기준금리 인상으로 하락세를 이어갔다. 부동산정보업체 닥터아파트가 10일부터 16일까지 서울 경기 인천 등 수도권 아파트값을 조사한 결과 주간 매매가변동률은 0.04%를 기록했다. 서울 매매가변동률은 전주 0.04% 보다 0.02%포인트 하락한 0.06%를 기록했다. 송파구 0.20% 가 하락폭이 가장 컸다. 강남구 0.17% 노원구 0.07% 동대문구 0.05% 양천구 0.03% 강동구 0.02% 금천구·강서구 0.01% 등이 뒤를 이었다. 반면 25개구 중 마포구 0.01% 는 유일하게 상승을 기록했다. 송파구는 대표적인 재건축 단지인 잠실동 주공5단지 가락동 가락시영 등이 하락했다. 금리인상 영향으로 매수세가 약해져 급매물이 아니면 거래가 힘들다. 가락동 가락시영1차 56㎡가 4750만원 하락한 5억500만 6억1000만원 잠실동 주공5단지 116㎡가 1500만원 내린 11억7000만 11억9000만원이다. 강남구는 매수·매도자 모두 관망세가 짙어진 분위기다. 개포동 개포주공은 저렴한 매물이 한 두건 거래로 이어졌지만 가격 회복 움직임은 보이지 않는다. 대치동 일대 미도 선경 개포우성 등 1980년대 입주단지들은 시장 침체로 거래가 더 힘들다. 시세보다 6000만원 이상 가격이 하락한 매물이 나와도 사려고 하는 매수자들이 많지 않자 거래는 종적을 감췄다. 대치동 개포우성1차 102㎡가 5000만원 하락한 12억 14억원 개포동 주공1단지 56㎡가 2000만원 내린 10억8000만 11억원이다. 노원구는 중계동 중대형 아파트가 하락세를 이끌었다. 중대형의 경우 급매물이 나와도 매수자들의 관심을 전혀 끌지 못하고 있다. 중계동 신동아 138㎡가 4000만원 떨어져 6억5000만 8억원 청구 138㎡가 4000만원 떨어진 6억5000만 8억원이다. 인천은 0.06%를 기록하며 비교적 큰 폭으로 하락했다. 신도시와 경기는 각각 0.03% 0.01%를 기록했다. 서울을 제외한 수도권에서는 과천시 0.19% 가 전주에 이어 크게 떨어졌다. 이어 인천 연수구 0.16% 인천 부평구·인천 남동구·시흥시 0.07% 일산신도시 0.06% 분당·중동신도시·의정부시 0.05% 김포시 0.04% 등이 하락을 기록했다. 반면 평택시 0.05% 이천시 0.03% 의왕시 0.01% 는 상승했다. 과천시는 지식정보화타운이 보금자리지구로 지정된 여파가 큰 상황에서 기준금리까지 인상되자 주택시장이 마비상태다. 매수세는 전혀 없고 매물만 쌓이고 있다. 부림동 주공7단지 59㎡가 2200만원 하락한 6억6000만 6억7000만원이다. 인천 연수구는 송도동 일대가 큰 폭으로 하락했다. 실수요자 문의가 꾸준했던 중형아파트에서도 호가가 하락한 매물이 등장했다. 가격이 2000만 3000만원 정도까지 하락하자 거래가 한두 건 이뤄졌지만 자금 부담이 큰 중대형 아파트는 호가가 하락해도 거래로 이어지지 못하고 있다. 송도동 송도풍림아이원1블록 142㎡가 1000만원 내린 4억8000만 5억2000만원 아이파크송도 168㎡가 2000만원 하락한 7억5000만 9억5000만원이다. 일산신도시는 대형아파트가 하락세를 이끌었다. 매수세가 없는 가운데 급매물은 증가하고 있어 시세는 하락할 수밖에 없는 상황이다. 주엽동 문촌쌍용한일 163㎡가 2000만원 떨어진 5억1000만 6억원이다. 반면 평택시는 매매가가 상승세를 보였다. 매수자 문의는 다소 줄었지만 나오는 매물량이 턱없이 부족해 나타난 결과다. 게다가 매매가 대비 전세가가 워낙 높아 중소형아파트 위주로 매수세가 강해진 모습이다. 시세보다 500만원 정도 올라 나와도 거래가 수월하다. 독곡동 한일 79㎡가 650만원 오른 9억3000만원 송탄대림 105㎡가 500만원 상승한 1억6500만 1억7500만원이다.,https://news.naver.com/main/read.nhn?mode=LSD&mid=shm&sid1=260&oid=277&aid=0002624464,284
262226,2011.06.17. 오전 8:21,부동산,머니투데이,아파트 숲 아닌 숲속의 아파트,머니투데이 연기 충남 송지유 기자 우리들의 행복도시 세종시 2012년 세상에 선보인다 미리가 본 세종시 1단계 아파트 올 12월 입주 전체 면적 53% 공원·녹지 초·중·고 학급당 20명 수준 ↑행정중심복합도시 조감도 1. 2015년 세종시에 살고 있는 나세종 가명·39·공무원 씨는 주말 요트 삼매경에 빠져 있다. 아파트 단지 바로 앞에 펼쳐진 금강에서 아들과 함께 요트를 타면 1주일간 쌓였던 스트레스가 말끔히 사라진다. 요트뿐 아니다. 무거운 짐을 싣고 차를 타고 복잡한 도로로 나설 필요가 없다. 큰 비용을 들이지 않고도 집 앞에서 수영 수상스키 낚시 등 계절에 따라 다양한 레포츠를 즐길 수 있다. 2. 남편의 회사 이전에 따라 세종시로 이사온 전행복 가명·46·주부 씨는 하루하루가 즐겁다. 아파트 주변 산책로 국내 최대규모 호수공원 국립수목원을 거닐면 몸도 마음도 저절로 상쾌해진다. 서울에서 살때 골머리를 앓았던 자녀들 교육문제에서도 해방됐다. 아들은 과학고 딸은 예술고에 각각 진행했기 때문이다. 대학 진학이라는 큰 과제가 남아있지만 두 학교 모두 대학 진학률이 높은 명문학교여서 9부 능선을 넘은 기분이다. 지난 5일 충남 연기군 행정중심복합도시 밀마루전망대 9층 해발 98m 에서 본 세종시는 한마디로 광활한 나대지였다. 아직은 오는 2030년까지 인구 50만명을 수용할 거대 도시로서의 모습은 아니었다. 하지만 정부청사 부지내 총리공관 지상 4층 의 골조공사 정부기관 종사자에게 공급하는 세종시 첫마을 1단계 아파트 건물 공사 금강을 잇는 교량공사 등이 한창이었다. 2030년까지 도시 조성이 이뤄지는 장기 프로젝트의 첫 단계 사업이 그야말로 순조롭게 진행되고 있었다. ◇우리들의 행복한 도시 얼마나 지어졌나 세종시의 핵심인 중앙행정 타운은 부지는 각 공구별로 절반 이상이 일정목표를 100% 소화하는 등 성공적으로 추진되고 있다. 특히 국무총리실 조세심판원 등이 들어서는 정부청사 1단계 1구역은 약 50%의 공정률로 기간별 목표의 100%를 달성하는 등 실적을 기록하고 있다. 기획재정부 국토해양부 등 경제부처가 입주하는 1단계 2구역도 약 10% 정도 공사가 진행됐다. 이들 1단계 구역은 내년 상반기와 하반기 각각 완공될 예정이다. 보건복지부와 고용노동부 등이 이전하는 2단계 1·2구역은 올해 공사를 시작해 오는 2013년말 준공할 예정이다. 정부청사 마지막 단계인 3단계 사업은 내년 8월 착공해 2014년말 완공을 목표로 하고 있다. ↑세종시 첫마을 아파트 전경 정부부처 이전기관 종사자와 이주민 정착을 위해 한국토지주택공사 LH 가 공급한 세종시 첫마을 1·2단계 아파트 역시 차질없이 건립되고 있다. 지난해 공급한 1단계 아파트 1582가구 는 올 12월 입주를 목표로 마무리 공사가 진행되고 있다. 2단계 3576가구 아파트는 내년 상반기 입주를 앞두고 골조공사가 이뤄지고 있다. 일반분양 단지 옆에 들어서는 공공임대아파트 1362가구 의 공사도 한창이다. 이 임대아파트는 오는 9월 입주자모집공고가 이뤄질 예정이다. 민간건설사가 짓는 아파트는 블록별 건설사별 사정에 따라 상황이 다르다. 공동주택용지를 분양받은 건설사 10곳 가운데 대우건설 포스코건설 극동건설 등 3곳만 분양사업을 계획대로 추진하고 있다. 사업시행자인 LH는 현대건설 삼성물산 건설부문 대림산업 등 3개사와 추가 협상을 벌이고 있다. 계약을 해제한 4개 부지는 재매각을 추진하거나 LH가 직접 아파트를 공급할 계획이다. ↑세종시 중앙호수공원 조감도 ◇국내 최고 녹지·교통·교육환경…삶의 질 쑥쑥 자연친화적인 도시환경은 세종시를 상징하는 중요한 요소다. 도시 전체면적의 53%가 공원 녹지 친수공간 등으로 조성돼서다. 이는 분당 27% 판교 37% 등과 비교할 때 국내 최고 수준의 녹지율이다. 국사봉·원수산·전월산 등 녹지축과 금강·미호천 등 하천축을 연계한 생태 네트워크는 시민들의 자랑거리가 될 것으로 보인다. 도심을 상업지구로 개발하는 일반적인 도시계획에서 탈피해 도시 중심부를 공원과 녹지로 조성한 점도 눈에 띈다. 중앙녹지공간만 260만여㎡에 중앙공원 61만㎡ 국립수목원 65만㎡ 등도 들어선다. 광역교통대책으로 수도권은 물론 대전 조치원 청주 오송 공주 등으로 접근성도 뛰어나다. 광역교통망이 모두 구축되면 전국 주요 도시까지 2시간 안팎이면 이동이 가능하다. 우선 오는 12월 완공예정인 세종시와 대전유성간 연결도로와 장안IC 연결도로는 각각 약 50% 공정률을 보이고 있다. 오송역 연결도로의 공정률은 1공구 80% 2공구 60% 등으로 계획대로 진행되고 있다. ↑세종시에 조성될 BRT 간선급행버스 조감도 5월말 현재 세종시내 도로공사 평균 공정률이 60%에 달하는 등 내부 교통망도 차질없이 구축되고 있다. 도시 전체를 간선급행버스 BRT 망으로 연결해 주민들이 곳곳으로 이동하는데 불편함이 없도록 개발하는 것이다. 교육환경도 국내 최고 수준이다. 초·중·고교 학급당 학생수를 OECD 수준인 20명 2030년 2015년엔 25명 으로 맞춰 쾌적한 교육환경을 조성할 계획이다. 기초생활권별로 유치원과 초·중·고교를 비롯해 도시 곳곳에 외고 과학고 예술고 자립형사립고 등 우수 학교를 유치하는 등 총 150개 학교가 단계별로 건립될 예정이다.,https://news.naver.com/main/read.nhn?mode=LSD&mid=shm&sid1=260&oid=008&aid=0002557065,284
262227,2011.06.17. 오전 8:21,부동산,머니투데이,국토부 부랴부랴 윤리강령 제정나서,머니투데이 이군호 기자 연찬회 향응과 현직과장 뇌물 사건으로 공직기강 해이를 질타받고 있는 국토해양부가 부랴부랴 윤리강령 제정에 나섰다. 국토해양부는 지난 16일 권도엽 장관과 기획조정실장 감사담당관 운영지원과장 노조위원장 등이 참석한 가운데 회의를 열고 실추된 부처 이미지를 회복시키기 위해 직원들의 윤리행동강령을 만들기로 했다. 이번 강령에는 국회 산하 공공기관 협회 등 산하단체 언론 등 대외기관과의 바람직한 식사·술자리 문화와 최소한의 행동지침 등이 담길 예정인 것으로 전해졌다. 산하 공공기관 직원들도 국토부 강령을 따르도록 하기로 했다. 국토부는 세부 실천방안을 마련하고 오는 20일 열리는 확대간부회의에서 최종안을 확정할 예정이다. 이날 확대간부회의에는 전국 지방국토관리청 광리국장과 한국토지주택공사 LH 한국수자원공사 한국도로공사 등 산하기관 감사담당관들이 참석한다. 국토부 관계자는 각종 인허가와 업무와 관련해서 민원인과의 접촉을 줄일 수 없는 점을 감안해 세밀한 행동강령을 만들어 실천하도록 하고 이를 어길 경우 일벌백계하게 될 것 이라고 말했다.,https://news.naver.com/main/read.nhn?mode=LSD&mid=shm&sid1=260&oid=008&aid=0002557064,284
262228,2011.06.17. 오전 8:21,부동산,헤럴드POP,웅진컨소시엄남양주시 하·폐수처리 고도기술 개발 MOU 체결,극동건설은 웅진컨소시엄 극동건설 웅진코웨이 웅진케미칼 그린엔텍 이 남양주시와 하ㆍ폐수 고도처리 기술개발 및 관련 기술의 사업화를 위해 남양주시에 위치한 하수처리장을 테스트베드 Test Bed 실험 공간 로 구축하는 내용의 상호협력 양해각서를 16일 남양주시청에서 체결했다고 17일 밝혔다. 이번 협약은 환경부에서 추진하고 있는 ‘하ㆍ폐수 고도처리 기술개발’ 사업단 ‘글로벌탑 환경기술개발사업’의 참여를 위해 체결됐다. 송인회 극동건설 회장 오른쪽 이 이석우 남양주시장 왼쪽 과 상호협력 양해각서를 체결하고 있다.,https://news.naver.com/main/read.nhn?mode=LSD&mid=shm&sid1=260&oid=112&aid=0002203816,284
262229,2011.06.17. 오전 8:15,부동산,매일경제,리조트로 눈돌린 건설사,주택경기 침체로 국내 사업기반이 약화될 위기에 처한 건설사들이 리조트를 인수하는 등 레저사업에 눈길을 돌리고 있다. 1인당 국민소득 GNI 이 2만달러를 넘고 주5일 근무제에 이어 주5일 수업제까지도입되면서 레저사업이 신성장동력으로 떠오르고 있다. 특히 건설사는 부동산개발 및 고객관리를 통해 축적한 노하우를 레저사업에 접목해 경쟁력을 확보할 수 있다는분석이다. 부영그룹은 지난 4월 전북 무주리조트를 인수해 부영덕유산리조트 로 이름을 바꾸면서 레저산업에 첫발을 들였다. 덕유산국립공원 내 위치한 부영덕유산리조트는 스키장.골프장 등 스포츠시설과 키드랜드.워터파크 등 놀이시설 호텔.콘도미니엄 등의 숙박시설에 컨벤션센터까지 갖춘 대규모 종합휴양지다. 태영그룹도 최근 자사의 블루원리조트 내 워터파크를신설했다고 밝혔다. 지난 3월 레저사업부문 통합브랜드인 1블루원 을 론칭한 태영그룹은 경주 블루원리조트와 경주.용인.상주 지역의 3개 골프장을 하나의 브랜드로 묶어 유기적으로 운영하는 것을 시작으로 레저사업에 본격 진출한다는 계획이다. 태영그룹은 향후 경주 블루원리조트 인근에 수목원과 골프장 등을 추가 조성해 리조트 규모를 더욱 확대할 예정이다. GS건설도 국내외 리조트와 호텔 골프장 등 레저시설을 만들면서 쌓은노하우를 바탕으로 레저사업에 뛰어들어 엘리시안 이라는 리조트 브랜드를 선보인 바 있다. 뉴스속보부 r start 화보 속 훤히 보이는 과감한 시스루룩 김정민 선박왕 역외탈세 추징 제동 달라진 쇼호스트 말보다 마음으로 판다 북한 미모의 女승무원 화제 서울대 부모 연봉 3800만원 이하 전액장학금 지급 할마에 김태원 남격 합창단 시즌2 지휘봉 잡는다 포토 공항에 뜬 카라 상큼한 공항패션 r end ⓒ 매일경제 mk.co.kr 무단전재 및 재배포 금지 MBA도 모바일로 공부한다.,https://news.naver.com/main/read.nhn?mode=LSD&mid=shm&sid1=260&oid=009&aid=0002486373,284
262230,2011.06.17. 오전 8:11,부동산,머니투데이,한국 균형발전 거점에서 亞 핵심도시로,머니투데이 연기 충남 ＝이군호 기자 우리들의 행복도시 세종시 2012년 세상에 선보인다 행정기관 이전→첨단산업 유치→주거지 확충 2030년까지 3단계 거쳐 인구 50만명 도시건설 고속도로·철도·항공 완벽한 교통인프라 구축 전국 어디서나 2시간 안에 접근가능 중심도시 ↑세종시 전체 조감도 미래 행정중심복합도시인 세종시 출범이 카운트다운에 들어갔다. 세종시는 대내적으로 우리나라의 중추적인 성장거점이자 국가균형발전을 선도하는 지속가능한 모범도시 대외적으로 국제교류·연구·첨단지식기반이 어우러진 아시아권 핵심 거점도시로 건설된다는 점에서 이번 출범은 남다른 의미를 갖는다. 2010년 1월 행정중심복합도시를 교육과학중심 경제도시 로 도시성격을 바꾸는 수정안으로 위기를 맞았지만 같은 해 국회 본회의에서 수정안이 부결돼 본궤도에 오르는 우여곡절을 겪으며 전 국민의 뇌리에 각인되기도 했다. 세종시는 박정희 전 대통령의 백지계획 에서 출발해 고 노무현 전 대통령이 2002년 행정도시 이전을 대선공약으로 내세우면서 공식화됐다. 국가균형발전정책의 선도사업이자 앞으로 건설되는 도시들의 새로운 모델을 제시하기 위한 정치적 해법이었다. 총사업비만 22조5000억원 정부 8조5000억원·한국토지주택공사 14조원 투입되며 2030년까지 9부·2처·2청 등 36개 공공기관이 이전해 인구 50만명의 도시로 탄생한다. 1단계로 2015년까지 중앙행정기관 이전 첫마을 입주 정부출연 연구기관 이전 등의 정책적 유입인구를 기반으로 15만명이 입주한다. 2단계인 2016년부터 2020년까지 연구·대학 의료·복지 첨단지식산업 등을 유치해 도시 활성화를 추진하며 목표인구는 30만명이다. 2021년부터 2030년까지 마지막 3단계로 국가 중추기능을 담당할 신성장거점산업을 집중 유치하고 주거지 확충과 기반시설 설치까지 마무리하면 개국 이래 최대 규모인 50만명이 거주하는 도시건설사업이 완료된다. 세종시는 지리적으로 충남 연기군 전지역 공주시 장기·반포·의당면 충북 청원군 부용면 일대 총면적 465.23㎢에 달하며 중심부엔 원수산 254m 이 자리잡고 미호천과 금강이 합류하는 곳에 위치한다. 경부고속철도와 경부선 경부고속도로가 예정지역의 동쪽을 지나가고 서쪽으로 대전－당진고속도로가 있으며 청주공항과는 24㎞ 거리다. 대전 청주와는 10㎞ 거리고 특히 국제과학비즈니스벨트의 기능지구로 지정돼 세종시의 자족성을 더욱 높일 것으로 기대된다. 도시기능 측면에서 도시면적의 53%를 녹지공간으로 할애하고 인구밀도를 헥타르 ㏊ 당 68명으로 넓혔다. 간선급행버스체계 BRT 등 대중교통의 분담률을 73%로 높이는 등 대중교통을 통해 도시 내 어디든 20분대에 접근할 수 있다. 고속도로 철도 항공 등 완벽한 교통인프라를 구축해 전국 어디에서나 2시간 안에 접근이 가능하도록 했고 학급당 20명의 첨단 교육시설을 구현한다.,https://news.naver.com/main/read.nhn?mode=LSD&mid=shm&sid1=260&oid=008&aid=0002557056,284
262231,2011.06.17. 오전 8:11,부동산,머니투데이,금리 올려도 건설사 회사채 발행 속속,머니투데이 전병윤 기자 추가 인상 우려… 미리 발행해 자금조달 비용 낮추자 건설사들이 기준금리 인상 후에도 회사채 발행에 적극 나서고 있다. 올해 기준금리가 1 2차례 더 인상될 것으로 보고 채권금리 상승에 대비해 회사채를 미리 발행하려는 판단이 작용하고 있다는 분석이다. 16일 건설 및 채권시장에 따르면 현대산업개발은 다음달 5일 3년 만기 무보증 회사채 2000억원 가량 발행을 추진하고 있다. 현대산업개발은 다음달 11일 1100억원 규모의 회사채 만기가 다가온다. 이번 회사채를 발행해 상환하고 남은 자금을 운영자금으로 쓸 계획이다. 현대산업개발은 지난 2월에도 3500억원에 달하는 회사채를 발행했으며 이번 발행을 마무리 지으면 올해 5500억원을 채권시장에서 조달하게 된다. 발행금리는 아직 정해지지 않았지만 유통금리 민간평가사 평균 인 5.33%보다 조금 낮은 수준인 5% 초반으로 결정될 전망이다. 지난 15일엔 현대건설과 롯데건설이 회사채 발행을 마쳤다. 현대건설은 4년 만기 회사채 1500억원을 4.52% 금리로 발행했다. 현대건설은 회사채 발행으로 조달한 자금을 오는 25일부터 다음달 31일 사이에 돌아오는 외상 매입금을 결제하는 데 쓸 예정이다. 주요 건설사 회사채 만기 규모. 기준 2011년 1 12월. 롯데건설도 같은 날 3년 만기 회사채 1000억원 어치를 금리 5.10%로 발행했다. 롯데건설은 이날 만기되는 회사채 2000억원 중 1000억원을 상환하고 부족한 1000억원은 내부 자금으로 갚았다. 채권금리가 올라 자금 조달 비용이 늘어날 것이란 악조건 속에도 건설사들의 회사채 발행은 지속되고 있다. 실제 한국은행이 지난 10일 열린 금융통화위원회에서 기준금리를 0.25%포인트 인상한 3.25%로 결정한 날 3년 만기 국고채 금리는 이날 0.08%포인트 올랐다. 건설업계 한 관계자는 물가 상승 때문에 한은이 하반기에 기준금리를 추가로 올릴 가능성이 높은 상황이어서 자금 조달을 하려면 서두르는 게 낫다 며 프로젝트파이낸싱 PF 부실 우려 속에 이달 말 은행들의 신용위험평가 결과에 따라 추가로 기업개선작업 워크아웃 에 들어가는 건설사들이 나오면 건설업에 대한 부정적인 인식이 강해질 수 있다는 점도 선제적 발행 수요를 자극할 것 이라고 설명했다.,https://news.naver.com/main/read.nhn?mode=LSD&mid=shm&sid1=260&oid=008&aid=0002557055,284
262232,2011.06.17. 오전 8:05,부동산,아시아경제,군기 빠진 국토부 윤리 행동강령 만든다,아시아경제 진희정 기자 최근 직원들의 비리와 향응 등으로 비리 온상 비리 백화점 으로 불리는 국토해양부가 직원들의 청렴을 강조한 행동강령을 만들어 분위기 쇄신에 나선다. 국토해양부는 17일 권도엽 장관과 기획조정실장 감사담당관 운영지원과장 노조위원장 등이 참석한 가운데 내부 회의를 열고 직원 행동강령을 만들기로 했다고 밝혔다. 행동강령에는 국회 산하 공공기관 협회 등 산하단체 언론 등 대외기관과의 바람직한 식사ㆍ술자리 문화와 최소한의 행동지침 등이 담길 것으로 알려졌다. 특히 한국토지주택공사 한국수자원공사 한국도로공사 등 산하 공공기관 직원들도 이번에 만드는 행동강령을 따르도록 할 방침이다. 국토부는 이번 주까지 구체적인 방안을 마련한 뒤 20일 열리는 확대간부회의에서 최종안을 확정해 발표할 예정이다. 국토부 관계자는 개인적인 술자리에서 2차를 금지하거나 음식값을 3만원 이하로 제한하는 방안 더치페이를 하는 방안 양주 지참을 금지하는 방안 등 여러가지 안을 검토한 뒤 세부안을 확정할 것 이라며 최근 일련의 사건으로 실추된 부처 이미지를 되살리자는 의미가 담겨 있다 고 말했다.,https://news.naver.com/main/read.nhn?mode=LSD&mid=shm&sid1=260&oid=277&aid=0002624447,284
262233,2011.06.17. 오전 7:55,부동산,헤럴드POP,경기 파주 분양 ‘기지개’…연말까지 4000가구 공급,부동산 시장 침체와 공급 과잉 대북 리스크 등으로 ‘삼중고’에 빠졌던 경기도 파주 교하신도시 일대에 분양재개 움직임이 일고 있다. 제2자유로 개통 등 교통망 개선과 생활기반시설이 속속 모습을 갖추면서 주거환경이 크게 개선된데다 수도권 전세난에 떠밀려온 수요자들이 꾸준히 유입돼 시장이 회복세로 돌아섰기 때문이다. 17일 건설업계에 따르면 메머드급 단지인 ‘교하신도시 롯데캐슬’을 필두로 파주일대에서 오는 10월까지 총 4021가구가 신규공급된다. 롯데건설은 교하신도시 A14블록에서 지하1층 지상18 20층 20개동 규모 총 1880가구를 분양 중이다. 전용면적 59 126㎡로 구성됐으며 72만 6000㎡ 규모의 가온호수공원이 맞붙어 호수공원조망이 가능한 게 특징이다. 단지 옆으로 대형 복합문화센터인 ‘가람행복센터’도 들어선다. 한라건설도 이달 하순께 마두역 인근에서 ‘교하신도시 한라비발디’ 모델하우스를 열고 본분양에 들어간다. 지하 2층∼지상 25층 10개동 규모로 지어지는 한라비발디플러스 총 823가구 는 전용면적 59 130㎡으로 구성된다. 단지 바로 옆에 상업지구가 조성돼 대형할인마트인 홈플러스 등 각종 생활편의시설과 교육시설이 들어설 예정이다. 단지 내 녹지율이 50%에 달하고 약 1500㎡의 잔디광장과 1000㎡의 전나무 산림욕장이 조성된다. 동문건설은 파주신도시와 인접한 문산읍 선유리에서 ‘동문굿모닝힐’ 309가구 전용 84㎡ 단일 공급계획을 잡고 있으며 일신건영도 교하신도시 A27블록에 ‘휴먼빌’ 1009가구를 오는 10월 중 선보일 예정이다. 업계 한 관계자는 “파주신도시의 경우 공급과잉과 시장의 침체가 맞물리면서 미분양이 적체된 지역이었지만 수도권 전세난과 교통망 확충 등으로 점차 안정세를 보이고 있다”며 “특히 향후 분양예정 물량들은 분양가가 상대적으로 저렴하게 책정될 예정이어서 수요자들이 관심을 가질 만 하다”고 말했다.,https://news.naver.com/main/read.nhn?mode=LSD&mid=shm&sid1=260&oid=112&aid=0002203803,284
262234,2011.06.17. 오전 7:46,부동산,헤럴드POP,골든트라이앵글에 한국인 호텔 연말 준공,중견부동산 개발회사인 주 타코라 대표 김승정 가 태국과 라오스 국경인 ‘골든트라이앵글’ 지역에 대규모 리조트를 건설한다. 지난해 초 라오스 정부로부터 호델 건축허가를 획득한 이 회사는 1차로 올 연말까지 5성급 타코라 호텔 조감도 과 특화부대시설을 완공하기 위한 막바지 공사를 벌이고 있다. 총 214만㎡ 규모 65만평 의 리조트부지는 경제특구에 해당하고 복합단지로서 향후 아세안 북부 경제권의 허브가 될 것으로 기대된다. 현 사업지역은 중국과 라오스 태국을 잇는 3번고속도로가 관통하는 곳으로 동남아 최대 관광과 물류 유통 지역으로 각광 받고 있으며 경제자유 특구지역으로 지정돼 있어 외국인 투자유치가 활발한 곳이다 연차적으로 여객 및 화물터미널 고속도로 휴게소 백화점 컨벤션센터 테마파크등도 조성할 방침이다. 타코라 호텔은 지붕공사가 완료되는 8월부터 지분 투자 방식으로 일반투자자를 모집할 예정이다. 사업 수익의 일정지분은 우선주 방식으로 일반 투자자에게 배정하고 투자자의 예상수익율은 호텔부문과 특화부대시설 부문의 매출로 인해 국내의 다른 투자상품보다 우수하다고 회사측은 밝혔다. 투자자 지분관리 및 배당은 국내중견회계법인 ‘리안’에서 맏는다.,https://news.naver.com/main/read.nhn?mode=LSD&mid=shm&sid1=260&oid=112&aid=0002203799,284
262235,2011.06.17. 오전 7:25,부동산,헤럴드POP,잇단 향응 비리 잡음 국토부 직원 윤리 행동강령 만든다,최근 잇단 비리와 향응 파문으로 홍역을 앓고 있는 국토해양부가 직원들의 청렴을 강조한 행동강령을 만들어 분위기 쇄신에 나선다. 17일 국토해양부는 권도엽 장관과 기획조정실장 감사담당관 운영지원과장 노조위원장 등이 참석한 가운데 내부 회의를 열고 직원 행동강령을 만들어 발표하기로 했다. 행동강령에는 국회 산하 공공기관 협회 등 산하단체 언론 등 대외기관과의 바람직한 식사ㆍ술자리 문화와 최소한의 행동지침 등이 담길 것으로 알려졌다. 산하 공공기관 직원들도 이번에 만드는 행동강령을 따르도록 할 방침이다. 국토부는 금주까지 구체적인 방안을 마련한 뒤 20일 열리는 확대간부회의에서 최종안을 확정해 발표할 예정이다. 이날 확대간부회의에는 국토부 권도엽 장관을 비롯해 간부급 관료들과 전국의 지방청 관리국장 한국토지주택공사 LH ·한국수자원공사·한국도로공사 등 대표 산하기관의 감사담당 등이 참석하게 된다. 이에 대해 국토부 관계자는 “최근 일련의 사건으로 실추된 부처 이미지를 되살리자는 의미가 담겨 있다”고 말했다.,https://news.naver.com/main/read.nhn?mode=LSD&mid=shm&sid1=260&oid=112&aid=0002203790,284
262236,2011.06.17. 오전 6:41,부동산,헤럴드POP,금리인상 1주일....꿈틀대던 전세시장에 기름 부은 격,한국은행의 시중금리 인상이 꿈틀대던 전세시장에 기름을 끼얹은 격이 되고 있다. 주택시장 침체로 대기매수세가 짙어진 가운데 재개발ㆍ재건축 이주수요에다 금리인상 소식까지 더해지며 강남과 목동 등을 중심으로 전세값 상승폭이 더 커진 것으로 나타나면서 전세 수요자들의 고민이 깊어지고 있다. 반면 재건축 시장은 금리인상의 직격탄을 맞고 깊은 침체의 수렁 속으로 빠져들고 있다. 17일 부동산포털 닥터아파트 www.DrApt.com 가 6월 10일부터 6월 16일까지 서울 경기 인천 등 수도권 아파트값을 조사한 결과 주간 매매가변동률은 0.04% 전세가변동률은 0.09%를 기록했다. 지난 10일 한국은행이 기준금리를 전격 인상하면서 매매시장은 하락세를 이어갔고 재건축 이주수요와 학군수요가 늘어난 전세시장은 전세가 상승폭이 더 커진 모습이다. 때이른 전세난 확산 서울 전세가변동률은 0.12%로 전주 0.06% 에 비해 상승폭이 더 커졌다. 강남구 0.39% 가 가장 큰 폭으로 올랐으며 양천구 0.29% 노원구 0.18% 송파구 0.17% 강동구 0.15% 구로구 서대문구 0.09% 영등포구 0.08% 금천구 성북구 강서구 0.05% 등이 뒤를 이었다. 강남구는 전세가가 대폭 상승했다. 꾸준한 학군수요와 기본적인 지역수요에다 입주물량도 거의 없다보니 전세물량이 전적으로 부족한 상황이다. 게다가 1천가구가 넘는 대치동 청실 이주수요로 인해 대치동 외에도 역삼동 등 강남구 전체가 들썩이고 있는 양상이다. 직접적인 영향을 받는 은마에서는 시세보다 5천만원 정도 올라 나와도 계약이 수월하지만 오히려 전세물건이 부족하다. 대치동 은마 102㎡가 3천만원 상승한 3억 3억5천만원 역삼동 역삼래미안 79㎡A가 1천만원 상승한 3억9천만 4억2천만원. 양천구는 여름방학 이사철 수요로 전세가가 크게 올랐다. 연초와 같은 급등세가 오지 않을까 하는 불안감에 미리 전셋집을 구하는 학부모가 많고 외국 지방 등에서 찾는 문의도 많은 편이다. 목동 대원칸타빌2차 138㎡가 3천만원 오른 3억6천만 4억원 신정동 신시가지14단지 115㎡가 1천5백만원 상승한 3억3천만 3억7천만원. 노원구도 전세가가 오르기 시작했다. 현재 중계동 일대 중대형은 매물이 별로 없는 상태인데 발 빠르게 움직이는 전세수요자들이 하나둘 늘면서 전세가 상승 추세다. 아직 본격적인 움직임은 아니지만 방학이사철을 앞두고 이동하려는 학부모 수요자도 있다. 중계동 신동아 138㎡가 1천5백만원 올라 3억5천만 4억5천만원 청구 122㎡ 1천만원 올라 진 3억 3억5천만원이다. 금주 신도시는 0.05% 경기 0.08% 인천 0.01%의 전세가변동률을 기록했다. 광명시 0.26% 가 가장 큰 폭으로 올랐고 김포시 0.20% 하남시 0.20% 구리시 0.16% 수원시 0.15% 판교신도시 0.13% 용인시 화성시 0.10% 분당신도시 파주시 0.09% 평택시 0.08% 의왕시 0.07% 등의 순으로 오름폭이 컸다. 반면 부천시 0.01% 는 유일하게 하락을 기록했다. 광명시는 전세가가 크게 올랐다. 소하동 일대는 혁신학교로 지정된 구름산초등으로 진학시키려는 학군수요와 아파트형공장인 SK테크노파크 직장인수요로 인해 1천만원 정도 올라 물건이 나와도 계약이 수월하다. 전세 재계약률이 높은 철산동 하안동 일대는 세입자문의에 비해 전세물량이 턱없이 부족해 전세가가 오르고 있다. 소하동 신촌휴먼시아1단지 112㎡가 1천5백만원 상승한 2억 2억3천만원 철산동 두산위브 79㎡가 1천만원 상승한 1억9천만 2억원. 김포시는 고촌동 일대 전세가가 상승했다. 관망세가 짙어진 매수자들이 전세로 머무르려는 경우가 많아 전세물량이 더욱 부족해졌다. 게다가 서울에 비해 전세가가 저렴해 강서구나 여의도 쪽으로 출퇴근하는 수요도 증가하는 추세다. 고촌동 청구 102㎡가 1천5백만원 상승한 1억2천만 1억3천만원 길훈1차 102㎡가 1천2백50만원 상승한 1억 1억2천만원. 하남시는 강동 송파구 등 서울에서 찾아오는 세입자 문의로 전세가가 올랐다. 특히 강동구 고덕동 시영 이주가 올 하반기부터 시작될 것으로 예상되자 문의가 늘었다. 물건이 많지 않다보니 임대인들이 부르는 값이 계약으로 연결되고 전세가도 올랐다. 덕풍동 하남자이 105㎡가 7백50만원 오른 1억8천5백만 2억원 벽산블루밍 105㎡가 5백만원 상승한 1억7천5백만 1억9천5백만원. 금리인상 재건축 시장 침체 깊어져 서울 매매가변동률은 전주 0.04% 보다 0.02%포인트 하락한 0.06%를 기록했다. 송파구 0.20% 가 하락폭이 가장 컸고 강남구 0.17% 노원구 0.07% 동대문구 0.05% 양천구 0.03% 강동구 0.02% 금천구 강서구 0.01% 등이 뒤를 이었다. 반면 25개구 중 마포구 0.01% 는 유일하게 상승을 기록했다. 송파구는 대표적인 재건축 단지인 잠실동 주공5단지 가락동 가락시영 등이 하락했다. 금리인상 영향으로 매수세가 약해져 급매물이 아니면 거래가 힘들다. 가락동 가락시영1차 56㎡가 4천7백50만원 하락한 5억5백만 6억1천만원 잠실동 주공5단지 116㎡가 1천5백만원 하락한 11억7천만 11억9천만원. 강남구는 매수 매도자 모두 관망세가 짙어진 분위기다. 개포동 개포주공은 저렴한 매물이 한 두건 거래로 이어졌지만 가격 회복 움직임은 보이지 않는다. 대치동 일대 미도 선경 개포우성 등 1980년대 입주단지들은 시장 침체로 거래가 더 힘들다. 시세보다 6천만원 이상 가격이 하락한 매물이 나와도 사려고 하는 매수자들이 많지 않자 거래는 종적을 감췄다. 대치동 개포우성1차 102㎡가 5천만원 하락한 12억 14억원 개포동 주공1단지 56㎡가 2천만원 하락한 10억8천만 11억원. 노원구는 중계동 중대형 아파트가 하락세를 이끌었다. 중대형의 경우 급매물이 나와도 매수자들의 관심을 전혀 끌지 못하고 있다. 중계동 신동아 138㎡가 4천만원 떨어져 6억5천만 8억원 청구 138㎡가 4천만원 떨어진 6억5천만 8억원이다. 금주 인천은 0.06%를 기록하며 비교적 큰 폭으로 하락했다. 신도시와 경기는 각각 0.03% 0.01%를 기록했다. 서울을 제외한 수도권에서는 과천시 0.19% 가 전주에 이어 크게 떨어졌다. 이어 인천 연수구 0.16% 인천 부평구 인천 남동구 시흥시 0.07% 일산신도시 0.06% 분당 중동신도시 의정부시 0.05% 김포시 0.04% 등이 하락을 기록했다. 반면 평택시 0.05% 이천시 0.03% 의왕시 0.01% 는 상승했다. 과천시는 지식정보화타운이 보금자리지구로 지정된 여파가 큰 상황에서 기준금리까지 인상되자 주택시장이 마비상태다. 매수세는 전혀 없고 매물만 쌓이고 있다. 부림동 주공7단지 59㎡가 2천2백만원 하락한 6억6천만 6억7천만원이다. 인천 연수구는 송도동 일대가 큰 폭으로 하락했다. 실수요자 문의가 꾸준했던 중형아파트에서도 호가가 하락한 매물이 등장했다. 가격이 2천만 3천만원 정도까지 하락하자 거래가 한두 건 이뤄졌지만 자금 부담이 큰 중대형 아파트는 호가가 하락해도 거래로 이어지지 못하고 있다. 송도동 송도풍림아이원1블록 142㎡가 1천만원 하락한 4억8천만 5억2천만원 아이파크송도 168㎡가 2천만원 하락한 7억5천만 9억5천만원. 일산신도시는 대형아파트가 하락세를 이끌었다. 매수세가 없는 가운데 급매물은 증가하고 있어 시세는 하락할 수밖에 없는 상황이다. 주엽동 문촌쌍용한일 163㎡가 2천만원 떨어진 5억1천만 6억원이다. 반면 평택시는 매매가가 상승세를 보였다. 매수자 문의는 다소 줄었지만 나오는 매물량이 턱없이 부족해 나타난 결과다. 게다가 매매가 대비 전세가가 워낙 높아 중소형아파트 위주로 매수세가 강해진 모습이다. 시세보다 5백만원 정도 올라 나와도 거래가 수월하다.,https://news.naver.com/main/read.nhn?mode=LSD&mid=shm&sid1=260&oid=112&aid=0002203776,284
262237,2011.06.17. 오전 6:30,부동산,아시아경제,서울시 5개 지하철역에 세이프존 시범 설치,아시아경제 문소정 기자 서울시 도시교통본부 는 시민들이 안심하고 이용할 수 있는 지하철을 만들기 위해 6월 중 시내 지하철역 5곳에 시민 집중보호구역인 세이프존 을 시범 운영한다고 17일 밝혔다. 이는 지하철 1 4호선을 중심으로 디지털 안전관리 시스템의 전면 구축 지하철 성범죄 예방 강화 안전운행을 위한 효율적 점검 방안 등을 중심으로 수립됐으며 서울시 지하철 시민 안전 확보 특별대책 의 일환이다. 이에 따라 우선 이달말까지 1호선 동묘앞역 2호선 상왕십리·잠실나루역 3호선 학여울역 4호선 숙대입구역 등에 세이프존 이 설치된다. 세이프존 에는 승강장 중앙 바닥에 전동차 1칸 정도 크기로 안전띠를 설치하고 해당 구역의 조도를 높일 뿐만 아니라 23시 이후 심야시간대 공익요원을 집중 배치해 순찰을 강화한다. 특히 전동차 내 첫차 막차 등 취약 시간대 안전 확보를 위해 공익요원을 기존 6편성에서 12편성으로 확대해 배치한다. 또 지능형 종합화상시스템 을 활용해 역내 모니터링을 강화하고 터널 모니터링 시스템을 구축한다. 지능형 종합화상시스템 은 역무실에서 CCTV 모니터로 역사 내 주요 지점의 카메라 영상들을 종합해 실시간 모니터링 할 수 있으며 이를 위해 지난 5월 120개 역에 총 5779대의 카메라를 보완했다. 올해 하반기 중으로는 호선별로 운행하는 전동차 중 1개 편성 10량 에 특수카메라를 설치 터널을 실시간 모니터링하는 시스템도 만든다. 아울러 점검업무 효율화 방안 도 마련했으며 11월 말까지 지하철 시설물 고장 분석 시스템 도 개발해 3만개 이상의 지하철 스크린도어 전력 환기 등 설비 점검과 관리를 효율화하고 한다. 한편 오는 21일까지 1 4호선 전 구간에 대해 특별 안전점검을 실시한다.,https://news.naver.com/main/read.nhn?mode=LSD&mid=shm&sid1=260&oid=277&aid=0002624382,284
262238,2011.06.17. 오전 6:00,부동산,아시아경제,제21회 건설의 날 롯데건설·삼성물산에 금탑산업훈장,아시아경제 조민서 기자 2011년 건설의 날 을 맞아 롯데건설과 삼성물산이 금탑산업훈장을 수상했다. 17일 국토해양부는 제21회 건설의 날 행사가 오후 1시30분 논현동 건설회관에서 열린다고 밝혔다. 이날 행사에는 김황식 국무총리 권도엽 국토해양부 장관 등 1000여명의 건설인들이 참석할 예정이다. 대한건설단체총연합회 주관인 이번 행사는 국민과 함께하는 건설 세계로 미래로 라는 주제로 열리며 총 174명의 건설 유공자가 상을 받을 예정이다. 최고의 훈격인 금탑산업훈장은 박창규 롯데건설 대표이사와 김경준 삼성물산 전무가 수상한다. 산업훈장 7명 산업포장 7명 대통령표창 7명 국무총리표창 9명 등 정부포상 30명과 국토해양부장관표창 144명이 수상의 주인공이다. 또 건설산업 발전에 기여한 건설경영인 뿐만 아니라 우리 건설인의 성실성과 기술력을 해외에 알린 건설근로자 및 건설기술·기계분야에서 국산화를 이룬 실무 과장급 연구자에게도 훈장 및 표창이 수여된다. 삼부토건 건설현장 근로자 천병욱씨는 국내 건설인의 저력을 해외에 알리는데 기여한 공로로 산업포장을 받는다. 네팔 파키스탄 말레이시아 등 해외건설 현장과 국내 외 건설현장 등에서 34년 동안 쌓은 풍부한 기술력과 경험을 바탕으로 건설현장 안전시공으로 무재해 방지 노력과 공사비 절감 등을 이뤄냈다는 평가다. 대림산업 문종훈 과장은 국내 현수교 케이블 시공기술을 자립화하고 국책사업인 초장대교량 연구개발 사업에 참여해 장대현수교의 시공기술 발전에 이바지한 공로를 인정받아 대통령표창을 받는다. 이날 김황식 국무총리는 정부가 규제완화를 통해 주택공급 여건을 개선하고 부실 프로젝트파이낸싱 PF 정상화 등을 통해 건설경기가 연착륙될 수 있도록 적극 노력할 것 이며 건설산업이 체질을 개선하고 경쟁력을 강화해 나갈 수 있도록 가능한 모든 지원을 해나갈 것 이라 약속할 예정이다.,https://news.naver.com/main/read.nhn?mode=LSD&mid=shm&sid1=260&oid=277&aid=0002624369,284
262239,2011.06.17. 오전 3:12,부동산,동아일보,주택담보대출 거치기간 연장 제한할 듯,동아일보 가계부채 종합대책의 하나로 주택담보대출의 이자만 내는 기간인 거치기간의 연장을 제한하는 방안이 검토되고 있다. 변동금리 대출을 고정금리 대출로 전환할 때 조기상환 수수료를 감면해 주는 방안도 논의 중이다. 금융위원회는 이 같은 내용을 포함한 가계부채 종합대책을 이르면 다음 주 발표할 계획인 것으로 16일 알려졌다. 금융당국은 거치기간 연장 제한과 고정금리 대출 비중 확대 등으로 금리 상승 및 주택가격 급락에 대비한다는 포석이다. 현재 은행권 주택담보대출 약 290조 원 가운데 원리금 분할상환 대출은 20%에 불과하다. 거치기간을 자꾸 연장하면 당장은 원금상환 부담이 적지만 거치기간이 끝난 뒤에는 매달 갚아야 할 원리금 부담이 크게 늘어나 장기적으로 가계에 악영향을 줄 수 있다. 하지만 거치기간 연장을 제한하면 단기적으로 대출자에게 부담을 줄 수 있다는 의견도 있어 쉽게 결론이 나지 않고 있다. 변동금리에서 고정금리로 갈아타는 수요를 늘리기 위해 조기상환 수수료를 한시적으로 감면해주는 방안도 검토하고 있다. 또 고정금리로 장기 분할 상환하는 이자 납입액에 대해서는 일부 소득공제 혜택을 주는 방안도 관계 부처와 협의 중인 것으로 알려졌다.,https://news.naver.com/main/read.nhn?mode=LSD&mid=shm&sid1=260&oid=020&aid=0002252232,284
262240,2011.06.17. 오전 3:11,부동산,동아일보,서울 ‘단독주택 재건축 1호’ 나온다,동아일보 서울시의 단독주택 재건축 기본계획 시행 이후 사업에 착수한 단지들이 속속 분양을 시작하면서 관심이 집중되고 있다. 단독주택 재건축은 조합원 등 이해당사자 수가 적어 재개발보다 사업 추진 속도가 빠르고 일반 재건축보다 일반 분양 물량이 많이 나와 실수요자들의 관심이 높다. 16일 부동산정보업체 닥터아파트 부동산1번지에 따르면 올 하반기에는 서울에서 총 9개 단지 4000여 채 조합원 물량 포함 의 단독주택 재건축 아파트가 나올 것으로 전망된다. 단독주택 재건축 단지는 단독주택 다세대·다가구 주택을 허물고 새 아파트를 짓는 사업이다. 재개발과 비슷하지만 기반 시설이 낙후된 재개발 지역과 달리 주택 자체는 낡았지만 기반 시설은 양호한 지역에서 추진되므로 주거 여건이 좋은 편이다. 또 재개발과 달리 임대주택을 지어야 하는 의무가 없고 주택 및 상가 세입자에게 이주비용 영업보상비를 따로 지급하지 않아도 돼 사업의 수익성이 좋다. 서울시에 따르면 올해 3월 말 기준으로 단독주택 재건축 구역으로 지정받은 곳은 총 82곳이다. 처음으로 분양에 나선 곳은 지난달 26일부터 분양을 시작한 서울 서대문구 홍은3구역 ‘동원베네스트’. 업계는 다음 달 중순 현대건설이 서울 동작구 동작동에서 ‘이수 힐스테이트’를 분양하는 것을 계기로 단독주택 재개발 단지에 대한 관심이 본격적으로 달아오를 것으로 기대하고 있다. 연내 분양을 앞둔 단지들이 서초구 방배동 노원구 중계동 등 지역별로 학군이 좋고 주거 선호도가 높은 곳에 있다는 점도 수요자들의 관심을 끌고 있다. 최근 닥터아파트가 인터넷 회원 1만2065명을 대상으로 올 하반기 분양 단지 선호도를 조사한 결과 롯데건설이 서초구 방배동에서 단독주택 재건축으로 조성하는 ‘방배 롯데캐슬’이 가장 인기가 많았다. ‘이수 힐스테이트’ 이충현 분양소장은 “동작대로를 건너면 바로 반포동이라 입지가 좋고 대형 건설사가 공급하는 ‘단독주택 재건축 1호’라는 점에서 시공사 선정 과정에서 수주전도 치열했다”고 말했다.,https://news.naver.com/main/read.nhn?mode=LSD&mid=shm&sid1=260&oid=020&aid=0002252228,284
262241,2011.06.17. 오전 3:10,부동산,동아일보,HomeDream돈암 이수브라운스톤 2 성신여대역·경전철 인접 아파트 外,동아일보 돈암 이수브라운스톤 2 성신여대역·경전철 인접 아파트 이수건설은 서울 성북구 돈암동 587 1 일대에 공급하는 아파트 ‘돈암 이수브라운스톤 2’를 분양 중이다. 지하 3층 지상 17층 9개동에 전용면적 39 59 84m² 총 421채로 구성됐다. 분양가는 3.3m²당 1300만 원 수준에 부가가치세 포함이다. 서울 지하철 4호선 성신여대역과 약 800m 떨어졌다. 우이∼신설 경전철이 2014년에 예정대로 완공되면 교통 환경이 개선될 것이라는게 회사 측의 설명. 내부순환로 진입로인 정릉램프가 가까워 승용차를 이용하면 서울 서쪽이나 강남도 쉽게 오갈 수 있다. 아파트 단지는 북한산 자락에 위치했다. 주차 공간은 모두 지하에 배치해 단지 내 녹지를 극대화했다. 단지 내외의 녹지 공간을 합치면 6500m² 정도다. 인근에는 정덕초교 우촌초교 동구여중고 등이 있다. 02 2293 0113 대우 푸르지오 그랑블 판교신도시 정중앙의 아파트 상가 한국토지신탁은 경기 성남시 분당구 백현동 판교신도시에 지은 아파트 ‘대우 푸르지오 그랑블’의 단지 내 상가를 임대 공급 중이다. 이 아파트는 서해종합건설과 대우건설이 공동으로 시공했으며 전용면적 84∼330m² 948채로 구성된 중대형 단지다. 상가는 지상 2층 건물이며 전용면적은 1089m²다. 분양가는 3.3m²당 평균 4500만 원 수준. 다음 달 입점이 가능하다. 현재 모든 점포의 분양은 끝났고 일부 상가의 임차인을 모집 중이다. 판교신도시 정중앙에 위치했다는게 회사 측의 설명. 올해 9월 개통하는 신분당선 판교역이 약 200m 거리에 있다. ‘대우 푸르지오 그랑블’ 아파트 및 인근의 다른 아파트 단지들이 있어 유동인구가 많다. 1층에는 부동산 제과점 등이 입점할 수 있으며 2층은 학원 등이 가능하다.,https://news.naver.com/main/read.nhn?mode=LSD&mid=shm&sid1=260&oid=020&aid=0002252213,284
262242,2011.06.17. 오전 3:10,부동산,동아일보,HomeDream일산 임광·진흥 아파트 청약통장 없이 즉시입주 가능 外,동아일보 청약통장 없이 즉시입주 가능 일산 임광·진흥 아파트 임광토건과 진흥기업이 경기 고양시 탄현동에 지은 아파트 ‘일산 임광·진흥’를 분양 중이다. 공급면적 기준 83∼153m² 905채다. 중소형인 107m²와 109m² 153m²의 일부 물량에 대해 가격을 대폭 낮췄다. 최초 3.3m²당 평균 분양가는 1300만 원 선인데 이번 분양분은 900만 원대다. 107m²는 6000만 원 153m²는 무려 1억5000만 원이 할인되는 셈이다. 분양금의 70%까지 대출 알선도 해준다. 이미 준공된 단지여서 계약 즉시 입주가 가능하다. 청약통장도 필요 없다. 2009년 7월부터 일부 구간이 운행 중인 경의선 복선전철이 2012년 완전 개통되면 탄현역을 이용해 서울 상암동 디지털미디어시티까지 20분 서울역까지 32분이면 닿는다. 단지 주변에 경의로 일현로 탄중로 자유로 김포∼관산 도로를 쉽게 진입할 수 있다. 특히 제2자유로가 최근 교통돼 서울로 오가기가 쉽다. 031 919 3310 6홀 파3 골프장이 단지안에… 동백 롯데캐슬 에코 롯데건설이 경기 용인시 기흥구 중동에 짓고 있는 아파트 ‘동백 롯데캐슬 에코’의 잔여물량을 분양 중이다. 84∼199m² 규모에 21개에 달하는 다양한 평면을 갖추고 있는 2770채의 대단지 아파트다. 3.3m² 당 평균 분양가는 1200만 원대. 2013년 6월 입주 예정이다. 다른 아파트단지에서 보기 힘든 주민공동시설도 많다. 30∼50m 규모의 6홀 미니형 파3 골프장과 클럽하우스가 있다. 4개 레인 길이 25m 의 실내수영장과 800여m² 규모의 피트니스센터 게스트하우스 개인작업이나 동호회 활동이 가능한 스튜디오 등도 제공된다. 분당∼동백간 도로가 가까워 분당신도시까지 승용차로 10분대에 오갈 수 있다. 분당선 연장선과 신분당선이 개통하면 서울로 출퇴근하기가 더 쉬워진다. 031 717 2770 충남도청 예정지서 3분거리 예산일반산업단지 분양 계룡건설이 충남 예산군 삽교읍 일대에 150만여 m²로 조성 중인 ‘예산일반산업단지’를 분양한다. 3.3m²당 공급가격은 평균 54만 원이며 2013년 6월경 조성이 완료될 예정이다. 5∼7년간 법인세 혜택 면제 및 감면 을 비롯해 취득·등록세 면제 재산세 감면과 지방이전투자에 따른 입지 보조금 등의 혜택을 받을 수 있다. 충남도청 이전 예정지인 내포신도시가 3분 거리에 있다. 예산 나들목 IC 도 가까워 현대자동차아산공장 승용차 기준·15분 당진군 현대제철 및 세종시 30분 평택항 20분 등을 쉽게 오갈 수 있다. 대산석유화학단지 현대기아차 계열사 등이 입주한 서산 산업단지와도 멀지 않다. 식료품 섬유제품 펄프 및 종이제품 비금속광물제품 1차금속제품 금속가공제품 전자부품·컴퓨터·영상·음향 및 통신장비 전기장비 자동차 및 트레일러 의약품 등이 추천 입점 업종이다.,https://news.naver.com/main/read.nhn?mode=LSD&mid=shm&sid1=260&oid=020&aid=0002252212,284
262243,2011.06.17. 오전 3:10,부동산,동아일보,HomeDream대전 노은 꿈에 그린 대덕에서 15km… 과학벨트 배후주거지,동아일보 한화건설이 대전 유성구 노은4지구에서 분양한 ‘대전 노은 꿈에 그린’이 청약 1∼3순위 접수에서 모두 마감됐다. 평균 청약경쟁률은 2.90 대 1이었다. 1블록 84m²A는 3순위에서 1259명이 청약하면서 66 대 1의 치열한 경쟁을 예고했다. 준공 후 미분양도 적잖은 시장 분위기를 감안하면 성공적인 결과다. 한화건설은 “청약자 대부분이 대전지역에 살고 있는 것으로 파악됐다”며 “27일부터 시작될 계약도 무난히 진행될 것이다”고 기대했다. 이같은 성과는 예상됐다. 최근 부동산시장에서 가장 주목받고 있는 과학벨트의 배후주거지라는 점이 부각됐기 때문이다. 실제로 이 아파트는 과학벨트가 들어설 대전 대덕지구에서 직선거리로 15km 정도 떨어졌다. 다른 장점도 많다. 우선 주민들의 높은 교육열을 반영한 시설 배치에 신경을 썼다. 서울 강남권에서 인기 높은 ‘대치미래교육㈜’과 계약하고 단지 내 상가에 ‘에듀센터’를 만들어 현재 강남 학원가에서 수업 중인 학원장이나 강사들이 참여하는 교육프로그램을 제공하기로 했다. 주거 쾌적성도 좋은 편이다. 단지 주변에 매봉산과 갑하산이 있고 단지 앞에 반석천이 흐른다. 단지 내 시설도 이런 자연환경을 그대로 활용했다. 1블록은 매봉산 자락과 인접한 곳에 지하광장과 자연체험형 주민공동시설을 배치했다. 2블록에는 마당과 나무 골목길 등이 있는 전통적인 마을 모습의 주민공동시설을 조성할 계획. 반석천의 물을 단지 내 중앙공장으로 연결한 것도 눈길을 끈다. 교통망도 좋다. 대덕지구로 연결된 노은길을 이용하면 대덕지구는 물론이고 대전 북부 방향으로 쉽게 오간다. 대전지하철 1호선 반석역에서 가깝다. 유성 나들목 IC 과 북유성 나들목을 통해 호남고속도로 및 당진∼대전 고속도로도 쉽게 이용한다. 이 아파트는 전용면적 84m² 1465채 101m² 320채 125m² 100채 등 모두 1885채로 구성됐다. 분양가는 3.3m²당 900만 원대. 분양가상한제가 적용되며 전매제한의 규제를 받지 않는다.,https://news.naver.com/main/read.nhn?mode=LSD&mid=shm&sid1=260&oid=020&aid=0002252211,284
262244,2011.06.17. 오전 3:10,부동산,동아일보,HomeDream인스테이션 인천지하철 1호선 역세권 생활주택 外,동아일보 인스테이션 인천지하철 1호선 역세권 생활주택 힘찬건설은 인천 부평구 부평2동 415 8일대에 도시형 생활주택 ‘인스테이션’ 90채를 분양 중이다. 지하 1층 지상 15층 1개동에 전용 21∼35m²으로 구성됐다. 분양가는 3.3m²당 690만 원 수준. 인천 지하철 1호선 부평시장역에서 약 300m 거리다. 약 1km 떨어진 곳에 2012년 하반기 개통 예정인 지하철 7호선 부평구청역이 있어 서울까지 출퇴근하기가 좋아질 것으로 전망된다. 승용차로 서울외곽순환고속도로 경인고속도로를 이용하기도 쉽다. 냉장고 드럼세탁기 등의 가전제품을 미리 설치해뒀다. 수납장도 다양하게 갖췄다. 발코니 확장 시 전용률은 86%로 일반 아파트 수준이다. 인근에 시장 대형마트 백화점 대학병원이 있어 생활환경도 좋은 편. 청약통장 없이 분양받을 수 있다. 1577 6249 원주 신일 유토빌 계약금의 3% 환급 ‘캐시백’ 혜택 신일건업은 강원 원주시 우산동 333 1 일원에 우산주공아파트를 재건축한 ‘원주 신일 유토빌’ 아파트를 분양한다. 지하 2층 지상 10∼24층 15개동에 전용면적 59 84 116m² 총 884채로 구성됐다. 일반분양 물량은 526채. 분양가는 3.3m²당 500만 원 수준이다. 입주는 2012년 2월 예정이다. 신일건업은 분양가의 5%로 책정된 계약금의 3%를 계약 후 분양대행사를 통해 환급해주는 ‘캐시백 제도’를 운영한다고 밝혔다. 입주 시까지 중도금 60%에 대해서는 무이자 대출을 알선해준다. 영동고속도로 원주 나들목과 약 3km 떨어져 있다. 원주역과는 약 2.5km 거리다. 본보기집은 원주시 우산동 88 3에 있으며 18일 개관 할 예정이다.,https://news.naver.com/main/read.nhn?mode=LSD&mid=shm&sid1=260&oid=020&aid=0002252210,284
262245,2011.06.17. 오전 3:10,부동산,동아일보,HomeDream천안 두정 2차 e편한세상 41%가 조경면적… 푸른아파트가 온다,동아일보 대림산업이 충남 천안시 서북구 두정동 2028 1 일대에 ‘천안 두정 2차 e편한세상’ 아파트를 공급한다. 지하 1층 지상 18층∼23층 11개동에 전용면적 △72m² 198채 △84m² A타입 321채 △84m² B타입 151채 △84m² C타입 178채 등 총 848채로 구성됐다. 최근 인기가 높은 중소형으로만 이루어졌다. 30 40대 실수요자들이 관심을 가질 만하다는 평가다. 대림산업에 따르면 건설현장 인근에 위치한 본보기집 모델하우스 에는 10일 개관한 이래 3일 동안 1만5000여 명이 방문했을 정도로 인기가 높다. 평균 분양가는 3.3m²당 770만 원 수준. 3년 전 인근에 공급된 미분양 아파트의 할인 가격과 비슷해 가격 경쟁력을 갖췄다는 게 대림 측 설명. 녹지 비율을 높여 자연친화적 측면을 강조했다. 아파트 단지의 총면적은 12만3640m²인데 이 중 41%가 조경면적이다. 단지 중앙에는 잔디 광장을 조성했다. 서쪽에는 노태산 근린공원이 있어 입주민들이 쉽게 찾을 수 있다. 주민 편의시설로 실내골프연습장 도서관 헬스장 등이 마련될 계획이다. 이 아파트에는 에너지 절감을 위한 다양한 시설이 설치된다. 확장된 발코니에 3중 단열 유리를 시공해 열손실을 줄이고 절전형 LED 조명으로 전기 소모량도 낮출 예정이다. 일괄소등 스위치를 설치해 외출 시 간편하게 소등하고 가스 밸브도 차단시킬 수 있게 했다. 자체 개발한 쌍방향 에너지 관리 시스템은 입주자 생활 습관에 맞는 최적의 에너지 관리법을 실시간으로 제공한다. ‘천안 두정 2차 e편한세상’은 지하철 1호선 두정역과 약 1.8km 떨어져 있다. KTX 정차역인 천안·아산역과 경부고속도로 천안 나들목까지는 승용차로 10분 정도 걸린다. 단지 주변에는 오성초교 오성중 두정고가 있다. 15일에는 특별 분양 접수가 실시되며 16일부터 청약 접수가 시작된다. 당첨자 발표는 24일이며 계약은 29일부터다.,https://news.naver.com/main/read.nhn?mode=LSD&mid=shm&sid1=260&oid=020&aid=0002252209,284
262246,2011.06.17. 오전 3:10,부동산,동아일보,HomeDream부산 동래구 ‘명륜 아이파크’ 분양 사적공원·마안산 인근에 정원같은 아파트,동아일보 부동산의 가치를 결정하는 핵심요소는 첫 번째도 입지 두 번째도 입지 세 번째도 입지라는 말이 있다. 그만큼 부동산은 입지적인 요인이 큰 영향을 미친다는 의미다. 그런 의미에서 부산 동래구 명륜동 190일대에서 분양 중인 아파트 ‘명륜 아이파크’를 눈여겨볼 필요가 있다. 시공사인 현대산업개발이 꼽는 최대 장점이 입지이기 때문이다. 일단 아파트가 들어서는 동래구 일대는 예로부터 천혜의 명당자리로 손꼽히는 곳이다. 계명봉에서 내려온 기운이 수영강과 온천천을 사이에 두고 뻗어 내리고 두 물이 합수한 지점에서 다시 기운이 모아지므로 지기 地氣 가 매우 왕성한 터라는 게 현대산업 측 설명. 오래 전부터 부산의 역사와 문화의 중심지로 인정받던 곳이라 교통 학군 생활편의시설 등이 고루 갖춰있다. 우선 교통망이 좋다. 부산 지하철 1호선 명륜역과 1호선 4호선 환승역인 동래역이 가깝다. 동래역은 2014년까지 멀티플렉스 아이스링크 오피스텔 쇼핑몰 병원 등 상업ㆍ문화ㆍ레저시설을 갖춘 복합환승센터로 개발될 예정이다. 원동나들목 IC 과 중앙로 등을 통하면 부산시 외곽으로 이동하기도 쉽다. 단지 옆 명륜초등학교를 비롯해 동래중 중앙여고 동래고 등이 고루 들어서 있다. 서전학원 정철어학원 등 학원들도 밀집해 있다. 동래구청 롯데백화점 롯데마트 롯데시네마 메가마트 부산은행 등 생활편의시설도 풍부하다. 인근에 동래사적공원과 마안산이 있고 단지 남쪽에는 동래향교 부산 유형문화재 6호 도 있어 주거환경도 좋은 편. 단지 내 조경도 정자 돌담 연못 등 한국 전통정원의 느낌을 살릴 수 있는 것들로 꾸며진다. 또 진입광장에는 나무와 물웅덩이 등이 어우러진 소규모 폭포도 만들어진다. 입주민을 위한 주민공동시설 헬스장 실내골프장 등도 다양하게 마련될 예정이다. 주변 지역도 아파트 숲으로 바뀌고 있다. 현재 입주가 마무리되고 있는 명륜 중앙하이츠 1070채 와 명륜2구역 아이파크 2000여 채 명륜4구역 GS자이 450여 채 등이 들어서 있는 것. 명륜 아이파크는 지하 3층∼지상 28층 20개동에 모두 1409채가 들어서는 대규모 단지다. 규모별 물량은 전용 62m² 100채 84m² 577채 109m² 152채 110m² 50채 126m² 110채 136m² 13채 151m² 39채 등이다. 임대와 조합원 분을 제외한 1041채 1단지 896채 2단지 145채 가 일반분양 물량이다.,https://news.naver.com/main/read.nhn?mode=LSD&mid=shm&sid1=260&oid=020&aid=0002252208,284
262247,2011.06.17. 오전 3:10,부동산,동아일보,HomeDream‘해운대 한신 휴플러스’ 아파트 분양 마린시티·센텀시티 중소형 수요 충족,동아일보 한신공영은 부산 해운대구 우동 860 일대에 짓고 있는 주상복합아파트 ‘해운대 한신 휴플러스’의 아파트를 분양한다. 지하 5층∼지상 39층 42층 2개 동에 아파트 240채와 오피스텔 932실이 들어선다. 이번에 분양하는 물량은 아파트로 전용면적 84m² A B C타입 각 80채로 구성됐다. 회사 측에 따르면 동 건물 오피스텔의 청약 경쟁률이 평균 20 대 1 최고 62 대 1을 보일 정도로 인기를 끌었다. 인기 비결은 저렴한 분양가였다. 분양가가 3.3m²당 600만 원 수준 부가가치세 별도 으로 주변 시세보다 낮은 수준. 이에 따라 한신공영은 아파트의 분양가도 주변 시세보다 낮은 3.3m²당 950만∼970만 원 수준에서 책정하는 방안을 적극 검토 중이다. 중소형 규모라는 것도 장점이다. 한신공영 관계자는 “기존 해운대 마린시티와 센텀시티에 전용 84m² 물량이 드물기 때문에 중소형을 원하는 수요자들에게 관심을 끌기를 기대하고 있다”고 말했다. ‘해운대 한신 휴플러스’는 부산 지하철 2호선 동백역과 약 300m 떨어진 곳에 있다. 해운대역과는 약 700m 거리다. 해운대 마린시티와 도로 하나를 사이에 두고 있고 승용차로 해운대로 해운대해변로 동백로 등을 이용하기 편리하다. 광안대교 및 부산∼울산 간 고속도로도 쉽게 이용할 수 있다. 인근에 대형 할인매장 등 생활 편의시설이 갖춰져 있다. 해운대 해수욕장 동백섬공원 송림공원 등은 걸어서 갈 수 있다. 약 2km 떨어진 곳에는 부산 벡스코와 백화점 미술관 등이 있다. 이 아파트는 부산시가 2009년 수립한 ‘부산 도시색채계획’에 따라 주변 환경과 조화로운 색깔로 건물 외관을 꾸며질 예정이다. 단지 산책로는 외부의 송림공원을 거쳐 바닷가로 이어지도록 설계했다. 주차장은 주민 안전과 녹지 확보를 위해 모두 지하에 배치했다. 지상은 모두 녹지로 만들고 충분한 휴게 공간을 제공할 계획이다. 지하 1층에는 헬스장 실내골프연습장 탁구장 등의 주민 편의시설이 들어선다. 지하 2층에는 약 1.5m² 크기의 가구별 창고가 만들어질 예정이다. 본보기집은 부산 해운대구 우동 1406 11 해운대소방서 인근에 있다. 17일 개관 예정. 21일에는 특별공급 접수가 진행되며 22일부터 24일까지 청약 접수를 받는다. 당첨자 발표는 30일로 계획돼 있다.,https://news.naver.com/main/read.nhn?mode=LSD&mid=shm&sid1=260&oid=020&aid=0002252207,284
262248,2011.06.17. 오전 3:10,부동산,동아일보,HomeDream‘래미안 전농 크레시티’ 486채 분양 에너지절약·교통편리 ‘효율 좋은 아파트’,동아일보 삼성물산 건설부문은 7월 서울 동대문구 전농동 일대 전농 7구역에서 ‘래미안 전농 크레시티’ 아파트를 분양한다. 지하3층 지상22층 31개동에 전용면적 59∼121m² 총2397채로 구성된 대단지이며 486채가 일반분양된다. 전농·답십리 뉴타운의 중심에 위치한 이 아파트는 좋은 교육여건이 강점. 인근에 전농초교 동대문중과 함께 서울시립대 고려대 경희대 한양대 등이 있다. 아파트 단지 내에 1만2000m²의 학교용지가 확보돼 있고 유치원도 들어설 것으로 예상돼 학군 수혜 단지로도 주목 받고 있다는 게 회사 측 설명. 아파트는 규모별로 각기 다른 설계가 적용됐다. 59m²는 사생활을 최대한 배려한 구조로 만들어진 반면 121m²는 개방성을 강조하고 채광효과를 극대화하는 식이다. 단지 내에는 피트니스센터와 독서실 보육시설 등 대규모 주민 공동시설이 들어선다. LED 조명 태양광 발전시스템 등 에너지 절감 시설을 확대한 것도 특징. 회사 측은 “친환경적일 뿐 아니라 관리비 등에서 실질적인 절약 효과도 있을 것이다”고 말했다. 교통편도 좋은 편이다. 단지에서 지하철 1호선 청량리역까지 걸어서 갈 수 있는 거리에 있으며 2호선 신답역 5호선 답십리역 등도 멀지 않다. 단지 남쪽으로 내부순환도로 마장램프와 사근램프가 위치해 종로와 강남권으로의 이동이 편리하다. 최근 청량리 민자역사 방향으로 도시계획도로가 새로 뚫렸다. 인근에 롯데백화점 홈플러스 이마트 동대문구청 등 생활 편의시설이 있고 청량리 민자역사와 접해있는 청량리균형발전촉진지구에는 54층 규모 빌딩과 40층 규모의 주상복합아파트 등이 들어설 예정이다. 청소년과 여성 입주자가 이용할 수 있는 전시·문화 시설 야외공연장 등이 구비된 종합교육문화센터도 건립될 계획이다. 풍부한 녹지공간도 장점. 배봉산 근린공원∼답십리 근린공원∼중랑천 둑길로 이어지는 9km 구간의 녹지길이 단지에서 1.5km 반경에 위치해 있다. ‘청계천 8경’ 중 하나로 꼽히는 버들습지와 배봉산 근린공원 답십리 공원 간데메 공원 등도 가까이에 있다. 2013년 3월 입주 예정이며 계약 후 바로 분양권 전매가 가능하다. 본보기집 모델하우스 은 강북구 운니동 래미안 갤러리 내 2층에 있다.,https://news.naver.com/main/read.nhn?mode=LSD&mid=shm&sid1=260&oid=020&aid=0002252206,284
262249,2011.06.17. 오전 3:10,부동산,동아일보,HomeDream강서 힐스테이트 879채 분양 서울 서남부 ‘랜드마크’로 매머드급 대단지 조성,동아일보 현대건설이 화곡3주구를 재건축해 이달 초부터 분양에 나선 ‘강서 힐스테이트’는 서울 서남부 지역의 중심에서 선보이는 2603채 규모 매머드급 단지다. 지하3층 지상21층에 걸쳐 총 37개동으로 구성되며 이 중 879채가 일반 분양 물량이다. 1∼3일 진행된 청약 접수결과 이 단지의 14개 주택형 가운데 10개는 모집 가구수를 채웠다. 현대건설 측은 이 아파트가 들어서는 서울 강서구 화곡동은 강서 마곡지구 관련 개발 계획으로 서울에서 향후 가장 주목받는 지역이 될 것으로 보인다고 말했다. 단지 근처에 우장산 근린공원과 수명산 한강시민공간이 있고 지하철5호선 우장산역이 걸어서 3분 거리. 강서로 화곡로와도 인접해 시내 중심권으로의 접근성도 좋은 편이라는 설명이다. 지역을 대표하는 ‘랜드마크’ 단지로 조성하는 만큼 단지 설계도 차별화했다. 먼저 서울 강서구 화곡동과 인근 양천구 신월동 일대 옛 지형지물을 활용한 단지 내 주민 휴식 공간을 곳곳에 설치했다. 단지 한가운데에 놓일 단지광장은 신월동에 있던 옛 마을 이름 ‘곰달래’ 달빛이 맑고 곱게 비친다는 뜻 에서 따온 것이다. 단지 내에는 입주민들의 대화와 친목의 공간이 될 ‘야외 카페테리아’와 노약자를 위해 조성한 ‘노천가든’ 친환경 보행로 ‘플라워 웨이’ 등이 조성될 예정이다. 학원차량 등을 안전하게 기다릴 수 있는 ‘세이프티존’과 놀이터에서 논 뒤 곧바로 손을 씻을 수 있는 야외 개수대 ‘클리어존’ 상상력을 자극하는 문화놀이터 등 자녀의 안전과 교육을 위한 공간도 마련됐다. 특수열쇠인 ‘U 키’를 가진 자녀들이 단지 밖으로 나가면 부모를 호출해주는 안심시스템을 마련해 안전 사고 및 범죄 예방에도 도움을 줄 수 있게 했다. 단지 인근의 우장산과 연계한 친환경적 녹지 공간도 곳곳에 마련된다. 주차장을 모두 지하화해 지상의 녹지 비율을 극대화하고 곤충 등 자연물을 관찰할 수 있는 체험공간 ‘자연관찰원’을 조성한다. 또 빗물 저장설비 지열 냉난방 시스템 열교환 환기 설비 태양열 급탕시스템 등 효율적으로 에너지를 절약해 관리비를 줄일 수 있는 각종 친환경 시스템도 도입할 예정이다. 입주민들의 건강 증진을 위한 커뮤니티 시설도 강화됐다. 274.97m² 규모로 조성되는 초대형 실내 멀티코트는 천장이 높아 베드민턴 테니스 등 다양한 구기 종목을 자유롭게 즐길 수 있다. 본보기집 모델하우스 은 서울 강남구 도곡동의 현대건설 힐스테이트 갤러리에 있다.,https://news.naver.com/main/read.nhn?mode=LSD&mid=shm&sid1=260&oid=020&aid=0002252205,284
262250,2011.06.17. 오전 3:10,부동산,동아일보,HomeDream“역시 경매가 최고” 감정가보다 17% 싸게 사,동아일보 시세 차익에 대한 기대가 낮아진 부동산 불황기에 상대적으로 적은 투자 금액으로 ‘내 집 마련’을 할 수 있는 부동산 경매에 관심이 집중되고 있다. 부동산 경매전문업체 지지옥션에 따르면 5월 말 수도권 아파트와 주상복합의 낙찰가율 감정가 대비 낙찰가 은 82.4%다. 경매를 통하면 감정가보다 평균적으로 약 17.6% 할인된 가격에 집을 구입할 수 있다는 뜻이다. 전세금 상승세 때문에 전세 수요가 매매 수요로 돌아설 가능성도 높아졌다. 국민은행의 전국주택가격동향조사에 따르면 5월 말 전국 아파트의 매매가 대비 전세금 비율은 59%를 나타냈다. 부동산 업계가 통상 전세 수요자가 매매로 돌아서는 기준점으로 여기는 60%에 근접한 것. 경매를 활용하면 전세금과 큰 차이 없는 금액으로 내 집을 손에 넣을 수 있다는 해석이 가능하다. 유찰이 반복될수록 가격이 떨어진다는 점도 부동산 경매가 각광받는 이유다. 경매가 1회 유찰되면 감정가 대비 80% 2회 유찰시 64% 3회 유찰시 반값인 51%부터 경매가 시작된다. 통상 하자가 없는 아파트라도 1회 정도는 유찰된다. 강은 지지옥션 경매자문센터 팀장은 “경매를 통하면 급매물보다 싼 시세의 80% 수준으로 내 집 마련이 가능하기 때문에 경매를 ‘국립 부동산 할인매장’이라 부르기도 한다”고 설명했다. 대법원 법원경매정보 홈페이지 courtauction.go.kr 나 경매정보업체 홈페이지에 들어가면 경매 물건을 확인할 수 있다. 15일 서울지역에서 1회 이상 유찰된 아파트는 총 361채. 2회 이상 유찰된 아파트도 100채에 이른다. 서울 강남구 도곡동 467 ‘타워펠리스’ 주상복합아파트 1채는 2회 유찰돼 다음 달 7일 3차 경매를 기다리고 있다. 전용면적 137m². 감정가 20억 원의 64%인 12억8000만 원부터 경매가 시작된다. 강남구 개포동 12 2 ‘엘지개포자이’ 아파트의 전용면적 168m² 1채도 경매 대상. 감정가 18억 원이었으나 2회 유찰돼 현재 11억5200만 원이 최저 낙찰 금액이다. 다음달 5일 경매가 진행된다. 경기 고양시 일산서구 주엽동 120 문촌마을 신안아파트 전용 173m² 1채도 경매에 나왔다. 감정가 9억5000만 원. 2회 유찰돼 현재 최저가는 4억6550만 원이다. 22일 3차 경매가 예정돼 있다. 경기 의왕시 내손동 ‘포일자이’ 전용 114m² 1채도 2회 유찰돼 주인을 기다리는 중이다. 현재 최저가는 4억9920만 원. 다음달 19일에 경매가 있다. 인천 연수구 송도동 ‘송도 더샵 퍼스트월드’ 1채는 24일 3차 경매를 앞두고 있다. 수도권과는 대조적으로 비수도권 지역의 아파트 경매시장은 뜨거운 편이다. 5월 비수도권 아파트의 낙찰가율은 99.2%에 이른다. 낙찰률도 59%를 보여 수도권의 41.9%보다 높다. 전문가들은 성공적인 부동산 경매를 위해 미리 준비할 것이 많다고 조언한다. 감정은 언제 했는지 등기부등본에 큰 하자는 없는지 등 관련 서류를 꼼꼼히 살펴야 한다. 또한 물건을 직접 볼 수 없기 때문에 주변 다른 아파트를 살펴보고 시세 등도 확인해야 한다. 경매법정에서는 분위기에 휩쓸리지 말고 자신이 생각한 적절한 가격을 적어내면 된다. 이남수 신한은행 부동산팀장은 “일반인들은 보통 생소한 법률용어와 명도에 대한 부담으로 법원 경매를 어렵게 생각하지만 권리분석만 제대로 하면 겁낼 필요가 없다”고 말했다.,https://news.naver.com/main/read.nhn?mode=LSD&mid=shm&sid1=260&oid=020&aid=0002252204,284
262251,2011.06.17. 오전 3:10,부동산,동아일보,HomeDream신분당선·경인 아라뱃길 개통… 뚫리는 길따라 아파트가 웃는다,동아일보 《새로운 길이 뚫리면 집값도 뛴다. 집 주변의 교통 환경이 나아지면 통근시간이 짧아지고 편의시설에 대한 접근성도 좋아지기 때문이다. 새 길을 따라 인구가 유입되고 주변지역의 개발도 촉진된다. 2009년 7월 개통한 지하철 9호선이 1년 만에 주변 역세권 단지 아파트 매매 값을 5.23% 끌어올린 사실은 교통호재가 부동산 시장에 미치는 영향력을 보여주는 대표적인 사례다. 전문가들은 원래부터 도로망이 잘 갖춰져 매매가에 이미 ‘교통 프리미엄’이 반영된 곳보다는 교통시설이 열악한 곳에 새로운 길이 들어설 때 가격 상승폭이 더 크게 나타날 가능성이 높다고 말한다. 호재에 따른 체감효과가 상대적으로 크기 때문이다.》 올해 하반기에는 서울 강남역과 판교 분당을 잇는 ‘신분당선’과 한강과 서해를 연결하는 ‘경인 아라뱃길’ 전북 익산과 전남 여수를 잇는 전라선의 복선전철화 등의 굵직한 교통호재가 부동산 시장에 영향을 줄 것으로 예상된다. ○강남∼정자 신분당선 9월 개통 예정 서울지하철 2호선 강남역과 분당선 정자역을 잇는 신분당선 1단계가 9월 개통을 앞두고 있다. 강남∼양재∼양재시민의숲 매헌 ∼청계산입구∼판교∼정자를 지나는 노선으로 정자역에서 분당선과 이어지게 된다. 신분당선 개통으로 서울 강남에서 분당 정자까지 15분 내에 이동할 수 있을 것으로 전망된다. 가장 혜택을 보는 곳은 환승역이 될 성남시 정자역 인근이다. 성남시 중동3지구 롯데캐슬은 전용면적 65∼114m² 아파트 170채로 구성되며 9월 일반 분양에 나설 예정이다. 대우건설은 성남시 단대동 단대구역을 재개발해 전용면적 59∼85m² 252채를 9월 일반분양할 예정이다. 한편 강남역 인근 역시 신분당선의 영향을 받을 것으로 보인다. 강남구 역삼동 개나리 5차 아파트를 재건축한 ‘역삼 SK뷰’는 전용면적 85∼127m² 68채가 6월 말 일반 분양되며 지하철 2호선 및 분당선 환승역인 선릉역까지 도보 5분이면 갈 수 있다. 현대산업개발은 역삼동 성보아파트를 재건축한 역삼아이파크를 10월 경 분양할 예정이다. 전용면적 64∼113m² 30채가 일반분양 물량으로 지하철 2호선과 분당선이 지나는 선릉역이 걸어서 5분 거리에 있다. ○경인 아라뱃길 10월 개통 예정 아라뱃길은 현재 80% 이상의 공정을 보이고 있다. 아라뱃길이 뚫리면 뱃길을 따라 주변 지역 일대가 친환경 관광·레저 공간으로 개발된다. 그만큼 녹지공간과 휴식공간이 늘어난다는 뜻이다. 아라뱃길은 총 41.3km 길이로 10월이 되면 여객유람선을 타고 서해와 한강을 오갈 수 있게 된다. 이 때문에 그동안 저평가 됐던 인천 계양구와 서구에 대한 관심도 높아지고 있다. 인천 계양구 일대에는 동부건설이 7월 귤현동에 ‘계양 센트레빌 2차’를 분양할 계획이다. 전용면적 84∼145m² 규모로 총 710채가 공급된다. 인천공항철도와 인천지하철 1호선 환승역인 계양역과도 가까워 서울까지 30분대 진입이 가능하다. ○전라선 복선전철 11월 개통 예정 기존 전북 익산과 전남 여수를 잇는 전라선이 복선전철화돼 구간별로 연내 개통된다. 여수∼순천 구간은 9월에 순천∼익산 구간은 11월 말에 개통이 될 것으로 예상된다. 특히 여수지역은 KTX 개통과 2012년 여수세계박람회와 맞물려 주목 받고 있다. 현재 도시기반시설이 조성되고 있으며 KTX가 개통되고 KTX 전용 선로구축작업이 마무리되면 2014년부터 서울에서 여수 구간이 최고 2시간 25분대로 단축될 것으로 전망된다. 신영건설은 전남 여수시 웅천동에 ‘웅천지웰2차’를 분양 중이다. 전용면적 84∼112m²로 614채가 공급된다. 한국토지주택공사도 여수시 덕충동 엑스포타운 1 2블록에 ‘힐스테이트’를 공급한다. 전용면적 84∼150m² 총 1442채 대단지다. 한편 삼환기업은 10월 순천시 매곡동 일대 매곡주공아파트를 재건축해 전용면적 63∼155m² ‘삼환나우빌’ 300채를 일반분양할 예정이다.,https://news.naver.com/main/read.nhn?mode=LSD&mid=shm&sid1=260&oid=020&aid=0002252203,284
262252,2011.06.17. 오전 3:10,부동산,동아일보,HomeDream역시 상가,동아일보 아파트의 인기가 시들해지면서 수익형 부동산의 대표 상품인 상가가 다시 주목받고 있다. 상가는 아파트나 토지에 비해 비교적 소규모 자금으로도 투자가 가능하고 안정적인 수익을 얻을 수 있는 상품이다. 하지만 준비 없이 투자에 뛰어들었다간 투자금만 날릴 위험도 있다. 전문가들은 “최근 상가에 대한 관심은 높아졌지만 공급 물량이 감소함에 따라 일부 상가의 경우 가격에 거품이 낀 곳도 있으므로 주의해야 한다”고 당부한다. 국토해양부 발표에 따르면 지난해 서울과 6개 광역시 경기 일부지역 매장용 빌딩 전국 87개 주요 상권의 3층 이상 임대면적 50% 이상이 상가인 건물 의 평균 투자수익률은 전년 대비 1.65%포인트 오른 6.85%였다. 앞으로 베이비부머 세대의 은퇴로 자영업 인구가 늘어날 것으로 예상됨에 따라 상가의 투자수익률도 상승세를 유지할 것으로 전망된다. 그러나 무조건적으로 낙관하긴 어렵다. 지난해와 달리 올해는 금리인상과 고물가라는 변수가 있기 때문이다. 선종필 상가뉴스레이다 대표는 “상가 시장이 전반적인 회복세인 것은 맞지만 위험 요소가 상존한다”면서 “상가투자에 따른 기대수익률을 금리 수준보다 2%포인트 정도 높게 잡고 보수적으로 접근을 해야 한다”고 조언했다. 무리한 대출도 위험하다. 특히 현재와 같은 금리 상승기에는 대출금도 적정 수준을 넘지 않도록 주의해야 한다. 지나치게 많은 대출을 받았다가 금리가 오르면 수입보다 지출이 많아질 수 있기 때문이다. 전문가들은 상가 투자 시 전체 구입자금의 80%는 자기자본으로 가져가는 게 바람직하다고 말했다. 상가 중에서도 근린상가나 쇼핑몰보다 상대적으로 투자비용이 덜 들어가는 아파트 단지 내 상가가 주목받는 것도 이런 점을 고려해서다. 특히 다음 주 21∼28일 부터 한국토지주택공사 LH 가 공공 아파트 단지 내 상가 총 140개 공급을 앞두고 있다. 신규 공급분은 수원 호매실 인천 서창 세종시 첫마을 강릉 포남 장흥 건산2 양산 가촌 등 6개 지구 95개 상가다. 나머지 성남 판교 서울 상암 하남 풍산 파주 금촌 등 13개 지구에서 45개 상가를 재공급한다. LH가 공급하는 아파트 단지 내 상가는 분양가격이 일반 상업지구 민간상가보다 저렴한 데다 대단지 아파트를 배후에 두고 있어 안정적인 상품으로 평가받는다. 선 대표는 “단지 내 상가는 근린상가나 쇼핑몰보다 투자수익률은 작지만 안정적인 게 장점이다”라고 설명했다. 상가 투자 시 고려해야 할 사항이 몇 가지 있다. 우선 접근성과 배후 주거단지 규모 업무시설 등을 꼼꼼히 따져봐야 한다. 유동 인구가 적고 접근성이 나쁘다면 고객 확보가 쉽지 않아 손실을 볼 가능성이 크다. 아파트 단지 주변이라면 단지 규모가 최소 600채 이상인지 주소비층이 충분히 소비력을 갖추고 있는지 살펴보아야 한다. 근린상가에 투자한다면 주변 입지 상황만 보고 투자하기 보다는 상가가 가진 개별 조건을 샅샅이 검토하는 게 좋다. 주상복합상가는 접근이 편리한 저층부가 좋으며 쇼핑몰은 상권이 활성화 돼 있는지도 확인해야 한다. 이 밖에 상가가 걸어서 접근하기 어려울 만큼 경사진 곳에 위치해 있진 않은지 사람들이 자주 다니는 출입구는 어느 방향인지 주차장이 부족하진 않은지 등도 점검해야 할 부분이다.,https://news.naver.com/main/read.nhn?mode=LSD&mid=shm&sid1=260&oid=020&aid=0002252202,284
262253,2011.06.17. 오전 3:09,부동산,동아일보,HomeDream“청약통장 필요없지 시세차익 크지”… 오피스텔 청약열기 후끈,동아일보 《오피스텔에 대한 투자자들의 관심이 뜨겁게 달아오르고 있다. 부동산 경기 침체로 아파트 매매를 통해 시세 차익을 얻기가 갈수록 어려워지는 반면 오피스텔 등 수익형 부동산은 임대로 매월 일정한 소득을 올릴 수 있기 때문이다. 이를 반영하듯 포스코건설이 4월 중순 공급한 서울 성동구 행당동의 ‘서울숲 더샵’은 평균 89.5 대 1 서울 송파구 문정동 ‘송파 한화 오벨리스크’ 오피스텔도 평균 8.12 대 1의 높은 청약 경쟁률을 보였다. 오피스텔은 여러모로 ‘매력’이 많은 상품이라고 부동산 전문가들은 지적한다. 1인 가구의 증가로 오피스텔 수요는 꾸준히 느는 반면 공급물량은 아직 이를 충족시키기에 부족하다는 것이 그 이유 중 하나다. 또 오피스텔은 아파트와 달리 청약통장이 필요치 않다. 총부채상환비율 DTI 규제나 전매 제한 등 아파트에 적용되는 각종 규제를 피할 수 있다. 분양을 받아도 무주택 청약자격을 유지할 수 있다는 점도 매력이다.》 여기에 정부가 민간 주택임대사업 활성화를 목적으로 주거용 오피스텔에 대해 주택 임대사업 등록 허용을 검토하기로 했다는 것도 호재로 꼽힌다. 최근 국토해양부는 전월세 시장 안정을 위해 ‘민간 임대사업 활성화 방안 연구 용역’을 실시한다고 발표했다. 현재는 아파트 단독 도시형생활주택 등 주택에 대해서만 임대주택 사업 등록이 허용되고 양도소득세와 취득세 등의 감면 혜택이 주어진다. ○ 쏟아지는 오피스텔 잘 골라잡자 시장의 높은 관심을 반영하듯 오피스텔 물량이 쏟아지고 있다. 부동산리서치 전문업체 리얼투데이에 따르면 올해 6월부터 12월까지 수도권에서 분양 예정인 오피스텔은 13개 지역에 총 7042실인 것으로 나타났다. 서울에서는 5개 지역 2220실 경기는 4개 지역에서 1205실 인천은 4개 지역 3617실이다. 지난해 같은 기간에 분양된 오피스텔 총 6602실보다 440실이 늘어난 규모다. 양지영 리서치자문팀 팀장은 “물량이 많은 만큼 좋은 상품을 골라내는 안목이 필요하다”고 조언했다. 대우건설은 서울 송파구 문정동 400 7에 공급할 ‘송파 푸르지오시티’ 오피스텔의 분양을 6월에 시작한다. 지하 5층 지상 14층 건물에 전용면적 24∼52m² 총 1249실 규모. 지하철 8호선 문정역과 약 500m 거리에 있다. 분양가는 3.3m²당 1100만∼1200만 원 수준에서 결정될 예정. 이 오피스텔 북측에는 2012년 서울동부지방검찰청과 서울동부지방법원 등이 이전해 법조타운이 형성될 예정이다. SK D D는 서울 용산구 문배동 24 4 일대에 분양하는 도시형생활주택과 오피스텔 복합단지 ‘용산 큐브’를 6월 분양한다. 오피스텔은 165실 도시형생활주택은 99채 규모. 지하 2층 지상 20층 1개동에 전용면적 13∼17m²의 소형 위주로 구성됐다. 21일부터 이틀간 오피스텔의 청약 접수를 한다. 지하철 1호선 남영역과 약 400m 지하철 4 6호선 삼각지역과 약 500m 떨어져 있다. 분양가는 3.3m²당 1600만 원 수준. 경기에서는 대우건설이 성남시 분당구 정자동 16 2 일대에 ‘정자역 2차 푸르지오 시티’를 6월에 분양한다. 지하 4층 지상 20층 1개동에 전용 29∼36m² 소형 오피스텔 총 361실이다. 지하철 분당선 정자역과 약 300m 거리에 있다. 경부고속도로와 분당∼수서 고속화도로 이용이 편리하다. 탄천이 가까이 흐르고 있어 공원 이용도 편리하다. 서우는 성남시 분당구 구미동 9 1 일대에 ‘미금역 헤리츠’ 오피스텔 570실을 분양한다. 극동건설은 하반기에 인천 남동구 구월동 1139 8 일대에 오피스텔과 아파트가 결합된 ‘인천 구월 극동스타클래스’를 분양할 예정이다. 지하 6층 지상 22층 3개동 건물로 오피스텔 515실이 들어선다. 인천시청 맞은편에 있다. 인천 지하철 1호선 인천시청역과는 약 400m 거리다. ○ 이것만은 알고 사자 오피스텔에 대한 ‘묻지 마 투자’는 실패 확률이 높다는 것이 전문가들의 지적이다. 김운철 리얼투데이 대표이사는 “수요층이 없는 지역에 분양을 하는 일부 오피스텔의 경우 허위 과장하면서 소비자를 현혹하는데 이에 휩쓸리지 말고 신중하게 접근할 필요가 있다”며 “수익률이 고정되어 있다는 착각은 버려야 한다”고 조언했다. 우선 입지를 꼼꼼히 분석해야 한다. 오피스텔은 임대 수익이 발생하지 않으면 투자 의미가 없기 때문이다. 안정적으로 임차인을 확보할 생각이라면 서울 강남이나 여의도 경기 판교신도시 등을 선택하는 것이 바람직하다는 지적이다. 공급 현황도 살펴야 한다. 아무리 오피스텔 수요가 많은 지역이더라고 공급이 한꺼번에 몰리면 임차인을 구하기 어렵기 때문이다. 여기에 최근 오피스텔 열기가 이어지면서 건설사들이 경쟁적으로 분양 물량을 쏟아내고 있어 입주시점인 2∼3년 뒤에는 임대수익이 기대에 못 미칠 수 있다는 것이 부동산 전문가들의 지적이다. 오피스텔 관련법도 숙지해야 한다. 오피스텔은 기본적으로 업무용 시설로 주택법이 아닌 건축법의 적용을 받는다. 따라서 임대사업을 원한다면 일반임대사업자로 등록한 후 업무용으로 임대를 해야 한다. 업무용이 아닌 주거용으로 사용하면 주택으로 간주돼 팔 때 양도세가 부과된다.,https://news.naver.com/main/read.nhn?mode=LSD&mid=shm&sid1=260&oid=020&aid=0002252201,284
262254,2011.06.17. 오전 3:09,부동산,동아일보,HomeDream도심 자투리땅에 ‘도시형 생활주택’ 지어 세 놓을까,동아일보 《정부가 전세난 해결방안으로 보고 각종 지원책을 쏟아내면서 도시형 생활주택이 새로운 부동산 투자상품으로 주목을 받고 있다. 실제로 분양물량도 최근 들어 급증하는 추세다. 도심에 자투리 땅을 갖고 있는 사람들의 관심도 높아지고 있다. 하지만 도시형 생활주택은 2009년 이후 새롭게 선보이는 상품으로 아파트 상가 등처럼 정보가 많은 상품이 아니다. 섣불리 투자에 나섰다가 손해를 볼 가능성이 커 주의할 필요가 있다는 게 전문가들의 지적이다.》 ○도시형 생활주택이란 2009년 5월 관련 법이 도입되면서 선보인 주택 유형으로 도시지역에서 국민주택 규모 전용면적 85m² 이하 주택을 20실 이상 150실 미만으로 짓는 공동주택을 말한다. 단지형과 원룸형 기숙사형으로 나눌 수 있다. 단지형은 85m² 이하의 다세대주택을 연상하면 좋다. 4층 이하 높이 총면적 660m² 이하로 지어야 한다. 원룸형은 12m² 이상 50m²‘ 이하 규모로 짓되 가구별로 독립된 생활이 가능하도록 욕실과 부엌이 하나의 공간으로 만들어진 형태다. 기숙사형은 7m² 이상 30m² 이하 규모로 지어지되 취사장 세탁실 휴게실을 공동으로 사용할 수 있는 공동주택이다. ○공급 물량 늘어나는 추세 전세난이 심각했던 지난해부터 공급 물량이 부쩍 늘어났다. 서울에서만 2010년에 935실이 공급됐는데 2011년 6월 14일 현재 모집공고를 낸 물량만 930실에 달한다. 작년 한 해 물량만큼 상반기에 쏟아진 셈이다. 아파트와 달리 중소 건설사가 많이 짓기 때문에 인허가를 마치고 분양 직전에 알려지기 때문에 앞으로 얼마나 공급될지를 파악하기 어렵다. 하지만 공급이 더욱 늘어날 것은 확실시된다. 정부 지원이 잇따르고 있기 때문이다. 서울시는 최근 발표한 ‘2020 서울시 주택계획’에서 도시형 생활주택 공급물량을 확대하겠다는 입장을 밝혔다. 국토해양부도 도시형 생활주택 관련 규제를 대대적으로 완화할 방침이다. ○인기의 원인은 도시형 생활주택이 인기를 끄는 이유는 아파트보다 상대적으로 적은 금액으로 투자할 수 있다는 점이다. 은퇴를 앞둔 투자자들에게 환영 받는 이유다. 하지만 분양가를 면밀히 따져보고 주변 경쟁상품인 원룸시장과 오피스텔 시장을 살펴본 후 투자해야 한다. 특히 공실률과 월세현황 등은 꼼꼼히 따져봐야 한다. 임대료 상한선이 있기 때문에 도시형 생활주택을 아무리 화려하게 짓는다고 하더라도 기존에 형성되어 있는 임대료 수준 이상을 받기 힘들다는 점도 염두에 둬야 한다. ○건축 시 체크리스트 도시에 자투리땅을 갖고 있거나 여윳돈이 있어 도시형 생활주택을 짓고 싶다면 기본적으로 다음 몇 가지는 검토해본 뒤 투자 여부를 결정하는 게 좋다. ① 무조건 싼 땅을 구입하라 땅값은 도시형 생활주택 투자비의 60∼70%를 차지하므로 수익성에 큰 영향을 미친다. 법원경매나 공매를 이용하거나 급매물을 구입하는 게 효과적이다. ② 좁고 긴 용지가 유리하다 효과적인 평면계획을 수립하기 위해서는 좁고 긴 용지를 매입하는 것이 좋다. 정방형보다는 오히려 장방형의 토지가 내부평면계획 수립이 수월해 공간배치가 효율적일 수 있기 때문이다. ③ 지역특성을 고려해 주차계획을 하라 도시형 생활주택 활성화를 위해 법령이 개정돼 주차대수 기준이 대폭 완화됐다. 하지만 주차대수 기준을 다르게 적용해 수요자의 특성에 맞게 계획한다면 임대 시 장점이 될 수 있다. 역세권 및 대학가 주변 지역은 최소한의 법정 주차대수만 확보하고 고급 수요자를 겨냥한다면 주차대수를 여유있게 책정해야 한다. ④ 입주자가 필요로 하는 생활서비스 공간을 제공하라 반 지하층에는 도시형 생활주택 가구 구성이 불가능하므로 경우에 따라 근린생활시설을 계획할 수 있다. 이 경우 입주예정자 및 인근 거주자들의 연령대별 요구를 파악하여 식당 편의점 등을 계획하는 것이 좋다. ⑤ 수요자에 맞게 실내규모를 짜라 수요자의 요구에 맞는 실내규모를 갖추는 것은 도시형 생활주택의 경쟁력을 결정짓는 중요한 요소다. 대학가 주변은 학생을 겨냥해 전용면적 15∼18m² 오피스 밀집지역이라면 직장인용으로 전용면적 18∼20m² 로 만드는 게 임대하기 좋다. ⑥ 디자인이 마케팅이다 도시형 생활주택의 주 타깃은 대학생이나 직장 초년생들이다. 이런 연령대의 특징을 고려할 때 감각적인 외관디자인과 창의적인 공간 활용이 중요하다. ⑦ 관리하기 쉬운 자재를 쓰라 도시형 생활주택은 오랫동안 머무는 사람을 위한 상품이 아니다. 임대용이라는 뜻이다. 따라서 내외장재 등은 저렴하면서도 쉽게 더러움을 타지 않고 내구성 있는 재료를 선택하는 게 좋다. 가구도 쉽게 훼손될 우려가 있으므로 교체가 가능한 제품을 고르는 게 좋다.,https://news.naver.com/main/read.nhn?mode=LSD&mid=shm&sid1=260&oid=020&aid=0002252200,284
262255,2011.06.17. 오전 3:09,부동산,동아일보,HomeDream현장에서부동산투자도 워런 버핏처럼…,동아일보 투자에 관심을 가지면 누구나 한 번쯤은 귀 기울이게 되는 이가 바로 워런 버핏이다. 주식투자의 천재라는 평가는 오히려 부족한 표현이고 현자 賢者 라는 칭송까지 받는다. 그가 쏟아낸 많은 말 가운데 가장 많이 회자되는 게 “펀더멘털이 좋은 기업에 투자하라”는 것이다. 펀더멘털은 기본적인 조건이 좋다는 의미로 보면 된다. 그는 펀더멘털이 좋다면 주식시장의 상황에 관계없이 투자를 한다. 설혹 시황이 앞이 안 보일 정도로 침체에 있더라도 해당 주식을 포기하지 않고 경우에 따라서는 투자 규모를 키우기도 한다. 때로는 이 같은 그의 선택이 무모해 보인다는 비평도 따랐지만 그는 번번이 높은 투자수익을 거뒀고 세계 최고 부자 반열에 올라 있다. 버핏의 말은 비단 주식투자에만 적용되는 말은 아니다. 부동산 상품 투자에서도 마찬가지로 통용될 수 있다. 문제는 무엇을 펀더멘털로 볼 것인가이다. 이는 부동산이라는 상품의 특성을 이해하면 알 수 있다. 부동산은 일반적으로 부동성·부증성·영속성·개별성을 띤다고 한다. 움직일 수 없고 자연 상태에서 늘어나지도 사라지지도 않는다. 또 공장에서 찍어내듯 똑같은 품질을 가진 대체 상품이 없다는 뜻이다. 이런 특성에서 비롯된 부동산의 가치는 ‘희소성’이고 이런 이유로 부동산은 입지 立地 가 중요하다. 부동산값을 결정하는 첫 번째도 입지 두 번째도 입지 세 번째도 입지라는 말이 나오는 이유다. 부동산 상품의 입지가 좋은가 나쁜가의 기준은 여러 가지다. 우선 지하철 등 대중교통과의 거리다. 주변에 큰 도로가 있느냐도 중요하다. 이런 것들은 입지의 접근성에 영향을 미친다. 해당 부동산 인근의 교육시설과 병원 쇼핑몰 등 생활편익시설 유무나 밀집도도 입지의 호오 好惡 를 결정하는 중요한 요소다. 이용자의 생활편리성과 직결된 것들이다. 여기에 최근에는 조망권 확보 여부도 평가기준에 포함됐다. 실내에서 생활하는 시간이 많아지면서 추가됐다. 일부 전문가들은 아파트 등 주거용 상품 상가·업무용 오피스텔 등 수익형 상품 대지·상업용지 등 토지 등과 같은 부동산 상품별로 펀더멘털을 결정짓는 다른 요소들이 일부 추가될 수 있다고 주장한다. 하지만 입지만큼 부동산 가치를 결정하는 데 미치는 영향력은 크지 않다. 이쯤 되면 평소 신문을 꼼꼼히 읽은 독자라면 눈치 챘을 것이다. 부동산면에 소개되는 200자 미만의 단신성 기사에도 관련 부동산의 가치를 보여줄 정보들이 촘촘히 담겨 있다는 사실을. 비싼 회원가입비 내고 얻는 부동산 투자 정보들도 신문 정보에서 크게 벗어나지 않는다. 열심히 정독한다면 신문 부동산면 속에 내 집 마련의 길 부자가 되는 길을 찾을 수 있다. 월 1만5000원이라는 싼 값으로 말이다.,https://news.naver.com/main/read.nhn?mode=LSD&mid=shm&sid1=260&oid=020&aid=0002252199,284
262256,2011.06.17. 오전 3:09,부동산,동아일보,HomeDream“올 하반기가 내집마련 적기” 60%,동아일보 서민들의 꿈인 내 집 마련 시기는 언제가 좋을까. 부동산 전문가들은 올 하반기를 내 집 마련의 적기로 평가했다. 또 전문가들은 올 하반기 투자 유망 부동산 상품으로 오피스텔을 꼽았다. 동아일보와 부동산정보업체 부동산114가 최근 대학 부동산학과 교수 부동산 관련 전문연구원 대형 건설사 임원 전국 주요 지역 부동산 중개업소 관계자 등 전문가 60명을 대상으로 설문을 실시한 결과 응답자 10명 중 6명 58.3% 이 내 집 마련의 적기는 ‘2011년 하반기’라고 답했다. 모든 직군에서 올 하반기는 1순위로 꼽혔다. 다만 ‘알 수 없다’는 응답도 11.7%나 됐다. 김규정 부동산114 부장은 “주택의 투자 효과가 떨어지고 가치가 하락하면서 내 집 마련에 대한 인식이 달라지고 있다”면서 “이 때문에 당분간 내 집 마련에 신중해야 한다는 의견이 적지 않다”고 설명했다. 한편 전문가들은 하반기 유망 부동산 상품으로 아파트보다 오피스텔과 도시형생활주택을 선호하는 것으로 나타났다. 최근 전세금 폭등과 함께 소형 아파트의 대체재 역할을 할 수 있는 상품이 부각되면서 23%의 전문가가 오피스텔을 14.9%가 도시형생활주택을 유망 상품으로 꼽았다. 아파트를 선택한 응답자는 13.5%였으며 단독·다가구 12.2% 오피스텔 경매 각각 8.1% 가 뒤를 이었다. 반면 재건축 6.8% 재개발 2.7% 오피스 2.7% 토지 1.4% 등은 선호도가 낮았다. 유망 부동산 상품에 대한 답은 직군별로 조금씩 차이를 보였다. 연구원 직군에서는 도시형생활주택이 유망 상품 1위로 꼽혔며 중개업소 직군에서는 아파트 정보업체는 경매가 가장 많은 지지를 얻었다.,https://news.naver.com/main/read.nhn?mode=LSD&mid=shm&sid1=260&oid=020&aid=0002252198,284
262257,2011.06.17. 오전 3:09,부동산,동아일보,HomeDream우리는 개성파 색다른 집에 산다,동아일보 《집에 대한 고정관념을 탈피해 창의적으로 내외부를 디자인한 단독주택이 최근 수도권을 중심으로 속속 모습을 드러내고 있다. 단독주택 분양 및 시공업체들은 자신의 라이프스타일과 취향에 맞춰 집 안팎을 디자인할 수 있다는 점에서 성냥갑 같은 아파트 평범한 시멘트집에 지친 서울 등 도시 주민들의 문의가 크게 늘고 있다고 전한다.》 최근 경기 화성시 활초동에서 분양을 시작한 타운하우스 ‘데니스힐’은 총 80채의 단독주택이 어우러진 전원마을로 조성된다. 3개 주택형 가운데 선택할 수 있으며 2층을 기본으로 일부 주택형에 반지하 또는 다락 공간이 추가된다. 이 가운데 반지하 공간에 스튜디오 등으로 활용할 수 있는 작업실이 마련된 L타입은 예술가를 타깃으로 1층에 거실 주방 등 공용 생활공간이 있고 2층에 방 3개가 있는 H타입은 자녀가 있는 일반 가족을 타깃으로 했다. 똑같은 구조의 집 두채가 나란히 붙어 있는 듀플렉스 타입은 1개의 필지에 2채의 집을 짓는 이른바 ‘땅콩주택’이다. ‘땅콩주택’은 택지비부터 건축비까지 두 집이 절반씩 내기 때문에 비용 부담이 반으로 줄어든다는 점에서 최근 관심이 집중되고 있는 상품이다. 이상욱 데니스힐 부사장은 “자녀와 부모 세대가 함께 거주하는 가족 단위 수요자들의 문의가 많은 편”이라고 전했다. 6월 말까지 신청자를 모집해 7월 공사에 착수하면 10월에 입주가 가능하다. 듀플렉스 타입의 분양가는 2억4000만 원대 L타입은 4억7000만 원 H타입은 4억2000만 원이며 듀플렉스 타입의 경우 일반 ‘땅콩주택’과 달리 개별등기가 가능하다. 한편 SK D D가 경기 판교신도시에 조성한 ‘스카이홈’은 1 2층을 합쳐 전용면적이 198m²이며 대지구입비 6억 원과 취득·등록세 등을 합쳐 총 11억6000만 원에 시공할 수 있다. 인근 지역에서 전용 115m²인 아파트 매매가가 10억4000만 원 대인 점을 고려하면 건축비가 저렴한 편이라고 회사 측은 전했다. 건축비는 목조 모듈러 스틸 등 공법별로 조금씩 차이가 난다. ‘배달’이 되는 단독주택도 있다. 지난해 본격적으로 사업을 시작한 컨테이너 주택업체 큐브디자인개발은 컨테이너를 주택으로 변신시키는 이동식 주택 ‘큐브 630 DZ’를 공급한다. 주문 의뢰가 들어오면 공장에서 컨테이너 내부에 거실 주방 화장실 등 생활공간을 시공한 뒤 원하는 용지 위에 얹어주는 방식이다. 생긴 건 건설현장 등에서 볼 수 있는 일반 컨테이너를 닮았지만 단열이 잘 되는 자재를 사용하고 골조가 튼튼하게 짜여져 일반 주택과 다를 바 없다는 설명이다. ‘큐브 630 DZ’ 모델은 실내면적이 전용 25m²인 원룸형이지만 주문에 따라 컨테이너 여러 개를 연결해 더 넓은 면적대로 변형할 수 있다. 토지 가격이 포함되지 않은 공급가는 기본형이 3740만 원 앞·뒷면에 전체적으로 창문이 달린 폴딩도어형은 4800만원 대다. 이 회사 관계자는 “경기 가평 서해안 일대 등 휴양지를 중심으로 주말 주택 펜션 용도로 활용하려는 고객이 많다”고 말했다. 에스키모족의 이글루나 만화 속 스머프 마을의 ‘버섯집’을 연상케 하는 돔하우스에도 최근 부쩍 관심이 쏠리고 있다. 돔하우스는 돔 구조의 특성상 내부에 기둥이 없어 내부 공간을 넓게 활용할 수 있고 에너지 효율이 높아 냉난방 비용을 절감할 수 있다. 돔하우스 공급업체 가안건축은 건축 자재를 소비자에게 판매해 직접 집을 지을 수 있도록 하는 아카데미도 운영하고 있다.,https://news.naver.com/main/read.nhn?mode=LSD&mid=shm&sid1=260&oid=020&aid=0002252197,284
262258,2011.06.17. 오전 2:16,부동산,세계일보,여 분양가·전월세 상한제 ‘빅딜’ 추진,세계일보 한나라당은 서민주거 안정 대책과 관련해 ‘여·야·정 협의체’를 구성해 분양가 상한제 폐지와 전·월세 상한제를 빅딜 동시 도입 하는 방안을 추진키로 했다. 한나라당 정진섭 정책위 부의장은 16일 “여·야·정 협의체를 구성해 분양가 상한제 폐지와 전·월세 상한제 도입을 함께 다루려고 한다”며 “6월 국회에서의 빠른 타결을 위해 빅딜을 하자는 취지”라고 밝혔다. 정부·여당은 당초 3·22 부동산 대책에서 서울 강남 3구를 제외한 지역의 분양가 상한제를 폐지키로 했지만 주택가격 상승을 우려한 야당의 반대로 4월 임시국회에서 관철하지 못했다. 전·월세 상한제는 민주당이 전세대책의 일환으로 도입을 주장했고 한나라당도 정책위 차원에서 부분 도입을 추진했으나 정부는 시장논리에 반한다며 반대하고 있다. 민주당 이용섭 대변인은 여·야·정 협의체 구성에 대해 “분양가 상한제 폐지는 반대하고 전·월세 상한제는 찬성하지만 여·야·정 협의체에서 대책을 논의할 수 있다”고 밝혔다. 박성준 기자 alex segye.com Segye.com 인기뉴스 日 한인여성 토막살인사건… 머리 찾아달라 정부 나섰다 맨발의 기봉이 아저씨처럼 뛰고 또 뛰고… 재산 29만원 전두환 600만원짜리 항소장 하늘 위의 호텔 A380 여객기 직접 타보니… 김길태 교도소 탈옥했다 … 괴소문 일파만파 ⓒ 세계일보 Segye.com 무단 전재 및 재배포 금지 금융전문뉴스 세계파이낸스 모바일로 만나는 세계닷컴 세계닷컴은 한국온라인신문협회 www.kona.or.kr 의 디지털뉴스이용규칙에 따른 저작권을 행사합니다.,https://news.naver.com/main/read.nhn?mode=LSD&mid=shm&sid1=260&oid=022&aid=0002276228,284
262259,2011.06.18. 오후 7:30,부동산,아시아경제,대곡역 ‘화성파크드림 With’ 단지내 상가분양,대곡역 ‘화성파크드림 With’ 아시아경제 배경환 기자 화성산업이 대구광역시 달서구 대곡역 ‘화성파크드림 With’ 단지내 상가를 분양한다. 지난해 7월 개관해 6개월만에 100% 분양 완료한 대곡역 화성파크드림 With는 대곡 역세권과 대구수목원이 인접했다. 이번에 분양하는 단지내 상가는 지상 2층 규모 총 21개 점포로 구성됐다. 단지내 고정고객은 물론 단지 배후에 약 8500여가구의 대단지 아파트가 밀집돼 수요층도 넓다. 왕복 7차선 월배대로변에 상가 전면부가 인접해 유동인구 유입과 일반 고객의 진출입도 용이하다. 골목상권보다는 상가의 업종 인지도와 접근성 측면에서 유리한 조건이다. 점포구획도 다양한 업종이 입점하는데 편리하도록 구성됐다. 여러개의 점포를 분양받아 하나로 통합해 대형점포를 구성할 수도 있다. 입찰등록은 오는 22일부터 23일까지 접수 받는다. 입찰보증금은 점포별 500만원이다.,https://news.naver.com/main/read.nhn?mode=LSD&mid=shm&sid1=260&oid=277&aid=0002625052,284
262260,2011.06.18. 오후 2:46,부동산,헤럴드경제,부평역 더블 역세권 신일오피스텔 특별이벤트 분양,☞ 계약금 5% 약 500만원 만 내시면 입주때 까지 들어가는 돈이 없다. ☞ 중도금 전액 무이자 ☞ 풀옵션 특별 제공 ☞ 1가구 2주택 무관 ☞ 서울 7호선 부평구청역과 인천 지하철 1호선 환승역세권·서울 1호선 부평역 신일건업이 인천 부평구 부평역과 부평 구청역 2분거리에 오피스텔 ‘신일 유스테이션’을 분양 중이다. 지난번 문을 연 신일 유스테이션 견본주택은 개관 3일 동안 1만 명이 넘는 관람객이 찾아 청약돌풍을 예고했다. 최근 3년 동안 주변지역에 신규오피스텔이 없었다는 측면에서 수익률에 대한 투자자들의 기대가 컸던 것으로 보인다고 회사측은 밝혔다. 신일 유스테이션은 지하 7층∼지상 20층 규모의 주상복합 오피스텔로 64.46㎡ 19형 108실 마감 70.61㎡ 21형 224실 82.85㎡ 25형 18실 103.31㎡ 31형 32실 등으로 총 382실로 구성됐다. 분양가와 계약조건도 우수하다. 분양가는 3.3㎡당 400만원 대로 저렴하며 중도금 무이자 혜택 무제한 전매제한 풀옵션 무상제공 등 혜택이 소액투자자들의 관심을 끌 것으로 보인다. 소형오피스텔이지만 20층 규모의 랜드마크적 외관 고급커뮤니티와 풀옵션 및 세련된 마감자재를 활용한 점도 눈에 띈다. 인천지하철 1호선과 환승될 예정인 7호선 부평구청역이 2012년 개통 예정으로 오피스텔 완공과 함께 도보 5분에 바로 이용가능한 더블 역세권 으로 강남까지 50분대면 이동할 수 있게 된다. 근처에 공단이 있어 공실이 거의 없는 안정적인 임대수요를 제공한다오후 4 30 2011 06 08. 북측에 GM대우 자동차공단 1만2000여명 부평공단 2만356명 이 있고 남측으로는 부평시장 상권이 자리한다. 또한 바로옆에는 부평구청이 위치해 있어 공실 걱정은 없을 듯 하다. 신일 유스테이션 관계자는 “싼 분양가와 최근 주변지역에 신규오피스텔이 없었다는 점에 수요자들이 매력을 느낄 것으로 판단된다”고 말했다. 견본주택은 롯데마트 삼산점과 삼산체육관 인근에 위치해 있다. ◈ 신청금 100만원을 입금하시고 방문하시면 호수 지정에 유리하다. ◈ 신청계좌 국민은행 392001 04 162963 ◈ 예금주 신일건업 정 계약시에는 자금관리 신탁사로 입금합니다.,https://news.naver.com/main/read.nhn?mode=LSD&mid=shm&sid1=260&oid=016&aid=0000387143,284
262261,2011.06.18. 오후 2:35,부동산,헤럴드경제,수원 광교신도시에서 명품 오피스텔 분양 받는법,☞ 경기대 도보 3분 경기대역 도보2분 거리의 초역세권 ☞ 전매 무제한 1가구 2주택 미적용 ☞ 광교 신도시 최저 분양가 ☞ 오피스텔 600만원대 상가 2 000만원대 ☞ 선착순 호수 지정 계약 ☞ 고품격 풀옵션 미래 가치 상승과 프리미엄 기대 ☞ 소액투자 가능 투자 대비 임대수익 안정적 ☞ 전세가 높아 환금성 유리 ☞ 부동산 투자 전문가들이 말하는 최고의 상업지역 ☞ 광교 테크노밸리 바로옆에 위치 ☞ 동수원 IC 최단거리 약 100m ☞ 주 풍산건설 책임준공 국제신탁 자금관리 2011년 새해 부동산 시장에서 사람들에게 가장 뜨거운 관심을 받고 있는 지역은 어디일까 모든 부동산 전문가들은 한목소리로 광교 신도시를 1순위로 지목하고 있다. 그 동안 논란을 거듭해온 경기도청 수원지방법원 수원지방검찰청 이전이 확정되면서 118 218㎡ 약35 760평 규모의 행정타운과 65 858㎡ 약19 922평 법조타운이 조성되고 신분당선 연장선의 실시계획승인으로 1월에 착공이 들어가면서 지하철 개통으로 인한 역세권 호재까지 반영되며 상업시설이 살아나고 임대 수요 또한 폭발적으로 늘어날 것이라는 것이 전문가들의 공통된 의견이다. 광교신도시는 경기도 수원시 영통구 이의동 원천동 하동과 팔달구 우만동 장안구 하광교동 상광교동 및 용인시 수지구 상현동 일원 등 2개의 시에 걸쳐서 산업단지와 상업 주거 행정이 어우러져 개발되는 자족 신도시이다. 도시 중심성을 확보할 수 있는 도시공간구조 형성 및 친환경적 도시환경 조성으로 수원시와 용인시 서북부 지역의 발전 도모를 목적으로 하고 있으며 총 면적은 1130만 1699㎥ 약341만8000평 이며 강남 분당 판교를 잇는 경부축 연결 선상에 위치하고 있다. 광교신도시는 영동고속도로 경부고속도로 용인서울고속도로 북수원 상현IC간 도로 흥덕 하동간 도로 동수원 성북IC간 도로 교차지점에 입지하고 있으며 지구내의 동수원 나들목 광교 나들목 신대 나들목의 이용으로 사통팔달 동서남북 어디든지 신속하게 갈 수 있다. 현재 용인서울간고속도로 이용하면 강남까지 30분정도 소요되며 2015년에는 정자역에서 광교신도시에 이르는 신분당선이 개통돼 강남까지 30분이면 도달이 가능하게 되며 지하철 버스를 통해 외부 대중교통을 최대 60%까지 분담하게 된다. 또한 광교신도시의 교육기관은 신설될 학교를 포함해 초등학교 9곳 중학교 6곳. 고등학교 8곳이며 특히 서울대학교 융합과학기술대학원 아주대학교 경기대학교 경희대학교 합동신학대학원대학교등 대학교 5곳도 입지하게 된다. 더불어 경기과학고 서울국제학교 성남 성균관대학교 경희대학교 국제캠퍼스 등 의 학교들도 인근지역에 위치하고 있으며 광교신도시 주변에 아주대병원 빈센트 병원 등 800병상 이상의 대형병원이 입지하고 있으며 추후 동백연세대 의료원과 을지병원 등이 추가로 입지할 예정이다. 녹지율은 국내 신도시 최고 수치인 41 7% 주택용지비율은 18.8% 자족용지비율은 27%이며 20만평 2 043 858㎥ 넓이의 원천 신대호수를 포함하고 있다. TOD Transit Oriented Developement 압축도시 지향으로 인구밀도는 69 ha로 국내 신도시 중 최저이며 주택은 아파트 23 227세대 연립주택 2 149세대 주상복합 5 624세대로 총 31 000세대가 공급된다. 특히 광교테크노밸리는 26만 9404㎡ 약81 495평 의 대규모 부지로 경기도에서 1990년대 후반부터 추진한 사업단지로 총 사업비만 5728억원이상 투입됐다. 2001년부터 운영중인 경기중소기업지원센터를 필두로 2006년에 개원한 나노소자특화팹센터 2007년에 완공된 경기바이오센터와 경기R D센터를 비롯해 차세대융합기술연구원 중소기업지원센터 등 5개 기관과 기업 224개 업체가 입주해 있고 주변으로는 첨단바이오특화단지 경기도청을 포함한 광교행정타운 법조타운과 같은 대형 산업 및 업무시설이 조성되고 있다. 이곳에 풍산건설이 책임준공하고 국제신탁이 자금관리 하는 이스턴타워 오피스텔과 상가를 지하4층 지상10층 규모로 공사진행중이며 분양을 시작했다. 이스턴타워 오피스텔.상가는 경기대와 경기대역 광교테크노 밸리를 연결하는 트라이앵글 삼각축 의 중심축에 위치하고 있으며 광교테크노밸리에 입주한 224개 기업체의 약 4천여명의 상주인원과 제약 첨단바이오 특화단지 조성으로 향후 상주인원은 1만2천여명 일이용객 1만여명 교육연구연인원 7만여명의 이상의 대규모 상권이 유입되면서 2만여 가구에 달하는 배후세대와 경기대학교 약2만여명 아주대학교 약1만2천여명 경희대학교 서울대학교 융합 기술대학원 아주대병원 합동신학대학원대학교 등의 교육시설이 밀집돼 있고 비즈니스파크 및 R D단지등이 가까워 소형 오피스텔을 찾는 직장인 연구원 신혼부부 대학생 등의 풍부한 임대수요가 기대된다. 부동산 전문가들은 광교는 명품신도시 이미지로 현재 중대형 아파트가 주류를 이루고 있고 소형평형 아파트의 공급률이 낮고 오피스텔 용지 광교 6% 분당 9% 판교 8% 일산 8% 부족으로 오피스텔 공급이 턱 없이 부족해 위의 상주인원들의 수용이 한정될 수밖에 없으므로 광교신도시의 완공 후 중소형 오피스텔은 물론 산가도 품귀현상이 바로 나타날 것으로 예상되다 보니 광교신도시의 이스턴타워 오피스텔 상가를 최고의 투자처로 손꼽을수 있다고 말하고 있다. 이스턴타워 오피스텔 상가는 현재 지하 토목공사가 완료 단계로 공정률 20%이상 진행중이고 분양가에서도 거품을 모두 빼고 광교신도시에서 사상 최초의 최저 분양가를 책정하였다. 많은 투자자들이 앞다퉈 이스턴타워 오피스텔 상가 신축 현장을 찾고 있으므로 수익형 부동산에 관심을 갖는분들이나 안정된 투자처를 찾는분 미래가치를 생각하는분 첫투자 하시는 분들은 하루 빨리 방문하는 것이 좋으며 방문전 신청금 입금하시고 호수지정을 받고 방문 상담하시는 것이 유리하다.,https://news.naver.com/main/read.nhn?mode=LSD&mid=shm&sid1=260&oid=016&aid=0000387142,284
262262,2011.06.18. 오후 1:20,부동산,헤럴드경제,부평역 더블 역세권 신일오피스텔 특별이벤트 분양,☞ 계약금 5% 약 500만원 만 내시면 입주때 까지 들어가는 돈이 없다. ☞ 중도금 전액 무이자 ☞ 풀옵션 특별 제공 ☞ 1가구 2주택 무관 ☞ 서울 7호선 부평구청역과 인천 지하철 1호선 환승역세권·서울 1호선 부평역 신일건업이 인천 부평구 부평역과 부평 구청역 2분거리에 오피스텔 ‘신일 유스테이션’을 분양 중이다. 지난번 문을 연 신일 유스테이션 견본주택은 개관 3일 동안 1만 명이 넘는 관람객이 찾아 청약돌풍을 예고했다. 최근 3년 동안 주변지역에 신규오피스텔이 없었다는 측면에서 수익률에 대한 투자자들의 기대가 컸던 것으로 보인다고 회사측은 밝혔다. 신일 유스테이션은 지하 7층∼지상 20층 규모의 주상복합 오피스텔로 64.46㎡ 19형 108실 마감 70.61㎡ 21형 224실 82.85㎡ 25형 18실 103.31㎡ 31형 32실 등으로 총 382실로 구성됐다. 분양가와 계약조건도 우수하다. 분양가는 3.3㎡당 400만원 대로 저렴하며 중도금 무이자 혜택 무제한 전매제한 풀옵션 무상제공 등 혜택이 소액투자자들의 관심을 끌 것으로 보인다. 소형오피스텔이지만 20층 규모의 랜드마크적 외관 고급커뮤니티와 풀옵션 및 세련된 마감자재를 활용한 점도 눈에 띈다. 인천지하철 1호선과 환승될 예정인 7호선 부평구청역이 2012년 개통 예정으로 오피스텔 완공과 함께 도보 5분에 바로 이용가능한 더블 역세권 으로 강남까지 50분대면 이동할 수 있게 된다. 근처에 공단이 있어 공실이 거의 없는 안정적인 임대수요를 제공한다오후 4 30 2011 06 08. 북측에 GM대우 자동차공단 1만2000여명 부평공단 2만356명 이 있고 남측으로는 부평시장 상권이 자리한다. 또한 바로옆에는 부평구청이 위치해 있어 공실 걱정은 없을 듯 하다. 신일 유스테이션 관계자는 “싼 분양가와 최근 주변지역에 신규오피스텔이 없었다는 점에 수요자들이 매력을 느낄 것으로 판단된다”고 말했다. 견본주택은 롯데마트 삼산점과 삼산체육관 인근에 위치해 있다. ◈ 신청금 100만원을 입금하시고 방문하시면 호수 지정에 유리하다. ◈ 신청계좌 국민은행 392001 04 162963 ◈ 예금주 u3000신일건업 정 계약시에는 자금관리 신탁사로 입금합니다.,https://news.naver.com/main/read.nhn?mode=LSD&mid=shm&sid1=260&oid=016&aid=0000387139,284
262263,2011.06.18. 오후 1:08,부동산,세계일보,임대 완료 주안역 1분거리 선시공 후분양하는 도시형 생활주택,세계닷컴 침체에 빠져 있는 주택시장에서 눈길을 돌린 수요자들이 수익형 부동산으로 몰리고 있다. 주택처럼 시세차익도 노릴 수 있는 동시에 매달 꾸준한 월세로 고정 임대수익을 얻을 수 있는 오피스텔이나 도시형생활주택이 인기를 끌고 있는 것이다. 인천 주안역앞에 미진 주택건설이 시공한 미진 도시형생활주택은 공급면적이 20㎡이하이며 지상 1층 지상10층건물로 원룸형으로 준공완료된 도시형생활주택이다. 미진 도시형 생활주택은 국제 비즈니스 도시인 송도국제도시 청라국제도시와 인접하며 인천 지하철2호선 환승역이 개통하게 되면서 주안의 대표적 상업지구인 대규모 지하상가 및 주안 수출공업5 6공단지 기업체 105개 종사자 1만8000여명 상업지구 내 금융시설등이 인근에 위치해 탄탄한 임대수요층를 갖추고있는 지역이다. 또한 주안 역세권 개발 사업으로 역전광장 조성이 될 예정이라 남구의 새로운 랜드마크로 부상하고 있고 주안역 유동인구만 40여만명에 달한다. 주안역 12번출구에서 도보 1분거리내에 위치해 있고 인천 2호선 환승역이 개통되면 현재공사중 더블 역세권이 형성되고 서울 영등포역까지 30분이면 출퇴근이 가능하다. 시내 버스노선의 80%가 경유하는 인천의 교통 요충지로서 편리한 교통환경을 갖추고 있으며 경인고속도로 서울 외곽순환도로 경인국도와 인접해 서울 인천 안양 과천 등 광역으로 통하는 교통인프라도 자랑한다. 또한 기존 오피스텔보다 관리비를 낮추었을 뿐만 아니라 차별화된 미래형 초소형 아파트라는 신개념을 도입하여 고품격 인테리어와 전세대 발코니확장 드럼세탁기 에어컨 냉장고 가스렌지 붙박이장 신발장 침대 커텐등 모든 시설물을 무상 제공한다. 분양가는 5.900만원 6.600만원이며 임대가 500 40 45만원 수도권에서 가장저렴한 분양가로 실투자금 3 000만원이하로도 바로 입주가 가능하며 잔금과 동시에 구분등기가 이루어지고 예상수익률이 아닌 현실적인 수익률 11%이상 로 임대차 계약이 체결된다. 미진 도시형 생활주택은 선시공 후분양으로 투자자의 안정성을 확보했고 계약 잔금과동시에 구분등기를 완료하고 곧바로 임대수익을 창출할수있는 확실한 수익상품이라고 할수있다. 분양문의 1577 8936 ※본 콘텐츠는 기업 제공 자료로 세계닷컴의견과 다를수 있습니다. Segye.com Segye.com 인기뉴스 해병대 아시아나 항공기에 10분간 오인 사격 의사 선생님 당신 처방은 틀렸습니다 아이폰으로 콘서트 촬영하면 전원 꺼진다 北 여학생 대상 성폭행 급증 이유 알고보니… 90대 할머니 성추행 당해…경찰 보고도 쉬쉬 ⓒ 세계일보 Segye.com 무단 전재 및 재배포 금지 금융전문뉴스 세계파이낸스 모바일로 만나는 세계닷컴 세계닷컴은 한국온라인신문협회 www.kona.or.kr 의 디지털뉴스이용규칙에 따른 저작권을 행사합니다.,https://news.naver.com/main/read.nhn?mode=LSD&mid=shm&sid1=260&oid=022&aid=0002276687,284
262264,2011.06.18. 오후 1:05,부동산,헤럴드경제,수원 광교신도시 소형오피스텔 무조건 잡아라,☞ 경기대 도보 3분 경기대역 도보2분 거리의 초역세권 ☞ 전매 무제한 1가구 2주택 미적용 ☞ 광교 신도시 최저 분양가 ☞ 오피스텔 600만원대 상가 2 000만원대 ☞ 선착순 호수 지정 계약 ☞ 고품격 풀옵션 미래 가치 상승과 프리미엄 기대 ☞ 소액투자 가능 투자 대비 임대수익 안정적 ☞ 전세가 높아 환금성 유리 ☞ 부동산 투자 전문가들이 말하는 최고의 상업지역 ☞ 광교 테크노밸리 바로옆에 위치 ☞ 동수원 IC 최단거리 약 100m ☞ 주 풍산건설 책임준공 국제신탁 자금관리 2011년 새해 부동산 시장에서 사람들에게 가장 뜨거운 관심을 받고 있는 지역은 어디일까 모든 부동산 전문가들은 한목소리로 광교 신도시를 1순위로 지목하고 있다. 그 동안 논란을 거듭해온 경기도청 수원지방법원 수원지방검찰청 이전이 확정되면서 118 218㎡ 약35 760평 규모의 행정타운과 65 858㎡ 약19 922평 법조타운이 조성되고 신분당선 연장선의 실시계획승인으로 1월에 착공이 들어가면서 지하철 개통으로 인한 역세권 호재까지 반영되며 상업시설이 살아나고 임대 수요 또한 폭발적으로 늘어날 것이라는 것이 전문가들의 공통된 의견이다. 광교신도시는 경기도 수원시 영통구 이의동 원천동 하동과 팔달구 우만동 장안구 하광교동 상광교동 및 용인시 수지구 상현동 일원 등 2개의 시에 걸쳐서 산업단지와 상업 주거 행정이 어우러져 개발되는 자족 신도시이다. 도시 중심성을 확보할 수 있는 도시공간구조 형성 및 친환경적 도시환경 조성으로 수원시와 용인시 서북부 지역의 발전 도모를 목적으로 하고 있으며 총 면적은 1130만 1699㎥ 약341만8000평 이며 강남 분당 판교를 잇는 경부축 연결 선상에 위치하고 있다. 광교신도시는 영동고속도로 경부고속도로 용인서울고속도로 북수원 상현IC간 도로 흥덕 하동간 도로 동수원 성북IC간 도로 교차지점에 입지하고 있으며 지구내의 동수원 나들목 광교 나들목 신대 나들목의 이용으로 사통팔달 동서남북 어디든지 신속하게 갈 수 있다. 현재 용인서울간고속도로 이용하면 강남까지 30분정도 소요되며 2015년에는 정자역에서 광교신도시에 이르는 신분당선이 개통돼 강남까지 30분이면 도달이 가능하게 되며 지하철 버스를 통해 외부 대중교통을 최대 60%까지 분담하게 된다. 또한 광교신도시의 교육기관은 신설될 학교를 포함해 초등학교 9곳 중학교 6곳. 고등학교 8곳이며 특히 서울대학교 융합과학기술대학원 아주대학교 경기대학교 경희대학교 합동신학대학원대학교등 대학교 5곳도 입지하게 된다. 더불어 경기과학고 서울국제학교 성남 성균관대학교 경희대학교 국제캠퍼스 등 의 학교들도 인근지역에 위치하고 있으며 광교신도시 주변에 아주대병원 빈센트 병원 등 800병상 이상의 대형병원이 입지하고 있으며 추후 동백연세대 의료원과 을지병원 등이 추가로 입지할 예정이다. 녹지율은 국내 신도시 최고 수치인 41 7% 주택용지비율은 18.8% 자족용지비율은 27%이며 20만평 2 043 858㎥ 넓이의 원천 신대호수를 포함하고 있다. TOD Transit Oriented Developement 압축도시 지향으로 인구밀도는 69 ha로 국내 신도시 중 최저이며 주택은 아파트 23 227세대 연립주택 2 149세대 주상복합 5 624세대로 총 31 000세대가 공급된다. 특히 광교테크노밸리는 26만 9404㎡ 약81 495평 의 대규모 부지로 경기도에서 1990년대 후반부터 추진한 사업단지로 총 사업비만 5728억원이상 투입됐다. 2001년부터 운영중인 경기중소기업지원센터를 필두로 2006년에 개원한 나노소자특화팹센터 2007년에 완공된 경기바이오센터와 경기R D센터를 비롯해 차세대융합기술연구원 중소기업지원센터 등 5개 기관과 기업 224개 업체가 입주해 있고 주변으로는 첨단바이오특화단지 경기도청을 포함한 광교행정타운 법조타운과 같은 대형 산업 및 업무시설이 조성되고 있다. 이곳에 풍산건설이 책임준공하고 국제신탁이 자금관리 하는 이스턴타워 오피스텔과 상가를 지하4층 지상10층 규모로 공사진행중이며 분양을 시작했다. 이스턴타워 오피스텔.상가는 경기대와 경기대역 광교테크노 밸리를 연결하는 트라이앵글 삼각축 의 중심축에 위치하고 있으며 광교테크노밸리에 입주한 224개 기업체의 약 4천여명의 상주인원과 제약 첨단바이오 특화단지 조성으로 향후 상주인원은 1만2천여명 일이용객 1만여명 교육연구연인원 7만여명의 이상의 대규모 상권이 유입되면서 2만여 가구에 달하는 배후세대와 경기대학교 약2만여명 아주대학교 약1만2천여명 경희대학교 서울대학교 융합 기술대학원 아주대병원 합동신학대학원대학교 등의 교육시설이 밀집돼 있고 비즈니스파크 및 R D단지등이 가까워 소형 오피스텔을 찾는 직장인 연구원 신혼부부 대학생 등의 풍부한 임대수요가 기대된다. 부동산 전문가들은 광교는 명품신도시 이미지로 현재 중대형 아파트가 주류를 이루고 있고 소형평형 아파트의 공급률이 낮고 오피스텔 용지 광교 6% 분당 9% 판교 8% 일산 8% 부족으로 오피스텔 공급이 턱 없이 부족해 위의 상주인원들의 수용이 한정될 수밖에 없으므로 광교신도시의 완공 후 중소형 오피스텔은 물론 산가도 품귀현상이 바로 나타날 것으로 예상되다 보니 광교신도시의 이스턴타워 오피스텔 상가를 최고의 투자처로 손꼽을수 있다고 말하고 있다. 이스턴타워 오피스텔 상가는 현재 지하 토목공사가 완료 단계로 공정률 20%이상 진행중이고 분양가에서도 거품을 모두 빼고 광교신도시에서 사상 최초의 최저 분양가를 책정하였다. 많은 투자자들이 앞다퉈 이스턴타워 오피스텔 상가 신축 현장을 찾고 있으므로 수익형 부동산에 관심을 갖는분들이나 안정된 투자처를 찾는분 미래가치를 생각하는분 첫투자 하시는 분들은 하루 빨리 방문하는 것이 좋으며 방문전 신청금 입금하시고 호수지정을 받고 방문 상담하시는 것이 유리하다.,https://news.naver.com/main/read.nhn?mode=LSD&mid=shm&sid1=260&oid=016&aid=0000387138,284
262265,2011.06.18. 오후 12:18,부동산,세계일보,부평 부천역 신일 소형오피스텔 선착순 분양,세계닷컴 ☞ 계약금 5% 약 500만원 만 내시면 입주때까지 들어가는 돈 ‘無’ ☞ 중도금 전액 무이자 ☞ 풀옵션 특별 제공 ☞ 1가구 2주택 무관 ☞ 서울 7호선 부평구청역과 인천 지하철 1호선 환승역세권 · 서울 1호선 부평역 신일건업이 인천 부평구 부평역과 부평 구청역 2분거리에 오피스텔 ‘신일 유스테이션’을 분양 중이다. 지난번 문을 연 신일 유스테이션 견본주택은 개관 3일 동안 1만 명이 넘는 관람객이 찾아 청약돌풍을 예고했다. 최근 3년 동안 주변지역에 신규오피스텔이 없었다는 측면에서 수익률에 대한 투자자들의 기대가 컸던 것으로 보인다고 회사측은 밝혔다. 신일 유스테이션은 지하 7층∼지상 20층 규모의 주상복합 오피스텔로 64.46㎡ 19형 108실 마감 70.61㎡ 21형 224실 82.85㎡ 25형 18실 103.31㎡ 31형 32실 등으로 총 382실로 구성됐다. 분양가와 계약조건도 우수하다. 분양가는 3.3㎡당 400만원 대로 저렴하며 중도금 무이자 혜택 무제한 전매제한 풀옵션 무상제공 등 혜택이 소액투자자들의 관심을 끌 것으로 보인다. 소형오피스텔이지만 20층 규모의 랜드마크적 외관 고급커뮤니티와 풀옵션 및 세련된 마감자재를 활용한 점도 눈에 띈다. 인천지하철 1호선과 환승될 예정인 7호선 부평구청역이 2012년 개통 예정으로 오피스텔 완공과 함께 도보 5분에 바로 이용가능한 더블 역세권 으로 강남까지 50분대면 이동할 수 있게 된다. 근처에 공단이 있어 공실이 거의 없는 안정적인 임대수요를 제공한다오후 4 30 2011 06 08. 북측에 GM대우 자동차공단 1만2000여명 부평공단 2만356명 이 있고 남측으로는 부평시장 상권이 자리한다. 또한 바로옆에는 부평구청이 위치해 있어 공실 걱정은 없을 듯 하다. 신일 유스테이션 관계자는 “싼 분양가와 최근 주변지역에 신규오피스텔이 없었다는 점에 수요자들이 매력을 느낄 것으로 판단된다”고 말했다. 견본주택은 롯데마트 삼산점과 삼산체육관 인근에 위치해 있다. ◈ 신청금 100만원을 입금하시고 방문하시면 호수 지정에 유리 ◈ 신청계좌 국민은행 392001 04 162963 ◈ 예금주 신일건업 정 계약시에는 자금관리 신탁사로 입금 ◈ 홈페이지 hp blog.naver.com eco2800 ◈ 분양문의 032 439 4600 ※본 콘텐츠는 기업 제공 자료로 세계닷컴의견과 다를수 있습니다. Segye.com Segye.com 인기뉴스 의사 선생님 당신 처방은 틀렸습니다 해병대 아시아나 항공기에 10분간 오인 사격 아이폰으로 콘서트 촬영하면 전원 꺼진다 北 여학생 대상 성폭행 급증 이유 알고보니… 90대 할머니 성추행 당해…경찰 보고도 쉬쉬 ⓒ 세계일보 Segye.com 무단 전재 및 재배포 금지 금융전문뉴스 세계파이낸스 모바일로 만나는 세계닷컴 세계닷컴은 한국온라인신문협회 www.kona.or.kr 의 디지털뉴스이용규칙에 따른 저작권을 행사합니다.,https://news.naver.com/main/read.nhn?mode=LSD&mid=shm&sid1=260&oid=022&aid=0002276686,284
262266,2011.06.18. 오후 12:14,부동산,세계일보,전세금으로 즉시 입주 “펜트라우스” 45.60py 로열층 한정세대 특별 할인,세계닷컴 서울시 마포구 신공덕동의 최고급 주상복합아파트 펜트라우스 가 선착순 특별 할인분양 중이다. 지하철 5 6호선 공덕역에서 2분 거리에 위치한 마포 펜트라우스는 최근 신안산선의 공덕역 경유 방침이 확정이 되자 더욱 고무된 표정이며 분양을 받으려는 발걸음 또한 끊이지 않고 있다. 이유는 주변 시세대비 80%수준이며 11월 입주 예정인 대우월드마크에 비해 3.3㎡당 평균 150만원에서 590만원이상 저렴한 가격이다. 마포 펜트라우스 전경 미니어쳐 촬영 최근 전세 값이 7년만에 최고치 상승하는 상황에서 전세 값 이하 수준인 분양금액의 50% 납부 후 즉시입주 할 수 있는 분양조건은 실수요자들에게 큰 관심을 받고 있다. 또한 분양가상한제가 적용되지 않는 주택으로 계약 후 즉시 전매가 가능하다. 이런 이유로 최근 분양한 많은 세대들에 프리미엄이 형성되어 있다. 펜트라우스의 장점은 APT의 가장 큰 문제인 환기문제를 강제환기시스템을 전 세대에 적용하고 발코니 확장부위에 알루미늄 이중창 샤시 칼라로이 복층유리 104A 115C 곡면부위는 단창 삼중복층유리 등을 적용하고 아르곤 가스를 주입 외부온도를 내부로 전달치 못하도록 하여 결로를 원천 차단하고 단열효과를 극대화하여 관리비를 대폭 절감할 수 있도록 하였다. 지하 2층에서 지상 1층에 거쳐 들어서는 커뮤니티 시설에는 주민공동시설 문화센터 골프연습장 휘트니스센터 사우나 요가센터 락커룸 보육시설 문고 멀티미디어실 노인실 어린이놀이터 등이 자리한다. 분양대금 납부 조건은 계약금5% 입주잔금 45% 계약 후 2개월이내 대출자서로 대치 하면 입주 가능하며 분양잔금 50%는 12월 말일 까지만 납부하면 되는 파격적인 분양방법을 채택하고 있어 입주자들로부터 호평을 받고 있다. 금번 공급물량은 공동주택 476세대 중 전용면적 84㎡ 구33평형 68세대를 포함하여 중대형 민영주택 전용면적 103㎡ 구40평형 37세대 104㎡ 구41평형 21세대 115㎡ 구45평형 85세대 152㎡ 구60평형 40세대로 구성되어 있으며 84㎡ 103㎡은분양이 완료 되어 현재 적게는 1500 2500만원까지 프리미엄이 형성되어 있고 104㎡의 경우 몇 세대가 남지 않아 서둘러 방문하는 것이 좋을 듯하며 115㎡ 152㎡형의 경우 북한산을 조망할 수 있어 답답한 도심에서 탁 트인 조망은 한줄기 청량제라 할 것이다. 로열층이 몇 세대 남지 않아 탁 트인 조망을 원한다면 방문하여 조망을 확인하거나 포털 사이트 네이버 다음 야후 네이트에서 펜트라우스를 검색한 다음 스폰서 링크에 마포 펜트라우스 분양 부분을 클릭하면 각 평형별 조망을 직접 촬영하여 올려두었으므로 확인 후 방문하면 된다. 최근 115㎡를 분양 받은 양00씨는 가격 조망 구조 특히 이러한 조망은 외국에 보기 힘들다며 모든 것이 만족한다며 감사를 표하기도 하고 우여곡절 끝에 15층을 분양 받은 송00씨는 일산에서 용산까지 출퇴근으로 고생했지만 6월 중 입주 하면 하루가 훨씬 수월할 것 이라며 흐뭇한 표정을 감추지 못하고 있다. 분양사무소 상담실 지방수 실장은 현재 입주가 진행되고 있어 사전예약은 필수라며 아래전화로 사전예약 후 방문하면 현장안내를 하여드린다고 귀띔한다 분양문의 및 관람예약 02 703 0221 ※본 콘텐츠는 기업 제공 자료로 세계닷컴의견과 다를수 있습니다. Segye.com Segye.com 인기뉴스 의사 선생님 당신 처방은 틀렸습니다 해병대 아시아나 항공기에 10분간 오인 사격 아이폰으로 콘서트 촬영하면 전원 꺼진다 北 여학생 대상 성폭행 급증 이유 알고보니… 90대 할머니 성추행 당해…경찰 보고도 쉬쉬 ⓒ 세계일보 Segye.com 무단 전재 및 재배포 금지 금융전문뉴스 세계파이낸스 모바일로 만나는 세계닷컴 세계닷컴은 한국온라인신문협회 www.kona.or.kr 의 디지털뉴스이용규칙에 따른 저작권을 행사합니다.,https://news.naver.com/main/read.nhn?mode=LSD&mid=shm&sid1=260&oid=022&aid=0002276685,284
262267,2011.06.18. 오후 12:14,부동산,세계일보,송도 국제도시 하숙대란 투자자에겐 최고의 투자처,세계닷컴 □ 5000만원대 수익형 풀옵션 싱글하우스 □ 호실별 개별 등기분양 □ 연 10%이상 임대수익 인천대 연세대 삼성 바이오기지 등 □ 편리한 교통 접근성 지하철 역세권 광역버스 서울 강남까지 40분대 □ 시행회사 임대 및 월 수익 책임관리 □ 상담신청접수 032 832 0071 아파트 분양시장이 위축돼 있는 요즘에도 원룸텔 소형오피스텔에 대한 청약 열풍은 지속되고 있다. 부동산 투자수익과 월 고정수익을 동시에 거머쥐는 재테크 수단으로 여겨지고 있기 때문이다. 도시형생활주택 즉 싱글하우스는 타 수익형 부동산에 비해 임대 수요가 많아 수익률이 보장되며 주로 퇴직자나 전업주부 등 투자의 경험이 많지 않은 사람도 운영이 가능하고 투자 후 3개월 후면 사업 안정권에 접어들기 때문에 개인 시간이 많아진다는 장점을 갖고 있다. 송도 국제도시 내 경제자유구역은 소형 원룸이 많이 부족하다. 게다가 주위 고시텔도 부족하다 보니 월세를 45만원에서 47만원까지 받는 곳도 있다. 실 거주자에겐 안타까운 소식이지만 투자자에겐 기쁜 소식이 아닐 수 없다. 송도 국제도시는 학생 직장인 상권 종사자 등 풍부하고 탄탄한 배후 임대 수요층이 확보돼 있는 지역이기 때문에 소형 원룸의 수요는 지속적으로 늘어날 전망이다 이러한 송도 국제도시에 싱글하우스 ‘포레스트’가 분양 중이다. 송도 ‘포레스트’의 분양은 투자자들의 관심을 끌기에 충분하다. 5천만원대 분양가에 50 60만원이상의 월세수익을 노릴 수 있고 게다가 호실 별 개별등기까지 가능하기 때문이다. 송도 ‘포레스트’가 위치한 송도 국제 자유구역에는 바로 옆 해양경찰청과 인근 인천대 연세대 신축공사 중 등의 대학과 트레이드타워 국제 비즈니스센터 등의 경제 업무지구와 함께 미추홀 공원 해돋이공원 센트럴파크 등의 휴식공간까지 아우르는 최고의 입지조건으로 손꼽힌다. 탄탄한 배후 임대 수요층이 확보돼 있는 지역이며 이미 인천 지하철 1호선 동막역부터 캠퍼스타운역 테크노파크역 등 국제업무지구까지 아우르는 역세권에 위치하여 대중교통편까지 완벽한 지역이라 하겠다. 싱글하우스의 주요고객인 젊은층의 1인 가구는 대중교통이 편리하면서 많은 사람들이 쉽게 접근할 수 있는 곳을 선호하기 때문에 송도 ‘포레스트’는 주목을 받을 수 밖에 없다. 특히 주변의 센트럴파크와 미추홀공원 해돋이공원 아트센터 등 휴식공간과 취미생활을 마음껏 향유할 수 있는 최적의 입지조건으로 싱글족들의 관심이 높아질 전망이다. 풀옵션 싱글하우스 송도 ‘포레스트’는 현재 선착순 자리배정하기 때문에 향후 위치에 따라 프리미엄 및 월세가 달라질 수 있다. 최고를 누리기 위해선 서두르는 것이 유리하다. 자리배정은 선착순 호수 지정이며 신청접수를 통해 배정을 받을 수 있다. 신청금 100만원 미 계약시 환불 입금계좌 우리은행 1005 801 841070 예금주 주 씨 유 신청접수 032 832 0071 ※본 콘텐츠는 기업 제공 자료로 세계닷컴의견과 다를수 있습니다. Segye.com Segye.com 인기뉴스 의사 선생님 당신 처방은 틀렸습니다 해병대 아시아나 항공기에 10분간 오인 사격 아이폰으로 콘서트 촬영하면 전원 꺼진다 北 여학생 대상 성폭행 급증 이유 알고보니… 90대 할머니 성추행 당해…경찰 보고도 쉬쉬 ⓒ 세계일보 Segye.com 무단 전재 및 재배포 금지 금융전문뉴스 세계파이낸스 모바일로 만나는 세계닷컴 세계닷컴은 한국온라인신문협회 www.kona.or.kr 의 디지털뉴스이용규칙에 따른 저작권을 행사합니다.,https://news.naver.com/main/read.nhn?mode=LSD&mid=shm&sid1=260&oid=022&aid=0002276684,284
262268,2011.06.18. 오전 11:59,부동산,연합뉴스,함평.강진산단 조성지 토지거래허가 일부 해제,무안 연합뉴스 여운창 기자 전남도는 18일 함평군에 조성하는 광주·전남 공동국가산업단지와 강진군 성전면에 들어서는 일반산업단지 지역 주변에 대한 토지거래 허가구역을 일부 해제했다. 이번에 토지거래허가구역에서 해제된 곳은 함평군 월야면 월악리 전부와 월야·영월·외치리 일부 강진군 성전면 송학·명산리 일부다. 해제면적은 함평 국가산단 지역 13.51㎢중 9.87㎢와 강진 성전산단 지역 8.7㎢중 8㎢로 그동안 토지거래와 지가 동향분석 결과 급격한 지가 상승 우려가 없어 해제하게 됐다. 반면 함평군 월야면 외치·월야·영월리 일부 3.64㎢와 강진군 성전면 송학·명산리 일부 0.7㎢ 등 함평 국가산단과 강진 성전산단 편입지역은 허가구역으로 재지정됐으며 재지정 기간은 함평 국가산단은 2년 강진 성전산단은 1년이다. 이기환 전남도 토지관리과장은 산업단지 편입지역의 경우 앞으로 토지 보상 등 원활한 산업단지 조성을 위해 이번 해제에서 제외했다 고 말했다. 함평 국가산단은 함평군 월야면과 광주시 광산구 일원에 총사업비 1조9천61억원을 들여 2016년까지 한국토지주택공사 LH 에서 강진 성전산단은 강진군 성전면 일원에 총사업비 510억원을 들여 2014년까지 전남개발공사와 강진군에서 조성한다.,https://news.naver.com/main/read.nhn?mode=LSD&mid=shm&sid1=260&oid=001&aid=0005119087,284
262269,2011.06.18. 오전 11:46,부동산,헤럴드경제,한강변에가장 가까운 아파트 마지막기회,♣서울 올림픽 대로가 연장 “한라비발디” 단지 앞으로 다음달 김포한강로 개통 IC 바로인접 여의도 20분 강남 40분 조류 생태공원 맨 앞 자리 ♣인근 강 산 공원을 끼고 있는 자연친화적 아파트 ♣계약금 5% 전세대 중도금 전액 무이자 한강과 맞닿은 한강신도시. 오는 2013년 조성이 완료되는 한강신도시는 서울에서 서쪽으로 약 12km내 거리에 자리한다 수도권 2기 신도시에 길이 열린다. 한강과 한강의 물줄기를 끌어들여 수변도시로 개발된다. 한강신도시는 김포시 장기동 운양동 양촌면 일대에 조성된 곳으로 이름에서도 유추할 수 있듯이 한강이 메인이 되는 도시다. 특히 한강 하류를 활용한 생태공원과 친환경 수로로 주목을 받고 있는 도시이기도 하다. 때문에 ‘한국의 베니스’로 불리기도 한다. 이곳 한강신도시는 크게 3개의 콘셉트로 개발된다. 한강변에 가장 가까운 곳에 생태환경지구가 조성된다. 생태환경지구는 생태체험. 학습공간이 도입되고 문화예술의 거리 아트빌리지 등 문화도시에 필요한 기반시설이 갖춰질 예정이다. 생태환경지구 남쪽으로는 문화교류지구와 서쪽으로는 중심상업지구가 있는 복합업무지구가 들어선다. 전문가들은 한강신도시에서 주거환경과 올림픽대로를 통한 강남접근성 등을 따져볼 때 생태환경지구의 주거가치가 상대적으로 클 것이라는 평가다. 한강신도시 “한라비발디”는 지하 2층 지상 19층 12개동으로 총 857가구의 대단지로 구성되 있으며 105m2 구 39평 형 대로 잔여세대를 분양하고 있다. 타지역보다 저렴한 분양가로 한강신도시 내에서 가장 금싸라기 땅에 들어선다. 한강신도시 대부분의 아파트는 중도금 이자 후불제로 진행하나 “한라비발디” 계약조건으로는 계약금 5% 2회분납 하면 중도금 60%전액 무이자로 추가 금액 부담이 전혀 없다 서둘러야 선호하는 동호수를 지정할수 있다. 또 전매제한이 없어 투자자들이 몰리는 추세이다. 현재 견본주택을 통해 신청접수를 받고 있으며 신청금 100만원을 우리은행 1005 601 820602 예금주 한라건설 주 입금하면 누구나 한강신도시 한라비발디의 주인이 될수 있다.,https://news.naver.com/main/read.nhn?mode=LSD&mid=shm&sid1=260&oid=016&aid=0000387133,284
262270,2011.06.18. 오전 11:11,부동산,세계일보,추천 알짜 물건 가평 전원 토지시장 활짝 개임,3.3㎡당 88 000원 1필지400평 3 520만원 세계닷컴 최근 40 50대 직장인들을 중심으로 은퇴후를 대비해 가격이 더 오르기전에 전원부지를 미리 마련해 놓으려는 움직임이 활발해졌다. 특히 가평 지역은 서울에서 1시간대로 근접성이 우수하고 아직까지는 저평가된 지역이어서 차익실현에 유리하다. 여기에 토지거래허가구역에서 벗어나 거래규제를 받지 않는다는것 또한 투자메리트다. 주말이면 경춘고속도로를 이용해 청평 남이섬 춘천등지로 나가려는 차들로 길이 늘어선다. 하지만 경춘전철을 이용하면 상봉역에서 30분이면 가평역에 도착할수 있어 교통체증없이 나들이를 즐길 수가 있다. 해당토지는 가평역에서 약 15분 거리로 비교적 교통이 양호하며 인근에 명지산 연인산 용추계곡등이 있어 주변자연환경이 출중하다. 하지만 경관 좋은곳은 발빠른 외지인들이 사들인 땅이 많아 매물은 흔치않다. ◇실제 현장 전경 최근 3천만원대 전원토지를 매각 중인 곳이 있다. 주 현대그린토피아에서는 경기도 가평군 북면 목동리일대 토지를 주변시세보다 월등히 저렴한 가격인 3.3㎡당 88 000원에 400평씩 한정매각하고 있다. 서울에서 1시간대면 해당토지에 도착할 수 있고 도로와 계곡이 접해있어 수도권토지에 관심있는 소액투자자들의 문의가 잇고 있다. 매각절차는 신청금 50만원을 농협 355 0006 7034 23 예금주 주 현대그린토피아 신청접수후 필지배정과 현장답사를 통해 계약을 결정하면 되고 미계약시에는 신청금은 1시간내로 자동환불된다. 한정필지로 조기 마감이 예상된다. 현장답사안내 031 582 7870 ※본 콘텐츠는 기업 제공 자료로 세계닷컴의견과 다를수 있습니다. Segye.com Segye.com 인기뉴스 의사 선생님 당신 처방은 틀렸습니다 해병대 아시아나 항공기에 10분간 오인 사격 아이폰으로 콘서트 촬영하면 전원 꺼진다 北 여학생 대상 성폭행 급증 이유 알고보니… 90대 할머니 성추행 당해…경찰 보고도 쉬쉬 ⓒ 세계일보 Segye.com 무단 전재 및 재배포 금지 금융전문뉴스 세계파이낸스 모바일로 만나는 세계닷컴 세계닷컴은 한국온라인신문협회 www.kona.or.kr 의 디지털뉴스이용규칙에 따른 저작권을 행사합니다.,https://news.naver.com/main/read.nhn?mode=LSD&mid=shm&sid1=260&oid=022&aid=0002276683,284
262271,2011.06.18. 오전 10:51,부동산,세계일보,동탄신도시 삼성반도체 정문 바로 앞 오피스텔 분양 화제,세계닷컴 최근 수도권 오피스텔에서 강남보다 나은 수익률을 얻을 수 있다는 전망이 속속 나오면서 동탄 신도시의 관심이 높아지고 있다. 특히 동탄 신도시의 에스원스마트빌 오피스텔이 최적의 위치조건으로 주목을 받고 있다. 강남이나 분당신도시에 투자를권하던 D업채 투자전문가도 지금은 동탄에 투자하는 것이 입지나 투자시기도 정확히 맞다고 조언을 했다. 동탄 에스원스마트빌은 3.3㎡당 600만원대로 저렴한 분양가로 1억초반에 분양 받을수 있는 반면에 강남이나 분당은 3.3㎡당 1300 2200만원대로 고분양가로 2억이상 3억정도까지 분양을 받으나 월세는 70만원에서 100만원 정도로 비슷하기 때문에 수익률면에서는 확연하게 차이가난다. 그러기에 오피스텔 투자를 준비중인 많은 이들이 강남이나 분당보다는 동탄신도시로 많은 관심과 투자를 하고 있는 추세다. 동탄은 삼성반도체의 생산라인 기공과 한림대학병원의 완공을 코 앞에 두고 최적의 입지를 자랑하는 동탄 에스원스마트빌은 동탄에서 가장 수요가 높은 소형 오피스텔로만 전 세대 분양을 하고 있어 그 가치는 앞으로도 더욱 상승 예정이다. 이 곳은 이러한 엄청난 임대수요 뿐만 아니라 교통여건도 좋아 미래가치도 뛰어나다. 바로 서울과의 교통여건이 좋아는 점인데 경부고속도로 동탄 IC와 기흥IC가 10분 이내에 접근가능하고 용인 서울간 고속도로로 현장에서 서울 강남까지 30분대로 갈 수 있다. 또한 동탄 신도시는 GTX고속전철 건설계획 분당선 연장인 동탄역 신설예정 등의 교통수혜지이다. 동탄 에스원스마트빌은 이러한 1인 가구를 위해 오피스텔 내부 뿐만 아니라 원격지원을 통한 개인 보안 시스템과 홈네트워크 시스템 등을 지원하고 내부는 풀옵션의 주방가전과 풀퍼니시드 시스템을 공급한다.부동산 전문가들은 이렇게 임대수요가 풍부하고 교통이 편리한 곳에 오피스텔을 선택하는 것은 매우 안정적이며 투자매리트도 충분하다고 설명한다. 동탄 에스원스마트빌은 미래가치까지 따진다면 시세차익까지 노릴 수 있어 그야말로 노른자 입지가 아닐 수 없다. 업체관계자는 오피스텔 아파트 포함하여 154세대로 많지않은 세대로 조기마감 될 것을 예상하고있다. 홈페이지 hp sonesmartvill.com 대표번호 1661 8903 ※본 콘텐츠는 기업 제공 자료로 세계닷컴의견과 다를수 있습니다. Segye.com Segye.com 인기뉴스 의사 선생님 당신 처방은 틀렸습니다 해병대 아시아나 항공기에 10분간 오인 사격 아이폰으로 콘서트 촬영하면 전원 꺼진다 北 여학생 대상 성폭행 급증 이유 알고보니… 90대 할머니 성추행 당해…경찰 보고도 쉬쉬 ⓒ 세계일보 Segye.com 무단 전재 및 재배포 금지 금융전문뉴스 세계파이낸스 모바일로 만나는 세계닷컴 세계닷컴은 한국온라인신문협회 www.kona.or.kr 의 디지털뉴스이용규칙에 따른 저작권을 행사합니다.,https://news.naver.com/main/read.nhn?mode=LSD&mid=shm&sid1=260&oid=022&aid=0002276682,284
262272,2011.06.18. 오전 10:46,부동산,헤럴드POP,도시형ㆍ오피스텔 등 미니주택 ‘봇물’,u3000미니주택이 틈새상품으로 떠오르면서 도시형생활주택이나 오피스텔 공급이 늘어나고 있다. 주택시장 침체와 전세가 상승세가 좀처럼 안정세를 보이지 못하자 수익형부동산에 대한 관심이 늘고있기 때문으로 풀이된다. 특히 가든파이브 내에 위치한 한화오크밸리가 청약에서 선전을 보이자 송파 푸르지오시티 1249가구를 공급하며 여름 비수기 전 청약몰이에 나선 상황이다. u3000수익형 부동산 외에도 청약시장에서 강세를 보이고 있는 부산을 비롯해 전남 여수 대전 유성구 봉명동 등과 서울 강남권의 청담자이 세곡 우면지구 등의 알짜 물량 등도 집주인 찾기에 나선다. u300019일 부동산정보업체 부동산1번지 www.speedbank.co.kr 에 따르면 6월 넷째주 전국 10곳 총 4204가구 중 3290가구가 일반분양된다. 한편 당첨자 발표는 9곳 계약은 16곳 실시되며 견본주택은 11곳 문을 연다. u3000 청약 20일 한양아파트를 재건축한 청담자이가 청약접수를 받는다. 총 708가구 중 면적 49 90㎡ 16가구가 일반분양되며 입주는 올 10월다. 청담자이의 경우 청약통장없이 청약금 500만원만 있으며 청약 가능하다. 같은날 용산구 문배동에 위치한 용산큐브 도시형생활주택 가 청약을 시작하며 오피스텔은 21일부터 접수를 받는다. u300021일에는 코오롱건설이 서울시 도봉구 쌍문동 414번지 일대에서 쌍문 1구역 주택을 재개발하는 북한산 코오롱하늘채가 청약에 돌입할 예정이다. 총 293가구 규모로 71가구를 일반 분양되며 주택형은 면적 77 146㎡으로 구성돼 다양한 수요자를 공략한 맞춤형 평면을 선보일 예정이다. 인근에 북한산 도봉산 우이천이 위치해 있다. 또 여수 웅천지구에서 웅천지월2차와 대전광역시 유성구 봉명동 사이언스타운이 청약을 시작한다. u300022일에는 한신공영에서 부산 해운대구 우동에 해운대 한신휴플러스 주상복합 아파트와 울산 북구 천곡동 세곡천 한신휴플러스 1 2단지의 청약접수를 받는다. u3000해운대 한신휴플러스는 총 240가구 오피스텔 932실 규모로 이뤄져 있으며 해운대 고급 주상복합촌에 위치해 있다. 동백역을 이용할 수 있고 인근에 송림공원 동백공원 등이 위치해 주거 여건이 우수한 편이다. u300023일에는 가든파이브에 위치한 송파푸르지오 시티 오피스텔이 청약에 들어가며 24일에는 세곡지구와 우면지구에서 철거민 특별공급 후 남은 물량을 일반분양한다. u3000 모델하우스 오픈 22일에는 광주상무한신 휴플러스와 정관신도시 2차 동원로얄듀크의 견본주택을 공개하며 23일에는 부산 더샵 센텀포레가 문을 연다. u300024일에는 정자동 2차 푸르지오 시티 양산3차 e편한세상 수완2차 영무예다움 수완2차 호반베르디움 주월동 이지더원 부산 온천장역 현대성우오스타 금호자이 2차 삼선나뷰등 알짜 물량이 대거 쏟아지면서 비수기 전 막바지 분양이 본격 시작된다. u3000 당첨자계약 및 발표 20일에는 춘천장학 아이파크 양산가촌 휴먼시아 국민임대 엠코타운더프라하 대전동구 큰솔 1 3차가 계약에 돌입한다. u300021일에는 대전노은 꿈에드린이 당첨자 발표를 오산세교 휴번시아 율하신도시 2차 동원로얄듀크 대구시지 동화아이위시 백양산 삼정그린코아가 계약을 시작한다. u300022일에는 구리인찬 피누스파크 문산당동4 휴먼시아 국민임대 가 당첨자를 가리며 수원호매실 A 5블록 휴먼시아 국민임대 시흥6차 푸르지오 2단지 영덕역 센트레빌 김해구산 이진캐스빌1 2단지 대구감산 브리시트 용산 등이 계약한다. u300023일에는 호계 금호어울림 교하 롯데캐슬이 집주인을 맞으며 세종행복도시 2 3생활권의 B 2 4블록의 푸르지오 힐스테이트 래미안 등이 계약을 시작한다.,https://news.naver.com/main/read.nhn?mode=LSD&mid=shm&sid1=260&oid=112&aid=0002204076,284
262273,2011.06.18. 오전 10:40,부동산,헤럴드POP,포스코건설 해외현장 소외계층 돕기 봉사활동,포스코건설 사장 정동화 이 해외현장 인근지역 소외계층을 위한 봉사활동을 펼쳤다. 포스코건설은 최근 인천 송도사옥 1층 로비에서 자사 임직원 140여명과 사단법인 우리복지 직원이 참여한 가운데 헌 의류 및 헌 신발 포장 봉사활동을 실시했다. 포스코건설은 이번 행사를 위해 약 일주일 동안 직원들로부터 세탁한 아동과 성인의 여름 및 겨울 의류 신발 등 약 3000여점을 기증받아왔다. 이날 포스코건설 임직원은 자사와 재해구호협회에서 기증받은 의류 및 모포를 분류 포장하는 작업을 실시했다. 이렇게 포장된 비품들은 다음달 초 포스코건설이 진출한 베트남 현장과 페루 칼파발전소 현장 인근 마을 주민들에게 전달된다. 이번 봉사활동에 참가한 구태효 대리는 “베트남 페루 현장에는 맨발로 등교하거나 추운 계절에도 옷을 제대로 못 입는 불우아동들에게 조금이라도 도움이 됐으면 좋겠다”라고 말했다. 한편 포스코건설은 지난 캄보디아 고등학교에 도서전달 기탁을 하는 등 국내뿐 아니라 해외지역 봉사활동에도 폭넓게 참여하고 있다.,https://news.naver.com/main/read.nhn?mode=LSD&mid=shm&sid1=260&oid=112&aid=0002204071,284
262274,2011.06.18. 오전 10:26,부동산,헤럴드POP,초고층 전성시대…63빌딩보다 높은 건물 수두룩,지난 4일 기초공사에 돌입한 서울 잠실 ‘롯데슈퍼타워 123층 555m ’. 무게 74만톤 t 건물을 지탱하기 위해 바닥면적 가로ㆍ세로 각 72ｍ 깊이 6.2ｍ 규모에 콘크리트가 타설되는 작업이 진행됐다. 지하 바닥을 다지는데 약 3만 2000㎡의 콘크리트가 들어가며 운반을 위해 래미콘 차량 5300여대가 투입돼 국내외 관계자들의 이목을 집중시켰다. 당초 계획대로 123층짜리로 완공될 경우 국내 최고빌딩으로 등극하게된다. 롯데슈퍼타워 건립공사가 본격 속도를 내면서 국내 초고층빌딩에 대한 관심이 높아지고 있다. 이미 준공됐거나 착공된 빌딩으로 가장 높은 건축물은 인천 송도국제신도시 내 동북아트레이드타워 오피스. 68층 305ｍ 높이로 골조와 외관 공사가 마무리된 상태다. 뒤를 잇는 건축물들은 대부분 주상복합아파트인 점이 눈에 띈다. 내년 1월 입주를 앞두고 위용을 드러내고 있는 부산 ‘해운대 두산 위브더제니스’가 80층 1 788가구 오는 10월 준공을 앞둔 ‘해운대 아이파크’ 1 631가구 가 최고 72층 높이로 계보를 잇는다. 이미 해운대 일대에는 40층 이상의 고급 주상복합아파트가 빼곡히 들어서 있어 새롭게 완공된 초고층건물까지 가세할 경우 일대 스카이라인이 대변혁을 맞을 것으로 보인다. 현재 서울에서도 가장 높은 건물은 주상복합아파트다. 지상 69층 높이의 양천구 ‘목동 하이페리온’과 도곡동 ‘타워펠리스 3차’이며 수도권 주상복합 가운데는 화성 동탄신도시 ‘메타폴리스 A동’ 66층 부천 중동신도시 ‘리첸시아 중동 66층 ’이 줄줄이 포진해있다. 그 외 ▷인천 송도 더샵퍼스트월드 64층 ▷부산 해운대 더샵센텀스타 60층 ▷일산 두산 위브더제니스 59층 ▷서울 광진구 자양동 더샵 스타시티 58층 ▷청라 푸르지오 58층 등도 고층 건축물 순위 상위권에 속한다. 현재 공사가 한창인 ‘리첸시아 중동’ 모습. 지상 66층 규모로 최고높이가 238ｍ에 달한다. 특히 도곡동 타워팰리스 목동 하이페리온 주상복합은 분양 당시 미분양으로 애를 먹었지만 시간이 지나면서 몸값이 지속적으로 상승해 지역을 대표하는 랜드마크로 자리매김한 대표적인 사례로 꼽힌다. 또 ‘리첸시아 중동’ 역시 중대형 구성 높은 분양가로 분양 당시 화제가 됐지만 글로벌 금융위기를 겪으면서 분양에 어려움이 있었다. 하지만 이제 공정이 70%를 넘고 골조 및 외부 공사가 마무리되면서 지역 랜드마크가 되고 있으며 건물이 눈에 띄기 시작하면서 이 아파트 분양사무소에는 문의전화와 샘플하우스 방문자가 늘었다는 게 회사 측 설명이다. 업계 한 관계자는 “초고층 빌딩들은 향후 한 지역의 랜드마크 아파트가 되기 때문에 건설사는 아파트 브랜드의 가치 상승 수요자는 아파트의 가격 상승을 기대할 수 있고 탁 트인 개방감과 뛰어난 조망 높은 녹지비율로 인해 추후 가치 상승이 기대된다”고 설명했다.,https://news.naver.com/main/read.nhn?mode=LSD&mid=shm&sid1=260&oid=112&aid=0002204062,284
262275,2011.06.18. 오전 10:25,부동산,헤럴드POP,수도권 환금성 뛰어난 신규분양 관심,u3000 수도권에서 전매제한이 없거나 기간이 짧은 신규분양 단지 공급이 예정돼 관심이 높아지고 있다. 계약 후 단기간에 분양권 등을 매매할 수 있는 만큼 환금성을 최우선으로 고려하는 실수요자 및 투자자들의 발길이 이어질 전망이다. u3000 18일 부동산정보업체 주 부동산써브 www.serve.co.kr 는 올 6월 9월 수도권 신규분양예정 단지 중 전매제한이 없거나 기간이 짧은 사업장을 조사했다. u3000 전매제한이란 신규로 분양 된 주택에 당첨된 뒤 ‘입주자로 선정된 지위’를 일정기간 동안 매매 하지 못하도록 제한하는 것으로 부동산 투기 방지를 목적으로 도입된 제도다. 현재 전매제한은 서울 강남3구 강남 서초 송파 와 수도권에서 공급되는 신규분양 중 분양가상한제 주택 지방 공공택지 내 분양가상한제 주택에 한해 1년 5년간 적용된다. u3000 일정 기간 재산권 행사를 금지하는 전매제한 기간이 없거나 짧은 경우 주택 구입자 입장에서 유리한 점이 많다. 일단 계약 후 단기간에 분양권 매도가 가능해 장기간 매매가 불가능한 단지에 비해 투자 위험과 불확실성이 크게 줄어든다. u3000 또한 자금운용 면에서도 유리하고 시장상황 부동산 시장 전망 등 이나 개인과 가족의 직장 학교 등의 변동 문제에 유연하게 대처할 수 있다. 일부 후분양 단지의 경우 잔금마련 입주 시점이 빨라 목돈 마련이 어려울 수 있는데 매입자 사정에 따라 실입주를 빠르게 해야 하는 경우라면 단점이 장점으로 전환된다. u3000 서울 강남구 청담동에서는 6월 20일부터 GS건설이 분양하는 ‘청담자이’ 전용49 90㎡ 총708가구 청약접수가 시작된다. 청담한양 아파트를 재건축한 후분양 사업장으로 올 10월 입주가 예정돼 계약 후 3 4달 내에 매매가 가능하다. 지하철 7호선 청담역을 도보 5분 로 이용할 수 있는 역세권 단지로 코엑스몰 갤러리아 백화점 압구정 현대백화점 청담공원 등이 가깝다. 교육시설은 봉은초ㆍ중 청담중 경기고 휘문고 영동고 등이 있다. u3000 서울 동대문구 전농동에서는 삼성물산이 7월 중 ‘래미안전농크레시티’ 전용59 121㎡ 총2 397가구 분양을 준비 중이다. 지하철1호선 청량리역을 도보로 이용할 수 있으며 주변에 롯데백화점 홈플러스 동대문구청 배봉산근린공원 답십리공원 등이 있다. u3000 현대건설은 서울 동작구 동작동일대 정금마을 재건축 사업장에서 ‘이수 힐스테이트’ 전용59 147㎡ 총 680가구 를 7월 중 분양할 예정이다. 지하철4호선 총신대입구역 7호선 이수역 등을 이용할 수 있고 교육시설은 동작초 중 경문고 서문여고 등이 가깝다. u3000 경기도에서는 안양시 석수동에서 남광토건이 ‘하우스토리’ 전용 59 80㎡ 총 281가구 를 7월 중 분양예정이다. 지하철 1호선 석수역 관악역을 이용할 수 있으며 인근에 롯데백화점 홈플러스 연현초 연현중 등이 가깝다. u3000 광주시 오포읍에서는 극동건설이 ‘오포 극동스타클래스’ 전용134 162㎡ 총 120가구 를 9월 중 분양예정이다. 분당선 서현역 반경 5km 이내에 위치한 분당생활권으로 불곡산과 율동자원공원이 인접해 주거환경이 쾌적하다. u3000지난 2007년 9월부터 수도권에서는 분양가상한제가 전면 시행돼 신규분양 단지의 경우 계약 후 일정기간 전매가 제한된다. 하지만 일부 단지의 경우 상한제가 배제되거나 후분양으로 입주가 빨라 계약 후 단기간에 분양권 등의 매매가 가능한데 자금 여력만 된다면 소유권 행사에서 자유로운 올 6 9월 신규아파트에 관심을 가져볼만 하다.,https://news.naver.com/main/read.nhn?mode=LSD&mid=shm&sid1=260&oid=112&aid=0002204061,284
262276,2011.06.18. 오전 10:14,부동산,머니투데이,댓글태클기자는 로비스트 땅콩주택 커넥션 논란,머니투데이 지영호 기자 머니위크 183호 커버스토리 단독주택의 반란 지난주 머니위크의 커버스토리 단독주택의 반란 이 온라인에 노출됐다. 반응은 뜨거웠다. 댓글도 많았고 기사 조회도 않았다. 특히 한개 필지에 두 가구 이상이 함께사는 땅콩집의 열기는 기대를 넘어선 지 오래였다. 하지만 댓글 내용은 하나같이 비판적이다. 현실성 없는 불편한 주택에 높은 가격을 꼬집는 댓글이 대다수였다. 기사 땅콩하우스의 장점 마당·계단·다락방 과 투자자 몰리는 단독주택 왜 에 달린 댓글을 정리해 봤다. 도대체 이 땅콩집은 왜 자꾸 나오는 거야 2달 전부터 심심하면 나오네 별루 좋아보이지도 않는데.. 뭔가 구린 냄새가 난다. 뭐지 이 구린 냄새는 한마음님 찌라시성 기사는 이제 그만 좀. 신물 넘어올라칸다. 굿모닝님 이쯤되면 이건 음모다. Kang Ja님 하긴 기사를 송고하고 온라인에 노출되기까지 5일 동안 머니위크 구독자를 위해 주간지 배포 후 온라인 기사를 노출한다. 기자가 방송과 신문에서 접한 땅콩집 소식만 3건이다. 누리꾼이 지겨울 법도 하다. 하지만 이건 과민반응이다. 누리꾼은 언론사와 기자 포털과 해당업체의 커넥션을 들먹인다. 하지만 실제 그런 커넥션이 이뤄지기는 구조적으로 쉽지 않다. 게다가 일개 기자나 건축가가 포털 메인기사를 좌우할만한 힘이 있을 리 없다. 기자가 가진 것이라곤 취재수첩과 깡다구 뿐이다. 참 개념기자 납시셨네. 이봐 7억 땅콩주택의 의미가 저렴하면서 서민들도 지낼수 있어야 하는게 아닌가 7억들여서 땅콩주택 지을바에 양평에 3억짜리 전원주택 사서 살겠다 참 개념없네 kashtin님 층간소음 걱정 안 해도 된다지만.. 바로 붙은 옆집소음은 조금만 큰소리로 얘기해도 다 들리겠구만. 아파트 단점 주택 단점. 단점만 모아놓은 집 같다. 쥐껍데기는가라님 댓글은 죄다 이런 식이다. 혹시나 놓치셨나 싶어 기사 내용을 다시 올려드린다. 이씨가 땅콩집을 짓는 데 쓴 비용은 7억3350만원. 구씨와 함께 절반씩 부담했다. 두집이 밀착돼 있어 놀이방에서 노는 아이의 소음이 옆집의 서재에서 잘 들리겠다고 떠보자 ‘걱정없다’는 답변이 돌아온다. 분리 시공을 했기 때문에 전혀 소음이 전달되지 않는다는 것. 해설을 덧붙이자면 땅콩집 짓는 데 한가구당 7억원이 아닌 3억6000만원이 들었다. 어디에도 저렴한 서민들을 위한 주택이란 설명은 없다. 바로 옆에 위치한 아파트와 같은 값으로 단독주택을 지을 수 있다는 것이 땅콩집 프로젝트의 뼈대다. 소음 문제는 자녀방과 옆집 서재가 맞닿아 있지만 분리시공을 한 덕분에 소음차단이 괜찮은 편이라고 기사에 이미 설명했다. 조금 더 이면을 바라보지 못했다는 점에서 기자는 비난에서 자유롭지 못하다. 그래서 단점이 거론되지 않은 편향적인 기사라는 비판에 대해 겸허히 수용한다. 다만 기자는 아파트 일변도의 획일적인 주택문화에 새로운 대안을 제시하고 싶었다. 그리고 최소 12억원이라고 이야기하는 신도시의 단독주택을 둘러보고 난 뒤 4억원도 안 되는 땅콩집을 보니 충분히 대안으로 여겨졌다. 한 누리꾼의 댓글을 통해 독자의 기사에 대한 열린 마음을 기대해 본다.,https://news.naver.com/main/read.nhn?mode=LSD&mid=shm&sid1=260&oid=008&aid=0002557730,284
262277,2011.06.18. 오전 10:00,부동산,헤럴드POP,전원생활도 재테크…귀농ㆍ귀촌 집짓기 20계명,u3000 1 작지만 실속있는 ‘강소주택’을 지어라 u3000전원생활을 처음 시작하는 이들은 대개 무리를 해서라도 크고 화려한 내 집을 갖고 싶어 한다. 그래서 당초 계획한 자금을 초과하게 되고 대출도 늘어난다. 이는 나중에 불가피한 사정으로 인해 집을 처분하고자 할 때 땅을 포함한 총 매도가격을 높여 매매에 불리하게 작용한다. 따라서 규모는 작지만 건강에 좋고 에너지 등 관리비가 적게 드는 실용성이 뛰어난 집을 짓는 게 좋다. 주말에만 잠깐씩 쉬었다 가는 세컨드하우스의 경우 더욱 그렇다. u3000 u3000 2 세컨드 하우스는 이동식주택·농막도 한 방법이다 u3000 u3000우리나라도 도시에 메인 하우스를 두고 전원에 세컨드 하우스 주말주택 를 두는 경향이 점차 뚜렷해지고 있다. 주말주택은 서울에서 차로 1 2시간 거리인 수도권 외곽이나 강원권 충청권이 좋다. 요즘 주말주택은 대지를 포함해 가격이 1억 2억 원 선이 주류다. 33㎡ 10평 안팎의 이동식 주택의 경우 3.3㎡ 1평 당 200만원이면 예쁘게 지을 수 있다. 더 저렴한 주말주택을 원한다면 컨테이너 농막도 한 방법이다. u3000 3 집 건축 자금계획은 여유있게 세워야 한다 u3000 u3000보통 집을 짓게 되면 당초 계획했던 것 보다 돈이 30 50% 더 들어간다. 짓다보면 설계변경을 해 더 좋은 자재로 마감하고 싶은 것은 인지상정이다. 따라서 집짓기 자금은 여유 있게 확보해야 중간에 차질을 빚지 않는다. 주택 규모 및 유형 마감재 등에 따라 건축비는 천차만별이다. 대체로 3.3㎡ 1평 당 300만 400만 원 정도는 들여야 제대로 지을 수 있다. 물론 샌드위치 판넬은 200만 원 대로 가능하다. 반면 고급스럽게 지으려면 600만 700만원 정도 들어간다. u3000 u3000 4 집은 죽이고 정원과 텃밭은 살려라 u3000 u3000전원주택은 작고 실속있는 ‘강소주택’으로 짓는 대신 정원과 텃밭은 무리하지 않는 범위 내에서 가급적 넓게 확보하는 것이 좋다. 나와 가족의 손으로 직접 정원과 텃밭을 꾸미고 일구는 것이야 말로 진정 전원생활의 묘미다. 이 때 정원은 한꺼번에 돈을 들여 조성한 ‘보는 정원’보다는 테마를 정해놓고 가족이 함께 조금씩 만들어 가는 ‘가꾸는 정원’이어야 한다. 나이든 어르신들은 소일거리가 될 수 있는 텃밭을 좀 더 크게 만든다. u3000 u3000 5 농가주택 섣부른 매입은 금물…‘돌다리도 두드려라’ u3000 u3000허름한 농가주택을 경매나 일반매매를 통해 사들여 리모델링 하거나 새로 짓는 방법 개축 으로 전원생활의 꿈을 이룰 수 있다. 하지만 시골 농가주택을 사기 전에 반드시 확인해야 할 사항들이 있다. 먼저 시골 집은 대지가 아닌 농지에 들어선 경우도 있기 때문에 이를 확인한다. 또 무허가 집도 많으므로 등기가 완전한지도 파악한다. 진입로에 문제가 없는지 지상권만 있는 집인지 등도 필수 확인사항이다. u3000 u3000 u3000 6 기존 도시주택의 양도세를 면제받는 시골 집을 지어라 u3000 u3000도시에 집을 한 채 보유하고 있는 사람이 시골에 전원주택을 짓거나 기존 농촌주택을 매입하고자 할 때 가장 걸리는 문제가 다주택 양도세 중과다. 하지만 시골에 집을 한 채 더 소유해도 기존 도시 주택이 양도세 비과세 요건 3년 보유 을 충족한다면 그대로 그 혜택을 받을 수 있다. 이 때 시골 집은 수도권 이외의 읍·면 지역에 위치하고 대지면적 660㎡ 이하 주택면적 150㎡ 이하 기준시가 2억원 이하이어야 한다. u3000 u3000 7 펜션 음식점 등 즉흥적 개발은 금물…사전 조사가 필수다 u3000 u3000농지나 임야를 전용해 전원주택 펜션 음식점 등을 짓고자 한다면 그에 앞서 사전조사가 필수다. 자금여력이 있다고 할지라도 즉흥적 개발은 금물이다. 잘못된 토지 개발은 보유자금이 묶이게 될 뿐더러 최악의 경우 손해를 보고 팔아야 하는 상황에 내몰릴 수도 있기 때문이다. 특히 펜션이나 음식점 등은 과연 일정 소득을 보장할 수 있는지 시장조사 및 수익률 분석이 필수다. u3000 u3000 8 농지전용 면적은 660㎡ 이하로 해야 유리하다. u3000 u3000도시인이 전·답 등 농지나 산지 임야 를 사서 집을 지으려면 먼저 지목을 대지로 바꾸는 절차를 밟아야 한다. 이를 농지 산지 전용이라고 한다. 개인이 받을 수 있는 농지전용 면적은 최대 1000㎡이다. 다만 계획관리지역에서는 면적 제한이 없다. 그렇다고 무제한 가능한 것은 아니다. 농지 전용면적은 가급적 660㎡ 이하로 하는 게 도시주택 양도세 면제 등 여러면에서 유리하다. 전용시 공시지가의 30%에 해당하는 부담금을 내야한다. u3000 u3000 9 개발이 어려운 땅 ‘허가방’ 이용시 값비싼 대가를 치러야 한다 u3000 u3000진입로 경사도 배수 등 여러 가지 조건이 농지 산지 전용 허가를 받아내기 쉽지 않은 땅들이 있다. 이 경우 어쩔 수 없이 해결사 역할을 하는 소위 ‘허가방’을 찾기도 하는데 이때 값비싼 대가를 지불해야 한다. 이들은 통상적인 농지전용허가 대행 수수료의 몇 배를 받아 챙긴다. 전문적인 부동산 관련 법률과 지식으로 무장한 전직 공무원들이 운영하는 경우가 대부분이다. u3000 u3000 10 ‘한뼘이라도 더’…정확한 측량이 내 땅을 넓힌다 u3000 u3000농지를 매입해 그 전부 또는 일부를 대지로 바꿔 전원주택을 짓는 과정에서 측량이 필요하다. 측량은 지적공사와 토목측량회사에서 하는데 지적공사 측량은 공신력이 있는 반면 토목측량회사는 공신력이 없다. 필지를 나누는 분할측량과 이웃 땅과의 경계를 명확히 하는 경계측량을 할 때 빨간 색 측량 말뚝을 경계점에 박는다. 측량 말뚝은 훼손되거나 분실되기 쉽기 때문에 바로 옆에 1 2m 길이의 쇠말뚝을 박아두면 두고두고 활용할 수 있다. u3000 u3000 11 집 설계는 기능과 용도에 맞춰라 u3000 u3000시골주택은 크게 농사를 짓는 사람이 기거하는 농가주택과 도시민의 전원생활을 위한 전원주택으로 나뉘는데 각각의 기능과 용도에 맞게 설계해야 한다. 즉 귀농의 경우 농가주택 귀촌은 전원주택이 맞다. 농가주택은 주택 내·외부 공간을 영농중심으로 배치한다. 도시인과 교류가 많은 전원주택의 설계는 거실 위주 구성이 좋다. 한국농어촌공사에서 제공하는 농촌경관주택 표준설계도를 이용하는 것도 한 방법이다. u3000 u3000 12 주택공사기간을 줄이려면 사전 준비를 철저히 하라 u3000 u3000농지나 임야를 전용해 집을 짓는 경우 실제 건축기간은 조립식이나 경량 목구조의 경우 100㎡ 30평 기준으로 두 달 가량 걸린다. 이에 앞서 농지전용 인허가 기간을 한 달 가량 잡아야 한다. 농지전용 건축공사 사이에 토목공사 건축허가 신고 전기와 지하수 공사 등의 절차를 거쳐야 한다. 이 기간 또한 두 달 이상 잡아야 한다. 결국 정상적으로 진행된다 해도 다섯 달은 걸리는 셈이다. 그만큼 차질 없는 사전준비가 중요하다. u3000 u3000 13 토목공사를 통해 ‘성형미인 땅’을 만들어라 u3000 u3000남향 배산임수 등의 입지에다 토질이 좋고 땅 모양도 정방형인 ‘자연미인 땅’이 더러 있기는 하다. 하지만 대부분의 땅은 뭔가 부족하다. 전원주택을 지으려면 농지 산지 전용허가를 받아 토목공사에 착수하게 된다. 이를 통해 ‘성형미인 땅’이 만들어진다. 즉 집 건축 전 토목공사를 어떻게 했느냐에 따라 부동산의 가치가 결정된다고 해도 과언이 아니다. 토목공사를 잘못하면 땅의 가치가 깎이는 것은 물론 비용 또한 과도하게 지출된다. u3000 u3000 14 ‘직영’이든 업체에 맡기든 집은 내가 짓는다는 점을 명심하라 u3000 u3000일반적으로 전원주택의 시공방법은 크게 건축주가 일꾼이나 자재를 직접 구해 짓는 ‘직영’방식과 외부에 맡겨 짓는 방식으로 대별할 수 있다. 건축업체에 맡겨서 짓는다 할지라도 그 주체는 바로 ‘나’라는 사실을 잊어서는 안 된다. 따라서 건축주는 끊임없이 건축에 대한 공부를 해서 지식을 축적해야 한다. 또 어떤 방식으로 어떻게 집을 지을 것인지에 대해 세부 계획을 수립해 점검해야 한다. u3000 u3000 15 시공업체 선정시 먼저 지은 집주인의 평판에 귀를 기울여라 u3000 u3000시공업체를 선정할 때는 그 업체가 지은 집을 방문해 집주인의 평판을 귀담아 듣고 이를 선정기준으로 삼는 것이 바람직하다. 방문시 집만 구경할 것이 아니라 시공과정에서 업체와 마찰은 없었는지 있다면 보수는 제대로 이뤄졌는지에 대해 자세하게 물어본다. 시공업체는 어느 정도 규모를 갖추고 있고 공사실적과 실력을 겸비한 업체라야 한다. 설계도와 견적서 등 계약관련 서류 등을 통해 업체의 실력과 신뢰도를 가늠할 수 있다. u3000 u3000 16 저렴하게 폼 나는 조경을 해라 u3000 u3000집을 짓고 나면 멋진 조경으로 마무리 하고 싶은 것은 건축주라면 인지상정이다. 하지만 조경은 과실수든 관상수든 적지 않은 비용이 들어간다. 그렇기에 비용을 줄이면서도 당초 계획한 조경을 만들어내는 것이 중요하다. 조경수는 인근 택지개발지구 고속도로 건설현장 등 각종 개발현장에서 보상을 받고 나오는 나무를 사는 것이 가장 저렴하다. u3000 u3000 u3000 17 뒷감당 어려운 마구잡이 정원 늘리기는 자제하라 u3000 u3000시골에 전원주택을 지어 전원생활을 막 시작하는 사람들은 누구나 넓고 아름다운 정원을 갖고 싶어 한다. 이 과정에서 정원은 자연스럽게 대지에서 농지 쪽으로 확대되어 나간다. 이는 나중에 불가피하게 집과 땅을 팔아야 할 경우 문제가 된다. 농지 원상회복 명령을 받을 수도 있기 때문이다. 나중에 문제가 되지 않게 정원을 넓히려면 대지에 잇대어 농지를 전용해 창고를 신축한다. 즉 창고부지로 대지면적을 확장한 다음 정원을 조성하면 된다. u3000 u3000 18 컨테이너 창고와 조립식 차고를 적극 활용하라 u3000 u3000시골생활을 하면서 꼭 필요한 것이 창고와 차고다. 자질구레한 물건 정리는 물론 텃밭 등 농사를 지으려면 농기구나 수확물 등을 보관할 공간이 절실하다. 창고는 넓을수록 좋다. 이때 중고 컨테이너는 훌륭한 창고가 된다. 또 시골에서 필수품인 자동차를 주차할 차고가 필요하다. 이때 골조가 튼튼한 조립식 차고는 잘만 고르면 저렴한 비용으로 직접 손쉽게 설치할 수 있다. u3000 u3000 19 전원주택 콘셉트를 ‘친환경 저에너지’에 맞춰라 u3000 u3000전원주택 건축은 친환경성을 살리면서 저에너지라는 기능성을 어떻게 저렴한 비용으로 구현하느냐가 관건이다. 각종 매체에 소개되고 있는 친환경 저에너지 주택은 아직 건축비가 부담이 되는 것이 현실이다. 비용 대비 효과가 기대에 못 미친다는 말이다. 친환경주택은 건강에 좋은 생태건축을 실현하는 것이며 저에너지 주택은 난방비 등 관리비가 적게 드는 집이다. 이는 향후 전원주택 건축의 화두로 집 지을 때 콘셉트를 여기에 맞춰야 한다. u3000 u3000 20 꿈에 그리던 내 집 입주 후 관리에 신경써라 u3000 u3000꿈에 그리던 전원주택을 지어 입주를 해 살아보면 설렘도 잠시 또 다시 적지 않은 준비와 관리가 필요함을 깨닫게 된다. 도시와는 달리 시골에선 폭설이나 강풍에 전기가 끊기거나 겨울철 동파사고 등에 취약하다. 또한 단독주택은 아파트와는 달리 크고 작은 하자가 생기기 마련이다. 애초 시공이 잘못된 경우라면 시공업체에 하자보수를 신청해야겠지만 작은 하자 보수 정도는 집주인이 손수 할 줄 알아야 한다.,https://news.naver.com/main/read.nhn?mode=LSD&mid=shm&sid1=260&oid=112&aid=0002204055,284
262278,2011.06.18. 오전 10:00,부동산,아시아경제,PF뱅크 vs. PF보금자리 양날의 칼 위에 놓인 건설사들,아시아경제 황준호 기자 1. 5000억원 규모 부실PF사업으로 워크아웃이 개시된 A건설사는 최근 망연자실한 상황이다. 채권단에서 부실 사업장을 PF정상화뱅크 민간 BAD BANK 로 넘기든지 아님 LH 한국토지주택공사 에 넘길지 고민 중인 탓이다. 건설사 입장에서는 어느 쪽으로 넘기든 분양성이 있는 사업장을 반값에 사업장을 넘기는 것으로 실제적인 이득은 없다고 판단하고 있다. 2. 비슷한 규모의 PF사업장을 보유한 B건설사는 고민에 빠진 상황이다. PF사업으로 자금난에 허덕이면서도 어느 쪽으로 라도 사업장을 돌리기 아까운 상황이다. 하지만 은행측의 반응이 호의적인 상황에서 불안감이 앞서고 있다. PF지원책에 따라 건설업계의 불안감이 더욱 가중되고 있다. 정부는 지난 5월1일 PF정상화뱅크 설립과 PF사업장을 보금자리로 공급하는 방안 등을 골자로 한 건설 경기 연착륙 및 주택공급 활성화 방안을 내놨다. 하지만 두 달이 지난 현재 건설업계는 시큰둥하다. 지원책에 따라 PF를 처리할 수 있는 방안이 열렸지만 은행들의 배만 채우거나 실효성이 없어 실제적인 지원이라는 지적이다. A건설사 관계자는 18일 PF정상화뱅크 설립에 대해 은행권의 부실 PF처리책이 시행되는 것으로 분석된다 며 워크아웃 경영정상화작업 중인 건설사는 사실상 채권단 은행 의 의견을 따를 수 밖에 없다 고 토로했다. 기본적으로 워크아웃에 들어간 건설사들은 수익원이 막혀 있는 상태다. 워크아웃 부실기업 이라는 낙인 때문에 어떤 수주전이든 낙방하기 일쑤다. 신규 사업을 하려고 해도 자금줄이 막혀 엄두도 못내고 있다. 이에 기존 사업장을 어떻게든 활용해 수익을 내야 워크아웃으로부터 졸업할 수 있다. 하지만 정부의 지원책에 따라 PF사업장을 넘길 경우 이같은 기회마저 막히는 셈이다. B건설사 관계자도 은행권이 보유하고 있는 PF의 경우 대부분이 악성채권으로 분류하고 있다 며 은행권에서 객관적으로 판단해 사업 추진 여부를 검토하지 않고 단순 부실채권으로 판단해 넘긴다면 건설사들의 상황은 더욱 힘들어진다 고 설명했다. 또한 LH가 부실 PF사업장을 보금자리주택으로 공급하는 방안도 건설사들로부터 환영받지 못하고 있다. 보금자리주택의 경우 주변 집값의 최대 80% 수준으로 공급된다는 점에서 택지가 또한 현재 감정평가한 가격에서 20 40%가량 낮아질 공산이 크다. 그러나 현 부실PF사업장의 경우 경기 호황시 사들인 땅이다. 이에 분양가 및 경기 영향을 감안하면 LH가 매입하는 가격은 건설사가 매입했던 가격의 절 반 가량이 될 것이라는 게 건설사들의 판단이다. 이에 최악의 분양성을 갖춘 곳이 아니라면 LH에 넘기기보다 시일을 두더라도 쥐고 있는 편이 낫다는 결론이다. 이처럼 건설사들의 입장을 고려하지 않은 정책으로는 건설 경기 연착륙에 오히려 걸림돌이 될 수 있다는 뜻으로 분석된다. 국토부 관계자는 건설사들이 PF정상화뱅크나 LH에 부실PF사업장을 넘기는 방안에 대해 저울질 중 이라며 대형사 뿐만 아니라 중소건설사까지 문의가 이어지고 있다 고 밝혔다. 다만 그는 아직까지 하겠다고 밝힌 곳은 없다 며 배드뱅크 설립으로 수익성 여부를 타진한 후 접근할 것으로 보인다 고 설명했다.,https://news.naver.com/main/read.nhn?mode=LSD&mid=shm&sid1=260&oid=277&aid=0002624984,284
262279,2011.06.18. 오전 9:33,부동산,MBN,김포한강신도시 7년만에 아파트 입주 시작,앵커멘트 김포 한강신도시에 처음으로 아파트 입주가 시작됐습니다. 신도시 조성을 시작한지 7년만인데 윤범기 기자가 그 현장을 직접 다녀왔습니다. 기자 김포한강신도시에서 첫번째 입주가 시작되는 우남 퍼스트빌 아파트 단지입니다. 1 202가구의 대단지로 전용면적 131에서 250㎡의 중대형 위주로 구성됐습니다. 부동산 경기 침체 속에 입주난도 우려됐지만 일단 입주의사를 밝힌 비율이 70%를 넘긴 것으로 알려졌습니다. 건설사 측은 입주율을 끌어올리기 위해 주민 맞춤형 시설을 대폭 늘렸습니다. 1억 원이 넘는 명품 느티나무를 비롯해 단지 중앙에는 잔디관장과 석가산도 조성됐습니다. 인터뷰 김갑수 우남 퍼스트빌 현장소장 석가산을 중심으로 해서 팔각정자 두 군데의 휴식공간을 준비했고 주민들의 동선에 따라 각종 분수시설을 준비했습니다. 인터뷰 이경옥 김포한강신도시 입주자 저쪽에 앉아있으니까 새 소리도 나고 길도 넓고 외곽으로 돌면 운동도 되고… 하지만 아직 부족한 점도 지적됐습니다. 당장은 편의시설이 부족하고 기지국이 부족해 휴대전화 연결이 잘 되지 않는 지역도 있었습니다. 인터뷰 김봉심 김포한강신도시 입주자 제일 먼저 기지국부터 세워야 되는 거 아니에요. 전화가 터져야지. 엘리베이터는 고장 났고… 다른 건 다 좋아요. 우남 퍼스트빌을 시작으로 한강신도시에는 올 연말까지 총 7천9백여 가구가 입주할 예정입니다. 스탠딩 윤범기 기자 부동산 불경기라는 악조건 속에 본격적인 입주가 시작된 김포한강신도시가 수도권 전세난의 대안지역으로 자리잡을 수 있을지 주목됩니다. MBN뉴스 윤범기입니다.,https://news.naver.com/main/read.nhn?mode=LSD&mid=shm&sid1=260&oid=057&aid=0000167473,284
262280,2011.06.18. 오전 9:30,부동산,아시아경제,63빌딩보다 높은 건물 수두룩하다,아시아경제 조민서 기자 최근 서울 잠실에 123층짜리 롯데슈퍼타워 555m 가 본격적인 공사에 들어가면서 국내 초고층 빌딩에 대한 관심이 높아지고 있다. 롯데슈퍼타워 를 제외하고 국내에서 이미 준공됐거나 착공된 빌딩으로 가장 높은 건축물은 68층 305ｍ 높이로 골조와 외관 공사가 마무리된 인천 송도국제도시 내 동북아트레이드타워 오피스 빌딩이다. 이 뒤를 잇는 건축물은 대부분 주상복합아파트다. 내년 1월 입주를 앞두고 모습을 드러내고 있는 부산 해운대 두산 위브더제니스 가 80층 1788가구다. 오는 10월 준공을 앞둔 해운대 아이파크 가 1631가구 규모로 최고 72층으로 뒤를 잇는다. 건설업계 관계자는 해운대 일대에는 지금도 40층 이상의 주상복합아파트가 빼곡히 들어서 있다 라며 이들 70층 이상 높이의 주상복합 단지가 완성되면서 또 한 번 스카이라인에 변화의 바람이 불 것으로 보인다 라고 말했다. 현재 서울에서 가장 높은 건물도 주상복합아파트다. 지상 69층 높이의 양천구 목동 하이페리온 과 도곡동 타워펠리스 3차 다. 수도권 주상복합 가운데는 화성 동탄신도시 메타폴리스 A동 66층 부천 중동신도시 리첸시아 중동 66층 이 가장 높다. 그 외 인천 송도 더샵퍼스트월드 64층 부산 해운대 더샵센텀스타 60층 일산 두산 위브더제니스 59층 서울 광진구 자양동 더샵 스타시티 58층 청라 푸르지오 58층 등도 고층 건축물 순위 상위에 오른다. 특히 도곡동 타워팰리스 목동 하이페리온 주상복합은 분양 당시 미분양으로 애를 먹었지만 시간이 지나면서 몸값이 지속적으로 상승해 지역을 대표하는 랜드마크로 자리매김한 대표적인 사례로 꼽힌다. 또 리첸시아 중동 역시 중대형 구성 높은 분양가로 분양 당시 화제가 됐지만 글로벌 금융위기를 겪으면서 분양에 어려움이 있었다. 하지만 이제 공정이 70%를 넘고 골조 및 외부 공사가 마무리되면서 지역 랜드마크가 되고 있다. 인근 아파트 분양사무소에는 문의전화와 샘플하우스 방문자가 늘었다는 게 회사 측 설명이다. 이같이 초고층 빌딩들은 향후 한 지역의 랜드마크 아파트가 되기 때문에 건설사는 아파트 브랜드의 가치 상승 수요자는 아파트의 가격 상승을 기대할 수 있다.,https://news.naver.com/main/read.nhn?mode=LSD&mid=shm&sid1=260&oid=277&aid=0002624976,284
262281,2011.06.18. 오전 9:22,부동산,세계일보,대단지 소형아파트가 분양성공의 지름길 한강신도시 ‘반도 유보라 2차’,전세탈출의 절호의 기회 김포한강로 개통 7월초 으로 여의도 20분대 생활권 계약금 1200만 1300만원 중도금30% 무이자 30% 이자후불제 파격적인 분양조건 일부 잔여세대 선착순 동호지정 계약 세계닷컴 경기도 김포시 한강신도시 Aa 09블록에 분양 중인 반도유보라 2차는 침체된 수도권 주택경기불황에서도 3순위 청약접수에서 4.17 1의 최고 청약경쟁률을 기록하며 높은 계약률을 보이고 있는 반도유보라 2차가 59㎡ B타입과 D타입 일부잔여세대 및 부적격 당첨세대에 한하여 선착순 동·호 지정 계약을 실시한다고 밝혔다. 특히 반도건설 한강신도시 반도유보라 2차에서 선보인 59㎡ 구 24형 에서 처음 선보인 특화평면은 금번 동시 오픈한 3개사 중 가장 높은 호응을 얻으며 약 5만 명 이상의 관람객이 다녀갔을 정도이다. 이 같은 인기요인으로는 설계특화 입지 가격 등 핵심요인이 실수요자들의 관심을 끈 것으로 분석된다. 이번 선착순 분양 중인 59㎡ B타입과 D타입의 경우 전망과 개방감을 극대화한 설계배치로 거실에서 한강이 내려다보이며 침실에서는 모담산 조망이 가능하다는 점에서 반도유보라 2차 중에서도 최고의 조망권을 갖춘 세대로 꼽히고 있다. 게다가 남향중심의 배치로 사계절 내내 자연채광을 누릴 수 있다는 점도 장점으로 꼽힌다. 반도유보라 2차는 주변에 한강생태공원과 모담산이 있고 일부 가구에서 한강 조망이 가능하다. 중심상업지구와 가깝고 단지 안에 초등학교·고등학교가 들어선다. 교통의 편리함도 또 다른 장점으로 꼽힌다. 오는 7월초 올림픽대로와 연장되는 김포한강로 개통예정과 단지 인근의 신도시IC 가칭 를 통하면 20분대 여의도 생활권이 가능해진다. 그동안 김포의 고질적 문제로 손꼽히던 서울 접근성이 탁월한 것으로 서울 전세수요자 및 직장인들의 높은 관심을 끌것으로 생각된다. 반도건설 한강신도시 반도유보라2차는 2억원 초반의 합리적인 분양가로 계약금 1200 1300만원으로 계약을 진행하고 있으며 중도금 30% 무이자 및 30% 이자후불제를 지원하여 초기부담을 크게 낮추었다. 일부 잔여세대는 모델하우스에서 확인할 수 있고 선호하는 동호수를 선택할수 있다. 모델하우스은 김포고촌에 위치하고 있으며 입주는 2013년 12월이다. 분양문의 1599 2900 ※본 콘텐츠는 기업 제공 자료로 세계닷컴의견과 다를수 있습니다. Segye.com Segye.com 인기뉴스 항생제 좋다 의사선생님 당신이 틀렸습니다 학교 9일째 결석 집에 찾아가보니 온가족이… 아이폰으로 콘서트 촬영하면 전원 꺼진다 北 여학생 대상 성폭행 급증 이유 알고보니… 90대 할머니 성추행 당해…경찰 보고도 쉬쉬 ⓒ 세계일보 Segye.com 무단 전재 및 재배포 금지 금융전문뉴스 세계파이낸스 모바일로 만나는 세계닷컴 세계닷컴은 한국온라인신문협회 www.kona.or.kr 의 디지털뉴스이용규칙에 따른 저작권을 행사합니다.,https://news.naver.com/main/read.nhn?mode=LSD&mid=shm&sid1=260&oid=022&aid=0002276678,284
262282,2011.06.18. 오전 9:11,부동산,아시아경제,부동산캘린더 전국 10곳 3340가구 분양,아시아경제 문소정 기자 때 이른 무더위에 한달여간 숨 가쁘게 달려왔던 분양시장도 한걸음 쉬는 분위기다. 20일 부동산정보업계에 따르면 6월 넷째 주에는 전국 10곳에서 3340가구가 청약접수를 받는다. 이중 오피스텔이 1414실 도시형생활주택이 99가구 임대가 50가구다. 서울 송파와 용산 등에서 오피스텔이 청약접수를 시작하며 전국 곳곳에서 모델하우스가 문을 열 예정에 있다. GS건설은 20일 강남구 청담동에서 청담한양 아파트를 재건축한 청담자이 의 청약접수를 받는다. 지상 26 35층 5개동 708가구 규모다. 이번 분양물량은 2009년 임대주택 건설 의무제 폐지에 따라 임대에서 분양으로 전환된 물량으로 전용 49㎡ 4가구 89㎡ 12가구 등 총 16가구다. 서울지하철 7호선 청담역이 걸어서 5분 거리고 한강변에 위치해 올림픽대로와 인접해 있다. 경기고 휘문고 등이 가깝다. 같은 날 서울 용산구 문배동에서 SK디앤디가 도시형생활주택 99가구를 선보인다. 오피스텔 165실은 21 22일 양일간 청약접수를 받는다. 지하철 4·6호선 삼각지역을 걸어서 이용할 수 있는 더블역세권 단지로 편의시설로는 롯데마트 서울역점 이마트 용산점 등이 있다. 21일에는 서울 도봉구 쌍문동에서 코오롱건설이 쌍문1구역을 재개발한 북한산 코오롱하늘채 를 분양한다. 지하 2층 지상 11 18층 5개동 총 293가구 규모로 이중 전용 59 114㎡ 71가구를 일반에 내놓는다. 인근에 북한산 도봉산 우이천이 위치하고 각 동 옥상에는 휴게공간인 옥상정원이 조성될 예정이다. 서울지하철 4호선 쌍문역과 수유역이 가깝고 동부간선도로도 이용할 수 있다. 22일에는 한신공영이 부산과 울산에서 각각 청약을 시작한다. 부산 해운대구 우동에 들어서는 해운대 한신휴플러스 는 42층 1개동 규모로 전용 84㎡ 240가구다. 부산지하철 2호선 동백역과 해운대역이 가깝고 홈플러스와 롯데백화점 등 편의시설이 인근에 위치한다. 이미 분양한 오피스텔 932실과 함께 1172가구의 대단지로 건설된다. 울산 북구 천곡동 새천곡 한신휴플러스 는 지하 4 25층 8개동 전용 69 125㎡ 총 527가구다. 인근에 동천초 상안초 천곡초 상안중 달천고 울산외고 등의 학군과 함께 다양한 학원 및 교육시설이 밀집돼 있다. 대우건설은 23일 서울 송파구 문정동에서 송파 푸르지오시티 오피스텔 1249가구를 공급한다. 거주자 우선 청약은 20일이다. 24 52㎡로 구성되며 15층 1개동 규모다. 인근에 약 24만평 규모의 대형유통단지인 가든파이브가 있고 문정동 법조타운도 조성될 예정이다. 기존 원룸형 오피스텔에선 볼 수 없었던 1.5베이의 유니트가 적용된다. 이날 경기 파주 교하신도시에서는 한라건설의 한라비발디 플러스 가 모델하우스 문을 열고 분양에 돌입한다. 부산시 금정구 장전동과 수영구 민락동에서도 각각 성우건설과 포스코건설이 모델하우스를 개관한다. 24일에는 서울 강남구 세곡동과 서초구 우면동에서 SH공사가 세곡리엔파크5단지 와 서초네이처힐4단지 를 내놓는다. 세곡지구에 위치한 세곡리엔파크5단지 는 총 546가구 규모로 이중 전용 114㎡ 132가구가 일반분양된다. 우면2지구에 들어서는 서초네이처힐4단지 는 총 409가구 규모로 전용 114㎡ 3가구를 일반에 분양한다.,https://news.naver.com/main/read.nhn?mode=LSD&mid=shm&sid1=260&oid=277&aid=0002624975,284
262283,2011.06.18. 오전 9:11,부동산,이데일리,부동산캘린더분양열기 후끈.. 청약접수 11곳,이데일리 이진철 기자 건설업체들이 상반기 계획했던 주택공급 물량을 쏟아내면서 분양시장이 초여름 더위만큼 뜨겁게 달아오르고 있다. 18일 부동산정보업체 부동산써브에 따르면 이번주 6월 20 24일 분양시장은 청약접수 11곳 당첨자 발표 13곳 당첨자계약 18곳 모델하우스 개관 11곳 등이 예정돼 있다. 20일 GS건설 006360 은 서울 강남구 청담동 134 20번지 일대 청담한양 아파트를 재건축해 공급하는 청담자이 의 청약접수를 진행한다. 지하 2층 지상 35층 5개동 총 708가구 중 전용면적 49㎡ 4가구 90㎡ 12가구 등 16가구가 일반분양된다. 분양 가구수가 20가구 미만으로 주택법 적용을 받지 않아 청약통장 없이 청약금 500만원만 있으면 청약이 가능하다. 21일 신영은 전남 여수시 웅천지구에 공급하는 여수웅천 지웰2차 의 청약접수를 진행한다. 지하 1층 지상 25층 7개동 전용면적 84 112㎡ 총 614가구로 구성된다. 22일 GS건설은 서울 마포구 하중동에 공급하는 한강밤섬자이 의 청약접수를 진행한다. 전용면적 84 132㎡ 46가구로 2009년 4월 도시 및 주거환경정비법 개정에 따라 임대분에서 일반분양분으로 전환된 물량이다. 같은날 한신공영 004960 은 부산 해운대구 우동 860번지 일대에 공급하는 해운대 한신휴플러스 주상복합 전용면적 84㎡ 240가구의 청약접수를 받는다. 24일 GS건설은 서울 성동구 금호동3가 632번지 일대 금호18구역을 재개발해 공급하는 금호자이2차 의 모델하우스를 개관할 예정이다. 전용면적 59 115㎡ 총 403가구 중 38가구가 일반분양된다.,https://news.naver.com/main/read.nhn?mode=LSD&mid=shm&sid1=260&oid=018&aid=0002454226,284
262284,2011.06.18. 오전 9:01,부동산,이데일리,주간부동산금리인상 여파 매매 침체전세 강세,매매.. 서울 0.02%↓·신도시 0.0%·수도권 0.01%↓ 전세.. 서울 0.04%↑·신도시 0.02%↑·수도권 0.01%↑ 이데일리 이진철 기자 한국은행의 기준금리 인상 여파로 서울·수도권 아파트 시장의 침체가 확산되는 양상을 보이고 있다. 수요자들의 관망세가 짙어지면서 재건축 단지를 중심으로 가격하락세가 이어지고 있다. 반면 전세시장은 수요가 크게 늘어난 것은 아니지만 하반기 이주를 앞둔 강남 청실 재건축아파트 여파가 작용하면서 강남권의 국지적인 오름세가 이어지고 있다. 18일 부동산정보업체 부동산114에 따르면 지난주 아파트 매매시장은 서울 0.02% 수도권 0.01% 이 소폭 하락했고 신도시는 변동이 없이 보합세를 보였다. 서울 재건축아파트 매매가격도 한주간 0.10% 변동률로 내림세를 보인 가운데 강남 0.17% 강동 0.04% 송파 0.28% 등 강남권 재건축 아파트값이 약세를 나타냈다. 전세시장은 서울 0.04% 신도시 0.02% 수도권 0.01% 이 모두 소폭 올랐다. ◇ 금리인상 이후 관망세.. 재건축 가격하락 주도 서울 매매시장은 기준금리 인상 이후 관망세가 더욱 짙어지면서 강남권 주요 재건축 단지가 하락을 주도했다. 자치구별로는 송파 0.05% 강남 0.04% 강동 0.03% 노원 0.02% 양천 0.02% 동작 0.02% 강서 0.02% 등이 하락했다. 송파는 잠실주공5단지가 조합총회를 앞두고 기대감이 형성됐지만 일부 저가 매물만 거래되면서 전면적이 한주간 1000만원 정도 하락했다. 가락시영2차는 거래부진으로 1000만원 가량 내렸다. 강남 역시 관망세가 이어지면서 개포주공1 4단지 청실1 2차 등 주요 재건축 단지들이 500만 1500만원 정도 하락했다. 신도시도 관망세가 이어지면서 분당 0.01% 일산 0.01% 평촌 0.01% 이 소폭 내렸고 산본 중동은 변동이 없었다. 분당은 이매동 이매코오롱 금곡동 청솔성원 등의 중대형면적이 한주간 250만 500만원 정도 하락했다. 일산 역시 관망세가 이어지면서 일산동 후곡태영13단지 주엽동 문촌동부 중소형 면적이 250만원 정도 내렸다. 수도권은 과천이 보금자리주택 건설 영향과 재건축단지 거래부진 등의 영향으로 가격하락폭이 두드러졌다. 과천 0.15% 남양주 0.04% 김포 0.02% 등이 하락했다. ◇ 강남 청실 재건축이주 영향.. 국지적 전셋값 오름세 서울 전세시장은 강남 청실1 2차 재건축 이주수요 영향과 서초 입주 2년차 아파트의 재계약 영향으로 수급불균형이 나타나면서 국지적인 가격 오름세가 나타났다. 자치구별로는 서초 0.30% 강남 0.11% 금천 0.05% 광진 0.03% 강서 0.02% 송파 0.01% 등이 올랐다. 서초는 입주 2년차 래미안반포퍼스티지의 재계약 사례가 늘면서 중대형면적의 전셋값이 한주간 2500만원 가량 올랐다. 인근의 반포자이 중대형면적 역시 1000만 2000만원 정도 상승했다. 강남은 청실 재건축 이주수요 여파로 대치동 국제 삼성래미안 선경1 2 3차 우성1차 등 중대형 면적이 1500만 3000만원 정도 올랐다. 신도시는 중동 0.04% 분당 0.02% 일산 0.02% 이 올랐고 평촌 산본은 변동이 없었다. 수도권 전세시장은 경기 남부권 및 서울 인접지역 중심으로 일부 수요가 이어지면서 오름세를 보였다. 수원 0.04% 용인 0.02% 하남 0.02% 남양주 0.01% 등이 올랐다.,https://news.naver.com/main/read.nhn?mode=LSD&mid=shm&sid1=260&oid=018&aid=0002454225,284
262285,2011.06.18. 오전 9:00,부동산,아시아경제,더클라스 송도 원룸텔 5000만원대 분양,아시아경제 황준호 기자 주 더클라스는 연수구 송도동 코오롱더프라우와 해양경찰청 인근에 위치한 풀옵션 원룸텔을 분양 중이다. 현재 73% 계약이 이루어진 상태이며 분양가는 5000 6000만원대다. 실투자금은 4000만원대로 월 50만원선의 임대료가 확정돼 있다. 그간 송도국제신도시는 대규모 오피스텔 단지와 지식정보단지 및 연구개발센터 등 국제업무시설 위주여서 소형주거시설이 부족한 상황이라는 게 더클라스 측의 설명이다. 분양 절차는 청약금 100만원을 김성은 변호사를 통한 안전거래 에스크로우제도 계좌로 입금한 다음 모델하우스 내방순서에 따라 계약이 체결된다. 미계약시 청약금은 자동 환불된다.,https://news.naver.com/main/read.nhn?mode=LSD&mid=shm&sid1=260&oid=277&aid=0002624969,284
262286,2011.06.18. 오전 8:00,부동산,연합뉴스,보령 대천해수욕장 제3지구 분양 호조,보령 연합뉴스 이은중 기자 충남 보령시의 대천해수욕장 제3지구 분양이 호조를 보이고 있다. 18일 시에 따르면 이달 말께 사업준공을 앞둔 대천해수욕장 3지구의 분양실적은 711억여원 156필지 으로 전체 2천465억여원 229필지 의 28.8%로 나타났다. 특히 민선 5기 이후 최근 1년 동안의 분양실적은 263억7천여만원 20필지 으로 분양을 시작한 2007년 1월부터 2010년 6월까지의 447억3천여만원 136필지 에 비해 58.9%로 호조를 보였다. 또 올해 들어 분양실적은 12필지에 분양대금은 169억5천여만원으로 나타났다. 시 관계자는 곧 부지조성 공사가 끝나고 안면도 보령항 연륙교가 착공되면 분양이 더욱 활기를 띨 것으로 기대된다 며 각종 방법을 동원해 분양 홍보를 강화할 계획 이라고 말했다. 대천해수욕장 제3지구는 맞춤형 관광지 개발을 통해 관광객을 유치하기 위해 시가 2천425억원의 사업비를 들여 61만8천633㎡ 면적의 택지 등을 조성하는 사업으로 2006년 2월 착공했다.,https://news.naver.com/main/read.nhn?mode=LSD&mid=shm&sid1=260&oid=001&aid=0005118985,284
262287,2011.06.18. 오전 6:01,부동산,노컷뉴스,하반기 개통 新노선 따라 내집마련 해볼까,신분당선·분당선연장선·부산 김해 경전철 등 역세권 주목 CBS산업부 정재훈 기자 이달 들어 부산 등 지방은 물론 수도권에서도 분양물량이 쏟아지고 있다. 수도권 주택 매매시장은 여전히 침체에서 헤어나지 못하고 있지만 분양에 대한 관심은 높아지고 있다. 입지여건이 좋거나 공급이 부족했던 지역 등 선별적으로 물량이 나오고 있기 때문이다. 금리인상 등으로 아직 집값 전망이 불투명한 상황에서 청약 희망자들은 분양가 수준과 향후 발전 가능성 등을 꼼곰하게 따져보는 전략이 필요하다. 분양단지 가운데 여전히 매력적인 곳은 역세권이다. 특히 새로 개통되는 지하철이나 전철 노선의 역세권은 추후 개발 가능성이란 장점까지 더해진다. 노선이 새로 개통되거나 정비되면 인근 지역이 큰 시세 변동을 겪게 되는 이유이다. 올 하반기의 경우 분당·판교신도시와 부산·경남권 등의 4개 노선이 주목받고 있다. 분당·판교권에서는 신분당선 강남 정자 구간 분당선연장선 죽전 기흥 구간이 오는 9월과 12월 각각 개통된다. 또 부산 사상구와 경남 김해를 오가는 경전철은 다음달 개통되고 내년 5월 세계박람회를 앞둔 여수와 익산을 잇는 전라선이 9월 말 복선전철화된다. 오는 9월 개통되는 신분당선은 서울 지하철2호선 강남역과 분당선 정자역을 잇는 18.47㎞ 구간이다. 강남역을 시작으로 판교 양재 등을 거쳐 정자역에서 분당선 등과 이어지게 돼 판교신도시의 교통환경이 크게 개선될 전망이다. 신분당선 주변에서는 이달 대우건설이 분당선 정자역 인근에 분양하는 하는 71 87㎡ 361실 규모의 오피스텔이 관심을 끈다. 신분당선을 이용하면 강남역까지 예상 소요시간은 16분 정도로 기존 분당선과 2호선 이용시 51분보다 크게 단축된다. 이달 중 분양되는 SK건설의 개나리5차 아파트 재건축단지와 10월 분양 예정인 현대산업개발의 성보아파트 재건축 단지 등 역삼동 일대 재건축아파트도 수혜가 예상된다. 분당선연장선은 올 연말 죽전 기흥 구간에 이어 내년 말 선릉 왕십리 2013년 말에는 기흥 수원역 구간이 개통될 예정이다. 분당선연장선 개통시 기흥역 가칭 을 이용할 수 있는 용인 신갈동에서는 동원시스템즈가 주상복합아파트 100 318㎡ 218가구를 하반기 중 분양하고 인근 중동에서는 서해종합건설이 다음달 817가구를 분양할 예정이다. 다음달 1일 개통 예정인 부산김해경전철은 경남 김해시 삼계와 부산 사상역을 잇는 총 23.45㎞ 21개역을 지나는 경전철로 전구간 주행 소요시간은 38분 정도로 예상된다. 한국토지신탁이 이달 중으로 경남 김해시 삼계동 장신대역 인근에 83 110㎡ 306가구를 분양한다. 익산과 여수를 잇는 전라선은 9월 순천 여수 구간 11월 말 익산 순천 구간이 복선전철화돼 개통될 예정이다. 전북개발공사는 9월쯤 익산역과 인접한 배산지구 6블록에 공공임대아파트 110 143㎡ 676가구를 공급하고 라송산업은 동운역과 순천역 중간 지점인 전남 순천시 서면 선평리에 100 113㎡ 634가구를 분양할 예정이다. 신영은 오는 21일 전남 여수시 웅천동에 110 143㎡ 614가구를 분양하고 2012 여수세계박람회 숙박시설로 사용될 엑스포타운 1 2블록도 다음달 분양을 준비하고 있다. 닥터아파트 www.DrApt.com 이여호 리서치팀장은 “하반기에 개통되는 신 新 노선은 강남권과 연결되는 분당신도시와 분양열기가 뜨거운 부산.경남지역에 위치해 있는데다 그동안 교통시설이 열악했던 지역인 만큼 향후 발전 가능성이 높다”고 설명했다.,https://news.naver.com/main/read.nhn?mode=LSD&mid=shm&sid1=260&oid=079&aid=0002260832,284
262288,2011.06.18. 오전 12:51,부동산,경향신문,아파트 가압류 유탄 … “전세금 묶여 애꿎은 이자만 물어요”,부산 동래구 낙민동 ㅎ아파트 세입자 송병철·김효정씨 부부가 집에서 전세계약서를 놓고 대화하고 있다. 이 부부는 지난 10일 다른 전셋집을 구해 이사갈 예정이었지만 부산저축은행 사태로 돈줄이 막히는 바람에 잔금을 치르지 못한 상태다. 서성일 기자 centing kyunghyang.com SUB TITLE START ㆍ부산저축은행 2차 피해 속출 ㆍ이사 갈 집 계약해 놨는데 “공매까지 기다려라” 답변만 SUB TITLE END “저축은행에 돈 한 푼 넣어본 적이 없는데 이런 피해를 왜 당해야 하는지 답답하기만 합니다.” 부산 동래구 ㅎ아파트 세입자 송병철씨 37·컴퓨터 프로그래머 는 요즘 밤잠을 이루지 못한다. 빠듯한 살림에 한 달에 100만원 가까운 돈을 이사갈 집주인에게 보내야 하는 기막힌 사연 때문이다. 자신이 저축은행 사태의 유탄을 맞을 줄은 꿈에도 생각하지 못했다. 송씨는 2년 전 6월 부산저축은행의 특수목적법인 SPC·특정 사업을 위해 한시적으로 만든 법인 인 낙민건설에서 분양하는 ㅎ아파트에 전세로 입주했다. 악성 미분양에 시달리던 이 아파트는 935가구 중 302가구를 회사분 전세로 시장에 내놨다. 시중 전세가격보다 싸다며 ‘착한 전세’라는 홍보도 했다. 하지만 이 아파트에는 높은 가격의 근저당이 잡혀 있었다. 송씨는 “입주자들이 망설이자 분양회사 직원들은 전세 임대기간 2년이 만료되면 전세세입자 중 분양을 받으려는 사람에게는 우선순위로 주겠다고 약속했다”며 “분양가에서 10% 정도는 할인 계획도 있다고 해 철석같이 믿고 입주했다”고 말했다. 보증금은 1억2000만원이었고 108㎡ 33평 형에 입주했다. 올봄 송씨는 전세 연장 가능성이 있는지 분양사무실에 문의했다. 분양사무실 측은 “전세 연장계획은 없다”고 답했다. 송씨는 “그럼 분양을 하느냐”고 물었지만 “아직은 매매하지 않는다”는 성의 없는 답변이 돌아왔다. 4월11일. 한 통의 내용증명이 배달됐다. 집을 비우라는 내용이었다. 관리비 정산 절차 서류까지 동봉됐다. 입주 당시 구두로 약속했던 매매에 관한 내용은 없었다. 임신한 아내는 배가 불러오고 있었다. 송씨는 “4월 말까지 집을 비우라니 급해서 임신 중인 아내와 발품을 팔아 간신히 집을 구했다”며 “계약금 2100만원을 넘겼고 이사갈 집 청소도 다 하고 큰딸 보낼 어린이집 예약도 마치고 이삿짐센터 예약까지 마쳤다”고 했다. 그때까지만 해도 송씨 가족은 전세보증금을 받지 못할 것이라고는 생각도 하지 못했다. 아파트에 문제가 있다는 소식을 들은 것은 아이 우유를 끊기 위해 연락한 우유배달 아줌마를 통해서였다. 우유배달 아줌마는 “부산저축은행그룹이 엉망이 되고 시행사도 부도나서 전세보증금을 못 받을 수 있다”는 얘기를 전해줬다. 알고보니 낙민건설은 부산저축은행그룹 계열 대전저축은행에서 이 아파트를 담보로 27억원을 대출받았으나 돈을 갚지 못해 부도가 난 상태였다. 그러자 대전저축은행은 채권 회수를 위해 근저당 설정을 근거로 아파트 302가구에 대해 가압류 조치를 취한 것이었다. 송씨는 놀라서 분양사무실에 달려갔다. 분양사무실 측은 “회사가 부도나서 전세보증금을 돌려줄 돈이 없다”고 답했다. 송씨는 “하늘이 무너지는 것 같았다. 그렇게 당당하게 집을 비우라고만 하지 않았어도 아니 문제가 있다는 귀띔만 해줬어도 상황이 이렇게 악화되지는 않았을 것”이라고 했다. 당장 이사갈 집에 준 계약금 2100만원이 문제였다. 이미 이사갈 집주인은 송씨가 두 달 후 이사올 것이라고 믿고 전세를 놓은 뒤 지방으로 거처를 옮긴 뒤였다. 집주인은 송씨에게 “계약금 전액을 돌려줄 수 없다”고 했다. 송씨는 사정을 설명하며 선처를 요청했다. 집주인은 대폭 감액해 주되 조건을 걸었다. 송씨가 두 달 뒤 이사올 것으로 생각하고 1억원을 제2금융권에서 고금리로 돈을 빌린 만큼 그 이자를 송씨가 대신 내달라는 것이었다. 또 비어 있는 아파트의 관리비도 송씨가 낼 것을 요구했다. 이 돈이 월 100만원에 육박한다. 부산저축은행그룹의 영업정지가 4개월째로 접어드는 가운데 이처럼 사업이 중단된 부동산 프로젝트 파이낸싱 PF 사업장이 금융권에 담보로 잡히면서 분양을 받거나 입주한 세입자들이 2차 피해를 입고 있다. 전세로 입주한 ㅎ아파트 302가구 대부분이 송씨와 같은 상황에 빠져 있다. 또 다른 피해자인 김덕호씨 38 의 경우 다른 집을 구해놨지만 전세보증금을 받지 못해 은행에서 1억원을 빌려 잔금을 치렀다. 월 이자만 40만원이 나간다. 전세보증금을 받기 전에는 현재 있는 아파트를 떠날 수도 없다. “전세보증금 전액을 돌려받으니까 공매까지 기다리라”는 답변은 이들에게는 납득이 가지 않는 해법이다. 송씨와 같은 세입자는 근저당 1순위다. 아파트가 경매로 팔리면 전세보증금 전액을 받을 수 있다. 문제는 시간이다. 공매가 진행되더라도 빠르면 6개월 길면 1년 이상은 걸릴 텐데 그동안 앉아서 이자를 계속 물어야 한다. 현재 ㅎ아파트는 분양이 전면 중지된 상태다. 가장 빠른 해결책은 누구든 주체가 돼 분양이 신속히 재개되는 것이다. 집이 팔려 돈이 분양자에게 흘러들어오면 이 자금으로 전세 세입자들에게 전세보증금을 주면 된다. 또 전세 세입자 중에서 분양을 받고 싶어하는 사람은 추가 자금을 내고 집을 매입하면 된다. 하지만 지금은 낙민건설 관계자들 상당수가 구속된 데다 대전저축은행이 아파트에 가압류조치를 취해 정상적 분양이 불가능하다. 송씨는 “문제를 해결하려면 영업정지 중인 대전저축은행이 302가구에 대한 가압류를 풀어주는 것이 가장 빠른 길”이라며 “관리인을 파견 중인 예금보험공사가 결단을 내려야 한다”고 촉구했다. 그는 “저축은행과 전혀 상관없는 우리 같은 사람이 이런 피해를 당해야 한다는 현실이 납득이 가지 않는다”고 분노했다. 부산저축은행 SPC가 사업을 시행했다가 중단된 아파트는 ㅎ아파트 외에도 서울 대구 전남 순천 경남 김해 경기 용인 등 전국에 걸쳐 17곳에 이르는 것으로 알려졌다. 박병률 기자 mypark kyunghyang.com 경향블로그 유인경의 수다의 힘 누가 VIP인가 박경철의 ‘경제와 세상’ 부자와 빈자의 돈에 대한 욕망 온라인경제칼럼 eKHnomy 저축은행 악어와 악어새 아침을 열며 저축은행 사태의 하이에나들 온라인경제칼럼 eKHnomy 믿을 수 없는 은행 박병률의 ‘숨은 경제’ 은행으로 몰려가는 ‘뱅크런’의 비밀 경향신문 ‘오늘의 핫뉴스’ 대형교회 헌금봉투에 구멍 왜 뚫었을까 카이스트 학생 또 사망… 이번엔 대학생 ‘신용카드 강간’…결국 ‘마루타 알바’ “과 수석이 학비 없어 자퇴…” 교수 1인시위 서러운 알바 여대생… 내가 사람이긴 한 건가 냉면 1만원…‘하의 실종’ 탓에 옷도 없어 짜증 공식 SNS 계정 경향 트위터 미투데이 페이스북 세상과 경향의 소통 Khross ⓒ 경향신문 경향닷컴 www.khan.co.kr 무단전재 및 재배포 금지 〈경향닷컴은 한국온라인신문협회 www.kona.or.kr 의 디지털뉴스이용규칙에 따른 저작권을 행사합니다.,https://news.naver.com/main/read.nhn?mode=LSD&mid=shm&sid1=260&oid=032&aid=0002142927,284
262289,2011.06.18. 오전 12:33,부동산,강원일보,공동택지개발 민간사업자 이윤 6% 이하로 제한,국토해양부는 공공과 민간사업자가 공동으로 벌이는 택지개발사업에서 민간사업자의 이윤율을 최고 6% 제한하는 내용을 담은 택지개발촉진법 시행령 및 시행규칙 개정안을 17일 입법예고했다. 또 사업추진 과정에서 공공·민간사업자 간 마찰을 예방하기 위해 양측의 역할분담 사업비 조달계획 사업계획 변경 조성토지 공급 및 처분 기반시설 설치와 비용부담 등의 주요 사항에 관한 협약을 미리 체결하도록 규정했다. 공공 시행자가 민간사업자와 공동으로 조성한 주택건설용지 중 민간투자 지분 비율 범위에서 용지를 주택건설 사업에 활용할 수 있도록 해당 사업자에게 우선 공급하는 방안도 개정안에 포함됐다.,https://news.naver.com/main/read.nhn?mode=LSD&mid=shm&sid1=260&oid=087&aid=0000324751,284
262290,2011.06.18. 오전 12:33,부동산,강원일보,아파트 매매가 상승세 지속 전국 평균 2배,도내 아파트 거래가격 상승세가 주택거래시장 비수기에도 지속되고 있다. 17일 국민은행의 아파트 매매가 및 전세가 주간동향 에 따르면 이번 달 2주차 도내 매매가는 전주보다 0.4% 상승 전국 평균 0.2%보다 높았다. 지역별로는 춘천이 0.7% 올라 광주 서구 1.0% 광주 동구 0.1% 충북 청원군 0.9% 에 이어 전국에서 네 번째로 높은 상승률을 기록했다. 원주와 강릉도 0.2%씩 거래가격이 올랐다. 2주차 전세가는 전주에 비해 0.3% 상승하며 전국 평균 0.2%를 웃돌았다. 지역별로는 춘천이 0.5% 강릉이 0.3% 원주가 0.1%씩 상승했다. 특히 춘천은 지난해 말과 대비해 전세가격이 17%나 오른 것으로 나타났다. 춘천의 경우 경춘선 복선전철 개통의 영향으로 역세권 주변의 소형아파트의 상승세가 지속되고 있는 가운데 매물 부족이 심화되고 있어 매매가와 전세가격이 상승한 것으로 분석되고 있다.,https://news.naver.com/main/read.nhn?mode=LSD&mid=shm&sid1=260&oid=087&aid=0000324747,284
